"721","Air Force","09/04/10","41","AMACK","BRADY","","","","","","","","","","","","0","0","","","","1","50","0","","","","","","","","","","","","","","","","","","","","","","","","0"
"721","Air Force","09/04/10","97","BARTHOLOMEW","KEIL","","","","","","","","","","","","0","0","","","","","","","","","","2","90","","","","","","","","","","","","","","","","","","","0"
"721","Air Force","09/11/10","97","BARTHOLOMEW","KEIL","","","","","","","","","","","","0","0","","","","","","","","","","4","166","","","","","","","","","","","","","","","","","","","0"
"721","Air Force","09/18/10","97","BARTHOLOMEW","KEIL","","","","","","","","","","","","0","0","","","","","","","","","","2","79","","","","","","","","","","","","","","","","","","","0"
"721","Air Force","10/02/10","97","BARTHOLOMEW","KEIL","","","","","","","","","","","","0","0","","","","","","","","","","6","233","","","","","","","","","","","","","","","","","","","0"
"721","Air Force","10/09/10","97","BARTHOLOMEW","KEIL","","","","","","","","","","","","0","0","","","","","","","","","","2","95","","","","","","","","","","","","","","","","","","","0"
"721","Air Force","10/16/10","97","BARTHOLOMEW","KEIL","","","","","","","","","","","","0","0","","","","","","","","","","3","125","","","","","","","","","","","","","","","","","","","0"
"721","Air Force","10/23/10","97","BARTHOLOMEW","KEIL","","","","","","","","","","","","0","0","","","","","","","","","","1","42","","","","","","","","","","","","","","","","","","","0"
"721","Air Force","11/06/10","97","BARTHOLOMEW","KEIL","","","","","","","","","","","","0","0","","","","","","","","","","2","76","","","","","","","","","","","","","","","","","","","0"
"721","Air Force","11/13/10","97","BARTHOLOMEW","KEIL","","","","","","","","","","","","0","0","","","","","","","","","","2","78","","","","","","","","","","","","","","","","","","","0"
"721","Air Force","11/18/10","97","BARTHOLOMEW","KEIL","","","","","","","","","","","","0","0","","","","","","","","","","1","44","","","","","","","","","","","","","","","","","","","0"
"721","Air Force","12/27/10","97","BARTHOLOMEW","KEIL","","","","","","","","","","","","0","0","","","","","","","","","","3","103","","","","","","","","","","","","","","","","","","","0"
"721","Air Force","09/04/10","94","BELL","ZACK","","","","","","","","","","","","0","0","","","","","","","","","","","","","","","","","","","1","0","0","0","","","","","","","","0"
"721","Air Force","11/13/10","94","BELL","ZACK","","","","","","","","","","","","0","0","","","","","","","","","","","","","","","","","","","1","1","0","0","","","","","","","","1"
"721","Air Force","11/18/10","94","BELL","ZACK","","","","","","","","","","","","0","0","","","","","","","","","","","","","","","","","","","5","5","0","0","","","","","","","","5"
"721","Air Force","12/27/10","94","BELL","ZACK","","","","","","","","","","","","0","0","","","","","","","","","","","","","","","","","","","","","","","","","","","3","2","","6"
"721","Air Force","09/04/10","17","CLARK","ASHER","12","86","2","84","1","","","","","","","12","84","","","","","","","","","","","","","","","","","","1","","","","","","","","","","","","6"
"721","Air Force","09/11/10","17","CLARK","ASHER","18","123","2","121","0","","","","","","","18","121","3","8","0","","","","","","","","","","","","","","","","","","","","","","","","","","","0"
"721","Air Force","09/18/10","17","CLARK","ASHER","11","73","5","68","0","","","","","","","11","68","","","","","","","","","","","","","","","","","","","","","","","","","","","","","","0"
"721","Air Force","09/25/10","17","CLARK","ASHER","14","87","7","80","0","","","","","","","14","80","","","","","","","","","","","","","","","","","","","","","","","","","","","","","","0"
"721","Air Force","10/02/10","17","CLARK","ASHER","14","74","4","70","0","","","","","","","14","70","1","-1","0","","","","","","","","","","","","","","","","","","","","","","","","","","","0"
"721","Air Force","10/09/10","17","CLARK","ASHER","17","127","2","125","1","","","","","","","17","125","","","","","","","","","","","","","","","","","","1","","","","","","","","","","","","6"
"721","Air Force","10/16/10","17","CLARK","ASHER","19","118","2","116","1","","","","","","","19","116","","","","","","","","","","","","","","","","","","1","","","1","0","","","","","","","","6"
"721","Air Force","10/23/10","17","CLARK","ASHER","10","20","2","18","0","","","","","","","10","18","","","","","","","","","","","","","","","","","","","","","","","","","","","","","","0"
"721","Air Force","10/30/10","17","CLARK","ASHER","11","56","3","53","0","","","","","","","11","53","","","","","","","","","","","","","","","","","","","","","","","","","","","","","","0"
"721","Air Force","11/06/10","17","CLARK","ASHER","15","90","1","89","0","","","","","","","15","89","","","","","","","","","","","","","","","","","","","","","","","","","","","","","","0"
"721","Air Force","11/13/10","17","CLARK","ASHER","19","108","13","95","2","","","","","","","19","95","","","","","","","","","","","","","","","","","","2","","","","","","","","","","","","12"
"721","Air Force","11/18/10","17","CLARK","ASHER","14","83","1","82","0","","","","","","","14","82","","","","","","","","","","","","","","","","","","","","","","","","","","","","","","0"
"721","Air Force","12/27/10","17","CLARK","ASHER","8","36","6","30","0","","","","","","","8","30","","","","","","","","","","","","","","","","","","","","","","","","","","","","","","0"
"721","Air Force","09/04/10","35","COBB","","1","4","0","4","0","","","","","","","1","4","","","","","","","","","","","","","","","","","","","","","","","","","","","","","","0"
"721","Air Force","10/23/10","35","COBB","","4","9","0","9","0","","","","","","","4","9","","","","","","","","","","","","","","","","","","","","","","","","","","","","","","0"
"721","Air Force","11/06/10","35","COBB","","","","","","","","","","","","","0","0","","","","","","","","","","","","","","","1","12","0","","","","","","","","","","","","","0"
"721","Air Force","09/25/10","12","COCHRAN","BEN","","","","","","1","0","0","0","0","","1","0","","","","","","","","","","","","","","","","","","","","","","","","","","","","","","0"
"721","Air Force","10/09/10","12","COCHRAN","BEN","","","","","","1","1","0","25","1","","1","25","","","","","","","","","","","","","","","","","","","","","","","","","","","","","","0"
"721","Air Force","11/13/10","12","COCHRAN","BEN","1","2","0","2","0","","","","","","","1","2","","","","","","","","","","","","","","","","","","","","","","","","","","","","","","0"
"721","Air Force","10/09/10","16","COLEMAN","DREW","","","","","","","","","","","","0","0","","","","","","","","","","","","","","","1","2","0","","","","","","","","","","","","","0"
"721","Air Force","10/23/10","16","COLEMAN","DREW","1","19","0","19","0","","","","","","","1","19","","","","","","","","","","","","","","","1","19","0","","","","","","","","","","","","","0"
"721","Air Force","11/13/10","16","COLEMAN","DREW","1","7","0","7","0","","","","","","","1","7","1","7","0","","","","","","","","","","","","","","","","","","","","","","","","","","","0"
"721","Air Force","10/02/10","46","COOKS","","","","","","","","","","","","","0","0","","","","","","","","","","","","1","36","0","","","","","","","","","","","","","","","","0"
"721","Air Force","09/04/10","22","DANIELS","TONY","1","11","0","11","0","","","","","","","1","11","","","","","","","","","","","","","","","","","","","","","","","","","","","","","","0"
"721","Air Force","09/04/10","6","DAVIS","JON","","","","","","","","","","","","0","0","","","","","","","","","","","","1","0","0","","","","","","","","","","","","","","","","0"
"721","Air Force","09/25/10","6","DAVIS","JON","","","","","","","","","","","","0","0","","","","1","23","0","","","","","","","","","","","","","","","","","","","","","","","","0"
"721","Air Force","10/02/10","6","DAVIS","JON","","","","","","","","","","","","0","0","","","","1","0","0","","","","","","","","","","","","","","","","","","","","","","","","0"
"721","Air Force","12/27/10","6","DAVIS","JON","","","","","","","","","","","","0","0","","","","1","0","0","","","","","","","","","","","","","","","","","","","","","","","","0"
"721","Air Force","09/04/10","82","DEMERATH","CHAZ","","","","","","","","","","","","0","0","1","18","0","","","","","","","","","","","","","","","","","","","","","","","","","","","0"
"721","Air Force","09/18/10","82","DEMERATH","CHAZ","","","","","","","","","","","","0","0","1","5","0","","","","","","","","","","","","","","","","","","","","","","","","","","","0"
"721","Air Force","09/25/10","82","DEMERATH","CHAZ","","","","","","","","","","","","0","0","2","24","0","","","","","","","","","","","","","","","","","","","","","","","","","","","0"
"721","Air Force","10/02/10","82","DEMERATH","CHAZ","","","","","","","","","","","","0","0","3","56","0","","","","","","","","","","","","","","","","","","","","","","","","","","","0"
"721","Air Force","10/09/10","82","DEMERATH","CHAZ","","","","","","","","","","","","0","0","1","25","1","","","","","","","","","","","","","","","1","","","","","","","","","","","","6"
"721","Air Force","10/16/10","82","DEMERATH","CHAZ","","","","","","","","","","","","0","0","4","52","1","","","","","","","","","","","","","","","1","","","","","","","","","","","","6"
"721","Air Force","10/30/10","82","DEMERATH","CHAZ","","","","","","","","","","","","0","0","1","13","0","","","","","","","","","","","","","","","","","","","","","","","","","","","0"
"721","Air Force","12/27/10","82","DEMERATH","CHAZ","","","","","","","","","","","","0","0","4","48","0","","","","","","","","","","","","","","","","","","","","","","","","","","","0"
"721","Air Force","09/04/10","11","DIETZ","CONNOR","1","12","0","12","0","","","","","","","1","12","","","","","","","","","","","","","","","","","","","","","","","","","","","","","","0"
"721","Air Force","10/23/10","11","DIETZ","CONNOR","3","5","0","5","0","","","","","","","3","5","","","","","","","","","","","","","","","","","","","","","","","","","","","","","","0"
"721","Air Force","11/06/10","11","DIETZ","CONNOR","4","8","2","6","0","","","","","","","4","6","","","","","","","","","","","","","","","","","","","","","","","","","","","","","","0"
"721","Air Force","11/13/10","11","DIETZ","CONNOR","8","36","2","34","1","7","5","0","67","1","","15","101","","","","","","","","","","","","","","","","","","1","","","","","","","","","","","","6"
"721","Air Force","09/04/10","19","ESCAMILLA","JON","1","4","0","4","0","","","","","","","1","4","","","","","","","","","","","","","","","","","","","","","","","","","","","","","","0"
"721","Air Force","09/04/10","83","FOGLER","KEVIN","","","","","","","","","","","","0","0","2","67","0","","","","","","","","","","","","","","","","","","","","","","","","","","","0"
"721","Air Force","10/09/10","81","FREEMAN","JOSHUA","","","","","","","","","","","","0","0","1","51","0","","","","","","","","","","","","","","","","","","","","","","","","","","","0"
"721","Air Force","10/16/10","81","FREEMAN","JOSHUA","","","","","","","","","","","","0","0","1","9","0","","","","","","","","","","","","","","","","","","","","","","","","","","","0"
"721","Air Force","10/23/10","81","FREEMAN","JOSHUA","","","","","","","","","","","","0","0","1","17","0","","","","","","","","","","","","","","","","","","","","","","","","","","","0"
"721","Air Force","10/30/10","81","FREEMAN","JOSHUA","","","","","","","","","","","","0","0","1","45","0","","","","","","","","","","","","","","","","","","","","","","","","","","","0"
"721","Air Force","09/04/10","28","GETZ","CODY","3","20","0","20","0","","","","","","","3","20","","","","","","","","","","","","","","","","","","","","","","","","","","","","","","0"
"721","Air Force","09/18/10","28","GETZ","CODY","1","2","0","2","0","","","","","","","1","2","","","","","","","","","","","","","","","1","24","0","","","","","","","","","","","","","0"
"721","Air Force","09/25/10","28","GETZ","CODY","4","36","0","36","0","","","","","","","4","36","","","","","","","","","","","","","","","1","24","0","","","","","","","","","","","","","0"
"721","Air Force","10/09/10","28","GETZ","CODY","4","28","0","28","0","","","","","","","4","28","","","","","","","","","","","","","","","","","","","","","","","","","","","","","","0"
"721","Air Force","10/16/10","28","GETZ","CODY","5","22","0","22","0","","","","","","","5","22","","","","","","","","","","","","","","","","","","","","","","","","","","","","","","0"
"721","Air Force","10/23/10","28","GETZ","CODY","","","","","","","","","","","","0","0","","","","","","","","","","","","","","","1","2","0","","","","","","","","","","","","","0"
"721","Air Force","10/30/10","28","GETZ","CODY","","","","","","","","","","","","0","0","","","","","","","","","","","","","","","1","19","0","","","","","","","","","","","","","0"
"721","Air Force","11/06/10","28","GETZ","CODY","2","1","0","1","0","","","","","","","2","1","","","","","","","","","","","","","","","2","28","0","","","","","","","","","","","","","0"
"721","Air Force","11/13/10","28","GETZ","CODY","3","18","0","18","0","","","","","","","3","18","","","","","","","","","","","","","","","1","21","0","","","","","","","","","","","","","0"
"721","Air Force","11/18/10","28","GETZ","CODY","1","5","0","5","0","","","","","","","1","5","","","","","","","","","","","","","","","3","53","0","","","","","","","","","","","","","0"
"721","Air Force","09/04/10","4","HALDERMAN","KYLE","1","15","0","15","0","","","","","","","1","15","2","43","1","","","","","","","","","","","","","","","1","","","","","","","","","","","","6"
"721","Air Force","09/11/10","4","HALDERMAN","KYLE","2","16","0","16","0","","","","","","","2","16","1","23","0","","","","","","","","","","","","","","","","","","","","","","","","","","","0"
"721","Air Force","09/18/10","4","HALDERMAN","KYLE","4","29","0","29","1","","","","","","","4","29","","","","","","","","","","","","","","","","","","1","","","","","","","","","","","","6"
"721","Air Force","09/25/10","4","HALDERMAN","KYLE","1","4","0","4","0","","","","","","","1","4","","","","","","","","","","","","","","","","","","","","","","","","","","","","","","0"
"721","Air Force","10/02/10","4","HALDERMAN","KYLE","5","23","1","22","0","","","","","","","5","22","","","","","","","","","","","","","","","","","","","","","","","","","","","","","","0"
"721","Air Force","10/09/10","4","HALDERMAN","KYLE","2","15","0","15","1","","","","","","","2","15","1","24","0","","","","","","","","","","","","","","","1","","","","","","","","","","","","6"
"721","Air Force","10/16/10","4","HALDERMAN","KYLE","3","24","0","24","0","","","","","","","3","24","2","41","0","","","","","","","","","","","","","","","","","","","","","","","","","","","0"
"721","Air Force","10/23/10","4","HALDERMAN","KYLE","4","53","0","53","0","","","","","","","4","53","1","8","0","","","","","","","","","","","","","","","","","","","","","","","","","","","0"
"721","Air Force","10/30/10","4","HALDERMAN","KYLE","3","8","0","8","0","","","","","","","3","8","3","67","1","","","","","","","","","","","","","","","1","","","","","","","","","","","","6"
"721","Air Force","11/06/10","4","HALDERMAN","KYLE","1","3","0","3","0","","","","","","","1","3","","","","","","","","","","","","","","","","","","","","","","","","","","","","","","0"
"721","Air Force","11/13/10","4","HALDERMAN","KYLE","3","18","1","17","0","","","","","","","3","17","3","40","0","","","","","","","","","","","","","","","","","","","","","","","","","","","0"
"721","Air Force","11/18/10","4","HALDERMAN","KYLE","5","26","0","26","0","","","","","","","5","26","1","8","0","","","","","","","","","","","","","","","","","","","","","","","","","","","0"
"721","Air Force","12/27/10","4","HALDERMAN","KYLE","2","8","0","8","0","","","","","","","2","8","4","36","0","","","","","","","","","","","","","","","","","","","","","","","","","","","0"
"721","Air Force","09/18/10","80","HIRNEISE","BRANDON","","","","","","","","","","","","0","0","1","9","0","","","","","","","","","","","","","","","","","","","","","","","","","","","0"
"721","Air Force","10/16/10","80","HIRNEISE","BRANDON","","","","","","","","","","","","0","0","1","18","0","","","","","","","","","","","","","","","","","","","","","","","","","","","0"
"721","Air Force","11/18/10","80","HIRNEISE","BRANDON","","","","","","","","","","","","0","0","1","4","0","","","","","","","","","","","","","","","","","","","","","","","","","","","0"
"721","Air Force","09/04/10","10","HUNTER","MIKEL","1","24","0","24","1","","","","","","","1","24","","","","","","","","","","","","","","","","","","1","","","","","","","","","","","","6"
"721","Air Force","09/11/10","10","HUNTER","MIKEL","2","53","0","53","1","","","","","","","2","53","1","37","1","","","","","","","","","","","","","","","2","","","","","","","","","","","","12"
"721","Air Force","09/25/10","10","HUNTER","MIKEL","2","9","0","9","0","","","","","","","2","9","","","","","","","","","","","","","","","","","","","","","","","","","","","","","","0"
"721","Air Force","10/30/10","10","HUNTER","MIKEL","1","21","0","21","0","","","","","","","1","21","2","56","0","","","","","","","","","","","","","","","","","","","","","","","","","","","0"
"721","Air Force","11/06/10","10","HUNTER","MIKEL","1","1","0","1","0","","","","","","","1","1","1","8","0","","","","","","","","","","","","","","","","","","","","","","","","","","","0"
"721","Air Force","11/13/10","10","HUNTER","MIKEL","","","","","","","","","","","","0","0","1","5","0","","","","","","","","","","","","","","","","","","","","","","","","","","","0"
"721","Air Force","11/18/10","10","HUNTER","MIKEL","1","30","0","30","0","","","","","","","1","30","","","","","","","","","","","","","","","2","36","0","","","","","","","","","","","","","0"
"721","Air Force","12/27/10","10","HUNTER","MIKEL","2","34","0","34","0","","","","","","","2","34","","","","","","","","","","","","","","","","","","","","","","","","","","","","","","0"
"721","Air Force","09/04/10","7","JEFFERSON","TIM","8","60","1","59","2","12","7","0","179","2","","20","238","","","","","","","","","","","","","","","","","","2","","","","","","","","","","","","12"
"721","Air Force","09/11/10","7","JEFFERSON","TIM","9","43","5","38","1","13","5","1","68","1","","22","106","","","","","","","","","","","","","","","","","","1","","","","","","","","","","","","6"
"721","Air Force","09/18/10","7","JEFFERSON","TIM","13","104","8","96","1","14","8","0","107","0","","27","203","","","","","","","","","","2","78","","","","","","","1","","","","","","","","","","","","6"
"721","Air Force","09/25/10","7","JEFFERSON","TIM","14","98","4","94","1","12","5","1","66","0","","26","160","","","","","","","","","","1","50","","","","","","","1","","","","","","","","","","","","6"
"721","Air Force","10/02/10","7","JEFFERSON","TIM","10","68","6","62","2","7","5","0","83","0","","17","145","","","","","","","","","","","","","","","","","","2","","","","","","","","","","","","12"
"721","Air Force","10/09/10","7","JEFFERSON","TIM","8","32","5","27","0","9","5","1","160","2","","17","187","","","","","","","","","","","","","","","","","","","","","","","","","","","","","","0"
"721","Air Force","10/16/10","7","JEFFERSON","TIM","15","95","7","88","0","30","13","1","175","1","0","45","263","","","","","","","","","","","","","","","","","","","","","1","0","","","","","","","","0"
"721","Air Force","10/23/10","7","JEFFERSON","TIM","9","46","7","39","1","7","3","0","47","0","","16","86","","","","","","","","","","5","245","","","","","","","1","","","","","","","","","","","","6"
"721","Air Force","10/30/10","7","JEFFERSON","TIM","16","85","18","67","1","13","8","2","201","1","","29","268","","","","","","","","","","1","48","","","","","","","1","","","1","0","","","","","","","","6"
"721","Air Force","11/06/10","7","JEFFERSON","TIM","11","59","2","57","2","7","3","0","124","2","","18","181","","","","","","","","","","2","77","","","","","","","2","","","","","","","","","","","","12"
"721","Air Force","11/13/10","7","JEFFERSON","TIM","13","82","4","78","1","3","2","0","21","0","","16","99","","","","","","","","","","","","","","","","","","1","","","","","","","","","","","","6"
"721","Air Force","11/18/10","7","JEFFERSON","TIM","16","66","2","64","3","9","7","0","111","1","","25","175","","","","","","","","","","","","","","","","","","3","","","","","","","","","","","","18"
"721","Air Force","12/27/10","7","JEFFERSON","TIM","12","30","5","25","0","23","11","0","117","0","","35","142","","","","","","","","","","1","44","","","","","","","","","","","","","","","","","","","0"
"721","Air Force","09/04/10","21","JONES","DARIUS","4","51","2","49","0","","","","","","","4","49","","","","","","","","","","","","","","","","","","","","","","","","","","","","","","0"
"721","Air Force","09/11/10","21","JONES","DARIUS","1","9","0","9","0","","","","","","","1","9","","","","","","","","","","","","","","","","","","","","","","","","","","","","","","0"
"721","Air Force","10/23/10","21","JONES","DARIUS","2","18","4","14","0","","","","","","","2","14","","","","","","","","","","","","","","","","","","","","","","","","","","","","","","0"
"721","Air Force","11/13/10","21","JONES","DARIUS","1","1","0","1","0","","","","","","","1","1","","","","","","","","","","","","","","","","","","","","","","","","","","","","","","0"
"721","Air Force","09/04/10","2","JONES","MARQUEZ","3","19","0","19","1","","","","","","","3","19","","","","","","","","","","","","","","","","","","1","","","","","","","","","","","","6"
"721","Air Force","09/04/10","85","KAUTH","ZACH","","","","","","","","","","","","0","0","1","13","0","","","","","","","","","","","","","","","","","","","","","","","","","","","0"
"721","Air Force","09/18/10","85","KAUTH","ZACH","","","","","","","","","","","","0","0","3","45","0","","","","","","","","","","","","","","","","","","","","","","","","","","","0"
"721","Air Force","09/25/10","85","KAUTH","ZACH","","","","","","","","","","","","0","0","2","21","0","","","","","","","","","","","","","","","","","","","","","","","","","","","0"
"721","Air Force","10/09/10","85","KAUTH","ZACH","","","","","","","","","","","","0","0","3","85","2","","","","","","","","","","","","","","","2","","","","","","","","","","","","12"
"721","Air Force","11/13/10","85","KAUTH","ZACH","","","","","","","","","","","","0","0","2","36","1","","","","","","","","","","","","","","","1","","","","","","","","","","","","6"
"721","Air Force","11/18/10","85","KAUTH","ZACH","","","","","","","","","","","","0","0","3","53","1","","","","","","","","","","","","","","","1","","","","","","","","","","","","6"
"721","Air Force","12/27/10","85","KAUTH","ZACH","","","","","","","","","","","","0","0","2","21","0","","","","","","","","","","","","","","","","","","","","","","","","","","","0"
"721","Air Force","09/04/10","9A","LACOSTE","","1","21","0","21","0","","","","","","","1","21","","","","","","","","","","","","","","","","","","","","","","","","","","","","","","0"
"721","Air Force","09/04/10","38","MICHAELS","BRENT","1","5","0","5","0","","","","","","","1","5","","","","","","","","","","","","","","","","","","","","","","","","","","","","","","0"
"721","Air Force","11/18/10","36","MORRIS, JR.","ANDRE","","","","","","","","","","","","0","0","","","","1","24","0","","","","","","","","","","","","","","","","","","","","","","","","0"
"721","Air Force","09/11/10","8","REMBERT","REGGIE","","","","","","","","","","","","0","0","","","","1","1","0","","","","","","","","","","","","","","","","","","","","","","","","0"
"721","Air Force","10/02/10","8","REMBERT","REGGIE","","","","","","","","","","","","0","0","","","","","","","","","","","","1","5","0","","","","","","","","","","","","","","","","0"
"721","Air Force","10/09/10","8","REMBERT","REGGIE","","","","","","","","","","","","0","0","","","","1","30","0","1","0","0","","","","","","","","","","","","","","","","","","","","","0"
"721","Air Force","10/16/10","8","REMBERT","REGGIE","","","","","","","","","","","","0","0","","","","1","0","0","","","","","","1","7","0","","","","","","","","","","","","","","","","0"
"721","Air Force","11/13/10","8","REMBERT","REGGIE","","","","","","","","","","","","0","0","","","","","","","","","","","","2","0","0","","","","","","","","","","","","","","","","0"
"721","Air Force","11/18/10","8","REMBERT","REGGIE","","","","","","","","","","","","0","0","","","","","","","","","","","","1","1","0","","","","","","","","","","","","","","","","0"
"721","Air Force","12/27/10","8","REMBERT","REGGIE","","","","","","","","","","","","0","0","","","","","","","","","","","","2","46","0","","","","","","","","","","","","","","","","0"
"721","Air Force","09/04/10","99","SODERBERG","ERIK","","","","","","","","","","","","0","0","","","","","","","","","","","","","","","","","","","8","8","0","0","","","","","1","1","","11"
"721","Air Force","09/11/10","99","SODERBERG","ERIK","","","","","","","","","","","","0","0","","","","","","","","","","","","","","","","","","","5","5","0","0","","","","","1","0","","5"
"721","Air Force","09/18/10","99","SODERBERG","ERIK","","","","","","","","","","","","0","0","","","","","","","","","","","","","","","","","","","3","3","0","0","","","","","2","1","","6"
"721","Air Force","09/25/10","99","SODERBERG","ERIK","","","","","","","","","","","","0","0","","","","","","","","","","","","","","","","","","","3","2","0","0","","","","","1","0","","2"
"721","Air Force","10/02/10","99","SODERBERG","ERIK","","","","","","","","","","","","0","0","","","","","","","","","","","","","","","","","","","2","2","0","0","","","","","","","","2"
"721","Air Force","10/09/10","99","SODERBERG","ERIK","","","","","","","","","","","","0","0","","","","","","","","","","","","","","","","","","","7","7","0","0","","","","","","","","7"
"721","Air Force","10/16/10","99","SODERBERG","ERIK","","","","","","","","","","","","0","0","","","","","","","","","","","","","","","","","","","1","1","0","0","","","","","3","2","","7"
"721","Air Force","10/23/10","99","SODERBERG","ERIK","","","","","","","","","","","","0","0","","","","","","","","","","","","","","","","","","","1","1","0","0","","","","","","","","1"
"721","Air Force","10/30/10","99","SODERBERG","ERIK","","","","","","","","","","","","0","0","","","","","","","","","","","","","","","","","","","2","2","0","0","","","","","1","1","","5"
"721","Air Force","11/06/10","99","SODERBERG","ERIK","","","","","","","","","","","","0","0","","","","","","","","","","","","","","","","","","","6","6","0","0","","","","","","","","6"
"721","Air Force","11/13/10","99","SODERBERG","ERIK","","","","","","","","","","","","0","0","","","","","","","","","","","","","","","","","","","6","5","0","0","","","","","1","0","","5"
"721","Air Force","09/04/10","40","SOUTHWORTH","RYAN","2","6","0","6","0","","","","","","","2","6","","","","","","","","","","","","","","","","","","","","","","","","","","","","","","0"
"721","Air Force","09/11/10","40","SOUTHWORTH","RYAN","2","7","0","7","0","","","","","","","2","7","","","","","","","","","","","","","","","","","","","","","","","","","","","","","","0"
"721","Air Force","10/16/10","40","SOUTHWORTH","RYAN","","","","","","","","","","","","0","0","","","","","","","","","","","","","","","1","8","0","","","","","","","","","","","","","0"
"721","Air Force","11/13/10","40","SOUTHWORTH","RYAN","4","17","0","17","1","","","","","","","4","17","","","","","","","","","","","","","","","","","","1","","","","","","","","","","","","6"
"721","Air Force","11/18/10","40","SOUTHWORTH","RYAN","5","18","0","18","0","","","","","","","5","18","","","","","","","","","","","","","","","","","","","","","","","","","","","","","","0"
"721","Air Force","09/04/10","42","TEW","JARED","13","65","0","65","0","","","","","","","13","65","","","","","","","","","","","","","","","","","","","","","","","","","","","","","","0"
"721","Air Force","09/11/10","42","TEW","JARED","17","77","0","77","0","","","","","","","17","77","","","","","","","","","","","","","","","","","","","","","","","","","","","","","","0"
"721","Air Force","09/18/10","42","TEW","JARED","21","93","0","93","1","","","","","","","21","93","","","","","","","","","","","","","","","","","","1","","","","","","","","","","","","6"
"721","Air Force","09/25/10","42","TEW","JARED","27","136","0","136","1","","","","","","","27","136","","","","","","","","","","","","","","","","","","1","","","","","","","","","","","","6"
"721","Air Force","10/02/10","42","TEW","JARED","17","111","0","111","0","","","","","","","17","111","","","","","","","","","","","","","","","","","","","","","","","","","","","","","","0"
"721","Air Force","10/09/10","42","TEW","JARED","10","44","2","42","1","","","","","","","10","42","","","","","","","","","","","","","","","","","","1","","","","","","","","","","","","6"
"721","Air Force","10/16/10","42","TEW","JARED","5","16","0","16","0","","","","","","","5","16","","","","","","","","","","","","","","","","","","","","","","","","","","","","","","0"
"721","Air Force","12/27/10","42","TEW","JARED","18","59","0","59","1","","","","","","","18","59","","","","","","","","","","","","","","","","","","1","","","","","","","","","","","","6"
"721","Air Force","10/02/10","32","WAIWAIOLE","JORDAN","","","","","","","","","","","","0","0","","","","1","10","0","","","","","","","","","","","","","","","","","","","","","","","","0"
"721","Air Force","11/06/10","32","WAIWAIOLE","JORDAN","","","","","","","","","","","","0","0","","","","","","","1","52","1","","","","","","","","","1","","","","","","","","","","","","6"
"721","Air Force","09/04/10","39","WALKER","NATHAN","1","5","0","5","1","","","","","","","1","5","","","","","","","","","","","","","","","","","","1","","","","","","","","","","","","6"
"721","Air Force","09/11/10","39","WALKER","NATHAN","7","28","0","28","1","","","","","","","7","28","","","","","","","","","","","","","","","1","12","0","1","","","","","","","","","","","","6"
"721","Air Force","09/18/10","39","WALKER","NATHAN","3","15","0","15","0","","","","","","","3","15","","","","","","","","","","","","","","","","","","","","","","","","","","","","","","0"
"721","Air Force","09/25/10","39","WALKER","NATHAN","6","24","0","24","1","","","","","","","6","24","","","","","","","","","","","","","","","","","","1","","","","","","","","","","","","6"
"721","Air Force","10/02/10","39","WALKER","NATHAN","3","16","0","16","0","","","","","","","3","16","","","","","","","","","","","","","","","","","","","","","","","","","","","","","","0"
"721","Air Force","10/09/10","39","WALKER","NATHAN","4","11","0","11","0","","","","","","","4","11","","","","","","","","","","","","","","","","","","","","","","","","","","","","","","0"
"721","Air Force","10/16/10","39","WALKER","NATHAN","9","29","0","29","1","","","","","","","9","29","","","","","","","","","","","","","","","","","","1","","","","","","","","","","","","6"
"721","Air Force","10/23/10","39","WALKER","NATHAN","6","30","0","30","0","","","","","","","6","30","","","","","","","","","","","","","","","","","","","","","","","","","","","","","","0"
"721","Air Force","10/30/10","39","WALKER","NATHAN","6","31","0","31","0","","","","","","","6","31","","","","","","","","","","","","","","","","","","","","","","","","","","","","","","0"
"721","Air Force","11/06/10","39","WALKER","NATHAN","15","110","1","109","1","","","","","","","15","109","","","","","","","","","","","","","","","","","","1","","","","","","","","","","","","6"
"721","Air Force","11/13/10","39","WALKER","NATHAN","23","95","0","95","1","","","","","","","23","95","","","","","","","","","","","","","","","","","","1","","","","","","","","","","","","6"
"721","Air Force","11/18/10","39","WALKER","NATHAN","15","63","3","60","0","","","","","","","15","60","","","","","","","","","","","","","","","","","","","","","","","","","","","","","","0"
"721","Air Force","12/27/10","39","WALKER","NATHAN","5","17","0","17","0","","","","","","","5","17","","","","","","","","","","","","","","","","","","","","","","","","","","","","","","0"
"721","Air Force","09/04/10","15","WARZEKA","JOHNATHAN","4","42","0","42","1","","","","","","","4","42","1","38","1","","","","","","","","","","","","2","87","0","2","","","","","","","","","","","","12"
"721","Air Force","09/11/10","15","WARZEKA","JOHNATHAN","6","68","6","62","1","","","","","","","6","62","","","","","","","","","","","","","","","","","","1","","","","","","","","","","","","6"
"721","Air Force","09/18/10","15","WARZEKA","JOHNATHAN","7","56","2","54","0","","","","","","","7","54","3","48","0","","","","","","","","","","","","2","39","0","","","","","","","","","","","","","0"
"721","Air Force","09/25/10","15","WARZEKA","JOHNATHAN","1","8","0","8","0","","","","","","","1","8","1","21","0","","","","","","","","","","","","1","20","0","","","","","","","","","","","","","0"
"721","Air Force","10/02/10","15","WARZEKA","JOHNATHAN","3","12","0","12","0","","","","","","","3","12","1","28","0","","","","","","","","","","","","","","","","","","","","","","","","","","","0"
"721","Air Force","10/09/10","15","WARZEKA","JOHNATHAN","","","","","","","","","","","","0","0","","","","","","","","","","","","","","","3","149","1","1","","","","","","","","","","","","6"
"721","Air Force","10/16/10","15","WARZEKA","JOHNATHAN","6","20","3","17","0","","","","","","","6","17","5","55","0","","","","","","","","","","","","3","74","0","","","","","","","","","","","","","0"
"721","Air Force","10/23/10","15","WARZEKA","JOHNATHAN","1","0","2","-2","0","","","","","","","1","-2","1","22","0","","","","","","","","","","","","5","101","0","","","","","","","","","","","","","0"
"721","Air Force","10/30/10","15","WARZEKA","JOHNATHAN","3","30","0","30","1","","","","","","","3","30","1","20","0","","","","","","","","","","","","","","","1","","","","","","","","","","","","6"
"721","Air Force","11/06/10","15","WARZEKA","JOHNATHAN","3","19","0","19","0","","","","","","","3","19","2","116","2","","","","","","","","","","","","3","82","0","2","","","","","","","","","","","","12"
"721","Air Force","11/13/10","15","WARZEKA","JOHNATHAN","4","9","0","9","0","","","","","","","4","9","","","","","","","","","","","","","","","2","55","0","","","","","","","","","","","","","0"
"721","Air Force","11/18/10","15","WARZEKA","JOHNATHAN","2","64","0","64","1","","","","","","","2","64","2","46","0","","","","","","","","","","","","","","","1","","","","","","","","","","","","6"
"721","Air Force","12/27/10","15","WARZEKA","JOHNATHAN","1","0","3","-3","0","","","","","","","1","-3","1","12","0","","","","","","","","","","","","1","25","0","","","","1","1","","","","","","","","2"
"721","Air Force","10/23/10","34","WOODING","ANTHONY","","","","","","","","","","","","0","0","","","","1","19","0","","","","","","","","","","","","","","","","","","","","","","","","0"
"721","Air Force","09/04/10","5","WRIGHT","ANTHONY","","","","","","","","","","","","0","0","","","","","","","","","","","","5","74","0","","","","","","","","","","","","","","","","0"
"721","Air Force","10/02/10","5","WRIGHT","ANTHONY","","","","","","","","","","","","0","0","","","","","","","","","","","","1","0","0","","","","","","","","","","","","","","","","0"
"721","Air Force","10/30/10","5","WRIGHT","ANTHONY","","","","","","","","","","","","0","0","","","","1","0","0","","","","","","","","","","","","","","","","","","","","","","","","0"
"721","Air Force","11/06/10","5","WRIGHT","ANTHONY","","","","","","","","","","","","0","0","","","","1","32","0","","","","","","","","","","","","","","","","","","","","","","","","0"
"5","Akron","11/26/10","21","ALEXANDER","BRODERICK","","","","","","","","","","","","0","0","","","","","","","","","","","","1","12","0","","","","","","","","","","","","","","","","0"
"5","Akron","09/04/10","10","ALLEN","ALEX","7","34","13","21","0","","","","","","","7","21","","","","","","","","","","","","","","","","","","","","","","","","","","","","","","0"
"5","Akron","09/11/10","10","ALLEN","ALEX","20","114","4","110","3","","","","","","","20","110","1","4","0","","","","","","","","","","","","","","","3","","","","","","","","","","","","18"
"5","Akron","09/18/10","10","ALLEN","ALEX","10","32","5","27","0","","","","","","","10","27","1","14","0","","","","","","","","","","","","","","","","","","","","","","","","","","","0"
"5","Akron","09/25/10","10","ALLEN","ALEX","13","80","0","80","0","","","","","","","13","80","1","19","0","","","","","","","","","","","","","","","","","","","","","","","","","","","0"
"5","Akron","10/02/10","10","ALLEN","ALEX","14","101","2","99","2","","","","","","","14","99","2","10","0","","","","","","","","","","","","","","","2","","","","","","","","","","","","12"
"5","Akron","10/09/10","10","ALLEN","ALEX","14","58","7","51","1","","","","","","","14","51","1","9","0","","","","","","","","","","","","1","14","0","1","","","","","","","","","","","","6"
"5","Akron","10/16/10","10","ALLEN","ALEX","7","29","0","29","0","","","","","","","7","29","4","25","0","","","","","","","","","","","","5","74","0","","","","","","","","","","","","","0"
"5","Akron","10/23/10","10","ALLEN","ALEX","16","35","2","33","0","","","","","","","16","33","2","6","0","","","","","","","","","","","","1","17","0","","","","","","","","","","","","","0"
"5","Akron","10/30/10","10","ALLEN","ALEX","10","31","1","30","0","","","","","","","10","30","1","7","0","","","","","","","","","","","","","","","","","","","","","","","","","","","0"
"5","Akron","11/06/10","10","ALLEN","ALEX","25","171","6","165","0","","","","","","","25","165","4","21","0","","","","","","","","","","","","","","","","","","","","","","","","","","","0"
"5","Akron","11/17/10","10","ALLEN","ALEX","18","134","8","126","2","1","1","0","13","0","","19","139","","","","","","","","","","","","","","","","","","2","","","","","","","","","","","","12"
"5","Akron","11/26/10","10","ALLEN","ALEX","32","120","14","106","0","","","","","","","32","106","","","","","","","","","","","","","","","1","1","0","","","","","","","","","","","","","0"
"5","Akron","09/04/10","40","BAILEY","AUSTIN","","","","","","","","","","","","0","0","1","11","0","","","","","","","","","","","","","","","","","","","","","","","","","","","0"
"5","Akron","09/11/10","40","BAILEY","AUSTIN","","","","","","","","","","","","0","0","1","15","0","","","","","","","","","","","","","","","","","","","","","","","","","","","0"
"5","Akron","09/25/10","40","BAILEY","AUSTIN","","","","","","","","","","","","0","0","1","3","0","","","","","","","","","","","","","","","","","","","","","","","","","","","0"
"5","Akron","10/09/10","40","BAILEY","AUSTIN","","","","","","","","","","","","0","0","2","9","0","","","","","","","","","","","","","","","","","","","","","","","","","","","0"
"5","Akron","10/16/10","40","BAILEY","AUSTIN","","","","","","","","","","","","0","0","2","13","1","","","","","","","","","","","","","","","1","","","","","","","","","","","","6"
"5","Akron","11/06/10","40","BAILEY","AUSTIN","1","1","0","1","0","","","","","","","1","1","","","","","","","","","","","","","","","","","","","","","","","","","","","","","","0"
"5","Akron","11/26/10","40","BAILEY","AUSTIN","1","3","0","3","0","","","","","","","1","3","","","","","","","","","","","","","","","","","","","","","","","","","","","","","","0"
"5","Akron","09/11/10","24","BOWERS","GIORGIO","","","","","","","","","","","","0","0","","","","","","","","","","","","","","","1","15","0","","","","","","","","","","","","","0"
"5","Akron","09/18/10","24","BOWERS","GIORGIO","7","26","0","26","0","","","","","","","7","26","","","","","","","","","","","","","","","","","","","","","","","","","","","","","","0"
"5","Akron","10/02/10","24","BOWERS","GIORGIO","1","1","0","1","0","","","","","","","1","1","","","","","","","","","","","","","","","","","","","","","","","","","","","","","","0"
"5","Akron","11/06/10","6A","BROWN","CURTIS","","","","","","","","","","","","0","0","","","","","","","","","","","","","","","1","13","0","","","","","","","","","","","","","0"
"5","Akron","09/04/10","15","BURNEY","NATE","12","38","0","38","0","","","","","","","12","38","1","8","0","","","","","","","","","","","","","","","","","","","","","","","","","","","0"
"5","Akron","09/11/10","15","BURNEY","NATE","17","119","0","119","0","","","","","","","17","119","","","","","","","","","","","","","","","1","26","0","","","","","","","","","","","","","0"
"5","Akron","09/18/10","15","BURNEY","NATE","10","25","3","22","0","","","","","","","10","22","1","5","0","","","","","","","","","","","","3","54","0","","","","","","","","","","","","","0"
"5","Akron","09/25/10","15","BURNEY","NATE","9","62","0","62","0","","","","","","","9","62","1","-1","0","","","","","","","","","","","","","","","","","","","","","","","","","","","0"
"5","Akron","10/02/10","15","BURNEY","NATE","8","34","3","31","0","","","","","","","8","31","1","-2","0","","","","","","","","","","","","","","","","","","","","","","","","","","","0"
"5","Akron","10/09/10","15","BURNEY","NATE","7","21","2","19","0","","","","","","","7","19","1","5","0","","","","","","","","","","","","","","","","","","","","","","","","","","","0"
"5","Akron","10/16/10","15","BURNEY","NATE","12","34","2","32","0","","","","","","","12","32","2","18","0","","","","","","","","","","","","","","","","","","","","","","","","","","","0"
"5","Akron","10/23/10","15","BURNEY","NATE","16","103","12","91","0","","","","","","","16","91","","","","","","","","","","","","","","","4","66","0","","","","","","","","","","","","","0"
"5","Akron","10/30/10","15","BURNEY","NATE","7","14","0","14","0","","","","","","","7","14","","","","","","","","","","","","","","","5","63","0","","","","","","","","","","","","","0"
"5","Akron","11/06/10","15","BURNEY","NATE","6","16","1","15","0","","","","","","","6","15","","","","","","","","","","","","","","","2","63","0","","","","","","","","","","","","","0"
"5","Akron","11/17/10","15","BURNEY","NATE","1","0","0","0","0","","","","","","","1","0","","","","","","","","","","","","1","-2","0","1","15","0","","","","","","","","","","","","","0"
"5","Akron","11/26/10","15","BURNEY","NATE","4","24","0","24","0","","","","","","","4","24","","","","","","","","","","","","","","","","","","","","","","","","","","","","","","0"
"5","Akron","09/04/10","8A","CAMPBELL","ZACK","","","","","","","","","","","","0","0","","","","","","","","","","10","383","","","","","","","","","","","","","","","","","","","0"
"5","Akron","09/11/10","8A","CAMPBELL","ZACK","","","","","","","","","","","","0","0","","","","","","","","","","3","103","","","","","","","","","","","","","","","","","","","0"
"5","Akron","09/18/10","8A","CAMPBELL","ZACK","","","","","","","","","","","","0","0","","","","","","","","","","10","387","","","","","","","","","","","","","","","","","","","0"
"5","Akron","09/25/10","8A","CAMPBELL","ZACK","","","","","","","","","","","","0","0","","","","","","","","","","3","109","","","","","","","","","","","","","","","","","","","0"
"5","Akron","10/02/10","8A","CAMPBELL","ZACK","","","","","","","","","","","","0","0","","","","","","","","","","7","255","","","","","","","","","","","","","","","","","","","0"
"5","Akron","10/09/10","8A","CAMPBELL","ZACK","","","","","","","","","","","","0","0","","","","","","","","","","7","321","","","","","","","","","","","","","","","","","","","0"
"5","Akron","10/16/10","8A","CAMPBELL","ZACK","","","","","","","","","","","","0","0","","","","","","","","","","5","187","","","","","","","","","","","","","","","","","","","0"
"5","Akron","10/23/10","8A","CAMPBELL","ZACK","","","","","","","","","","","","0","0","","","","","","","","","","6","233","","","","","","","","","","","","","","","","","","","0"
"5","Akron","10/30/10","8A","CAMPBELL","ZACK","","","","","","","","","","","","0","0","","","","","","","","","","10","383","","","","","","","","","","","","","","","","","","","0"
"5","Akron","11/06/10","8A","CAMPBELL","ZACK","","","","","","","","","","","","0","0","","","","","","","","","","8","277","","","","","","","","","","","","","","","","","","","0"
"5","Akron","11/17/10","8A","CAMPBELL","ZACK","","","","","","","","","","","","0","0","","","","","","","","","","7","238","","","","","","","","","","","","","","","","","","","0"
"5","Akron","11/26/10","8A","CAMPBELL","ZACK","","","","","","","","","","","","0","0","","","","","","","","","","5","185","","","","","","","","","","","","","","","","","","","0"
"5","Akron","09/04/10","2","CARTER","JALIL","","","","","","","","","","","","0","0","2","6","0","","","","","","","","","","","","","","","","","","","","","","","","","","","0"
"5","Akron","09/11/10","2","CARTER","JALIL","","","","","","","","","","","","0","0","","","","","","","","","","","","","","","3","79","0","","","","","","","","","","","","","0"
"5","Akron","09/25/10","2","CARTER","JALIL","","","","","","","","","","","","0","0","3","34","0","","","","","","","","","","","","5","112","0","","","","","","","","","","","","","0"
"5","Akron","10/02/10","2","CARTER","JALIL","","","","","","","","","","","","0","0","3","34","0","","","","","","","","","","","","9","176","0","","","","","","","","","","","","","0"
"5","Akron","10/09/10","2","CARTER","JALIL","1","34","0","34","0","","","","","","","1","34","2","16","0","","","","","","","","","","","","3","73","0","","","","","","","","","","","","","0"
"5","Akron","10/16/10","2","CARTER","JALIL","","","","","","","","","","","","0","0","2","25","0","","","","","","","","","","","","2","36","0","","","","","","","","","","","","","0"
"5","Akron","10/23/10","2","CARTER","JALIL","","","","","","","","","","","","0","0","","","","","","","","","","","","","","","2","43","0","","","","","","","","","","","","","0"
"5","Akron","11/06/10","2","CARTER","JALIL","","","","","","","","","","","","0","0","6","69","1","","","","","","","","","","","","3","55","0","1","","","","","","","","","","","","6"
"5","Akron","11/17/10","2","CARTER","JALIL","","","","","","","","","","","","0","0","7","119","0","","","","","","","","","","","","5","89","0","","","","","","","","","","","","","0"
"5","Akron","11/26/10","2","CARTER","JALIL","1","0","6","-6","0","","","","","","","1","-6","5","109","1","","","","","","","","","","","","2","41","0","1","","","","","","","","","","","","6"
"5","Akron","09/18/10","88","DILLARD","JERROD","","","","","","","","","","","","0","0","1","18","0","","","","","","","","","","","","","","","","","","","","","","","","","","","0"
"5","Akron","10/09/10","93","HALL","RICHARD","","","","","","","","","","","","0","0","2","11","0","","","","","","","","","","","","","","","","","","","","","","","","","","","0"
"5","Akron","10/16/10","93","HALL","RICHARD","","","","","","","","","","","","0","0","4","48","0","","","","","","","","","","","","","","","","","","","","","","","","","","","0"
"5","Akron","10/23/10","93","HALL","RICHARD","","","","","","","","","","","","0","0","2","22","0","","","","","","","","","","","","","","","","","","","","","","","","","","","0"
"5","Akron","10/30/10","93","HALL","RICHARD","","","","","","","","","","","","0","0","5","43","0","","","","","","","","","","","","","","","","","","","","","","","","","","","0"
"5","Akron","11/06/10","93","HALL","RICHARD","","","","","","","","","","","","0","0","3","25","1","","","","","","","","","","","","","","","1","","","","","","","","","","","","6"
"5","Akron","10/16/10","27","HOLMES","ANTHONY","","","","","","","","","","","","0","0","","","","1","3","0","","","","","","","","","","","","","","","","","","","","","","","","0"
"5","Akron","11/26/10","27","HOLMES","ANTHONY","","","","","","","","","","","","0","0","","","","1","0","0","","","","","","","","","","","","","","","","","","","","","","","","0"
"5","Akron","09/04/10","4A","IVELJIC","IGOR","","","","","","","","","","","","0","0","","","","","","","","","","","","","","","","","","","","","","","","","","","2","1","","3"
"5","Akron","09/11/10","4A","IVELJIC","IGOR","","","","","","","","","","","","0","0","","","","","","","","","","","","","","","","","","","5","4","0","0","","","","","2","1","","7"
"5","Akron","09/18/10","4A","IVELJIC","IGOR","","","","","","","","","","","","0","0","","","","","","","","","","","","","","","","","","","1","1","0","0","","","","","1","1","","4"
"5","Akron","09/25/10","4A","IVELJIC","IGOR","","","","","","","","","","","","0","0","","","","","","","","","","","","","","","","","","","2","2","0","0","","","","","2","2","","8"
"5","Akron","10/02/10","4A","IVELJIC","IGOR","","","","","","","","","","","","0","0","","","","","","","","","","","","","","","","","","","2","2","0","0","","","","","1","0","","2"
"5","Akron","10/09/10","4A","IVELJIC","IGOR","","","","","","","","","","","","0","0","","","","","","","","","","","","","","","","","","","2","2","0","0","","","","","1","1","","5"
"5","Akron","10/16/10","4A","IVELJIC","IGOR","","","","","","","","","","","","0","0","","","","","","","","","","","","","","","","","","","1","1","0","0","","","","","2","1","","4"
"5","Akron","10/23/10","4A","IVELJIC","IGOR","","","","","","","","","","","","0","0","","","","","","","","","","","","","","","","","","","","","","","","","","","1","1","","3"
"5","Akron","10/30/10","4A","IVELJIC","IGOR","","","","","","","","","","","","0","0","","","","","","","","","","","","","","","","","","","","","","","","","","","1","0","","0"
"5","Akron","11/06/10","4A","IVELJIC","IGOR","","","","","","","","","","","","0","0","","","","","","","","","","","","","","","","","","","4","3","0","0","","","","","1","1","","6"
"5","Akron","11/17/10","4A","IVELJIC","IGOR","","","","","","","","","","","","0","0","","","","","","","","","","","","","","","","","","","2","2","0","0","","","","","","","","2"
"5","Akron","11/26/10","4A","IVELJIC","IGOR","","","","","","","","","","","","0","0","","","","","","","","","","","","","","","","","","","2","0","0","0","","","","","","","","0"
"5","Akron","09/11/10","84","LADRACH","RHYNE","","","","","","","","","","","","0","0","1","18","0","","","","","","","","","","","","","","","","","","","","","","","","","","","0"
"5","Akron","09/25/10","84","LADRACH","RHYNE","","","","","","","","","","","","0","0","2","13","0","","","","","","","","","","","","","","","","","","","","","","","","","","","0"
"5","Akron","09/04/10","82","LAFRANCE","JEREMY","","","","","","","","","","","","0","0","7","75","0","","","","","","","","","","","","5","102","0","","","","","","","","","","","","","0"
"5","Akron","09/11/10","82","LAFRANCE","JEREMY","","","","","","","","","","","","0","0","7","88","1","","","","","","","","","2","15","0","","","","1","","","","","","","","","","","","6"
"5","Akron","09/18/10","82","LAFRANCE","JEREMY","","","","","","","","","","","","0","0","1","23","0","","","","","","","","","","","","","","","","","","","","","","","","","","","0"
"5","Akron","09/25/10","82","LAFRANCE","JEREMY","","","","","","","","","","","","0","0","2","46","2","","","","","","","","","","","","","","","2","","","","","","","","","","","","12"
"5","Akron","10/02/10","82","LAFRANCE","JEREMY","","","","","","","","","","","","0","0","5","57","0","","","","","","","","","","","","","","","","","","","","","","","","","","","0"
"5","Akron","10/09/10","82","LAFRANCE","JEREMY","1","10","0","10","1","","","","","","","1","10","6","75","0","","","","","","","","","3","5","0","","","","1","","","","","","","","","","","","6"
"5","Akron","11/06/10","82","LAFRANCE","JEREMY","","","","","","","","","","","","0","0","3","46","2","","","","","","","","","","","","","","","2","","","","","","","","","","","","12"
"5","Akron","11/17/10","82","LAFRANCE","JEREMY","","","","","","","","","","","","0","0","6","59","0","","","","","","","","","1","5","0","","","","","","","","","","","","","","","","0"
"5","Akron","11/26/10","82","LAFRANCE","JEREMY","","","","","","","","","","","","0","0","6","65","1","","","","","","","","","1","-3","0","","","","1","","","","","","","","","","","","6"
"5","Akron","09/04/10","8","LEMON","SHAWN","","","","","","","","","","","","0","0","","","","","","","1","29","0","","","","","","","","","","","","","","","","","","","","","0"
"5","Akron","10/16/10","81","MERIWETHER","ANTHONY","","","","","","","","","","","","0","0","1","9","0","","","","","","","","","","","","","","","","","","","","","","","","","","","0"
"5","Akron","11/06/10","81","MERIWETHER","ANTHONY","","","","","","","","","","","","0","0","2","17","0","","","","","","","","","","","","","","","","","","","","","","","","","","","0"
"5","Akron","11/17/10","81","MERIWETHER","ANTHONY","","","","","","","","","","","","0","0","2","1","0","","","","","","","","","","","","","","","","","","","","","","","","","","","0"
"5","Akron","09/04/10","7","NICELY","PATRICK","5","6","10","-4","0","35","12","0","111","0","","40","107","","","","","","","","","","","","","","","","","","","","","","","","","","","","","","0"
"5","Akron","09/11/10","7","NICELY","PATRICK","5","2","6","-4","1","21","14","1","165","1","","26","161","","","","","","","","","","","","","","","","","","1","","","","","","","","","","","","6"
"5","Akron","09/18/10","7","NICELY","PATRICK","7","11","42","-31","0","19","4","0","57","0","","26","26","","","","","","","","","","","","","","","","","","","","","","","","","","","","","","0"
"5","Akron","09/25/10","7","NICELY","PATRICK","5","11","9","2","0","27","15","0","175","2","","32","177","","","","","","","","","","","","","","","","","","","","","","","","","","","","","","0"
"5","Akron","10/02/10","7","NICELY","PATRICK","4","13","15","-2","0","26","14","1","128","0","","30","126","","","","","","","","","","","","","","","","","","","","","","","","","","","","","","0"
"5","Akron","10/09/10","7","NICELY","PATRICK","11","13","72","-59","0","33","16","3","133","0","","44","74","","","","","","","","","","","","","","","","","","","","","","","","","","","","","","0"
"5","Akron","10/16/10","7","NICELY","PATRICK","3","43","27","16","0","29","16","2","159","0","","32","175","","","","","","","","","","","","","","","","","","","","","","","","","","","","","","0"
"5","Akron","10/23/10","7","NICELY","PATRICK","4","7","1","6","0","24","12","1","120","0","","28","126","","","","","","","","","","","","","","","","","","","","","","","","","","","","","","0"
"5","Akron","10/30/10","7","NICELY","PATRICK","10","14","40","-26","0","26","15","1","134","0","","36","108","","","","","","","","","","","","","","","","","","","","","","","","","","","","","","0"
"5","Akron","11/06/10","7","NICELY","PATRICK","1","0","2","-2","0","39","18","3","178","4","","40","176","","","","","","","","","","","","","","","","","","","","","","","","","","","","","","0"
"5","Akron","11/17/10","7","NICELY","PATRICK","4","3","24","-21","0","33","17","1","200","0","","37","179","1","13","0","","","","","","","","","","","","","","","","","","","","","","","","","","","0"
"5","Akron","11/26/10","7","NICELY","PATRICK","2","5","5","0","0","24","13","0","193","3","","26","193","","","","","","","","","","","","","","","","","","","","","","","","","","","","","","0"
"5","Akron","10/23/10","14","POTTS","DYLAN","3","18","0","18","0","","","","","","","3","18","","","","","","","","","","","","","","","","","","","","","","","","","","","","","","0"
"5","Akron","10/30/10","14","POTTS","DYLAN","1","2","0","2","0","","","","","","","1","2","","","","","","","","","","","","","","","","","","","","","","","","","","","","","","0"
"5","Akron","09/04/10","9","PRIDE","GARY","","","","","","","","","","","","0","0","1","11","0","","","","","","","","","","","","","","","","","","","","","","","","","","","0"
"5","Akron","09/11/10","9","PRIDE","GARY","","","","","","","","","","","","0","0","3","33","0","","","","","","","","","","","","","","","","","","","","","","","","","","","0"
"5","Akron","09/18/10","9","PRIDE","GARY","1","8","0","8","0","","","","","","","1","8","1","15","0","","","","","","","","","","","","","","","","","","","","","","","","","","","0"
"5","Akron","09/25/10","9","PRIDE","GARY","3","16","0","16","0","","","","","","","3","16","4","54","0","","","","","","","","","","","","","","","","","","","","","","","","","","","0"
"5","Akron","10/09/10","9","PRIDE","GARY","","","","","","","","","","","","0","0","2","8","0","","","","","","","","","","","","","","","","","","","","","","","","","","","0"
"5","Akron","10/16/10","9","PRIDE","GARY","","","","","","","","","","","","0","0","3","14","0","","","","","","","","","","","","","","","","","","","","","","","","","","","0"
"5","Akron","10/23/10","9","PRIDE","GARY","1","7","0","7","0","","","","","","","1","7","4","8","0","","","","","","","","","","","","","","","","","","","","","","","","","","","0"
"5","Akron","10/30/10","9","PRIDE","GARY","","","","","","1","0","0","0","0","","1","0","1","3","0","","","","","","","","","","","","","","","","","","","","","","","","","","","0"
"5","Akron","11/06/10","9","PRIDE","GARY","1","3","0","3","0","","","","","","","1","3","","","","","","","","","","","","","","","","","","","","","","","","","","","","","","0"
"5","Akron","11/17/10","9","PRIDE","GARY","","","","","","","","","","","","0","0","2","21","0","","","","","","","","","","","","","","","","","","","","","","","","","","","0"
"5","Akron","11/26/10","9","PRIDE","GARY","1","10","0","10","0","","","","","","","1","10","1","15","1","","","","","","","","","","","","","","","1","","","","","","","","","","","","6"
"5","Akron","11/26/10","33","RICHMOND","JOSH","","","","","","","","","","","","0","0","","","","1","23","0","","","","","","0","5","0","","","","","","","","","","","","","","","","0"
"5","Akron","09/18/10","5A","RODGERS","MATT","1","19","0","19","0","5","2","0","48","1","","6","67","","","","","","","","","","","","","","","","","","","","","","","","","","","","","","0"
"5","Akron","10/02/10","5A","RODGERS","MATT","","","","","","1","0","1","0","0","","1","0","","","","","","","","","","","","","","","","","","","","","","","","","","","","","","0"
"5","Akron","10/16/10","5A","RODGERS","MATT","1","5","0","5","0","5","5","0","47","1","","6","52","","","","","","","","","","","","","","","","","","","","","","","","","","","","","","0"
"5","Akron","10/23/10","37","ROGOVIC","BRANKO","","","","","","","","","","","","0","0","","","","","","","","","","","","","","","","","","","1","1","0","0","","","","","","","","1"
"5","Akron","11/26/10","37","ROGOVIC","BRANKO","","","","","","","","","","","","0","0","","","","","","","","","","","","","","","","","","","1","1","0","0","","","","","1","1","","4"
"5","Akron","09/11/10","39","RUSSELL","ANTOINE","","","","","","","","","","","","0","0","1","7","0","","","","","","","","","","","","","","","","","","","","","","","","","","","0"
"5","Akron","09/18/10","39","RUSSELL","ANTOINE","","","","","","","","","","","","0","0","1","30","1","","","","","","","","","","","","","","","1","","","","","","","","","","","","6"
"5","Akron","09/25/10","39","RUSSELL","ANTOINE","","","","","","","","","","","","0","0","1","7","0","","","","","","","","","","","","","","","","","","","","","","","","","","","0"
"5","Akron","10/09/10","39","RUSSELL","ANTOINE","1","7","0","7","0","","","","","","","1","7","","","","","","","","","","","","","","","","","","","","","","","","","","","","","","0"
"5","Akron","10/16/10","39","RUSSELL","ANTOINE","","","","","","","","","","","","0","0","3","54","0","","","","","","","","","","","","","","","","","","","","","","","","","","","0"
"5","Akron","10/23/10","39","RUSSELL","ANTOINE","","","","","","","","","","","","0","0","2","73","0","","","","","","","","","","","","","","","","","","","","","","","","","","","0"
"5","Akron","10/30/10","39","RUSSELL","ANTOINE","","","","","","","","","","","","0","0","5","50","0","","","","","","","","","","","","","","","","","","","","","","","","","","","0"
"5","Akron","10/02/10","35","SCONIERS","KEITH","","","","","","","","","","","","0","0","3","29","0","","","","","","","","","","","","","","","","","","","","","","","","","","","0"
"5","Akron","10/23/10","35","SCONIERS","KEITH","","","","","","","","","","","","0","0","2","11","0","","","","","","","","","","","","","","","","","","","","","","","","","","","0"
"5","Akron","10/30/10","35","SCONIERS","KEITH","","","","","","","","","","","","0","0","3","31","0","","","","","","","","","","","","","","","","","","","","","","","","","","","0"
"5","Akron","11/26/10","35","SCONIERS","KEITH","","","","","","","","","","","","0","0","1","4","0","","","","","","","","","","","","","","","","","","","","","","","","","","","0"
"5","Akron","09/04/10","34","WAGNER","BRIAN","","","","","","","","","","","","0","0","","","","1","34","0","","","","","","","","","","","","","","","","","","","","","","","","0"
"5","Akron","10/23/10","34","WAGNER","BRIAN","","","","","","","","","","","","0","0","","","","","","","1","57","1","","","","","","","","","1","","","","","","","","","","","","6"
"5","Akron","11/06/10","34","WAGNER","BRIAN","","","","","","","","","","","","0","0","","","","1","0","0","","","","","","","","","","","","","","","","","","","","","","","","0"
"5","Akron","09/11/10","6","WALLER","MANLEY","","","","","","","","","","","","0","0","","","","1","12","0","","","","","","","","","","","","","","","","","","","","","","","","0"
"5","Akron","11/06/10","6","WALLER","MANLEY","","","","","","","","","","","","0","0","","","","1","0","0","","","","","","","","","","","","","","","","","","","","","","","","0"
"8","Alabama","09/04/10","82","ALEXANDER","EARL","","","","","","","","","","","","0","0","1","9","0","","","","","","","","","","","","","","","","","","","","","","","","","","","0"
"8","Alabama","09/18/10","82","ALEXANDER","EARL","","","","","","","","","","","","0","0","1","28","0","","","","","","","","","","","","","","","","","","","","","","","","","","","0"
"8","Alabama","10/16/10","82","ALEXANDER","EARL","","","","","","","","","","","","0","0","2","32","0","","","","","","","","","","","","","","","","","","","","","","","","","","","0"
"8","Alabama","10/23/10","82","ALEXANDER","EARL","","","","","","","","","","","","0","0","1","3","0","","","","","","","","","","","","","","","","","","","","","","","","","","","0"
"8","Alabama","11/18/10","82","ALEXANDER","EARL","","","","","","","","","","","","0","0","1","11","0","","","","","","","","","","","","","","","","","","","","","","","","","","","0"
"8","Alabama","01/01/11","82","ALEXANDER","EARL","","","","","","","","","","","","0","0","1","7","0","","","","","","","","","","","","","","","","","","","","","","","","","","","0"
"8","Alabama","09/11/10","4A","BARRON","MARK","","","","","","","","","","","","0","0","","","","1","2","0","","","","","","","","","","","","","","","","","","","","","","","","0"
"8","Alabama","10/16/10","4A","BARRON","MARK","","","","","","","","","","","","0","0","","","","1","4","0","","","","","","","","","","","","","","","","","","","","","","","","0"
"8","Alabama","11/18/10","4A","BARRON","MARK","","","","","","","","","","","","0","0","","","","1","0","0","","","","","","","","","","","","","","","","","","","","","","","","0"
"8","Alabama","10/16/10","7","BELL","KENNY","","","","","","","","","","","","0","0","1","18","0","","","","","","","","","","","","","","","","","","","","","","","","","","","0"
"8","Alabama","11/18/10","7","BELL","KENNY","","","","","","","","","","","","0","0","1","8","0","","","","","","","","","","","","","","","","","","","","","","","","","","","0"
"8","Alabama","09/04/10","85","DIAL","PRESTON","","","","","","","","","","","","0","0","1","19","0","","","","","","","","","","","","","","","","","","","","","","","","","","","0"
"8","Alabama","09/11/10","85","DIAL","PRESTON","","","","","","","","","","","","0","0","2","18","1","","","","","","","","","","","","","","","1","","","","","","","","","","","","6"
"8","Alabama","09/18/10","85","DIAL","PRESTON","","","","","","","","","","","","0","0","3","39","1","","","","","","","","","","","","","","","1","","","","","","","","","","","","6"
"8","Alabama","09/25/10","85","DIAL","PRESTON","","","","","","","","","","","","0","0","2","18","0","","","","","","","","","","","","","","","","","","","","","","","","","","","0"
"8","Alabama","10/09/10","85","DIAL","PRESTON","","","","","","","","","","","","0","0","5","29","0","","","","","","","","","","","","","","","","","","","","","","","","","","","0"
"8","Alabama","10/16/10","85","DIAL","PRESTON","","","","","","","","","","","","0","0","1","7","1","","","","","","","","","","","","","","","1","","","","","","","","","","","","6"
"8","Alabama","10/23/10","85","DIAL","PRESTON","","","","","","","","","","","","0","0","1","11","0","","","","","","","","","","","","","","","","","","","","","","","","","","","0"
"8","Alabama","11/06/10","85","DIAL","PRESTON","","","","","","","","","","","","0","0","2","35","0","","","","","","","","","","","","","","","","","","","","","","","","","","","0"
"8","Alabama","11/18/10","85","DIAL","PRESTON","","","","","","","","","","","","0","0","1","7","0","","","","","","","","","","","","","","","","","","","","","","","","","","","0"
"8","Alabama","11/26/10","85","DIAL","PRESTON","","","","","","","","","","","","0","0","3","26","0","","","","","","","","","","","","","","","","","","","","","","","","","","","0"
"8","Alabama","01/01/11","85","DIAL","PRESTON","","","","","","","","","","","","0","0","4","55","0","","","","","","","","","","","","","","","","","","","","","","","","","","","0"
"8","Alabama","09/04/10","43","FOSTER","CADE","","","","","","","","","","","","0","0","","","","","","","","","","","","","","","","","","","2","2","0","0","","","","","2","2","","8"
"8","Alabama","09/11/10","43","FOSTER","CADE","","","","","","","","","","","","0","0","","","","","","","","","","","","","","","","","","","","","","","","","","","1","0","","0"
"8","Alabama","09/18/10","43","FOSTER","CADE","","","","","","","","","","","","0","0","","","","","","","","","","","","","","","","","","","2","2","0","0","","","","","2","2","","8"
"8","Alabama","10/16/10","43","FOSTER","CADE","","","","","","","","","","","","0","0","","","","","","","","","","","","","","","","","","","","","","","","","","","2","2","","6"
"8","Alabama","10/23/10","43","FOSTER","CADE","","","","","","","","","","","","0","0","","","","","","","","","","","","","","","","","","","1","1","0","0","","","","","","","","1"
"8","Alabama","11/13/10","43","FOSTER","CADE","","","","","","","","","","","","0","0","","","","","","","","","","","","","","","","","","","","","","","","","","","1","1","","3"
"8","Alabama","11/18/10","43","FOSTER","CADE","","","","","","","","","","","","0","0","","","","","","","","","","","","","","","","","","","2","2","0","0","","","","","1","0","","2"
"8","Alabama","09/18/10","45","FOWLER","JALSTON","6","48","0","48","0","","","","","","","6","48","","","","","","","","","","","","","","","","","","","","","","","","","","","","","","0"
"8","Alabama","10/23/10","45","FOWLER","JALSTON","2","4","1","3","0","","","","","","","2","3","","","","","","","","","","","","","","","","","","","","","","","","","","","","","","0"
"8","Alabama","11/13/10","45","FOWLER","JALSTON","3","15","0","15","0","","","","","","","3","15","","","","","","","","","","","","","","","","","","","","","","","","","","","","","","0"
"8","Alabama","11/18/10","45","FOWLER","JALSTON","2","42","0","42","1","","","","","","","2","42","","","","","","","","","","","","","","","","","","1","","","","","","","","","","","","6"
"8","Alabama","01/01/11","45","FOWLER","JALSTON","1","3","0","3","0","","","","","","","1","3","","","","","","","","","","","","","","","","","","","","","","","","","","","","","","0"
"8","Alabama","09/04/10","11","GIBSON","BRANDON","","","","","","","","","","","","0","0","3","21","0","","","","","","","","","","","","","","","","","","","","","","","","","","","0"
"8","Alabama","09/18/10","11","GIBSON","BRANDON","","","","","","","","","","","","0","0","1","18","0","","","","","","","","","","","","","","","","","","","","","","","","","","","0"
"8","Alabama","11/18/10","11","GIBSON","BRANDON","","","","","","","","","","","","0","0","","","","","","","","","","","","0","22","1","","","","1","","","","","","","","","","","","6"
"8","Alabama","09/04/10","6","GOODE","DEMETRIUS","11","70","4","66","0","","","","","","","11","66","","","","","","","","","","","","","","","","","","","","","","","","","","","","","","0"
"8","Alabama","09/18/10","6","GOODE","DEMETRIUS","2","4","0","4","0","","","","","","","2","4","","","","","","","","","","","","","","","","","","","","","","","","","","","","","","0"
"8","Alabama","10/23/10","6","GOODE","DEMETRIUS","2","4","0","4","0","","","","","","","2","4","","","","","","","","","","","","","","","","","","","","","","","","","","","","","","0"
"8","Alabama","11/13/10","6","GOODE","DEMETRIUS","2","6","0","6","0","","","","","","","2","6","","","","","","","","","","","","","","","","","","","","","","","","","","","","","","0"
"8","Alabama","11/18/10","6","GOODE","DEMETRIUS","7","28","4","24","1","","","","","","","7","24","","","","","","","","","","","","","","","","","","1","","","","","","","","","","","","6"
"8","Alabama","01/01/11","6","GOODE","DEMETRIUS","10","38","2","36","0","","","","","","","10","36","1","17","0","","","","","","","","","","","","","","","","","","","","","","","","","","","0"
"8","Alabama","09/04/10","15","HANKS","DARIUS","","","","","","","","","","","","0","0","3","66","0","","","","","","","","","1","1","0","","","","","","","","","","","","","","","","0"
"8","Alabama","09/11/10","15","HANKS","DARIUS","","","","","","","","","","","","0","0","3","52","0","","","","","","","","","","","","","","","","","","","","","","","","","","","0"
"8","Alabama","09/18/10","15","HANKS","DARIUS","","","","","","","","","","","","0","0","3","52","1","","","","","","","","","","","","","","","1","","","","","","","","","","","","6"
"8","Alabama","09/25/10","15","HANKS","DARIUS","1","1","0","1","0","","","","","","","1","1","2","27","0","","","","","","","","","","","","","","","","","","","","","","","","","","","0"
"8","Alabama","10/02/10","15","HANKS","DARIUS","","","","","","","","","","","","0","0","3","33","0","","","","","","","","","","","","","","","","","","","","","","","","","","","0"
"8","Alabama","10/09/10","15","HANKS","DARIUS","","","","","","","","","","","","0","0","2","55","1","","","","","","","","","","","","","","","1","","","","","","","","","","","","6"
"8","Alabama","10/16/10","15","HANKS","DARIUS","","","","","","","","","","","","0","0","1","4","0","","","","","","","","","","","","","","","","","","","","","","","","","","","0"
"8","Alabama","10/23/10","15","HANKS","DARIUS","","","","","","","","","","","","0","0","3","10","0","","","","","","","","","","","","","","","","","","","","","","","","","","","0"
"8","Alabama","11/06/10","15","HANKS","DARIUS","","","","","","","","","","","","0","0","2","40","0","","","","","","","","","","","","","","","","","","","","","","","","","","","0"
"8","Alabama","11/13/10","15","HANKS","DARIUS","","","","","","","","","","","","0","0","3","55","0","","","","","","","","","","","","","","","","","","","","","","","","","","","0"
"8","Alabama","11/18/10","15","HANKS","DARIUS","","","","","","","","","","","","0","0","2","23","0","","","","","","","","","","","","","","","","","","","","","","","","","","","0"
"8","Alabama","11/26/10","15","HANKS","DARIUS","","","","","","","","","","","","0","0","5","39","1","","","","","","","","","","","","","","","1","","","","","","","","","","","","6"
"8","Alabama","01/01/11","15","HANKS","DARIUS","1","6","0","6","0","","","","","","","1","6","","","","","","","","","","","","","","","","","","","","","","","","","","","","","","0"
"8","Alabama","11/18/10","2C","HOWELL","BEN","5","11","0","11","0","","","","","","","5","11","","","","","","","","","","","","","","","","","","","","","","","","","","","","","","0"
"8","Alabama","09/18/10","22","INGRAM","MARK","9","154","3","151","2","","","","","","","9","151","","","","","","","","","","","","","","","","","","2","","","","","","","","","","","","12"
"8","Alabama","09/25/10","22","INGRAM","MARK","24","160","3","157","2","","","","","","","24","157","2","27","0","","","","","","","","","","","","","","","2","","","","","","","","","","","","12"
"8","Alabama","10/02/10","22","INGRAM","MARK","12","47","0","47","2","","","","","","","12","47","3","19","0","","","","","","","","","","","","","","","2","","","","","","","","","","","","12"
"8","Alabama","10/09/10","22","INGRAM","MARK","11","43","2","41","0","","","","","","","11","41","4","16","0","","","","","","","","","","","","","","","","","","","","","","","","","","","0"
"8","Alabama","10/16/10","22","INGRAM","MARK","15","65","5","60","0","","","","","","","15","60","3","7","0","","","","","","","","","","","","","","","","","","","","","","","","","","","0"
"8","Alabama","10/23/10","22","INGRAM","MARK","14","88","0","88","2","","","","","","","14","88","1","-1","0","","","","","","","","","","","","","","","2","","","","","","","","","","","","12"
"8","Alabama","11/06/10","22","INGRAM","MARK","21","97","0","97","1","","","","","","","21","97","","","","","","","","","","","","","","","","","","1","","","","","","","","","","","","6"
"8","Alabama","11/13/10","22","INGRAM","MARK","18","64","11","53","0","","","","","","","18","53","2","77","1","","","","","","","","","","","","1","19","0","1","","","","","","","","","","","","6"
"8","Alabama","11/18/10","22","INGRAM","MARK","12","86","0","86","1","","","","","","","12","86","1","16","0","","","","","","","","","","","","","","","1","","","","","","","","","","","","6"
"8","Alabama","11/26/10","22","INGRAM","MARK","10","39","3","36","1","","","","","","","10","36","4","91","0","","","","","","","","","","","","","","","1","","","","","","","","","","","","6"
"8","Alabama","01/01/11","22","INGRAM","MARK","12","60","1","59","2","","","","","","","12","59","1","30","0","","","","","","","","","","","","","","","2","","","","","","","","","","","","12"
"8","Alabama","10/02/10","35","JOHNSON","NICO","","","","","","","","","","","","0","0","","","","1","0","0","","","","","","","","","","","","","","","","","","","","","","","","0"
"8","Alabama","09/04/10","8","JONES","JULIO","1","13","0","13","0","","","","","","","1","13","6","93","1","","","","","","","","","1","0","0","","","","1","","","","","","","","","","","","6"
"8","Alabama","09/11/10","8","JONES","JULIO","","","","","","","","","","","","0","0","4","49","0","","","","","","","","","","","","","","","","","","","","","","","","","","","0"
"8","Alabama","09/18/10","8","JONES","JULIO","","","","","","","","","","","","0","0","5","106","1","","","","","","","","","2","3","0","1","36","0","1","","","","","","","","","","","","6"
"8","Alabama","09/25/10","8","JONES","JULIO","1","1","0","1","0","","","","","","","1","1","5","55","0","","","","","","","","","1","0","0","","","","","","","","","","","","","","","","0"
"8","Alabama","10/02/10","8","JONES","JULIO","0","5","0","5","0","","","","","","","0","5","4","19","0","","","","","","","","","1","41","0","","","","","","","","","","","","","","","","0"
"8","Alabama","10/09/10","8","JONES","JULIO","","","","","","","","","","","","0","0","8","118","1","","","","","","","","","","","","","","","1","","","","","","","","","","","","6"
"8","Alabama","10/16/10","8","JONES","JULIO","","","","","","","","","","","","0","0","1","8","0","","","","","","","","","","","","","","","","","","","","","","","","","","","0"
"8","Alabama","10/23/10","8","JONES","JULIO","","","","","","","","","","","","0","0","12","221","0","","","","","","","","","","","","","","","","","","","","","","","","","","","0"
"8","Alabama","11/06/10","8","JONES","JULIO","1","5","0","5","0","","","","","","","1","5","10","89","1","","","","","","","","","","","","1","31","0","1","","","","","","","","","","","","6"
"8","Alabama","11/13/10","8","JONES","JULIO","1","56","0","56","1","","","","","","","1","56","3","41","0","","","","","","","","","","","","","","","1","","","","","","","","","","","","6"
"8","Alabama","11/18/10","8","JONES","JULIO","1","7","0","7","0","","","","","","","1","7","7","86","2","","","","","","","","","","","","","","","2","","","","","","","","","","","","12"
"8","Alabama","11/26/10","8","JONES","JULIO","1","12","0","12","0","","","","","","","1","12","10","199","1","","","","","","","","","","","","3","62","0","1","","","","","","","","","","","","6"
"8","Alabama","01/01/11","8","JONES","JULIO","2","36","0","36","1","","","","","","","2","36","3","49","0","","","","","","","","","","","","","","","1","","","","","","","","","","","","6"
"8","Alabama","11/18/10","36","JORDAN","CHRIS","","","","","","","","","","","","0","0","","","","1","25","0","","","","","","","","","","","","","","","","","","","","","","","","0"
"8","Alabama","09/18/10","21","KIRKPATRICK","DRE","","","","","","","","","","","","0","0","","","","1","21","0","","","","","","","","","","","","","","","","","","","","","","","","0"
"8","Alabama","09/25/10","21","KIRKPATRICK","DRE","","","","","","","","","","","","0","0","","","","1","0","0","","","","","","","","","","","","","","","","","","","","","","","","0"
"8","Alabama","10/02/10","21","KIRKPATRICK","DRE","","","","","","","","","","","","0","0","","","","1","9","0","","","","","","","","","","","","","","","","","","","","","","","","0"
"8","Alabama","09/04/10","42","LACY","EDDIE","13","113","2","111","2","","","","","","","13","111","1","3","0","","","","","","","","","","","","","","","2","","","","","","","","","","","","12"
"8","Alabama","09/11/10","42","LACY","EDDIE","6","21","0","21","0","","","","","","","6","21","","","","","","","","","","","","","","","","","","","","","","","","","","","","","","0"
"8","Alabama","09/18/10","42","LACY","EDDIE","7","53","1","52","1","","","","","","","7","52","1","15","0","","","","","","","","","","","","","","","1","","","","","","","","","","","","6"
"8","Alabama","10/02/10","42","LACY","EDDIE","4","20","0","20","0","","","","","","","4","20","","","","","","","","","","","","","","","","","","","","","","","","","","","","","","0"
"8","Alabama","11/13/10","42","LACY","EDDIE","8","35","0","35","0","","","","","","","8","35","","","","","","","","","","","","","","","","","","","","","","","","","","","","","","0"
"8","Alabama","11/18/10","42","LACY","EDDIE","13","82","1","81","1","","","","","","","13","81","","","","","","","","","","","","","","","","","","1","","","","","","","","","","","","6"
"8","Alabama","01/01/11","42","LACY","EDDIE","5","87","1","86","2","","","","","","","5","86","","","","","","","","","","","","","","","","","","2","","","","","","","","","","","","12"
"8","Alabama","09/04/10","37","LESTER","ROBERT","","","","","","","","","","","","0","0","","","","1","15","0","","","","","","","","","","","","","","","","","","","","","","","","0"
"8","Alabama","09/11/10","37","LESTER","ROBERT","","","","","","","","","","","","0","0","","","","1","0","0","1","89","0","","","","","","","","","","","","","","","","","","","","","0"
"8","Alabama","09/25/10","37","LESTER","ROBERT","","","","","","","","","","","","0","0","","","","2","33","0","","","","","","","","","","","","","","","","","","","","","","","","0"
"8","Alabama","10/23/10","37","LESTER","ROBERT","","","","","","","","","","","","0","0","","","","1","20","0","","","","","","","","","","","","","","","","","","","","","","","","0"
"8","Alabama","11/13/10","37","LESTER","ROBERT","","","","","","","","","","","","0","0","","","","2","12","0","","","","","","","","","","","","","","","","","","","","","","","","0"
"8","Alabama","01/01/11","37","LESTER","ROBERT","","","","","","","","","","","","0","0","","","","1","22","0","","","","","","","","","","","","","","","","","","","","","","","","0"
"8","Alabama","09/11/10","29","LOWERY","WILL","","","","","","","","","","","","0","0","","","","1","0","0","","","","","","","","","","","","","","","","","","","","","","","","0"
"8","Alabama","10/09/10","29","LOWERY","WILL","","","","","","","","","","","","0","0","","","","1","0","0","","","","","","","","","","","","","","","","","","","","","","","","0"
"8","Alabama","09/04/10","2F","MANDELL","CODY","","","","","","","","","","","","0","0","","","","","","","","","","3","122","","","","","","","","","","","","","","","","","","","0"
"8","Alabama","09/11/10","2F","MANDELL","CODY","","","","","","","","","","","","0","0","","","","","","","","","","3","111","","","","","","","","","","","","","","","","","","","0"
"8","Alabama","09/18/10","2F","MANDELL","CODY","","","","","","","","","","","","0","0","","","","","","","","","","2","81","","","","","","","","","","","","","","","","","","","0"
"8","Alabama","09/25/10","2F","MANDELL","CODY","","","","","","","","","","","","0","0","","","","","","","","","","3","137","","","","","","","","","","","","","","","","","","","0"
"8","Alabama","10/02/10","2F","MANDELL","CODY","","","","","","","","","","","","0","0","","","","","","","","","","4","161","","","","","","","","","","","","","","","","","","","0"
"8","Alabama","10/09/10","2F","MANDELL","CODY","","","","","","","","","","","","0","0","","","","","","","","","","2","68","","","","","","","","","","","","","","","","","","","0"
"8","Alabama","10/16/10","2F","MANDELL","CODY","","","","","","","","","","","","0","0","","","","","","","","","","5","191","","","","","","","","","","","","","","","","","","","0"
"8","Alabama","10/23/10","2F","MANDELL","CODY","","","","","","","","","","","","0","0","","","","","","","","","","2","94","","","","","","","","","","","","","","","","","","","0"
"8","Alabama","11/06/10","2F","MANDELL","CODY","","","","","","","","","","","","0","0","","","","","","","","","","6","246","","","","","","","","","","","","","","","","","","","0"
"8","Alabama","11/13/10","2F","MANDELL","CODY","","","","","","","","","","","","0","0","","","","","","","","","","4","153","","","","","","","","","","","","","","","","","","","0"
"8","Alabama","11/18/10","2F","MANDELL","CODY","","","","","","","","","","","","0","0","","","","","","","","","","1","29","","","","","","","","","","","","","","","","","","","0"
"8","Alabama","11/26/10","2F","MANDELL","CODY","","","","","","","","","","","","0","0","","","","","","","","","","4","135","","","","","","","","","","","","","","","","","","","0"
"8","Alabama","01/01/11","2F","MANDELL","CODY","","","","","","","","","","","","0","0","","","","","","","","","","2","79","","","","","","","","","","","","","","","","","","","0"
"8","Alabama","09/04/10","4","MAZE","MARQUIS","","","","","","","","","","","","0","0","3","68","1","","","","","","","","","1","8","0","","","","1","","","","","","","","","","","","6"
"8","Alabama","09/11/10","4","MAZE","MARQUIS","1","7","0","7","0","","","","","","","1","7","2","28","0","","","","","","","","","","","","","","","","","","","","","","","","","","","0"
"8","Alabama","09/18/10","4","MAZE","MARQUIS","","","","","","","","","","","","0","0","1","16","0","","","","","","","","","2","26","0","","","","","","","","","","","","","","","","0"
"8","Alabama","09/25/10","4","MAZE","MARQUIS","","","","","","","","","","","","0","0","3","33","0","","","","","","","","","","","","","","","","","","","","","","","","","","","0"
"8","Alabama","10/02/10","4","MAZE","MARQUIS","","","","","","1","1","0","19","1","","1","19","1","13","0","","","","","","","","","","","","","","","","","","","","","","","","","","","0"
"8","Alabama","10/09/10","4","MAZE","MARQUIS","","","","","","","","","","","","0","0","4","41","0","","","","","","","","","1","28","0","1","31","0","","","","","","","","","","","","","0"
"8","Alabama","10/16/10","4","MAZE","MARQUIS","1","1","0","1","0","","","","","","","1","1","3","42","0","","","","","","","","","6","125","0","","","","","","","","","","","","","","","","0"
"8","Alabama","10/23/10","4","MAZE","MARQUIS","","","","","","","","","","","","0","0","4","73","0","","","","","","","","","1","-4","0","","","","","","","","","","","","","","","","0"
"8","Alabama","11/06/10","4","MAZE","MARQUIS","","","","","","","","","","","","0","0","4","35","0","","","","","","","","","1","3","0","3","73","0","","","","","","","","","","","","","0"
"8","Alabama","11/13/10","4","MAZE","MARQUIS","","","","","","","","","","","","0","0","5","89","1","","","","","","","","","3","36","0","2","41","0","1","","","","","","","","","","","","6"
"8","Alabama","11/18/10","4","MAZE","MARQUIS","","","","","","","","","","","","0","0","2","29","0","","","","","","","","","1","23","0","2","44","0","","","","","","","","","","","","","0"
"8","Alabama","11/26/10","4","MAZE","MARQUIS","1","7","0","7","0","","","","","","","1","7","2","13","0","","","","","","","","","2","0","0","","","","","","","","","","","","","","","","0"
"8","Alabama","01/01/11","4","MAZE","MARQUIS","","","","","","","","","","","","0","0","4","77","1","","","","","","","","","3","22","0","","","","1","","","","","","","","","","","","6"
"8","Alabama","09/04/10","10","MCCARRON","A.J.","1","0","2","-2","0","14","9","0","116","1","","15","114","","","","","","","","","","","","","","","","","","","","","","","","","","","","","","0"
"8","Alabama","09/18/10","10","MCCARRON","A.J.","1","0","8","-8","0","6","3","0","53","0","","7","45","","","","","","","","","","","","","","","","","","","","","","","","","","","","","","0"
"8","Alabama","10/02/10","10","MCCARRON","A.J.","1","2","0","2","0","","","","","","","1","2","","","","","","","","","","","","","","","","","","","","","","","","","","","","","","0"
"8","Alabama","10/09/10","10","MCCARRON","A.J.","","","","","","1","0","0","0","0","","1","0","","","","","","","","","","","","","","","","","","","","","","","","","","","","","","0"
"8","Alabama","10/23/10","10","MCCARRON","A.J.","1","4","0","4","0","3","3","0","62","1","","4","66","","","","","","","","","","","","","","","","","","","","","","","","","","","","","","0"
"8","Alabama","11/13/10","10","MCCARRON","A.J.","1","0","10","-10","0","5","2","0","50","0","","6","40","","","","","","","","","","","","","","","","","","","","","","","","","","","","","","0"
"8","Alabama","11/18/10","10","MCCARRON","A.J.","","","","","","9","7","0","57","1","","9","57","","","","","","","","","","","","","","","","","","","","","","","","","","","","","","0"
"8","Alabama","11/26/10","10","MCCARRON","A.J.","","","","","","4","0","0","0","0","","4","0","","","","","","","","","","","","","","","","","","","","","","","","","","","","","","0"
"8","Alabama","01/01/11","10","MCCARRON","A.J.","1","4","0","4","0","6","6","0","51","0","","7","55","","","","","","","","","","","","","","","","","","","","","","","","","","","","","","0"
"8","Alabama","09/04/10","12","MCELROY","GREG","3","8","1","7","0","16","13","0","218","1","","19","225","","","","","","","","","","","","","","","","","","","","","","","","","","","","","","0"
"8","Alabama","09/11/10","12","MCELROY","GREG","5","18","10","8","0","24","16","0","229","2","","29","237","","","","","","","","","","","","","","","","","","","","","","","","","","","","","","0"
"8","Alabama","09/18/10","12","MCELROY","GREG","3","12","5","7","0","20","14","1","258","3","","23","265","","","","","","","","","","","","","","","","","","","","","","","","","","","","","","0"
"8","Alabama","09/25/10","12","MCELROY","GREG","5","8","23","-15","0","26","18","2","194","1","","31","179","","","","","","","","","","","","","","","","","","","","","","","","","","","","","","0"
"8","Alabama","10/02/10","12","MCELROY","GREG","7","39","6","33","0","17","11","0","84","0","","24","117","","","","","","","","","","","","","","","","","","","","","","","","","","","","","","0"
"8","Alabama","10/09/10","12","MCELROY","GREG","12","13","41","-28","0","34","27","0","315","2","","46","287","","","","","","","","","","","","","","","","","","","","","","","","","","","","","","0"
"8","Alabama","10/16/10","12","MCELROY","GREG","7","10","16","-6","0","25","17","0","219","2","","32","213","","","","","","","","","","","","","","","","","","","","","","","","","","","","","","0"
"8","Alabama","10/23/10","12","MCELROY","GREG","2","1","7","-6","1","32","21","0","264","0","","34","258","","","","","","","","","","","","","","","","","","1","","","","","","","","","","","","6"
"8","Alabama","11/06/10","12","MCELROY","GREG","3","0","28","-28","0","34","21","1","223","2","","37","195","","","","","","","","","","","","","","","","","","","","","","","","","","","","","","0"
"8","Alabama","11/13/10","12","MCELROY","GREG","3","20","0","20","0","18","12","1","227","2","","21","247","","","","","","","","","","","","","","","","","","","","","","","","","","","","","","0"
"8","Alabama","11/18/10","12","MCELROY","GREG","1","2","0","2","0","13","12","0","159","2","","14","161","","","","","","","","","","","","","","","","","","","","","","","","","","","","","","0"
"8","Alabama","11/26/10","12","MCELROY","GREG","8","13","23","-10","0","37","27","0","377","2","","45","367","","","","","","","","","","","","","","","","","","","","","","","","","","","","","","0"
"8","Alabama","01/01/11","12","MCELROY","GREG","1","4","0","4","0","17","13","0","220","1","","18","224","","","","","","","","","","","","","","","","","","","","","","","","","","","","","","0"
"8","Alabama","11/18/10","28","MILLINER","DEMARCUS","","","","","","","","","","","","0","0","","","","1","0","0","","","","","","","","","","","","","","","","","","","","","","","","0"
"8","Alabama","10/02/10","32","MOSLEY","C.J.","","","","","","","","","","","","0","0","","","","1","35","1","","","","","","","","","","","","1","","","","","","","","","","","","6"
"8","Alabama","11/18/10","32","MOSLEY","C.J.","","","","","","","","","","","","0","0","","","","1","41","1","","","","","","","","","","","","1","","","","","","","","","","","","6"
"8","Alabama","09/11/10","83","NORWOOD","KEVIN","","","","","","","","","","","","0","0","1","36","1","","","","","","","","","","","","","","","1","","","","","","","","","","","","6"
"8","Alabama","11/18/10","83","NORWOOD","KEVIN","","","","","","","","","","","","0","0","2","20","0","","","","","","","","","","","","","","","","","","","","","","","","","","","0"
"8","Alabama","09/04/10","3","RICHARDSON","TRENT","10","68","2","66","2","","","","","","","10","66","3","46","0","","","","","","","","","","","","1","34","0","2","","","","","","","","","","","","12"
"8","Alabama","09/11/10","3","RICHARDSON","TRENT","22","147","3","144","1","","","","","","","22","144","4","46","0","","","","","","","","","","","","1","17","0","1","","","","","","","","","","","","6"
"8","Alabama","09/18/10","3","RICHARDSON","TRENT","7","66","5","61","1","","","","","","","7","61","1","9","0","","","","","","","","","","","","2","114","1","2","","","","","","","","","","","","12"
"8","Alabama","09/25/10","3","RICHARDSON","TRENT","8","87","2","85","0","","","","","","","8","85","2","25","1","","","","","","","","","","","","4","117","0","1","","","","","","","","","","","","6"
"8","Alabama","10/02/10","3","RICHARDSON","TRENT","10","63","0","63","0","","","","","","","10","63","","","","","","","","","","","","","","","3","58","0","","","","","","","","","","","","","0"
"8","Alabama","10/09/10","3","RICHARDSON","TRENT","6","24","1","23","0","","","","","","","6","23","2","12","0","","","","","","","","","","","","6","142","0","","","","","","","","","","","","","0"
"8","Alabama","10/16/10","3","RICHARDSON","TRENT","11","50","5","45","0","","","","","","","11","45","5","101","1","","","","","","","","","","","","3","74","0","1","","","","","","","","","","","","6"
"8","Alabama","10/23/10","3","RICHARDSON","TRENT","12","119","0","119","1","","","","","","","12","119","1","5","1","","","","","","","","","","","","2","48","0","2","","","","","","","","","","","","12"
"8","Alabama","11/06/10","3","RICHARDSON","TRENT","6","28","0","28","0","","","","","","","6","28","1","1","1","","","","","","","","","","","","1","12","0","1","","","","","","","","","","","","6"
"8","Alabama","11/26/10","3","RICHARDSON","TRENT","10","24","0","24","0","","","","","","","10","24","3","9","0","","","","","","","","","","","","","","","","","","","","","","","","","","","0"
"8","Alabama","01/01/11","3","RICHARDSON","TRENT","10","43","1","42","1","","","","","","","10","42","1","12","0","","","","","","","","","","","","1","18","0","1","","","","","","","","","","","","6"
"8","Alabama","10/23/10","1","SCOTT","B.J.","","","","","","","","","","","","0","0","","","","1","0","0","","","","","","","","","","","","","","","","","","","","","","","","0"
"8","Alabama","09/04/10","90","SHELLEY","JEREMY","","","","","","","","","","","","0","0","","","","","","","","","","","","","","","","","","","4","4","0","0","","","","","","","","4"
"8","Alabama","09/11/10","90","SHELLEY","JEREMY","","","","","","","","","","","","0","0","","","","","","","","","","","","","","","","","","","3","3","0","0","","","","","1","1","","6"
"8","Alabama","09/18/10","90","SHELLEY","JEREMY","","","","","","","","","","","","0","0","","","","","","","","","","","","","","","","","","","6","6","0","0","","","","","","","","6"
"8","Alabama","09/25/10","90","SHELLEY","JEREMY","","","","","","","","","","","","0","0","","","","","","","","","","","","","","","","","","","3","3","0","0","","","","","1","1","","6"
"8","Alabama","10/02/10","90","SHELLEY","JEREMY","","","","","","","","","","","","0","0","","","","","","","","","","","","","","","","","","","4","4","0","0","","","","","1","1","","7"
"8","Alabama","10/09/10","90","SHELLEY","JEREMY","","","","","","","","","","","","0","0","","","","","","","","","","","","","","","","","","","2","1","0","0","","","","","3","2","","7"
"8","Alabama","10/16/10","90","SHELLEY","JEREMY","","","","","","","","","","","","0","0","","","","","","","","","","","","","","","","","","","2","2","0","0","","","","","2","1","","5"
"8","Alabama","10/23/10","90","SHELLEY","JEREMY","","","","","","","","","","","","0","0","","","","","","","","","","","","","","","","","","","4","4","0","0","","","","","3","2","","10"
"8","Alabama","11/06/10","90","SHELLEY","JEREMY","","","","","","","","","","","","0","0","","","","","","","","","","","","","","","","","","","3","3","0","0","","","","","","","","3"
"8","Alabama","11/13/10","90","SHELLEY","JEREMY","","","","","","","","","","","","0","0","","","","","","","","","","","","","","","","","","","3","3","0","0","","","","","2","2","","9"
"8","Alabama","11/18/10","90","SHELLEY","JEREMY","","","","","","","","","","","","0","0","","","","","","","","","","","","","","","","","","","7","7","0","0","","","","","1","0","","7"
"8","Alabama","11/26/10","90","SHELLEY","JEREMY","","","","","","","","","","","","0","0","","","","","","","","","","","","","","","","","","","3","3","0","0","","","","","2","2","","9"
"8","Alabama","01/01/11","90","SHELLEY","JEREMY","","","","","","","","","","","","0","0","","","","","","","","","","","","","","","","","","","7","7","0","0","","","","","","","","7"
"8","Alabama","09/04/10","17","SMELLEY","BRAD","","","","","","","","","","","","0","0","1","9","0","","","","","","","","","","","","","","","","","","","","","","","","","","","0"
"8","Alabama","10/09/10","17","SMELLEY","BRAD","","","","","","","","","","","","0","0","1","12","0","","","","","","","","","","","","","","","","","","","","","","","","","","","0"
"8","Alabama","11/06/10","17","SMELLEY","BRAD","","","","","","","","","","","","0","0","1","5","0","","","","","","","","","","","","","","","","","","","","","","","","","","","0"
"8","Alabama","11/18/10","17","SMELLEY","BRAD","","","","","","","","","","","","0","0","1","9","0","","","","","","","","","","","","","","","","","","","","","","","","","","","0"
"8","Alabama","01/01/11","17","SMELLEY","BRAD","","","","","","","","","","","","0","0","2","20","0","","","","","","","","","","","","","","","","","","","","","","","","","","","0"
"8","Alabama","11/18/10","2E","TINKER","NICK","4","9","0","9","0","","","","","","","4","9","","","","","","","","","","","","","","","","","","","","","","","","","","","","","","0"
"8","Alabama","09/18/10","87","UNDERWOOD","CHRIS","","","","","","","","","","","","0","0","1","28","0","","","","","","","","","","","","","","","","","","","","","","","","","","","0"
"8","Alabama","11/18/10","87","UNDERWOOD","CHRIS","","","","","","","","","","","","0","0","1","7","1","","","","","","","","","","","","","","","1","","","","","","","","","","","","6"
"8","Alabama","01/01/11","87","UNDERWOOD","CHRIS","","","","","","","","","","","","0","0","1","1","0","","","","","","","","","","","","","","","","","","","","","","","","","","","0"
"8","Alabama","11/18/10","55","WILLIAMS","CHAVIS","","","","","","","","","","","","0","0","","","","","","","","","","","","1","15","0","","","","","","","","","","","","","","","","0"
"8","Alabama","09/04/10","89","WILLIAMS","MICHAEL","","","","","","","","","","","","0","0","","","","","","","","","","","","","","","1","9","0","","","","","","","","","","","","","0"
"8","Alabama","09/25/10","89","WILLIAMS","MICHAEL","","","","","","","","","","","","0","0","2","9","0","","","","","","","","","","","","1","6","0","","","","","","","","","","","","","0"
"8","Alabama","10/02/10","89","WILLIAMS","MICHAEL","","","","","","","","","","","","0","0","1","19","1","","","","","","","","","","","","","","","1","","","","","","","","","","","","6"
"8","Alabama","10/09/10","89","WILLIAMS","MICHAEL","","","","","","","","","","","","0","0","1","32","0","","","","","","","","","","","","","","","","","","","","","","","","","","","0"
"8","Alabama","10/23/10","89","WILLIAMS","MICHAEL","","","","","","","","","","","","0","0","1","4","0","","","","","","","","","","","","","","","","","","","","","","","","","","","0"
"8","Alabama","11/06/10","89","WILLIAMS","MICHAEL","","","","","","","","","","","","0","0","1","18","0","","","","","","","","","","","","","","","","","","","","","","","","","","","0"
"8","Alabama","11/13/10","89","WILLIAMS","MICHAEL","","","","","","","","","","","","0","0","1","15","0","","","","","","","","","","","","","","","","","","","","","","","","","","","0"
"8","Alabama","01/01/11","89","WILLIAMS","MICHAEL","","","","","","","","","","","","0","0","1","3","0","","","","","","","","","","","","","","","","","","","","","","","","","","","0"
"29","Arizona","09/03/10","2","ANTOLIN","KEOLA","5","16","3","13","0","","","","","","","5","13","5","23","1","","","","","","","","","","","","","","","1","","","","","","","","","","","","6"
"29","Arizona","09/11/10","2","ANTOLIN","KEOLA","2","3","1","2","0","","","","","","","2","2","4","53","0","","","","","","","","","","","","","","","","","","","","","","","","","","","0"
"29","Arizona","09/18/10","2","ANTOLIN","KEOLA","6","26","0","26","0","","","","","","","6","26","2","9","0","","","","","","","","","","","","","","","","","","","","","","","","","","","0"
"29","Arizona","09/25/10","2","ANTOLIN","KEOLA","4","22","7","15","0","","","","","","","4","15","3","21","0","","","","","","","","","","","","","","","","","","","","","","","","","","","0"
"29","Arizona","10/09/10","2","ANTOLIN","KEOLA","8","71","1","70","1","","","","","","","8","70","4","40","1","","","","","","","","","","","","","","","2","","","","","","","","","","","","12"
"29","Arizona","10/16/10","2","ANTOLIN","KEOLA","21","93","1","92","2","","","","","","","21","92","1","16","0","","","","","","","","","","","","","","","2","","","","","","","","","","","","12"
"29","Arizona","10/23/10","2","ANTOLIN","KEOLA","14","119","5","114","2","","","","","","","14","114","1","11","0","","","","","","","","","","","","","","","2","","","","","","","","","","","","12"
"29","Arizona","10/30/10","2","ANTOLIN","KEOLA","23","111","0","111","1","","","","","","","23","111","1","5","0","","","","","","","","","","","","","","","1","","","","","","","","","","","","6"
"29","Arizona","11/06/10","2","ANTOLIN","KEOLA","16","87","1","86","1","","","","","","","16","86","2","22","0","","","","","","","","","","","","","","","1","","","","","","","","","","","","6"
"29","Arizona","11/13/10","2","ANTOLIN","KEOLA","10","38","0","38","0","","","","","","","10","38","4","-4","0","","","","","","","","","","","","","","","","","","","","","","","","","","","0"
"29","Arizona","11/26/10","2","ANTOLIN","KEOLA","8","21","4","17","0","","","","","","","8","17","1","8","0","","","","","","","","","","","","","","","","","","","","","","","","","","","0"
"29","Arizona","12/02/10","2","ANTOLIN","KEOLA","25","87","4","83","0","","","","","","","25","83","","","","","","","","","","","","","","","","","","","","","","","","","","","","","","0"
"29","Arizona","12/29/10","2","ANTOLIN","KEOLA","1","1","0","1","0","","","","","","","1","1","","","","","","","","","","","","","","","","","","","","","","","","","","","","","","0"
"29","Arizona","09/11/10","86","BAUCUS","JACK","","","","","","","","","","","","0","0","1","6","1","","","","","","","","","","","","","","","1","","","","","","","","","","","","6"
"29","Arizona","09/18/10","86","BAUCUS","JACK","","","","","","","","","","","","0","0","1","8","0","","","","","","","","","","","","","","","","","","","","","","","","","","","0"
"29","Arizona","09/25/10","86","BAUCUS","JACK","","","","","","","","","","","","0","0","1","4","0","","","","","","","","","","","","","","","","","","","","","","","","","","","0"
"29","Arizona","11/06/10","86","BAUCUS","JACK","","","","","","","","","","","","0","0","1","4","0","","","","","","","","","","","","","","","","","","","","","","","","","","","0"
"29","Arizona","09/11/10","17","BEIRNE","BRYSON","","","","","","5","5","0","33","1","","5","33","","","","","","","","","","","","","","","","","","","","","","","","","","","","","","0"
"29","Arizona","09/11/10","2C","BUTLER","KYLAN","2","12","0","12","0","","","","","","","2","12","","","","","","","","","","","","","","","","","","","","","","","","","","","","","","0"
"29","Arizona","09/03/10","6","COBB","TRAVIS","1","12","0","12","0","","","","","","","1","12","3","30","0","","","","","","","","","","","","1","19","0","","","","","","","","","","","","","0"
"29","Arizona","09/11/10","6","COBB","TRAVIS","1","8","0","8","0","","","","","","","1","8","2","15","0","","","","","","","","","","","","2","60","0","","","","","","","","","","","","","0"
"29","Arizona","09/18/10","6","COBB","TRAVIS","2","7","0","7","0","","","","","","","2","7","1","4","0","","","","","","","","","","","","3","148","1","1","","","","","","","","","","","","6"
"29","Arizona","10/09/10","6","COBB","TRAVIS","","","","","","","","","","","","0","0","2","32","0","","","","","","","","","","","","4","87","0","","","","","","","","","","","","","0"
"29","Arizona","10/16/10","6","COBB","TRAVIS","1","0","4","-4","0","","","","","","","1","-4","7","62","0","","","","","","","","","","","","1","20","0","","","","","","","","","","","","","0"
"29","Arizona","10/23/10","6","COBB","TRAVIS","","","","","","","","","","","","0","0","1","11","0","","","","","","","","","","","","3","70","0","","","","","","","","","","","","","0"
"29","Arizona","10/30/10","6","COBB","TRAVIS","","","","","","","","","","","","0","0","1","8","0","","","","","","","","","","","","1","24","0","","","","","","","","","","","","","0"
"29","Arizona","11/06/10","6","COBB","TRAVIS","","","","","","","","","","","","0","0","1","9","0","","","","","","","","","","","","5","120","0","","","","","","","","","","","","","0"
"29","Arizona","11/13/10","6","COBB","TRAVIS","","","","","","","","","","","","0","0","4","50","1","","","","","","","","","","","","3","36","0","1","","","","","","","","","","","","6"
"29","Arizona","11/26/10","6","COBB","TRAVIS","","","","","","","","","","","","0","0","2","46","0","","","","","","","","","","","","1","1","0","","","","","","","","","","","","","0"
"29","Arizona","12/02/10","6","COBB","TRAVIS","1","17","0","17","0","","","","","","","1","17","1","8","0","","","","","","","","","","","","5","123","0","","","","","","","","","","","","","0"
"29","Arizona","12/29/10","6","COBB","TRAVIS","","","","","","","","","","","","0","0","1","15","0","","","","","","","","","","","","5","179","0","","","","","","","","","","","","","0"
"29","Arizona","09/03/10","47","CRIER","KEENYN","","","","","","","","","","","","0","0","","","","","","","","","","3","129","","","","","","","","","","1","0","","","","","","","","0"
"29","Arizona","09/11/10","47","CRIER","KEENYN","","","","","","","","","","","","0","0","","","","","","","","","","3","103","","","","","","","","","","","","","","","","","","","0"
"29","Arizona","09/18/10","47","CRIER","KEENYN","","","","","","","","","","","","0","0","","","","","","","","","","5","189","","","","","","","","","","","","","","","","","","","0"
"29","Arizona","09/25/10","47","CRIER","KEENYN","","","","","","","","","","","","0","0","","","","","","","","","","6","244","","","","","","","","","","","","","","","","","","","0"
"29","Arizona","10/09/10","47","CRIER","KEENYN","","","","","","","","","","","","0","0","","","","","","","","","","3","134","","","","","","","","","","","","","","","","","","","0"
"29","Arizona","10/16/10","47","CRIER","KEENYN","","","","","","","","","","","","0","0","","","","","","","","","","5","214","","","","","","","","","","","","","","","","","","","0"
"29","Arizona","10/23/10","47","CRIER","KEENYN","","","","","","","","","","","","0","0","","","","","","","","","","2","88","","","","","","","","","","","","","","","","","","","0"
"29","Arizona","10/30/10","47","CRIER","KEENYN","","","","","","","","","","","","0","0","","","","","","","","","","4","154","","","","","","","","","","","","","","","","","","","0"
"29","Arizona","11/06/10","47","CRIER","KEENYN","","","","","","","","","","","","0","0","","","","","","","","","","5","229","","","","","","","","","","","","","","","","","","","0"
"29","Arizona","11/13/10","47","CRIER","KEENYN","","","","","","","","","","","","0","0","","","","","","","","","","1","44","","","","","","","","","","","","","","","","","","","0"
"29","Arizona","11/26/10","47","CRIER","KEENYN","","","","","","","","","","","","0","0","","","","","","","","","","3","109","","","","","","","","","","","","","","","","","","","0"
"29","Arizona","12/02/10","47","CRIER","KEENYN","","","","","","","","","","","","0","0","","","","","","","","","","6","223","","","","","","","","","","","","","","","","","","","0"
"29","Arizona","12/29/10","47","CRIER","KEENYN","","","","","","","","","","","","0","0","","","","","","","","","","2","76","","","","","","","","","","","","","","","","","","","0"
"29","Arizona","09/03/10","82","CRINER","JURON","","","","","","","","","","","","0","0","10","176","1","","","","","","","","","","","","","","","1","","","","","","","","","","","","6"
"29","Arizona","09/11/10","82","CRINER","JURON","","","","","","","","","","","","0","0","2","60","0","","","","","","","","","","","","","","","","","","","","","","","","","","","0"
"29","Arizona","09/18/10","82","CRINER","JURON","","","","","","","","","","","","0","0","2","48","0","","","","","","","","","","","","","","","","","","","","","","","","","","","0"
"29","Arizona","09/25/10","82","CRINER","JURON","","","","","","","","","","","","0","0","5","68","1","","","","","","","","","","","","","","","1","","","","","","","","","","","","6"
"29","Arizona","10/09/10","82","CRINER","JURON","","","","","","","","","","","","0","0","12","179","1","","","","","","","","","","","","","","","1","","","","","","","","","","","","6"
"29","Arizona","10/16/10","82","CRINER","JURON","","","","","","","","","","","","0","0","2","20","0","","","","","","","","","","","","","","","","","","","","","","","","","","","0"
"29","Arizona","10/23/10","82","CRINER","JURON","2","9","0","9","0","","","","","","","2","9","8","108","1","","","","","","","","","","","","","","","1","","","","","","","","","","","","6"
"29","Arizona","10/30/10","82","CRINER","JURON","","","","","","","","","","","","0","0","8","127","1","","","","","","","","","","","","","","","1","","","","","","","","","","","","6"
"29","Arizona","11/06/10","82","CRINER","JURON","3","50","0","50","0","","","","","","","3","50","9","98","1","","","","","","","","","","","","","","","1","","","","","","","","","","","","6"
"29","Arizona","11/13/10","82","CRINER","JURON","1","7","0","7","0","","","","","","","1","7","6","98","0","","","","","","","","","","","","","","","","","","","","","","","","","","","0"
"29","Arizona","11/26/10","82","CRINER","JURON","","","","","","","","","","","","0","0","3","109","2","","","","","","","","","","","","","","","2","","","","","","","","","","","","12"
"29","Arizona","12/02/10","82","CRINER","JURON","1","0","1","-1","0","","","","","","","1","-1","6","95","2","","","","","","","","","","","","","","","2","","","","","","","","","","","","12"
"29","Arizona","12/29/10","82","CRINER","JURON","1","1","0","1","0","","","","","","","1","1","9","47","1","","","","","","","","","","","","","","","1","","","","","","","","","","","","6"
"29","Arizona","09/03/10","21","CRUMP","GINO","","","","","","","","","","","","0","0","2","20","0","","","","","","","","","","","","","","","","","","","","","","","","","","","0"
"29","Arizona","09/11/10","21","CRUMP","GINO","","","","","","","","","","","","0","0","2","19","0","","","","","","","","","","","","","","","","","","","","","","","","","","","0"
"29","Arizona","09/03/10","85","DOUGLAS","DAVID","","","","","","","","","","","","0","0","5","33","1","","","","","","","","","","","","","","","1","","","","","","","","","","","","6"
"29","Arizona","09/11/10","85","DOUGLAS","DAVID","1","1","0","1","0","","","","","","","1","1","4","33","0","","","","","","","","","","","","","","","","","","","","","","","","","","","0"
"29","Arizona","09/18/10","85","DOUGLAS","DAVID","","","","","","","","","","","","0","0","7","74","1","","","","","","","","","","","","","","","1","","","","","","","","","","","","6"
"29","Arizona","09/25/10","85","DOUGLAS","DAVID","","","","","","","","","","","","0","0","6","61","0","","","","","","","","","","","","","","","","","","","","","","","","","","","0"
"29","Arizona","10/09/10","85","DOUGLAS","DAVID","","","","","","","","","","","","0","0","4","34","0","","","","","","","","","","","","","","","","","","","","","","","","","","","0"
"29","Arizona","10/16/10","85","DOUGLAS","DAVID","","","","","","","","","","","","0","0","1","15","0","","","","","","","","","","","","","","","","","","","","","","","","","","","0"
"29","Arizona","11/06/10","85","DOUGLAS","DAVID","","","","","","","","","","","","0","0","4","23","0","","","","","","","","","","","","","","","","","","","","","","","","","","","0"
"29","Arizona","11/13/10","85","DOUGLAS","DAVID","","","","","","","","","","","","0","0","6","44","2","","","","","","","","","1","2","0","","","","2","","","","","","","","","","","","12"
"29","Arizona","11/26/10","85","DOUGLAS","DAVID","","","","","","","","","","","","0","0","5","81","0","","","","","","","","","","","","","","","","","","","","","","","","","","","0"
"29","Arizona","12/02/10","85","DOUGLAS","DAVID","1","9","0","9","1","","","","","","","1","9","4","26","1","","","","","","","","","4","26","0","","","","2","","","","","","","","","","","","12"
"29","Arizona","12/29/10","85","DOUGLAS","DAVID","","","","","","","","","","","","0","0","6","91","0","","","","","","","","","1","4","0","","","","","","","","","","","","","","","","0"
"29","Arizona","09/03/10","40","EARLS","DEREK","","","","","","","","","","","","0","0","","","","1","1","0","","","","","","","","","","","","","","","","","","","","","","","","0"
"29","Arizona","12/02/10","40","EARLS","DEREK","","","","","","","","","","","","0","0","","","","","","","","","","1","34","","","","","","","","","","","","","","","","","","","0"
"29","Arizona","12/29/10","44","ELMORE","RICKY","","","","","","","","","","","","0","0","","","","","","","","","","","","","","","1","1","0","","","","","","","","","","","","","0"
"29","Arizona","10/30/10","33","FISCHER","JAKE","1","29","0","29","0","","","","","","","1","29","","","","","","","","","","","","","","","","","","","","","","","","","","","","","","0"
"29","Arizona","09/03/10","8","FOLES","NICK","2","1","10","-9","1","37","32","1","360","2","","39","351","","","","","","","","","","","","","","","","","","1","","","","","","","","","","","","6"
"29","Arizona","09/11/10","8","FOLES","NICK","1","0","2","-2","0","22","17","1","214","1","","23","212","","","","","","","","","","","","","","","","","","","","","","","","","","","","","","0"
"29","Arizona","09/18/10","8","FOLES","NICK","3","0","22","-22","0","39","28","1","303","2","","42","281","","","","","","","","","","","","","","","","","","","","","","","","","","","","","","0"
"29","Arizona","09/25/10","8","FOLES","NICK","3","0","13","-13","0","39","25","1","212","1","","42","199","","","","","","","","","","","","","","","","","","","","","","","","","","","","","","0"
"29","Arizona","10/09/10","8","FOLES","NICK","5","26","20","6","0","46","35","1","440","3","","51","446","","","","","","","","","","","","","","","","","","","","","","","","","","","","","","0"
"29","Arizona","10/16/10","8","FOLES","NICK","2","0","5","-5","0","7","6","0","71","0","","9","66","","","","","","","","","","","","","","","","","","","","","","","","","","","","","","0"
"29","Arizona","11/06/10","8","FOLES","NICK","2","0","20","-20","0","48","28","1","248","1","","50","228","","","","","","","","","","","","","","","","","","","","","","","","","","","","","","0"
"29","Arizona","11/13/10","8","FOLES","NICK","2","0","19","-19","0","48","32","0","353","3","","50","334","","","","","","","","","","","","","","","","","","","","","","","","","","","","","","0"
"29","Arizona","11/26/10","8","FOLES","NICK","3","4","7","-3","0","54","29","1","448","3","","57","445","","","","","","","","","","","","","","","","","","","","","","","","","","","","","","0"
"29","Arizona","12/02/10","8","FOLES","NICK","3","1","20","-19","0","36","22","0","262","3","","39","243","","","","","","","","","","","","","","","","","","","","","","","","","","","","","","0"
"29","Arizona","12/29/10","8","FOLES","NICK","9","20","27","-7","0","50","32","3","280","1","","59","273","","","","","","","","","","","","","","","","","","","","","","","","","","","","","","0"
"29","Arizona","10/30/10","1","GOLDEN","ROBERT","","","","","","","","","","","","0","0","","","","1","0","0","","","","","","","","","","","","","","","","","","","","","","","","0"
"29","Arizona","09/03/10","5","GRIGSBY","NIC","8","53","0","53","2","","","","","","","8","53","3","24","0","","","","","","","","","","","","","","","2","","","","","","","","","","","","12"
"29","Arizona","09/11/10","5","GRIGSBY","NIC","11","115","8","107","3","","","","","","","11","107","2","9","0","","","","","","","","","","","","","","","3","","","","","","","","","","","","18"
"29","Arizona","09/18/10","5","GRIGSBY","NIC","14","41","14","27","0","","","","","","","14","27","4","24","0","","","","","","","","","","","","","","","","","","","","","","","","","","","0"
"29","Arizona","09/25/10","5","GRIGSBY","NIC","12","65","0","65","0","","","","","","","12","65","3","10","0","","","","","","","","","","","","","","","","","","","","","","","","","","","0"
"29","Arizona","10/09/10","5","GRIGSBY","NIC","5","22","0","22","0","","","","","","","5","22","2","41","1","","","","","","","","","","","","","","","1","","","","","","","","","","","","6"
"29","Arizona","10/16/10","5","GRIGSBY","NIC","14","67","1","66","1","","","","","","","14","66","","","","","","","","","","","","","","","","","","1","","","","","","","","","","","","6"
"29","Arizona","10/23/10","5","GRIGSBY","NIC","12","51","1","50","2","","","","","","","12","50","1","-1","0","","","","","","","","","","","","","","","2","","","","","","","","","","","","12"
"29","Arizona","10/30/10","5","GRIGSBY","NIC","5","31","0","31","0","","","","","","","5","31","1","11","0","","","","","","","","","","","","","","","","","","","","","","","","","","","0"
"29","Arizona","11/06/10","5","GRIGSBY","NIC","1","2","0","2","0","","","","","","","1","2","","","","","","","","","","","","","","","","","","","","","","","","","","","","","","0"
"29","Arizona","11/26/10","5","GRIGSBY","NIC","16","49","5","44","0","","","","","","","16","44","4","39","0","","","","","","","","","","","","","","","","","","","","","","","","","","","0"
"29","Arizona","12/02/10","5","GRIGSBY","NIC","4","9","2","7","0","","","","","","","4","7","1","6","0","","","","","","","","","","","","","","","","","","","","","","","","","","","0"
"29","Arizona","12/29/10","5","GRIGSBY","NIC","16","64","5","59","0","","","","","","","16","59","4","26","0","","","","","","","","","","","","","","","","","","","","","","","","","","","0"
"29","Arizona","11/13/10","12","HALL","ADAM","","","","","","","","","","","","0","0","","","","1","0","0","","","","","","","","","","","","","","","","","","","","","","","","0"
"29","Arizona","11/26/10","12","HALL","ADAM","","","","","","","","","","","","0","0","","","","1","22","0","","","","","","","","","","","","","","","","","","","","","","","","0"
"29","Arizona","09/03/10","3B","JENKINS","DANIEL","2","7","0","7","0","","","","","","","2","7","","","","","","","","","","","","","","","","","","","","","","","","","","","","","","0"
"29","Arizona","09/11/10","3B","JENKINS","DANIEL","6","19","0","19","0","","","","","","","6","19","","","","","","","","","","","","","","","1","22","0","","","","","","","","","","","","","0"
"29","Arizona","11/26/10","3B","JENKINS","DANIEL","","","","","","","","","","","","0","0","","","","","","","","","","","","","","","1","1","0","","","","","","","","","","","","","0"
"29","Arizona","09/11/10","26","KNOWLES","KHYRI","1","2","0","2","0","","","","","","","1","2","","","","","","","","","","","","","","","","","","","","","","","","","","","","","","0"
"29","Arizona","09/03/10","87","MILLER","TERRENCE","","","","","","","","","","","","0","0","1","5","0","","","","","","","","","","","","","","","","","","","","","","","","","","","0"
"29","Arizona","09/11/10","87","MILLER","TERRENCE","","","","","","","","","","","","0","0","1","3","0","","","","","","","","","","","","","","","","","","","","","","","","","","","0"
"29","Arizona","10/16/10","87","MILLER","TERRENCE","","","","","","","","","","","","0","0","1","4","0","","","","","","","","","","","","","","","","","","","","","","","","","","","0"
"29","Arizona","10/30/10","87","MILLER","TERRENCE","","","","","","","","","","","","0","0","1","16","0","","","","","","","","","","","","","","","","","","","","","","","","","","","0"
"29","Arizona","11/06/10","87","MILLER","TERRENCE","","","","","","","","","","","","0","0","3","26","0","","","","","","","","","","","","","","","","","","","","","","","","","","","0"
"29","Arizona","11/13/10","87","MILLER","TERRENCE","2","14","1","13","0","","","","","","","2","13","7","116","0","","","","","","","","","","","","","","","","","","","","","","","","","","","0"
"29","Arizona","11/26/10","87","MILLER","TERRENCE","","","","","","","","","","","","0","0","8","96","0","","","","","","","","","","","","","","","","","","","","","","","","","","","0"
"29","Arizona","12/02/10","87","MILLER","TERRENCE","","","","","","","","","","","","0","0","5","74","0","","","","","","","","","","","","","","","","","","","","","","","","","","","0"
"29","Arizona","12/29/10","87","MILLER","TERRENCE","","","","","","","","","","","","0","0","2","5","0","","","","","","","","","","","","","","","","","","","","","","","","","","","0"
"29","Arizona","09/11/10","1D","MORRISON","RICHARD","","","","","","","","","","","","0","0","2","21","0","","","","","","","","","","","","","","","","","","","","","","","","","","","0"
"29","Arizona","09/25/10","1D","MORRISON","RICHARD","1","0","0","0","0","","","","","","","1","0","1","6","0","","","","","","","","","","","","","","","","","","","","","","","","","","","0"
"29","Arizona","10/09/10","1D","MORRISON","RICHARD","","","","","","","","","","","","0","0","2","17","0","","","","","","","","","","","","","","","","","","","","","","","","","","","0"
"29","Arizona","10/16/10","1D","MORRISON","RICHARD","","","","","","","","","","","","0","0","2","26","0","","","","","","","","","","","","","","","","","","","","","","","","","","","0"
"29","Arizona","11/13/10","1D","MORRISON","RICHARD","","","","","","","","","","","","0","0","4","38","0","","","","","","","","","","","","","","","","","","","","","","","","","","","0"
"29","Arizona","12/02/10","1D","MORRISON","RICHARD","","","","","","","","","","","","0","0","2","14","0","","","","","","","","","","","","","","","","","","","","","","","","","","","0"
"29","Arizona","12/29/10","1D","MORRISON","RICHARD","","","","","","","","","","","","0","0","6","66","0","","","","","","","","","","","","","","","","","","","","","","","","","","","0"
"29","Arizona","09/03/10","34","NWOKO","GREG","5","29","0","29","0","","","","","","","5","29","","","","","","","","","","","","","","","","","","","","","","","","","","","","","","0"
"29","Arizona","09/11/10","34","NWOKO","GREG","7","72","0","72","2","","","","","","","7","72","","","","","","","","","","","","","","","","","","2","","","","","","","","","","","","12"
"29","Arizona","09/18/10","34","NWOKO","GREG","5","27","2","25","0","","","","","","","5","25","2","9","0","","","","","","","","","","","","","","","","","","","","","","","","","","","0"
"29","Arizona","09/25/10","34","NWOKO","GREG","3","5","2","3","0","","","","","","","3","3","","","","","","","","","","","","","","","","","","","","","","","","","","","","","","0"
"29","Arizona","10/09/10","34","NWOKO","GREG","1","3","0","3","0","","","","","","","1","3","","","","","","","","","","","","","","","1","17","0","","","","","","","","","","","","","0"
"29","Arizona","10/23/10","34","NWOKO","GREG","2","5","0","5","0","","","","","","","2","5","","","","","","","","","","","","","","","","","","","","","","","","","","","","","","0"
"29","Arizona","10/30/10","34","NWOKO","GREG","9","25","0","25","1","","","","","","","9","25","1","14","0","","","","","","","","","","","","","","","1","","","","","","","","","","","","6"
"29","Arizona","11/06/10","34","NWOKO","GREG","8","52","3","49","0","","","","","","","8","49","","","","","","","","","","","","","","","","","","","","","","","","","","","","","","0"
"29","Arizona","11/13/10","34","NWOKO","GREG","3","12","0","12","0","","","","","","","3","12","","","","","","","","","","","","","","","","","","","","","","","","","","","","","","0"
"29","Arizona","11/26/10","34","NWOKO","GREG","","","","","","","","","","","","0","0","1","5","0","","","","","","","","","","","","","","","","","","","","","","","","","","","0"
"29","Arizona","12/02/10","34","NWOKO","GREG","3","11","0","11","0","","","","","","","3","11","","","","","","","","","","","","","","","","","","","","","","","","","","","","","","0"
"29","Arizona","12/29/10","34","NWOKO","GREG","11","36","0","36","0","","","","","","","11","36","2","11","0","","","","","","","","","","","","","","","","","","","","","","","","","","","0"
"29","Arizona","09/25/10","9","PERKINS","JOE","","","","","","","","","","","","0","0","","","","1","20","0","","","","","","","","","","","","","","","","","","","","","","","","0"
"29","Arizona","10/09/10","9","PERKINS","JOE","","","","","","","","","","","","0","0","","","","1","2","0","","","","","","","","","","","","","","","","","","","","","","","","0"
"29","Arizona","10/16/10","5D","RICHARDSON","SHAQUILLE","","","","","","","","","","","","0","0","","","","2","0","0","","","","","","","","","","","","","","","","","","","","","","","","0"
"29","Arizona","09/03/10","81","ROBERTS","DAVID","","","","","","","","","","","","0","0","4","36","0","","","","","","","","","","","","","","","","","","","","","","","","","","","0"
"29","Arizona","09/11/10","81","ROBERTS","DAVID","","","","","","","","","","","","0","0","2","27","0","","","","","","","","","","","","","","","","","","","","","","","","","","","0"
"29","Arizona","09/18/10","81","ROBERTS","DAVID","","","","","","","","","","","","0","0","1","38","0","","","","","","","","","1","11","0","","","","","","","","","","","","","","","","0"
"29","Arizona","09/25/10","81","ROBERTS","DAVID","","","","","","","","","","","","0","0","3","22","0","","","","","","","","","","","","","","","","","","","","","","","","","","","0"
"29","Arizona","10/09/10","81","ROBERTS","DAVID","","","","","","","","","","","","0","0","4","24","0","","","","","","","","","","","","","","","","","","","","","","","","","","","0"
"29","Arizona","10/16/10","81","ROBERTS","DAVID","","","","","","","","","","","","0","0","3","26","0","","","","","","","","","","","","","","","","","","","","","","","","","","","0"
"29","Arizona","10/23/10","81","ROBERTS","DAVID","","","","","","","","","","","","0","0","3","43","1","","","","","","","","","","","","","","","1","","","","","","","","","","","","6"
"29","Arizona","10/30/10","81","ROBERTS","DAVID","","","","","","","","","","","","0","0","6","90","0","","","","","","","","","","","","","","","","","","","","","","","","","","","0"
"29","Arizona","11/06/10","81","ROBERTS","DAVID","","","","","","","","","","","","0","0","7","59","0","","","","","","","","","","","","","","","","","","","","","","","","","","","0"
"29","Arizona","11/26/10","81","ROBERTS","DAVID","","","","","","","","","","","","0","0","5","64","1","","","","","","","","","","","","","","","1","","","","","","","","","","","","6"
"29","Arizona","12/02/10","81","ROBERTS","DAVID","1","9","0","9","0","","","","","","","1","9","4","39","0","","","","","","","","","","","","","","","","","","","","","","","","","","","0"
"29","Arizona","12/29/10","81","ROBERTS","DAVID","","","","","","","","","","","","0","0","2","19","0","","","","","","","","","","","","","","","","","","","","","","","","","","","0"
"29","Arizona","09/03/10","4","SCOTT","MATT","1","2","0","2","0","7","5","0","53","1","","8","55","","","","","","","","","","","","","","","","","","","","","","","","","","","","","","0"
"29","Arizona","09/11/10","4","SCOTT","MATT","3","1","7","-6","0","6","3","0","28","0","","9","22","","","","","","","","","","","","","","","","","","","","","","","","","","","","","","0"
"29","Arizona","10/16/10","4","SCOTT","MATT","9","29","36","-7","0","20","14","1","139","0","","29","132","","","","","","","","","","","","","","","","","","","","","","","","","","","","","","0"
"29","Arizona","10/23/10","4","SCOTT","MATT","7","69","4","65","0","22","18","0","233","2","","29","298","","","","","","","","","","","","","","","","","","","","","","","","","","","","","","0"
"29","Arizona","10/30/10","4","SCOTT","MATT","12","77","6","71","0","36","24","1","319","1","","48","390","","","","","","","","","","","","","","","","","","","","","","","","","","","","","","0"
"29","Arizona","12/02/10","4","SCOTT","MATT","3","10","0","10","0","2","2","0","4","0","","5","14","","","","","","","","","","","","","","","","","","","","","","","","","","","","","","0"
"29","Arizona","09/03/10","88","SIMMONS","A.J.","","","","","","","","","","","","0","0","1","31","0","","","","","","","","","","","","","","","","","","","","","","","","","","","0"
"29","Arizona","09/18/10","88","SIMMONS","A.J.","","","","","","","","","","","","0","0","2","14","0","","","","","","","","","","","","","","","","","","","","","","","","","","","0"
"29","Arizona","10/09/10","88","SIMMONS","A.J.","","","","","","","","","","","","0","0","1","9","0","","","","","","","","","","","","","","","","","","","","","","","","","","","0"
"29","Arizona","10/16/10","88","SIMMONS","A.J.","","","","","","","","","","","","0","0","1","7","0","","","","","","","","","","","","","","","","","","","","","","","","","","","0"
"29","Arizona","10/30/10","88","SIMMONS","A.J.","","","","","","","","","","","","0","0","1","16","0","","","","","","","","","","","","","","","","","","","","","","","","","","","0"
"29","Arizona","11/13/10","88","SIMMONS","A.J.","","","","","","","","","","","","0","0","1","11","0","","","","","","","","","","","","","","","","","","","","","","","","","","","0"
"29","Arizona","12/02/10","88","SIMMONS","A.J.","","","","","","","","","","","","0","0","1","4","0","","","","","","","","","","","","","","","","","","","","","","","","","","","0"
"29","Arizona","11/26/10","2D","TURNER","MICHAEL","","","","","","","","","","","","0","0","","","","","","","","","","","","","","","7","89","0","","","","","","","","","","","","","0"
"29","Arizona","09/18/10","31","TUTOGI","TAIMI","","","","","","","","","","","","0","0","1","8","0","","","","","","","","","","","","","","","","","","","","","","","","","","","0"
"29","Arizona","10/16/10","31","TUTOGI","TAIMI","","","","","","","","","","","","0","0","2","34","0","","","","","","","","","","","","","","","","","","","","","","","","","","","0"
"29","Arizona","10/23/10","31","TUTOGI","TAIMI","","","","","","","","","","","","0","0","1","14","0","","","","","","","","","","","","","","","","","","","","","","","","","","","0"
"29","Arizona","11/06/10","31","TUTOGI","TAIMI","1","0","1","-1","0","","","","","","","1","-1","1","7","0","","","","","","","","","","","","","","","","","","","","","","","","","","","0"
"29","Arizona","09/18/10","24","WADE","TREVIN","","","","","","","","","","","","0","0","","","","1","85","1","","","","","","","","","","","","1","","","","","","","","","","","","6"
"29","Arizona","09/03/10","19","WRIGHT","WILLIAM","","","","","","","","","","","","0","0","3","35","0","","","","","","","","","3","47","0","","","","","","","","","","","","","","","","0"
"29","Arizona","09/11/10","19","WRIGHT","WILLIAM","","","","","","","","","","","","0","0","3","29","1","","","","","","","","","3","8","0","","","","1","","","","","","","","","","","","6"
"29","Arizona","09/18/10","19","WRIGHT","WILLIAM","","","","","","","","","","","","0","0","5","67","1","","","","","","","","","4","11","0","","","","1","","","","","","","","","","","","6"
"29","Arizona","09/25/10","19","WRIGHT","WILLIAM","2","31","0","31","0","","","","","","","2","31","3","20","0","","","","","","","","","","","","3","86","0","","","","","","","","","","","","","0"
"29","Arizona","10/09/10","19","WRIGHT","WILLIAM","","","","","","","","","","","","0","0","4","64","0","","","","","","","","","","","","","","","","","","","","","","","","","","","0"
"29","Arizona","10/23/10","19","WRIGHT","WILLIAM","","","","","","","","","","","","0","0","3","47","0","","","","","","","","","3","8","0","","","","","","","","","","","","","","","","0"
"29","Arizona","10/30/10","19","WRIGHT","WILLIAM","","","","","","","","","","","","0","0","4","32","0","","","","","","","","","1","11","0","","","","","","","","","","","","","","","","0"
"29","Arizona","12/29/10","19","WRIGHT","WILLIAM","","","","","","","","","","","","0","0","","","","","","","","","","","","1","1","0","","","","","","","","","","","","","","","","0"
"29","Arizona","09/03/10","14","ZENDEJAS","ALEX","","","","","","","","","","","","0","0","","","","","","","","","","","","","","","","","","","5","5","0","0","","","","","","","","5"
"29","Arizona","09/11/10","14","ZENDEJAS","ALEX","","","","","","","","","","","","0","0","","","","","","","","","","","","","","","","","","","7","7","0","0","","","","","1","1","","10"
"29","Arizona","09/18/10","14","ZENDEJAS","ALEX","","","","","","","","","","","","0","0","","","","","","","","","","","","","","","","","","","4","4","0","0","","","","","2","2","","10"
"29","Arizona","09/25/10","14","ZENDEJAS","ALEX","","","","","","","","","","","","0","0","","","","","","","","","","","","","","","","","","","1","1","0","0","","","","","2","1","","4"
"29","Arizona","10/09/10","14","ZENDEJAS","ALEX","","","","","","","","","","","","0","0","","","","","","","","","","","","","","","","","","","4","3","0","0","","","","","1","0","","3"
"29","Arizona","10/16/10","14","ZENDEJAS","ALEX","","","","","","","","","","","","0","0","","","","","","","","","","","","","","","","","","","3","3","0","0","","","","","1","1","","6"
"29","Arizona","10/23/10","14","ZENDEJAS","ALEX","","","","","","","","","","","","0","0","","","","","","","","","","","","","","","","","","","6","5","0","0","","","","","1","1","","8"
"29","Arizona","10/30/10","14","ZENDEJAS","ALEX","","","","","","","","","","","","0","0","","","","","","","","","","","","","","","","","","","3","2","0","0","","","","","3","3","","11"
"29","Arizona","11/06/10","14","ZENDEJAS","ALEX","","","","","","","","","","","","0","0","","","","","","","","","","","","","","","","","","","2","2","0","0","","","","","1","1","","5"
"29","Arizona","11/13/10","14","ZENDEJAS","ALEX","","","","","","","","","","","","0","0","","","","","","","","","","2","65","","","","","","","","3","3","0","0","","","","","1","0","","3"
"29","Arizona","11/26/10","14","ZENDEJAS","ALEX","","","","","","","","","","","","0","0","","","","","","","","","","1","40","","","","","","","","3","3","0","0","","","","","2","2","","9"
"29","Arizona","12/02/10","14","ZENDEJAS","ALEX","","","","","","","","","","","","0","0","","","","","","","","","","2","43","","","","","","","","4","2","0","0","","","","","1","1","","5"
"29","Arizona","12/29/10","14","ZENDEJAS","ALEX","","","","","","","","","","","","0","0","","","","","","","","","","","","","","","","","","","1","1","0","0","","","","","3","1","","4"
"28","Arizona St.","10/23/10","18","AARON","OLIVER","","","","","","","","","","","","0","0","","","","","","","","","","","","0","1","1","","","","1","","","","","","","","","","","","6"
"28","Arizona St.","09/04/10","30","ANDERSON","DERRALL","","","","","","","","","","","","0","0","","","","","","","","","","","","1","5","0","","","","","","","","","","","","","","","","0"
"28","Arizona St.","09/18/10","13","BELL","GEORGE","","","","","","","","","","","","0","0","3","31","0","","","","","","","","","","","","","","","","","","","","","","","","","","","0"
"28","Arizona St.","09/25/10","13","BELL","GEORGE","","","","","","","","","","","","0","0","4","41","0","","","","","","","","","","","","","","","","","","","","","","","","","","","0"
"28","Arizona St.","12/02/10","13","BELL","GEORGE","","","","","","","","","","","","0","0","2","12","0","","","","","","","","","","","","","","","","","","","","","","","","","","","0"
"28","Arizona St.","09/18/10","3","BOLDEN","OMAR","","","","","","","","","","","","0","0","","","","","","","","","","","","","","","2","120","1","1","","","","","","","","","","","","6"
"28","Arizona St.","09/25/10","3","BOLDEN","OMAR","","","","","","","","","","","","0","0","","","","1","19","0","","","","","","","","","2","35","0","","","","","","","","","","","","","0"
"28","Arizona St.","10/02/10","3","BOLDEN","OMAR","","","","","","","","","","","","0","0","","","","","","","","","","","","","","","2","36","0","","","","","","","","","","","","","0"
"28","Arizona St.","10/09/10","3","BOLDEN","OMAR","","","","","","","","","","","","0","0","","","","1","0","0","","","","","","","","","","","","","","","","","","","","","","","","0"
"28","Arizona St.","10/23/10","3","BOLDEN","OMAR","","","","","","","","","","","","0","0","","","","","","","","","","","","","","","1","16","0","","","","","","","","","","","","","0"
"28","Arizona St.","11/06/10","3","BOLDEN","OMAR","","","","","","","","","","","","0","0","","","","1","66","1","","","","","","1","0","0","1","27","0","1","","","","","","","","","","","","6"
"28","Arizona St.","11/13/10","3","BOLDEN","OMAR","","","","","","","","","","","","0","0","","","","","","","","","","","","","","","1","28","0","","","","","","","","","","","","","0"
"28","Arizona St.","11/26/10","3","BOLDEN","OMAR","","","","","","","","","","","","0","0","","","","","","","","","","","","","","","1","32","0","","","","","","","","","","","","","0"
"28","Arizona St.","12/02/10","3","BOLDEN","OMAR","","","","","","","","","","","","0","0","","","","","","","","","","","","","","","1","27","0","","","","","","","","","","","","","0"
"28","Arizona St.","10/02/10","37","CALLAGHAN","MIKE","","","","","","","","","","","","0","0","","","","","","","","","","","","1","19","0","","","","","","","","","","","","","","","","0"
"28","Arizona St.","09/11/10","0B","CARR","DEVERON","","","","","","","","","","","","0","0","","","","1","0","0","","","","","","","","","","","","","","","","","","","","","","","","0"
"28","Arizona St.","10/02/10","87","COYLE","CHRISTOPHER","","","","","","","","","","","","0","0","","","","","","","","","","","","","","","1","6","0","","","","","","","","","","","","","0"
"28","Arizona St.","10/23/10","87","COYLE","CHRISTOPHER","","","","","","","","","","","","0","0","","","","","","","","","","","","","","","1","6","0","","","","","","","","","","","","","0"
"28","Arizona St.","11/13/10","0D","DARBY","ALDEN","","","","","","","","","","","","0","0","","","","","","","","","","","","","","","1","25","0","","","","","","","","","","","","","0"
"28","Arizona St.","09/04/10","2","ELDER","EDDIE","","","","","","","","","","","","0","0","","","","1","0","0","","","","","","","","","","","","","","","","","","","","","","","","0"
"28","Arizona St.","11/13/10","2","ELDER","EDDIE","","","","","","","","","","","","0","0","","","","1","30","0","","","","","","","","","","","","","","","","","","","","","","","","0"
"28","Arizona St.","10/23/10","9","FLOYD","CLINT","","","","","","","","","","","","0","0","","","","","","","1","25","1","","","","","","","","","1","","","","","","","","","","","","6"
"28","Arizona St.","11/06/10","9","FLOYD","CLINT","","","","","","","","","","","","0","0","","","","1","0","0","","","","","","","","","","","","","","","","","","","","","","","","0"
"28","Arizona St.","09/11/10","52","GERHART","GARTH","","","","","","","","","","","","0","0","1","1","0","","","","","","","","","","","","","","","","","","","","","","","","","","","0"
"28","Arizona St.","09/04/10","38","HANKINS","TREVOR","","","","","","","","","","","","0","0","","","","","","","","","","1","55","","","","","","","","","","","","","","","","","","","0"
"28","Arizona St.","09/11/10","38","HANKINS","TREVOR","","","","","","","","","","","","0","0","","","","","","","","","","4","211","","","","","","","","","","","","","","","","","","","0"
"28","Arizona St.","09/18/10","38","HANKINS","TREVOR","","","","","","","","","","","","0","0","","","","","","","","","","4","209","","","","","","","","","","","","","","","","","","","0"
"28","Arizona St.","09/25/10","38","HANKINS","TREVOR","","","","","","","","","","","","0","0","","","","","","","","","","6","291","","","","","","","","","","","","","","","","","","","0"
"28","Arizona St.","10/02/10","38","HANKINS","TREVOR","","","","","","","","","","","","0","0","","","","","","","","","","4","198","","","","","","","","","","","","","","","","","","","0"
"28","Arizona St.","10/09/10","38","HANKINS","TREVOR","","","","","","","","","","","","0","0","","","","","","","","","","3","103","","","","","","","","","","","","","","","","","","","0"
"28","Arizona St.","10/23/10","38","HANKINS","TREVOR","","","","","","","","","","","","0","0","","","","","","","","","","8","371","","","","","","","","","","","","","","","","","","","0"
"28","Arizona St.","10/30/10","38","HANKINS","TREVOR","","","","","","","","","","","","0","0","","","","","","","","","","4","163","","","","","","","","","","","","","","","","","","","0"
"28","Arizona St.","11/13/10","38","HANKINS","TREVOR","","","","","","","","","","","","0","0","","","","","","","","","","7","265","","","","","","","","","","","","","","","","","","","0"
"28","Arizona St.","11/26/10","38","HANKINS","TREVOR","","","","","","","","","","","","0","0","","","","","","","","","","4","211","","","","","","","","","","","","","","","","","","","0"
"28","Arizona St.","12/02/10","38","HANKINS","TREVOR","","","","","","","","","","","","0","0","","","","","","","","","","9","329","","","","","","","","","","","","","","","","","","","0"
"28","Arizona St.","09/04/10","19","IRABOR","OSAHON","","","","","","","","","","","","0","0","","","","1","0","0","","","","","","","","","","","","","","","","","","","","","","","","0"
"28","Arizona St.","10/23/10","19","IRABOR","OSAHON","","","","","","","","","","","","0","0","","","","","","","","","","","","","","","","","","","","","0","0","1","0","","","","","","0"
"28","Arizona St.","10/30/10","1A","JOHNSON","KEELAN","","","","","","","","","","","","0","0","","","","1","0","0","","","","","","","","","","","","","","","","","","","","","","","","0"
"28","Arizona St.","09/04/10","45","KOHL","TREVOR","","","","","","","","","","","","0","0","1","15","0","","","","","","","","","","","","","","","","","","","","","","","","","","","0"
"28","Arizona St.","10/09/10","45","KOHL","TREVOR","","","","","","","","","","","","0","0","1","15","0","","","","","","","","","","","","","","","","","","","","","","","","","","","0"
"28","Arizona St.","09/04/10","25","LEWIS","DEANTRE","5","24","0","24","1","","","","","","","5","24","3","100","2","","","","","","","","","","","","","","","3","","","","","","","","","","","","18"
"28","Arizona St.","09/11/10","25","LEWIS","DEANTRE","4","5","0","5","0","","","","","","","4","5","1","4","0","","","","","","","","","","","","","","","","","","","","","","","","","","","0"
"28","Arizona St.","09/18/10","25","LEWIS","DEANTRE","9","125","3","122","0","","","","","","","9","122","","","","","","","","","","","","","","","","","","","","","","","","","","","","","","0"
"28","Arizona St.","09/25/10","25","LEWIS","DEANTRE","11","127","0","127","1","","","","","","","11","127","5","65","0","","","","","","","","","","","","","","","1","","","","","","","","","","","","6"
"28","Arizona St.","10/02/10","25","LEWIS","DEANTRE","20","105","1","104","1","","","","","","","20","104","1","12","0","","","","","","","","","","","","","","","1","","","","","","","","","","","","6"
"28","Arizona St.","10/09/10","25","LEWIS","DEANTRE","5","16","0","16","0","","","","","","","5","16","3","53","0","","","","","","","","","","","","","","","","","","","","","","","","","","","0"
"28","Arizona St.","10/23/10","25","LEWIS","DEANTRE","8","23","0","23","0","","","","","","","8","23","1","3","0","","","","","","","","","","","","1","32","0","","","","","","","","","","","","","0"
"28","Arizona St.","10/30/10","25","LEWIS","DEANTRE","9","41","1","40","1","","","","","","","9","40","2","29","0","","","","","","","","","","","","","","","1","","","","","","","","","","","","6"
"28","Arizona St.","11/06/10","25","LEWIS","DEANTRE","12","56","1","55","0","","","","","","","12","55","1","-1","0","","","","","","","","","","","","","","","","","","","","","","","","","","","0"
"28","Arizona St.","11/13/10","25","LEWIS","DEANTRE","4","5","0","5","0","","","","","","","4","5","","","","","","","","","","","","","","","","","","","","","","","","","","","","","","0"
"28","Arizona St.","11/26/10","25","LEWIS","DEANTRE","5","25","7","18","0","","","","","","","5","18","6","105","0","","","","","","","","","","","","2","46","0","","","","","","","","","","","","","0"
"28","Arizona St.","09/04/10","0F","LEWIS","LEQUAN","","","","","","","","","","","","0","0","","","","","","","","","","","","","","","1","43","0","","","","","","","","","","","","","0"
"28","Arizona St.","09/11/10","0F","LEWIS","LEQUAN","","","","","","","","","","","","0","0","","","","","","","","","","","","","","","1","28","0","","","","","","","","","","","","","0"
"28","Arizona St.","09/18/10","0F","LEWIS","LEQUAN","","","","","","","","","","","","0","0","","","","","","","","","","","","","","","1","21","0","","","","","","","","","","","","","0"
"28","Arizona St.","09/25/10","0F","LEWIS","LEQUAN","","","","","","","","","","","","0","0","","","","","","","","","","","","","","","2","58","0","","","","","","","","","","","","","0"
"28","Arizona St.","10/02/10","0F","LEWIS","LEQUAN","","","","","","","","","","","","0","0","","","","","","","","","","","","","","","2","41","0","","","","","","","","","","","","","0"
"28","Arizona St.","10/09/10","0F","LEWIS","LEQUAN","","","","","","","","","","","","0","0","","","","","","","","","","","","","","","1","19","0","","","","","","","","","","","","","0"
"28","Arizona St.","10/23/10","0F","LEWIS","LEQUAN","","","","","","","","","","","","0","0","","","","","","","","","","","","","","","3","46","0","","","","","","","","","","","","","0"
"28","Arizona St.","10/30/10","0F","LEWIS","LEQUAN","","","","","","","","","","","","0","0","","","","1","0","0","","","","","","","","","","","","","","","","","","","","","","","","0"
"28","Arizona St.","11/06/10","0F","LEWIS","LEQUAN","","","","","","","","","","","","0","0","","","","","","","","","","","","","","","1","100","1","1","","","","","","","","","","","","6"
"28","Arizona St.","11/13/10","0F","LEWIS","LEQUAN","","","","","","","","","","","","0","0","","","","","","","","","","","","","","","1","26","0","","","","","","","","","","","","","0"
"28","Arizona St.","11/26/10","0F","LEWIS","LEQUAN","","","","","","","","","","","","0","0","","","","","","","","","","","","","","","1","29","0","","","","","","","","","","","","","0"
"28","Arizona St.","12/02/10","0F","LEWIS","LEQUAN","","","","","","","","","","","","0","0","","","","","","","","","","","","","","","1","17","0","","","","","","","","","","","","","0"
"28","Arizona St.","09/04/10","26","MARSHALL","CAMERON","4","104","0","104","3","","","","","","","4","104","1","13","0","","","","","","","","","","","","","","","3","","","","","","","","","","","","18"
"28","Arizona St.","09/11/10","26","MARSHALL","CAMERON","10","30","2","28","1","","","","","","","10","28","2","25","0","","","","","","","","","","","","","","","1","","","","","","","","","","","","6"
"28","Arizona St.","09/18/10","26","MARSHALL","CAMERON","12","37","2","35","1","","","","","","","12","35","2","24","0","","","","","","","","","","","","","","","1","","","","","","","","","","","","6"
"28","Arizona St.","09/25/10","26","MARSHALL","CAMERON","18","88","9","79","0","","","","","","","18","79","","","","","","","","","","","","","","","","","","","","","","","","","","","","","","0"
"28","Arizona St.","10/02/10","26","MARSHALL","CAMERON","14","70","0","70","1","","","","","","","14","70","","","","","","","","","","","","","","","","","","1","","","0","0","","","","","","","","6"
"28","Arizona St.","10/09/10","26","MARSHALL","CAMERON","12","45","4","41","0","","","","","","","12","41","","","","","","","","","","","","","","","","","","","","","","","","","","","","","","0"
"28","Arizona St.","10/23/10","26","MARSHALL","CAMERON","10","31","2","29","0","","","","","","","10","29","1","12","0","","","","","","","","","","","","","","","","","","","","","","","","","","","0"
"28","Arizona St.","10/30/10","26","MARSHALL","CAMERON","9","43","0","43","1","","","","","","","9","43","3","19","1","","","","","","","","","","","","","","","2","","","","","","","","","","","","12"
"28","Arizona St.","11/06/10","26","MARSHALL","CAMERON","9","57","1","56","0","","","","","","","9","56","3","45","0","","","","","","","","","","","","","","","","","","","","","","","","","","","0"
"28","Arizona St.","11/13/10","26","MARSHALL","CAMERON","12","94","2","92","0","","","","","","","12","92","2","33","0","","","","","","","","","","","","","","","","","","","","","","","","","","","0"
"28","Arizona St.","11/26/10","26","MARSHALL","CAMERON","17","148","1","147","1","","","","","","","17","147","3","14","0","","","","","","","","","","","","","","","1","","","","","","","","","","","","6"
"28","Arizona St.","12/02/10","26","MARSHALL","CAMERON","23","66","3","63","1","","","","","","","23","63","4","42","0","","","","","","","","","","","","","","","1","","","","","","","","","","","","6"
"28","Arizona St.","09/04/10","0H","MIDDLEBROOKS","KYLE","1","2","0","2","0","","","","","","","1","2","3","5","0","","","","","","","","","","","","1","13","0","","","","","","","","","","","","","0"
"28","Arizona St.","09/11/10","0H","MIDDLEBROOKS","KYLE","1","0","5","-5","0","","","","","","","1","-5","","","","","","","","","","","","","","","2","62","0","","","","","","","","","","","","","0"
"28","Arizona St.","09/18/10","0H","MIDDLEBROOKS","KYLE","","","","","","","","","","","","0","0","","","","","","","","","","","","","","","2","120","0","","","","","","","","","","","","","0"
"28","Arizona St.","09/25/10","0H","MIDDLEBROOKS","KYLE","","","","","","","","","","","","0","0","","","","","","","","","","","","","","","2","49","0","","","","","","","","","","","","","0"
"28","Arizona St.","10/02/10","0H","MIDDLEBROOKS","KYLE","","","","","","","","","","","","0","0","","","","","","","","","","","","","","","1","24","0","","","","","","","","","","","","","0"
"28","Arizona St.","10/09/10","0H","MIDDLEBROOKS","KYLE","7","58","0","58","0","","","","","","","7","58","2","14","0","","","","","","","","","","","","2","39","0","","","","","","","","","","","","","0"
"28","Arizona St.","10/23/10","0H","MIDDLEBROOKS","KYLE","2","1","1","0","0","","","","","","","2","0","2","11","0","","","","","","","","","","","","3","63","0","","","","","","","","","","","","","0"
"28","Arizona St.","10/30/10","0H","MIDDLEBROOKS","KYLE","3","15","0","15","1","","","","","","","3","15","4","49","0","","","","","","","","","","","","","","","1","","","","","","","","","","","","6"
"28","Arizona St.","11/06/10","0H","MIDDLEBROOKS","KYLE","","","","","","","","","","","","0","0","","","","","","","","","","","","","","","3","53","0","","","","","","","","","","","","","0"
"28","Arizona St.","11/26/10","0H","MIDDLEBROOKS","KYLE","3","12","0","12","0","","","","","","","3","12","","","","","","","","","","","","","","","","","","","","","","","","","","","","","","0"
"28","Arizona St.","12/02/10","0H","MIDDLEBROOKS","KYLE","","","","","","","","","","","","0","0","2","7","0","","","","","","","","","","","","","","","","","","","","","","","","","","","0"
"28","Arizona St.","09/04/10","32","MILES","JAMAL","7","32","0","32","1","","","","","","","7","32","2","43","0","","","","","","","","","1","10","0","1","9","0","1","","","","","","","","","","","","6"
"28","Arizona St.","09/11/10","32","MILES","JAMAL","4","15","0","15","1","","","","","","","4","15","4","19","1","","","","","","","","","5","105","0","","","","2","","","","","","","","","","","","12"
"28","Arizona St.","09/18/10","32","MILES","JAMAL","2","10","0","10","0","","","","","","","2","10","2","7","0","","","","","","","","","3","27","0","","","","","","","","","","","","","","","","0"
"28","Arizona St.","09/25/10","32","MILES","JAMAL","7","9","11","-2","0","","","","","","","7","-2","2","5","0","","","","","","","","","3","3","0","","","","","","","","","","","","","","","","0"
"28","Arizona St.","10/02/10","32","MILES","JAMAL","4","10","3","7","0","","","","","","","4","7","2","11","0","","","","","","","","","4","24","0","","","","","","","","","","","","","","","","0"
"28","Arizona St.","10/09/10","32","MILES","JAMAL","","","","","","","","","","","","0","0","1","5","0","","","","","","","","","2","30","0","","","","","","","","","","","","","","","","0"
"28","Arizona St.","10/23/10","32","MILES","JAMAL","","","","","","","","","","","","0","0","","","","","","","","","","","","1","3","0","","","","","","","","","","","","","","","","0"
"28","Arizona St.","10/30/10","32","MILES","JAMAL","1","0","8","-8","0","","","","","","","1","-8","4","46","2","","","","","","","","","3","22","0","","","","2","","","","","","","","","","","","12"
"28","Arizona St.","11/06/10","32","MILES","JAMAL","","","","","","1","1","0","54","0","","1","54","2","17","1","","","","","","","","","","","","","","","1","","","","","","","","","","","","6"
"28","Arizona St.","11/13/10","32","MILES","JAMAL","2","9","0","9","0","","","","","","","2","9","1","10","0","","","","","","","","","2","3","0","","","","","","","","","","","","","","","","0"
"28","Arizona St.","11/26/10","32","MILES","JAMAL","","","","","","","","","","","","0","0","3","20","0","","","","","","","","","4","16","0","1","99","1","1","","","","","","","","","","","","6"
"28","Arizona St.","12/02/10","32","MILES","JAMAL","","","","","","","","","","","","0","0","2","20","0","","","","","","","","","1","5","0","1","10","0","","","","","","","","","","","","","0"
"28","Arizona St.","09/04/10","22","MORRISON","JAMES","8","38","1","37","0","","","","","","","8","37","1","22","0","","","","","","","","","","","","","","","","","","","","","","","","","","","0"
"28","Arizona St.","09/11/10","22","MORRISON","JAMES","5","12","0","12","0","","","","","","","5","12","1","3","0","","","","","","","","","","","","","","","","","","","","","","","","","","","0"
"28","Arizona St.","10/23/10","22","MORRISON","JAMES","1","6","0","6","0","","","","","","","1","6","","","","","","","","","","","","","","","","","","","","","","","","","","","","","","0"
"28","Arizona St.","10/30/10","22","MORRISON","JAMES","4","11","0","11","0","","","","","","","4","11","1","9","0","","","","","","","","","","","","","","","","","","","","","","","","","","","0"
"28","Arizona St.","09/04/10","17","OSWEILER","BROCK","6","29","9","20","0","10","6","0","72","0","","16","92","","","","","","","","","","","","","","","","","","","","","","","","","","","","","","0"
"28","Arizona St.","09/11/10","17","OSWEILER","BROCK","3","10","0","10","0","3","1","0","3","0","","6","13","","","","","","","","","","","","","","","","","","","","","","","","","","","","","","0"
"28","Arizona St.","10/30/10","17","OSWEILER","BROCK","4","13","10","3","0","11","6","0","75","0","","15","78","","","","","","","","","","","","","","","","","","","","","","","","","","","","","","0"
"28","Arizona St.","11/26/10","17","OSWEILER","BROCK","6","35","0","35","1","36","27","0","380","4","","42","415","","","","","","","","","","","","","","","","","","1","","","","","","","","","","","","6"
"28","Arizona St.","12/02/10","17","OSWEILER","BROCK","19","81","25","56","0","49","22","0","267","1","1","68","323","","","","","","","","","","","","","","","","","","","","","1","1","","","","","","","","2"
"28","Arizona St.","10/23/10","21","PARKER","COLIN","","","","","","","","","","","","0","0","","","","","","","","","","","","1","30","0","","","","","","","","","","","","","","","","0"
"28","Arizona St.","09/04/10","4","PFLUGRAD","AARON","","","","","","","","","","","","0","0","4","57","0","","","","","","","","","","","","","","","","","","","","","","","","","","","0"
"28","Arizona St.","09/11/10","4","PFLUGRAD","AARON","","","","","","","","","","","","0","0","8","77","0","","","","","","","","","","","","","","","","","","","","","","","","","","","0"
"28","Arizona St.","09/18/10","4","PFLUGRAD","AARON","","","","","","","","","","","","0","0","3","31","0","","","","","","","","","","","","","","","","","","","","","","","","","","","0"
"28","Arizona St.","09/25/10","4","PFLUGRAD","AARON","","","","","","","","","","","","0","0","3","42","0","","","","","","","","","","","","","","","","","","","","","","","","","","","0"
"28","Arizona St.","10/02/10","4","PFLUGRAD","AARON","","","","","","","","","","","","0","0","1","9","0","","","","","","","","","","","","","","","","","","","","","","","","","","","0"
"28","Arizona St.","10/23/10","4","PFLUGRAD","AARON","","","","","","","","","","","","0","0","1","17","0","","","","","","","","","","","","","","","","","","","","","","","","","","","0"
"28","Arizona St.","10/30/10","4","PFLUGRAD","AARON","","","","","","","","","","","","0","0","3","43","0","","","","","","","","","","","","","","","","","","","","","","","","","","","0"
"28","Arizona St.","11/13/10","4","PFLUGRAD","AARON","","","","","","","","","","","","0","0","2","20","0","","","","","","","","","","","","","","","","","","","","","","","","","","","0"
"28","Arizona St.","11/26/10","4","PFLUGRAD","AARON","","","","","","","","","","","","0","0","4","33","2","","","","","","","","","","","","","","","2","","","","","","","","","","","","12"
"28","Arizona St.","12/02/10","4","PFLUGRAD","AARON","1","3","0","3","0","","","","","","","1","3","","","","","","","","","","","","","","","","","","","","","","","","","","","","","","0"
"28","Arizona St.","10/02/10","0K","PICKENS","A.J.","","","","","","","","","","","","0","0","1","26","0","","","","","","","","","","","","","","","","","","","","","","","","","","","0"
"28","Arizona St.","10/09/10","0K","PICKENS","A.J.","","","","","","","","","","","","0","0","2","31","0","","","","","","","","","","","","","","","","","","","","","","","","","","","0"
"28","Arizona St.","09/25/10","8","ROBINSON","GERELL","","","","","","","","","","","","0","0","7","94","0","","","","","","","","","","","","","","","","","","","","","","","","","","","0"
"28","Arizona St.","10/02/10","8","ROBINSON","GERELL","","","","","","","","","","","","0","0","4","73","1","","","","","","","","","","","","","","","1","","","","","","","","","","","","6"
"28","Arizona St.","10/09/10","8","ROBINSON","GERELL","","","","","","","","","","","","0","0","2","14","1","","","","","","","","","","","","","","","1","","","","","","","","","","","","6"
"28","Arizona St.","10/23/10","8","ROBINSON","GERELL","","","","","","","","","","","","0","0","1","6","0","","","","","","","","","","","","","","","","","","","","","","","","","","","0"
"28","Arizona St.","10/30/10","8","ROBINSON","GERELL","","","","","","","","","","","","0","0","4","43","0","","","","","","","","","","","","","","","","","","","","","","","","","","","0"
"28","Arizona St.","11/06/10","8","ROBINSON","GERELL","","","","","","","","","","","","0","0","2","31","2","","","","","","","","","","","","","","","2","","","","","","","","","","","","12"
"28","Arizona St.","11/13/10","8","ROBINSON","GERELL","","","","","","","","","","","","0","0","1","30","0","","","","","","","","","","","","","","","","","","","","","","","","","","","0"
"28","Arizona St.","11/26/10","8","ROBINSON","GERELL","","","","","","","","","","","","0","0","4","34","1","","","","","","","","","","","","","","","1","","","","","","","","","","","","6"
"28","Arizona St.","12/02/10","8","ROBINSON","GERELL","","","","","","","","","","","","0","0","4","62","0","","","","","","","","","","","","","","","","","","","","","","","","","","","0"
"28","Arizona St.","10/30/10","3F","ROBINSON","R.J.","2","7","0","7","0","","","","","","","2","7","","","","","","","","","","","","","","","","","","","","","","","","","","","","","","0"
"28","Arizona St.","09/11/10","86","SIMPSON","T.J.","","","","","","","","","","","","0","0","3","79","0","","","","","","","","","","","","","","","","","","","","","","","","","","","0"
"28","Arizona St.","09/18/10","86","SIMPSON","T.J.","","","","","","","","","","","","0","0","2","18","0","","","","","","","","","","","","","","","","","","","","","","","","","","","0"
"28","Arizona St.","10/09/10","86","SIMPSON","T.J.","","","","","","","","","","","","0","0","1","7","0","","","","","","","","","","","","","","","","","","","","","","","","","","","0"
"28","Arizona St.","10/23/10","86","SIMPSON","T.J.","","","","","","","","","","","","0","0","5","87","0","","","","","","","","","","","","","","","","","","","","","","","","","","","0"
"28","Arizona St.","10/30/10","86","SIMPSON","T.J.","","","","","","","","","","","","0","0","5","90","0","","","","","","","","","","","","","","","","","","","","","","","","","","","0"
"28","Arizona St.","11/06/10","86","SIMPSON","T.J.","","","","","","","","","","","","0","0","8","95","0","","","","","","","","","","","","","","","","","","","","","","","","","","","0"
"28","Arizona St.","11/13/10","86","SIMPSON","T.J.","","","","","","","","","","","","0","0","4","27","0","","","","","","","","","","","","","","","","","","","","","","","","","","","0"
"28","Arizona St.","11/26/10","86","SIMPSON","T.J.","","","","","","","","","","","","0","0","1","78","0","","","","","","","","","","","","","","","","","","","","","","","","","","","0"
"28","Arizona St.","09/11/10","39","SKORUPKA","RYAN","","","","","","","","","","","","0","0","","","","","","","","","","","","1","6","0","","","","","","","","","","","","","","","","0"
"28","Arizona St.","09/04/10","0C","SMITH","BRANDON","","","","","","","","","","","","0","0","1","9","0","","","","","","","","","","","","","","","","","","","","","","","","","","","0"
"28","Arizona St.","10/23/10","10","SZAKACSY","SAMSON","3","7","8","-1","0","17","8","1","52","0","","20","51","","","","","","","","","","","","","","","","","","","","","","","","","","","","","","0"
"28","Arizona St.","09/04/10","24","TABACH","MAX","","","","","","","","","","","","0","0","","","","1","27","0","","","","","","","","","","","","","","","","","","","","","","","","0"
"28","Arizona St.","11/26/10","24","TABACH","MAX","","","","","","","","","","","","0","0","","","","1","12","0","","","","","","","","","","","","","","","","","","","","","","","","0"
"28","Arizona St.","09/04/10","5","TAYLOR","KERRY","","","","","","","","","","","","0","0","1","37","0","","","","","","","","","","","","","","","","","","","","","","","","","","","0"
"28","Arizona St.","09/11/10","5","TAYLOR","KERRY","","","","","","","","","","","","0","0","6","72","1","","","","","","","","","","","","","","","1","","","","","","","","","","","","6"
"28","Arizona St.","09/18/10","5","TAYLOR","KERRY","","","","","","","","","","","","0","0","6","71","0","","","","","","","","","","","","","","","","","","","","","","","","","","","0"
"28","Arizona St.","09/25/10","5","TAYLOR","KERRY","","","","","","","","","","","","0","0","4","66","1","","","","","","","","","","","","","","","1","","","","","","","","","","","","6"
"28","Arizona St.","10/02/10","5","TAYLOR","KERRY","","","","","","","","","","","","0","0","4","66","0","","","","","","","","","","","","","","","","","","","","","","","","","","","0"
"28","Arizona St.","10/09/10","5","TAYLOR","KERRY","","","","","","","","","","","","0","0","4","53","0","","","","","","","","","","","","","","","","","","","","","","","","","","","0"
"28","Arizona St.","10/23/10","5","TAYLOR","KERRY","","","","","","","","","","","","0","0","3","24","0","","","","","","","","","","","","","","","","","","","","","","","","","","","0"
"28","Arizona St.","10/30/10","5","TAYLOR","KERRY","","","","","","","","","","","","0","0","4","42","0","","","","","","","","","","","","","","","","","","","","","","","","","","","0"
"28","Arizona St.","11/06/10","5","TAYLOR","KERRY","","","","","","","","","","","","0","0","6","64","0","","","","","","","","","","","","","","","","","","","","","","","","","","","0"
"28","Arizona St.","11/13/10","5","TAYLOR","KERRY","","","","","","","","","","","","0","0","4","24","1","","","","","","","","","","","","","","","1","","","","","","","","","","","","6"
"28","Arizona St.","11/26/10","5","TAYLOR","KERRY","","","","","","","","","","","","0","0","6","68","0","","","","","","","","","","","","","","","","","","","","","","","","","","","0"
"28","Arizona St.","12/02/10","5","TAYLOR","KERRY","","","","","","","","","","","","0","0","6","112","0","","","","","","","","","","","","","","","","","","0","0","","","","","","","","0"
"28","Arizona St.","09/04/10","14","THREET","STEVEN","3","24","0","24","0","21","14","1","239","2","","24","263","","","","","","","","","","","","","","","","","","","","","","","","","","","","","","0"
"28","Arizona St.","09/11/10","14","THREET","STEVEN","2","2","11","-9","0","49","33","2","391","3","","51","382","","","","","","","","","","","","","","","","","","","","","","","","","","","","","","0"
"28","Arizona St.","09/18/10","14","THREET","STEVEN","5","16","14","2","0","33","21","0","211","0","","38","213","","","","","","","","","","","","","","","","","","","","","","","","","","","","","","0"
"28","Arizona St.","09/25/10","14","THREET","STEVEN","10","41","35","6","0","53","30","4","387","3","","63","393","","","","","","","","","","","","","","","","","","","","","","","","","","","","","","0"
"28","Arizona St.","10/02/10","14","THREET","STEVEN","13","23","43","-20","0","29","14","3","203","1","1","42","183","","","","","","","","","","","","","","","","","","","","","1","1","","","","","","","","2"
"28","Arizona St.","10/09/10","14","THREET","STEVEN","9","16","16","0","1","34","21","1","288","2","","43","288","","","","","","","","","","","","","","","","","","1","","","","","","","","","","","","6"
"28","Arizona St.","10/23/10","14","THREET","STEVEN","3","9","9","0","0","16","8","2","125","0","","19","125","","","","","","","","","","","","","","","","","","","","","","","","","","","","","","0"
"28","Arizona St.","10/30/10","14","THREET","STEVEN","2","7","0","7","0","32","26","0","300","3","","34","307","","","","","","","","","","","","","","","","","","","","","","","","","","","","","","0"
"28","Arizona St.","11/06/10","14","THREET","STEVEN","7","30","25","5","0","40","24","2","228","3","","47","233","","","","","","","","","","","","","","","","","","","","","1","0","","","","","","","","0"
"28","Arizona St.","11/13/10","14","THREET","STEVEN","4","10","5","5","1","26","16","1","158","1","","30","163","","","","","","","","","","","","","","","","","","1","","","","","","","","","","","","6"
"28","Arizona St.","11/26/10","14","THREET","STEVEN","1","0","1","-1","0","3","1","0","4","0","","4","3","","","","","","","","","","","","","","","","","","","","","","","","","","","","","","0"
"28","Arizona St.","09/04/10","28","WEBER","THOMAS","","","","","","","","","","","","0","0","","","","","","","","","","","","","","","","","","","7","7","0","0","","","","","2","1","","10"
"28","Arizona St.","09/11/10","28","WEBER","THOMAS","","","","","","","","","","","","0","0","","","","","","","","","","","","","","","","","","","5","5","0","0","","","","","2","2","","11"
"28","Arizona St.","09/18/10","28","WEBER","THOMAS","","","","","","","","","","","","0","0","","","","","","","","","","","","","","","","","","","2","1","0","0","","","","","3","2","","7"
"28","Arizona St.","09/25/10","28","WEBER","THOMAS","","","","","","","","","","","","0","0","","","","","","","","","","","","","","","","","","","4","4","0","0","","","","","2","1","","7"
"28","Arizona St.","10/02/10","28","WEBER","THOMAS","","","","","","","","","","","","0","0","","","","","","","","","","","","","","","","","","","2","2","0","0","","","","","2","2","","8"
"28","Arizona St.","10/09/10","28","WEBER","THOMAS","","","","","","","","","","","","0","0","","","","","","","","","","","","","","","","","","","3","3","0","0","","","","","3","1","","6"
"28","Arizona St.","10/23/10","28","WEBER","THOMAS","","","","","","","","","","","","0","0","","","","","","","","","","","","","","","","","","","2","2","0","0","","","","","2","1","","5"
"28","Arizona St.","10/30/10","28","WEBER","THOMAS","","","","","","","","","","","","0","0","","","","","","","","","","","","","","","","","","","6","6","0","0","","","","","","","","6"
"28","Arizona St.","11/06/10","28","WEBER","THOMAS","","","","","","","","","","","","0","0","","","","","","","","","","6","217","","","","","","","","4","3","0","0","","","","","1","0","","3"
"28","Arizona St.","11/13/10","28","WEBER","THOMAS","","","","","","","","","","","","0","0","","","","","","","","","","","","","","","","","","","2","1","0","0","","","","","","","","1"
"28","Arizona St.","11/26/10","28","WEBER","THOMAS","","","","","","","","","","","","0","0","","","","","","","","","","","","","","","","","","","7","7","0","0","","","","","2","2","","13"
"28","Arizona St.","12/02/10","28","WEBER","THOMAS","","","","","","","","","","","","0","0","","","","","","","","","","","","","","","","","","","1","1","0","0","","","","","5","5","","16"
"28","Arizona St.","09/04/10","1","WILLIE","MIKE","","","","","","","","","","","","0","0","2","12","0","","","","","","","","","","","","","","","","","","","","","","","","","","","0"
"28","Arizona St.","09/11/10","1","WILLIE","MIKE","","","","","","","","","","","","0","0","8","114","1","","","","","","","","","","","","","","","1","","","","","","","","","","","","6"
"28","Arizona St.","09/18/10","1","WILLIE","MIKE","","","","","","","","","","","","0","0","3","29","0","","","","","","","","","","","","","","","","","","","","","","","","","","","0"
"28","Arizona St.","09/25/10","1","WILLIE","MIKE","","","","","","","","","","","","0","0","5","74","2","","","","","","","","","","","","","","","2","","","","","","","","","","","","12"
"28","Arizona St.","10/02/10","1","WILLIE","MIKE","","","","","","","","","","","","0","0","1","6","0","","","","","","","","","","","","","","","","","","","","","","","","","","","0"
"28","Arizona St.","10/09/10","1","WILLIE","MIKE","","","","","","","","","","","","0","0","5","96","1","","","","","","","","","","","","","","","1","","","","","","","","","","","","6"
"28","Arizona St.","10/23/10","1","WILLIE","MIKE","","","","","","","","","","","","0","0","2","17","0","","","","","","","","","","","","","","","","","","","","","","","","","","","0"
"28","Arizona St.","10/30/10","1","WILLIE","MIKE","","","","","","","","","","","","0","0","2","5","0","","","","","","","","","","","","","","","","","","","","","","","","","","","0"
"28","Arizona St.","11/06/10","1","WILLIE","MIKE","","","","","","","","","","","","0","0","3","31","0","","","","","","","","","","","","","","","","","","","","","","","","","","","0"
"28","Arizona St.","11/13/10","1","WILLIE","MIKE","","","","","","","","","","","","0","0","2","14","0","","","","","","","","","","","","","","","","","","","","","","","","","","","0"
"28","Arizona St.","11/26/10","1","WILLIE","MIKE","","","","","","","","","","","","0","0","1","32","1","","","","","","","","","","","","","","","1","","","","","","","","","","","","6"
"28","Arizona St.","12/02/10","1","WILLIE","MIKE","","","","","","","","","","","","0","0","2","12","1","","","","","","","","","","","","","","","1","","","","","","","","","","","","6"
"31","Arkansas","09/04/10","3","ADAMS","JOE","","","","","","","","","","","","0","0","6","138","2","","","","","","","","","1","7","0","","","","2","","","","","","","","","","","","12"
"31","Arkansas","09/11/10","3","ADAMS","JOE","","","","","","","","","","","","0","0","3","76","0","","","","","","","","","5","82","0","","","","","","","","","","","","","","","","0"
"31","Arkansas","09/18/10","3","ADAMS","JOE","","","","","","","","","","","","0","0","6","130","0","","","","","","","","","1","1","0","","","","","","","","","","","","","","","","0"
"31","Arkansas","09/25/10","3","ADAMS","JOE","1","4","0","4","0","","","","","","","1","4","4","45","0","","","","","","","","","","","","","","","","","","","","","","","","","","","0"
"31","Arkansas","10/09/10","3","ADAMS","JOE","","","","","","","","","","","","0","0","2","19","1","","","","","","","","","1","1","0","2","26","0","1","","","","","","","","","","","","6"
"31","Arkansas","10/16/10","3","ADAMS","JOE","1","12","0","12","0","","","","","","","1","12","7","87","1","","","","","","","","","","","","2","37","0","1","","","","","","","","","","","","6"
"31","Arkansas","10/23/10","3","ADAMS","JOE","","","","","","","","","","","","0","0","2","49","0","","","","","","","","","3","120","1","","","","1","","","","","","","","","","","","6"
"31","Arkansas","11/06/10","3","ADAMS","JOE","","","","","","","","","","","","0","0","3","27","0","","","","","","","","","","","","","","","","","","","","","","","","","","","0"
"31","Arkansas","11/13/10","3","ADAMS","JOE","1","3","0","3","0","","","","","","","1","3","1","17","0","","","","","","","","","2","40","0","","","","","","","","","","","","","","","","0"
"31","Arkansas","11/20/10","3","ADAMS","JOE","1","4","0","4","0","","","","","","","1","4","4","45","0","","","","","","","","","","","","","","","","","","","","","","","","","","","0"
"31","Arkansas","11/27/10","3","ADAMS","JOE","2","9","0","9","0","","","","","","","2","9","3","60","1","","","","","","","","","1","0","0","","","","1","","","","","","","","","","","","6"
"31","Arkansas","01/04/11","3","ADAMS","JOE","","","","","","","","","","","","0","0","9","120","1","","","","","","","","","2","-2","0","","","","1","","","","","","","","","","","","6"
"31","Arkansas","09/11/10","14","BREEDING","DYLAN","","","","","","","","","","","","0","0","","","","","","","","","","3","137","","","","","","","","","","","","","","","","","","","0"
"31","Arkansas","09/18/10","14","BREEDING","DYLAN","0","5","0","5","0","","","","","","","0","5","","","","","","","","","","6","284","","","","","","","","","","","","","","","","","","","0"
"31","Arkansas","09/25/10","14","BREEDING","DYLAN","","","","","","","","","","","","0","0","","","","","","","","","","3","116","","","","","","","","","","","","","","","","","","","0"
"31","Arkansas","10/09/10","14","BREEDING","DYLAN","","","","","","","","","","","","0","0","","","","","","","","","","8","343","","","","","","","","","","","","","","","","","","","0"
"31","Arkansas","10/16/10","14","BREEDING","DYLAN","","","","","","","","","","","","0","0","","","","","","","","","","2","93","","","","","","","","","","","","","","","","","","","0"
"31","Arkansas","10/23/10","14","BREEDING","DYLAN","","","","","","","","","","","","0","0","","","","","","","","","","7","292","","","","","","","","","","","","","","","","","","","0"
"31","Arkansas","10/30/10","14","BREEDING","DYLAN","","","","","","","","","","","","0","0","","","","","","","","","","4","153","","","","","","","","","","","","","","","","","","","0"
"31","Arkansas","11/06/10","14","BREEDING","DYLAN","","","","","","","","","","","","0","0","","","","","","","","","","2","81","","","","","","","","","","","","","","","","","","","0"
"31","Arkansas","11/13/10","14","BREEDING","DYLAN","","","","","","","","","","","","0","0","","","","","","","","","","1","44","","","","","","","","","","","","","","","","","","","0"
"31","Arkansas","11/20/10","14","BREEDING","DYLAN","","","","","","","","","","","","0","0","","","","","","","","","","3","118","","","","","","","","","","","","","","","","","","","0"
"31","Arkansas","11/27/10","14","BREEDING","DYLAN","1","0","12","-12","0","","","","","","","1","-12","","","","","","","","","","6","245","","","","","","","","","","","","","","","","","","","0"
"31","Arkansas","01/04/11","14","BREEDING","DYLAN","","","","","","","","","","","","0","0","","","","","","","","","","7","306","","","","","","","","","","","","","","","","","","","0"
"31","Arkansas","09/04/10","85","CHILDS","GREG","","","","","","","","","","","","0","0","4","26","0","","","","","","","","","","","","","","","","","","","","","","","","","","","0"
"31","Arkansas","09/11/10","85","CHILDS","GREG","","","","","","","","","","","","0","0","12","146","2","","","","","","","","","","","","","","","2","","","","","","","","","","","","12"
"31","Arkansas","09/18/10","85","CHILDS","GREG","","","","","","","","","","","","0","0","3","82","1","","","","","","","","","","","","","","","1","","","","","","","","","","","","6"
"31","Arkansas","09/25/10","85","CHILDS","GREG","","","","","","","","","","","","0","0","3","44","0","","","","","","","","","","","","","","","","","","","","","","","","","","","0"
"31","Arkansas","10/09/10","85","CHILDS","GREG","","","","","","","","","","","","0","0","6","65","0","","","","","","","","","","","","","","","","","","","","","","","","","","","0"
"31","Arkansas","10/16/10","85","CHILDS","GREG","","","","","","","","","","","","0","0","9","164","2","","","","","","","","","","","","","","","2","","","0","0","","","","","","","","12"
"31","Arkansas","10/23/10","85","CHILDS","GREG","","","","","","","","","","","","0","0","4","45","1","","","","","","","","","","","","","","","1","","","","","","","","","","","","6"
"31","Arkansas","10/30/10","85","CHILDS","GREG","","","","","","","","","","","","0","0","5","87","0","","","","","","","","","","","","","","","","","","","","","","","","","","","0"
"31","Arkansas","09/04/10","86","CLEVELAND","BEN","","","","","","","","","","","","0","0","1","6","0","","","","","","","","","","","","","","","","","","","","","","","","","","","0"
"31","Arkansas","10/09/10","86","CLEVELAND","BEN","","","","","","","","","","","","0","0","1","6","1","","","","","","","","","","","","","","","1","","","","","","","","","","","","6"
"31","Arkansas","11/06/10","86","CLEVELAND","BEN","","","","","","","","","","","","0","0","1","5","0","","","","","","","","","","","","","","","","","","","","","","","","","","","0"
"31","Arkansas","11/20/10","86","CLEVELAND","BEN","","","","","","","","","","","","0","0","1","7","0","","","","","","","","","","","","","","","","","","","","","","","","","","","0"
"31","Arkansas","09/11/10","4R","CRIM","RUDELL","","","","","","","","","","","","0","0","","","","1","0","0","","","","","","","","","","","","","","","","","","","","","","","","0"
"31","Arkansas","09/25/10","4R","CRIM","RUDELL","","","","","","","","","","","","0","0","","","","1","0","0","","","","","","","","","","","","","","","","","","","","","","","","0"
"31","Arkansas","10/30/10","4R","CRIM","RUDELL","","","","","","","","","","","","0","0","","","","1","19","0","","","","","","","","","","","","","","","","","","","","","","","","0"
"31","Arkansas","09/18/10","23","CURTIS","DE'ANTHONY","","","","","","","","","","","","0","0","1","15","0","","","","","","","","","","","","","","","","","","","","","","","","","","","0"
"31","Arkansas","10/09/10","23","CURTIS","DE'ANTHONY","","","","","","","","","","","","0","0","1","2","0","","","","","","","","","","","","","","","","","","","","","","","","","","","0"
"31","Arkansas","09/04/10","7","DAVIS","KNILE","6","67","0","67","0","","","","","","","6","67","1","15","0","","","","","","","","","","","","","","","","","","","","","","","","","","","0"
"31","Arkansas","09/11/10","7","DAVIS","KNILE","5","22","3","19","0","","","","","","","5","19","","","","","","","","","","","","","","","","","","","","","","","","","","","","","","0"
"31","Arkansas","09/18/10","7","DAVIS","KNILE","3","1","8","-7","1","","","","","","","3","-7","","","","","","","","","","","","","","","","","","1","","","","","","","","","","","","6"
"31","Arkansas","09/25/10","7","DAVIS","KNILE","6","42","0","42","0","","","","","","","6","42","2","14","0","","","","","","","","","","","","","","","","","","","","","","","","","","","0"
"31","Arkansas","10/09/10","7","DAVIS","KNILE","10","82","0","82","0","","","","","","","10","82","1","-4","0","","","","","","","","","","","","","","","","","","","","","","","","","","","0"
"31","Arkansas","10/16/10","7","DAVIS","KNILE","14","93","2","91","0","","","","","","","14","91","3","22","0","","","","","","","","","","","","","","","","","","","","","","","","","","","0"
"31","Arkansas","10/23/10","7","DAVIS","KNILE","22","179","3","176","3","","","","","","","22","176","2","19","0","","","","","","","","","","","","","","","3","","","","","","","","","","","","18"
"31","Arkansas","10/30/10","7","DAVIS","KNILE","19","89","7","82","2","","","","","","","19","82","3","42","0","","","","","","","","","","","","","","","2","","","","","","","","","","","","12"
"31","Arkansas","11/06/10","7","DAVIS","KNILE","22","110","0","110","3","","","","","","","22","110","1","5","0","","","","","","","","","","","","","","","3","","","","","","","","","","","","18"
"31","Arkansas","11/13/10","7","DAVIS","KNILE","11","182","0","182","1","","","","","","","11","182","1","3","0","","","","","","","","","","","","","","","1","","","","","","","","","","","","6"
"31","Arkansas","11/20/10","7","DAVIS","KNILE","30","189","2","187","2","","","","","","","30","187","2","12","1","","","","","","","","","","","","","","","3","","","","","","","","","","","","18"
"31","Arkansas","11/27/10","7","DAVIS","KNILE","30","159","7","152","1","","","","","","","30","152","","","","","","","","","","","","","","","","","","1","","","","","","","","","","","","6"
"31","Arkansas","01/04/11","7","DAVIS","KNILE","26","147","8","139","0","","","","","","","26","139","3","8","0","","","","","","","","","","","","","","","","","","","","","","","","","","","0"
"31","Arkansas","11/06/10","28","GATSON","GREG","","","","","","","","","","","","0","0","","","","1","3","0","","","","","","","","","","","","","","","","","","","","","","","","0"
"31","Arkansas","09/18/10","80","GRAGG","CHRIS","","","","","","","","","","","","0","0","1","57","1","","","","","","","","","","","","","","","1","","","","","","","","","","","","6"
"31","Arkansas","10/30/10","80","GRAGG","CHRIS","","","","","","","","","","","","0","0","2","54","0","","","","","","","","","","","","","","","","","","","","","","","","","","","0"
"31","Arkansas","11/13/10","80","GRAGG","CHRIS","","","","","","","","","","","","0","0","4","44","1","","","","","","","","","","","","","","","1","","","","","","","","","","","","6"
"31","Arkansas","01/04/11","80","GRAGG","CHRIS","","","","","","","","","","","","0","0","1","16","0","","","","","","","","","","","","","","","","","","","","","","","","","","","0"
"31","Arkansas","09/04/10","29","GREEN","BRODERICK","9","25","2","23","1","","","","","","","9","23","1","3","0","","","","","","","","","","","","","","","1","","","","","","","","","","","","6"
"31","Arkansas","09/11/10","29","GREEN","BRODERICK","12","45","0","45","0","","","","","","","12","45","","","","","","","","","","","","","","","","","","","","","","","","","","","","","","0"
"31","Arkansas","09/18/10","29","GREEN","BRODERICK","11","43","2","41","0","","","","","","","11","41","1","2","0","","","","","","","","","","","","","","","","","","","","","","","","","","","0"
"31","Arkansas","09/25/10","29","GREEN","BRODERICK","10","25","0","25","0","","","","","","","10","25","2","16","0","","","","","","","","","","","","","","","","","","","","","","","","","","","0"
"31","Arkansas","10/09/10","29","GREEN","BRODERICK","18","71","13","58","0","","","","","","","18","58","","","","","","","","","","","","","","","","","","","","","","","","","","","","","","0"
"31","Arkansas","10/16/10","29","GREEN","BRODERICK","8","28","0","28","1","","","","","","","8","28","","","","","","","","","","","","","","","","","","1","","","","","","","","","","","","6"
"31","Arkansas","10/23/10","29","GREEN","BRODERICK","1","1","0","1","0","","","","","","","1","1","","","","","","","","","","","","","","","","","","","","","","","","","","","","","","0"
"31","Arkansas","10/30/10","29","GREEN","BRODERICK","7","15","4","11","0","","","","","","","7","11","","","","","","","","","","","","","","","","","","","","","","","","","","","","","","0"
"31","Arkansas","11/06/10","29","GREEN","BRODERICK","5","26","0","26","0","","","","","","","5","26","","","","","","","","","","","","","","","","","","","","","","","","","","","","","","0"
"31","Arkansas","11/13/10","29","GREEN","BRODERICK","15","78","3","75","1","","","","","","","15","75","2","21","0","","","","","","","","","","","","1","20","0","1","","","","","","","","","","","","6"
"31","Arkansas","11/20/10","29","GREEN","BRODERICK","2","3","0","3","0","","","","","","","2","3","","","","","","","","","","","","","","","","","","","","","","","","","","","","","","0"
"31","Arkansas","11/27/10","29","GREEN","BRODERICK","6","29","0","29","0","","","","","","","6","29","","","","","","","","","","","","","","","","","","","","","","","","","","","","","","0"
"31","Arkansas","01/04/11","29","GREEN","BRODERICK","","","","","","","","","","","","0","0","","","","","","","","","","","","","","","2","33","0","","","","","","","","","","","","","0"
"31","Arkansas","09/04/10","11","HAMILTON","COBI","","","","","","","","","","","","0","0","2","40","1","","","","","","","","","","","","","","","1","","","","","","","","","","","","6"
"31","Arkansas","09/11/10","11","HAMILTON","COBI","","","","","","","","","","","","0","0","3","25","0","","","","","","","","","","","","","","","","","","","","","","","","","","","0"
"31","Arkansas","10/09/10","11","HAMILTON","COBI","","","","","","","","","","","","0","0","5","98","1","","","","","","","","","","","","","","","1","","","","","","","","","","","","6"
"31","Arkansas","10/16/10","11","HAMILTON","COBI","","","","","","","","","","","","0","0","2","18","0","","","","","","","","","","","","8","142","0","","","","","","","","","","","","","0"
"31","Arkansas","10/23/10","11","HAMILTON","COBI","","","","","","","","","","","","0","0","2","46","0","","","","","","","","","","","","","","","","","","","","","","","","","","","0"
"31","Arkansas","10/30/10","11","HAMILTON","COBI","","","","","","","","","","","","0","0","1","16","0","","","","","","","","","","","","","","","","","","","","","","","","","","","0"
"31","Arkansas","11/06/10","11","HAMILTON","COBI","","","","","","","","","","","","0","0","7","111","1","","","","","","","","","","","","","","","1","","","","","","","","","","","","6"
"31","Arkansas","11/13/10","11","HAMILTON","COBI","","","","","","","","","","","","0","0","3","37","1","","","","","","","","","","","","","","","1","","","","","","","","","","","","6"
"31","Arkansas","11/20/10","11","HAMILTON","COBI","","","","","","","","","","","","0","0","3","54","0","","","","","","","","","","","","","","","","","","","","","","","","","","","0"
"31","Arkansas","11/27/10","11","HAMILTON","COBI","","","","","","","","","","","","0","0","3","164","2","","","","","","","","","","","","","","","2","","","","","","","","","","","","12"
"31","Arkansas","01/04/11","11","HAMILTON","COBI","","","","","","","","","","","","0","0","1","21","0","","","","","","","","","","","","","","","","","","","","","","","","","","","0"
"31","Arkansas","09/04/10","1H","HERNDON","JAVONTEE","","","","","","","","","","","","0","0","1","16","0","","","","","","","","","","","","","","","","","","","","","","","","","","","0"
"31","Arkansas","10/09/10","1H","HERNDON","JAVONTEE","","","","","","","","","","","","0","0","1","16","0","","","","","","","","","","","","","","","","","","","","","","","","","","","0"
"31","Arkansas","09/04/10","18","HOCKER","ZACH","","","","","","","","","","","","0","0","","","","","","","","","","","","","","","","","","","6","6","0","0","","","","","","","","6"
"31","Arkansas","09/11/10","18","HOCKER","ZACH","","","","","","","","","","","","0","0","","","","","","","","","","","","","","","","","","","4","4","0","0","","","","","1","1","","7"
"31","Arkansas","09/18/10","18","HOCKER","ZACH","","","","","","","","","","","","0","0","","","","","","","","","","","","","","","","","","","4","4","0","0","","","","","1","1","","7"
"31","Arkansas","09/25/10","18","HOCKER","ZACH","","","","","","","","","","","","0","0","","","","","","","","","","","","","","","","","","","2","2","0","0","","","","","2","2","","8"
"31","Arkansas","10/09/10","18","HOCKER","ZACH","","","","","","","","","","","","0","0","","","","","","","","","","","","","","","","","","","3","3","0","0","","","","","2","1","","6"
"31","Arkansas","10/16/10","18","HOCKER","ZACH","","","","","","","","","","","","0","0","","","","","","","","","","","","","","","","","","","5","5","0","0","","","","","","","","5"
"31","Arkansas","10/23/10","18","HOCKER","ZACH","","","","","","","","","","","","0","0","","","","","","","","","","","","","","","","","","","5","5","0","0","","","","","1","1","","8"
"31","Arkansas","10/30/10","18","HOCKER","ZACH","","","","","","","","","","","","0","0","","","","","","","","","","","","","","","","","","","5","5","0","0","","","","","2","2","","11"
"31","Arkansas","11/06/10","18","HOCKER","ZACH","","","","","","","","","","","","0","0","","","","","","","","","","","","","","","","","","","5","5","0","0","","","","","2","2","","11"
"31","Arkansas","11/13/10","18","HOCKER","ZACH","","","","","","","","","","","","0","0","","","","","","","","","","","","","","","","","","","7","7","0","0","","","","","1","1","","10"
"31","Arkansas","11/20/10","18","HOCKER","ZACH","","","","","","","","","","","","0","0","","","","","","","","","","","","","","","","","","","5","5","0","0","","","","","2","1","","8"
"31","Arkansas","11/27/10","18","HOCKER","ZACH","","","","","","","","","","","","0","0","","","","","","","","","","","","","","","","","","","4","4","0","0","","","","","2","1","","7"
"31","Arkansas","01/04/11","18","HOCKER","ZACH","","","","","","","","","","","","0","0","","","","","","","","","","","","","","","","","","","1","1","0","0","","","","","3","3","","10"
"31","Arkansas","10/23/10","2H","HORTON","JULIAN","","","","","","","","","","","","0","0","1","20","0","","","","","","","","","","","","","","","","","","","","","","","","","","","0"
"31","Arkansas","10/30/10","2H","HORTON","JULIAN","","","","","","","","","","","","0","0","2","59","0","","","","","","","","","","","","","","","","","","","","","","","","","","","0"
"31","Arkansas","11/13/10","2H","HORTON","JULIAN","","","","","","","","","","","","0","0","1","6","0","","","","","","","","","","","","","","","","","","","","","","","","","","","0"
"31","Arkansas","09/18/10","83","HUMPHREY","MAUDRECUS","","","","","","","","","","","","0","0","","","","","","","","","","","","","","","3","49","0","","","","","","","","","","","","","0"
"31","Arkansas","09/25/10","83","HUMPHREY","MAUDRECUS","","","","","","","","","","","","0","0","","","","","","","","","","","","","","","3","62","0","","","","","","","","","","","","","0"
"31","Arkansas","09/04/10","33","JOHNSON","DENNIS","3","60","0","60","1","","","","","","","3","60","","","","","","","","","","","","","","","2","50","0","1","","","","","","","","","","","","6"
"31","Arkansas","09/11/10","33","JOHNSON","DENNIS","6","25","2","23","0","","","","","","","6","23","","","","","","","","","","","","","","","1","28","0","","","","","","","","","","","","","0"
"31","Arkansas","11/13/10","30","LINTON","MORGAN","1","5","0","5","0","","","","","","","1","5","","","","","","","","","","","","","","","","","","","","","","","","","","","","","","0"
"31","Arkansas","09/04/10","15","MALLETT","RYAN","3","3","3","0","0","24","21","1","301","3","","27","301","","","","","","","","","","","","","","","","","","","","","","","","","","","","","","0"
"31","Arkansas","09/11/10","15","MALLETT","RYAN","6","8","7","1","1","43","28","1","400","3","","49","401","","","","","","","","","","","","","","","","","","1","","","","","","","","","","","","6"
"31","Arkansas","09/18/10","15","MALLETT","RYAN","2","0","4","-4","0","33","21","0","380","3","","35","376","","","","","","","","","","1","43","","","","","","","","","","","","","","","","","","","0"
"31","Arkansas","09/25/10","15","MALLETT","RYAN","3","1","8","-7","1","38","25","3","357","1","","41","350","","","","","","","","","","","","","","","","","","1","","","","","","","","","","","","6"
"31","Arkansas","10/09/10","15","MALLETT","RYAN","5","8","22","-14","0","38","27","1","310","3","","43","296","","","","","","","","","","","","","","","","","","","","","","","","","","","","","","0"
"31","Arkansas","10/16/10","15","MALLETT","RYAN","","","","","","15","10","0","96","1","","15","96","","","","","","","","","","","","","","","","","","","","","","","","","","","","","","0"
"31","Arkansas","10/23/10","15","MALLETT","RYAN","2","0","7","-7","0","24","13","1","196","1","","26","189","","","","","","","","","","","","","","","","","","","","","","","","","","","","","","0"
"31","Arkansas","10/30/10","15","MALLETT","RYAN","4","4","11","-7","0","44","27","0","409","3","","48","402","","","","","","","","","","","","","","","","","","","","","","","","","","","","","","0"
"31","Arkansas","11/06/10","15","MALLETT","RYAN","4","6","6","0","1","30","21","1","303","1","","34","303","","","","","","","","","","","","","","","","","","1","","","","","","","","","","","","6"
"31","Arkansas","11/13/10","15","MALLETT","RYAN","4","25","7","18","1","26","19","0","215","5","","30","233","","","","","","","","","","","","","","","","","","1","","","","","","","","","","","","6"
"31","Arkansas","11/20/10","15","MALLETT","RYAN","2","0","11","-11","0","26","17","1","305","3","","28","294","","","","","","","","","","","","","","","","","","","","","","","","","","","","","","0"
"31","Arkansas","11/27/10","15","MALLETT","RYAN","5","4","19","-15","0","23","13","2","320","3","","28","305","","","","","","","","","","","","","","","","","","","","","","","","","","","","","","0"
"31","Arkansas","01/04/11","15","MALLETT","RYAN","4","0","28","-28","0","47","24","1","277","2","1","51","249","","","","","","","","","","","","","","","","","","","","","1","1","","","","","","","","2"
"31","Arkansas","01/04/11","90","MILES-NASH","COLTON","","","","","","","","","","","","0","0","","","","","","","","","","","","1","20","0","","","","","","","","","","","","","","","","0"
"31","Arkansas","09/04/10","17","MITCHELL","BRANDON","2","5","6","-1","0","3","1","0","16","0","","5","15","","","","","","","","","","","","","","","","","","","","","","","","","","","","","","0"
"31","Arkansas","10/23/10","31","NELSON","JERICO","","","","","","","","","","","","0","0","","","","","","","1","5","0","","","","","","","","","","","","","","","","","","","","","0"
"31","Arkansas","10/30/10","31","NELSON","JERICO","","","","","","","","","","","","0","0","","","","1","39","1","","","","","","","","","","","","1","","","","","","","","","","","","6"
"31","Arkansas","11/13/10","31","NELSON","JERICO","","","","","","","","","","","","0","0","","","","","","","","","","","","1","10","0","","","","","","","","","","","","","","","","0"
"31","Arkansas","09/18/10","35","RASNER","ROSS","","","","","","","","","","","","0","0","","","","","","","","","","","","","","","1","12","0","","","","","","","","","","","","","0"
"31","Arkansas","09/25/10","35","RASNER","ROSS","","","","","","","","","","","","0","0","","","","","","","","","","","","","","","1","24","0","","","","","","","","","","","","","0"
"31","Arkansas","11/27/10","35","RASNER","ROSS","","","","","","","","","","","","0","0","","","","","","","","","","","","","","","1","5","0","","","","","","","","","","","","","0"
"31","Arkansas","10/16/10","82","RAY","LANCE","","","","","","","","","","","","0","0","1","6","0","","","","","","","","","","","","","","","","","","","","","","","","","","","0"
"31","Arkansas","10/23/10","82","RAY","LANCE","","","","","","","","","","","","0","0","","","","","","","","","","","","","","","3","66","0","","","","","","","","","","","","","0"
"31","Arkansas","10/30/10","82","RAY","LANCE","","","","","","","","","","","","0","0","","","","","","","","","","","","","","","4","126","0","","","","","","","","","","","","","0"
"31","Arkansas","11/06/10","82","RAY","LANCE","","","","","","","","","","","","0","0","","","","","","","","","","","","","","","3","47","0","","","","","","","","","","","","","0"
"31","Arkansas","11/13/10","82","RAY","LANCE","","","","","","","","","","","","0","0","","","","","","","","","","","","","","","3","68","0","","","","","","","","","","","","","0"
"31","Arkansas","11/20/10","82","RAY","LANCE","","","","","","","","","","","","0","0","","","","","","","","","","","","","","","5","112","0","","","","","","","","","","","","","0"
"31","Arkansas","11/27/10","82","RAY","LANCE","","","","","","","","","","","","0","0","","","","","","","","","","","","","","","4","75","0","","","","","","","","","","","","","0"
"31","Arkansas","01/04/11","82","RAY","LANCE","","","","","","","","","","","","0","0","","","","","","","","","","","","","","","1","24","0","","","","","","","","","","","","","0"
"31","Arkansas","09/25/10","36","STEWART","ANDRU","","","","","","","","","","","","0","0","","","","1","13","0","","","","","","","","","","","","","","","","","","","","","","","","0"
"31","Arkansas","10/09/10","44","STUMON","VAN","","","","","","","","","","","","0","0","","","","","","","","","","","","","","","1","21","0","","","","","","","","","","","","","0"
"31","Arkansas","10/16/10","44","STUMON","VAN","","","","","","","","","","","","0","0","1","7","1","","","","","","","","","","","","","","","1","","","","","","","","","","","","6"
"31","Arkansas","11/20/10","44","STUMON","VAN","","","","","","","","","","","","0","0","1","12","0","","","","","","","","","","","","","","","","","","","","","","","","","","","0"
"31","Arkansas","01/04/11","44","STUMON","VAN","","","","","","","","","","","","0","0","1","4","0","","","","","","","","","","","","","","","","","","","","","","","","","","","0"
"31","Arkansas","09/11/10","87","TATE","AUSTIN","","","","","","","","","","","","0","0","","","","","","","","","","","","","","","1","6","0","","","","","","","","","","","","","0"
"31","Arkansas","11/13/10","2","TEJADA","ALEX","","","","","","","","","","","","0","0","","","","","","","","","","","","","","","","","","","1","0","0","0","","","","","","","","0"
"31","Arkansas","09/18/10","5","THOMAS","TRAMAIN","","","","","","","","","","","","0","0","","","","1","0","0","","","","","","","","","","","","","","","","","","","","","","","","0"
"31","Arkansas","10/09/10","5","THOMAS","TRAMAIN","","","","","","","","","","","","0","0","","","","1","2","0","","","","","","","","","","","","","","","","","","","","","","","","0"
"31","Arkansas","11/06/10","5","THOMAS","TRAMAIN","","","","","","","","","","","","0","0","","","","1","11","0","","","","","","","","","","","","","","","","","","","","","","","","0"
"31","Arkansas","11/13/10","5","THOMAS","TRAMAIN","","","","","","","","","","","","0","0","","","","1","11","0","","","","","","","","","","","","","","","","","","","","","","","","0"
"31","Arkansas","11/13/10","89","TUCKER","AUSTIN","","","","","","","","","","","","0","0","1","11","0","","","","","","","","","","","","","","","","","","","","","","","","","","","0"
"31","Arkansas","09/04/10","45","WILLIAMS","D.J.","","","","","","","","","","","","0","0","5","68","0","","","","","","","","","","","","","","","","","","","","","","","","","","","0"
"31","Arkansas","09/11/10","45","WILLIAMS","D.J.","","","","","","","","","","","","0","0","3","44","0","","","","","","","","","","","","","","","","","","","","","","","","","","","0"
"31","Arkansas","09/18/10","45","WILLIAMS","D.J.","","","","","","","","","","","","0","0","6","61","0","","","","","","","","","","","","","","","","","","","","","","","","","","","0"
"31","Arkansas","09/25/10","45","WILLIAMS","D.J.","","","","","","","","","","","","0","0","5","63","0","","","","","","","","","","","","","","","","","","","","","","","","","","","0"
"31","Arkansas","10/09/10","45","WILLIAMS","D.J.","","","","","","","","","","","","0","0","3","23","0","","","","","","","","","","","","","","","","","","","","","","","","","","","0"
"31","Arkansas","10/16/10","45","WILLIAMS","D.J.","","","","","","","","","","","","0","0","4","20","0","","","","","","","","","","","","","","","","","","","","","","","","","","","0"
"31","Arkansas","10/23/10","45","WILLIAMS","D.J.","","","","","","","","","","","","0","0","2","55","0","","","","","","","","","","","","","","","","","","","","","","","","","","","0"
"31","Arkansas","10/30/10","45","WILLIAMS","D.J.","","","","","","","","","","","","0","0","4","32","1","","","","","","","","","","","","","","","1","","","","","","","","","","","","6"
"31","Arkansas","11/06/10","45","WILLIAMS","D.J.","","","","","","","","","","","","0","0","5","67","0","","","","","","","","","","","","","","","","","","","","","","","","","","","0"
"31","Arkansas","11/13/10","45","WILLIAMS","D.J.","","","","","","","","","","","","0","0","5","58","2","","","","","","","","","","","","","","","2","","","","","","","","","","","","12"
"31","Arkansas","11/20/10","45","WILLIAMS","D.J.","","","","","","","","","","","","0","0","4","70","1","","","","","","","","","","","","","","","1","","","","","","","","","","","","6"
"31","Arkansas","11/27/10","45","WILLIAMS","D.J.","","","","","","","","","","","","0","0","3","28","0","","","","","","","","","","","","","","","","","","","","","","","","","","","0"
"31","Arkansas","01/04/11","45","WILLIAMS","D.J.","","","","","","","","","","","","0","0","5","38","0","","","","","","","","","","","","","","","","","","0","0","","","","","","","","0"
"31","Arkansas","11/06/10","25","WILLIAMS","TERELL","","","","","","","","","","","","0","0","","","","","","","","","","","","","","","1","4","0","","","","","","","","","","","","","0"
"31","Arkansas","09/04/10","8","WILSON","TYLER","","","","","","3","1","1","6","0","","3","6","","","","","","","","","","","","","","","","","","","","","","","","","","","","","","0"
"31","Arkansas","10/16/10","8","WILSON","TYLER","3","0","10","-10","0","34","25","2","332","4","1","37","322","","","","","","","","","","","","","","","","","","","","","1","1","","","","","","","","2"
"31","Arkansas","10/23/10","8","WILSON","TYLER","","","","","","5","3","0","71","0","","5","71","","","","","","","","","","","","","","","","","","","","","","","","","","","","","","0"
"31","Arkansas","10/30/10","8","WILSON","TYLER","","","","","","4","1","0","8","0","","4","8","","","","","","","","","","","","","","","","","","","","","","","","","","","","","","0"
"31","Arkansas","11/13/10","8","WILSON","TYLER","","","","","","5","4","0","36","0","","5","36","","","","","","","","","","","","","","","","","","","","","","","","","","","","","","0"
"31","Arkansas","09/04/10","20","WINGO, JR.","RONNIE","5","47","0","47","1","","","","","","","5","47","1","-4","0","","","","","","","","","","","","","","","1","","","","","","","","","","","","6"
"31","Arkansas","09/11/10","20","WINGO, JR.","RONNIE","2","11","0","11","0","","","","","","","2","11","4","37","1","","","","","","","","","","","","","","","1","","","","","","","","","","","","6"
"31","Arkansas","09/18/10","20","WINGO, JR.","RONNIE","6","23","5","18","0","","","","","","","6","18","3","33","1","","","","","","","","","","","","","","","1","","","","","","","","","","","","6"
"31","Arkansas","09/25/10","20","WINGO, JR.","RONNIE","","","","","","","","","","","","0","0","3","44","1","","","","","","","","","","","","","","","1","","","","","","","","","","","","6"
"31","Arkansas","10/09/10","20","WINGO, JR.","RONNIE","1","3","0","3","0","","","","","","","1","3","4","56","0","","","","","","","","","","","","","","","","","","","","","","","","","","","0"
"31","Arkansas","10/16/10","20","WINGO, JR.","RONNIE","2","17","0","17","0","","","","","","","2","17","4","53","1","","","","","","","","","","","","","","","1","","","","","","","","","","","","6"
"31","Arkansas","10/23/10","20","WINGO, JR.","RONNIE","2","27","0","27","0","","","","","","","2","27","1","-7","0","","","","","","","","","","","","","","","","","","","","","","","","","","","0"
"31","Arkansas","10/30/10","20","WINGO, JR.","RONNIE","6","52","0","52","0","","","","","","","6","52","5","40","0","","","","","","","","","","","","","","","","","","","","","","","","","","","0"
"31","Arkansas","11/06/10","20","WINGO, JR.","RONNIE","6","20","2","18","0","","","","","","","6","18","","","","","","","","","","","","","","","","","","","","","","","","","","","","","","0"
"31","Arkansas","11/13/10","20","WINGO, JR.","RONNIE","9","43","0","43","0","","","","","","","9","43","2","22","0","","","","","","","","","","","","","","","","","","","","","","","","","","","0"
"31","Arkansas","11/27/10","20","WINGO, JR.","RONNIE","1","3","0","3","0","","","","","","","1","3","","","","","","","","","","","","","","","","","","","","","","","","","","","","","","0"
"31","Arkansas","01/04/11","20","WINGO, JR.","RONNIE","1","14","0","14","0","","","","","","","1","14","","","","","","","","","","","","","","","1","10","0","","","","","","","","","","","","","0"
"31","Arkansas","11/13/10","21","WINSTON","DARIUS","","","","","","","","","","","","0","0","","","","1","0","0","","","","","","","","","","","","","","","","","","","","","","","","0"
"31","Arkansas","09/04/10","4","WRIGHT","JARIUS","","","","","","","","","","","","0","0","1","15","0","","","","","","","","","","","","","","","","","","","","","","","","","","","0"
"31","Arkansas","09/11/10","4","WRIGHT","JARIUS","","","","","","","","","","","","0","0","3","72","0","","","","","","","","","","","","","","","","","","","","","","","","","","","0"
"31","Arkansas","09/25/10","4","WRIGHT","JARIUS","","","","","","","","","","","","0","0","6","131","0","","","","","","","","","","","","","","","","","","","","","","","","","","","0"
"31","Arkansas","10/09/10","4","WRIGHT","JARIUS","1","9","0","9","0","","","","","","","1","9","3","29","0","","","","","","","","","","","","","","","","","","","","","","","","","","","0"
"31","Arkansas","10/16/10","4","WRIGHT","JARIUS","","","","","","","","","","","","0","0","4","51","0","","","","","","","","","","","","","","","","","","","","","","","","","","","0"
"31","Arkansas","10/23/10","4","WRIGHT","JARIUS","","","","","","","","","","","","0","0","2","40","0","","","","","","","","","1","24","0","","","","","","","","","","","","","","","","0"
"31","Arkansas","10/30/10","4","WRIGHT","JARIUS","","","","","","","","","","","","0","0","6","87","2","","","","","","","","","1","8","0","","","","2","","","","","","","","","","","","12"
"31","Arkansas","11/06/10","4","WRIGHT","JARIUS","","","","","","","","","","","","0","0","4","88","0","","","","","","","","","","","","","","","","","","","","","","","","","","","0"
"31","Arkansas","11/13/10","4","WRIGHT","JARIUS","","","","","","","","","","","","0","0","3","32","1","","","","","","","","","","","","","","","1","","","","","","","","","","","","6"
"31","Arkansas","11/20/10","4","WRIGHT","JARIUS","","","","","","","","","","","","0","0","2","105","1","","","","","","","","","","","","","","","1","","","","","","","","","","","","6"
"31","Arkansas","11/27/10","4","WRIGHT","JARIUS","","","","","","","","","","","","0","0","4","68","0","","","","","","","","","","","","","","","","","","","","","","","","","","","0"
"31","Arkansas","01/04/11","4","WRIGHT","JARIUS","","","","","","","","","","","","0","0","4","70","1","","","","","","","","","","","","","","","1","","","","","","","","","","","","6"
"30","Arkansas St.","09/04/10","16","APLIN","RYAN","12","15","37","-22","0","42","28","0","278","1","","54","256","","","","","","","","","","","","","","","","","","","","","","","","","","","","","","0"
"30","Arkansas St.","09/11/10","16","APLIN","RYAN","9","42","38","4","1","45","25","1","438","2","","54","442","","","","","","","","","","","","","","","","","","1","","","","","","","","","","","","6"
"30","Arkansas St.","09/18/10","16","APLIN","RYAN","16","81","6","75","1","32","20","0","243","1","","48","318","","","","","","","","","","","","","","","","","","1","","","","","","","","","","","","6"
"30","Arkansas St.","09/25/10","16","APLIN","RYAN","17","115","26","89","0","32","16","1","237","2","","49","326","","","","","","","","","","","","","","","","","","","","","","","","","","","","","","0"
"30","Arkansas St.","10/02/10","16","APLIN","RYAN","8","33","33","0","0","25","12","2","209","3","","33","209","","","","","","","","","","","","","","","","","","","","","","","","","","","","","","0"
"30","Arkansas St.","10/09/10","16","APLIN","RYAN","15","76","15","61","2","26","14","0","169","1","","41","230","","","","","","","","","","","","","","","","","","2","","","","","","","","","","","","12"
"30","Arkansas St.","10/16/10","16","APLIN","RYAN","6","23","0","23","2","45","34","2","275","2","0","51","298","","","","","","","","","","","","","","","","","","2","","","1","0","","","","","","","","12"
"30","Arkansas St.","10/23/10","16","APLIN","RYAN","14","76","12","64","1","46","28","1","230","1","","60","294","","","","","","","","","","","","","","","","","","1","","","","","","","","","","","","6"
"30","Arkansas St.","11/02/10","16","APLIN","RYAN","5","19","8","11","1","27","16","1","245","2","","32","256","","","","","","","","","","","","","","","","","","1","","","","","","","","","","","","6"
"30","Arkansas St.","11/13/10","16","APLIN","RYAN","13","109","13","96","2","39","27","2","306","3","","52","402","","","","","","","","","","","","","","","","","","2","","","","","","","","","","","","12"
"30","Arkansas St.","11/20/10","16","APLIN","RYAN","17","63","17","46","1","30","22","1","178","1","","47","224","","","","","","","","","","","","","","","","","","1","","","","","","","","","","","","6"
"30","Arkansas St.","11/27/10","16","APLIN","RYAN","6","33","3","30","0","19","8","0","126","2","","25","156","","","","","","","","","","","","","","","","","","","","","","","","","","","","","","0"
"30","Arkansas St.","09/25/10","81","AUSTIN","SHEDERICK","","","","","","","","","","","","0","0","","","","","","","","","","","","","","","1","19","0","","","","","","","","","","","","","0"
"30","Arkansas St.","10/09/10","81","AUSTIN","SHEDERICK","","","","","","","","","","","","0","0","","","","","","","","","","","","","","","1","22","0","","","","","","","","","","","","","0"
"30","Arkansas St.","09/11/10","42","BLAKE","JEFF","","","","","","","","","","","","0","0","1","2","0","","","","","","","","","","","","","","","","","","","","","","","","","","","0"
"30","Arkansas St.","11/02/10","42","BLAKE","JEFF","","","","","","","","","","","","0","0","1","5","1","","","","","","","","","","","","","","","1","","","","","","","","","","","","6"
"30","Arkansas St.","11/13/10","42","BLAKE","JEFF","","","","","","","","","","","","0","0","1","16","0","","","","","","","","","","","","","","","","","","","","","","","","","","","0"
"30","Arkansas St.","09/04/10","11","BUTTERFIELD","PHILLIP","","","","","","7","5","0","45","0","","7","45","","","","","","","","","","","","","","","","","","","","","","","","","","","","","","0"
"30","Arkansas St.","09/11/10","11","BUTTERFIELD","PHILLIP","","","","","","1","0","0","0","0","","1","0","","","","","","","","","","","","","","","","","","","","","","","","","","","","","","0"
"30","Arkansas St.","09/18/10","11","BUTTERFIELD","PHILLIP","8","49","0","49","1","1","1","0","-3","0","","9","46","","","","","","","","","","","","","","","","","","1","","","","","","","","","","","","6"
"30","Arkansas St.","09/25/10","11","BUTTERFIELD","PHILLIP","4","23","0","23","0","1","0","1","0","0","","5","23","","","","","","","","","","","","","","","","","","","","","","","","","","","","","","0"
"30","Arkansas St.","10/02/10","11","BUTTERFIELD","PHILLIP","2","21","0","21","0","","","","","","","2","21","","","","","","","","","","","","","","","","","","","","","","","","","","","","","","0"
"30","Arkansas St.","10/09/10","11","BUTTERFIELD","PHILLIP","2","6","0","6","0","","","","","","","2","6","","","","","","","","","","","","","","","","","","","","","","","","","","","","","","0"
"30","Arkansas St.","10/16/10","11","BUTTERFIELD","PHILLIP","1","1","0","1","0","1","1","0","1","0","","2","2","","","","","","","","","","","","","","","","","","","","","","","","","","","","","","0"
"30","Arkansas St.","10/23/10","11","BUTTERFIELD","PHILLIP","2","3","1","2","0","1","1","0","4","0","","3","6","1","7","0","","","","","","","","","","","","","","","","","","","","","","","","","","","0"
"30","Arkansas St.","11/02/10","11","BUTTERFIELD","PHILLIP","1","7","0","7","0","2","2","0","43","1","","3","50","","","","","","","","","","","","","","","","","","","","","","","","","","","","","","0"
"30","Arkansas St.","11/20/10","11","BUTTERFIELD","PHILLIP","1","4","0","4","0","","","","","","","1","4","","","","","","","","","","","","","","","","","","","","","","","","","","","","","","0"
"30","Arkansas St.","11/27/10","11","BUTTERFIELD","PHILLIP","6","43","2","41","0","12","3","0","24","0","","18","65","1","4","1","","","","","","","","","","","","","","","1","","","","","","","","","","","","6"
"30","Arkansas St.","09/25/10","34","BYRD","NAJEL","1","2","0","2","0","","","","","","","1","2","","","","","","","","","","","","","","","","","","","","","","","","","","","","","","0"
"30","Arkansas St.","09/04/10","2B","DAVIS","BRIAN","","","","","","","","","","","","0","0","","","","","","","","","","","","","","","","","","","3","2","0","0","","","","","2","2","","8"
"30","Arkansas St.","11/02/10","2B","DAVIS","BRIAN","","","","","","","","","","","","0","0","","","","","","","","","","","","","","","","","","","4","4","0","0","","","","","2","1","","7"
"30","Arkansas St.","11/13/10","2B","DAVIS","BRIAN","","","","","","","","","","","","0","0","","","","","","","","","","","","","","","","","","","5","5","0","0","","","","","","","","5"
"30","Arkansas St.","11/20/10","2B","DAVIS","BRIAN","","","","","","","","","","","","0","0","","","","","","","","","","","","","","","","","","","2","1","0","0","","","","","2","2","","7"
"30","Arkansas St.","11/27/10","2B","DAVIS","BRIAN","","","","","","","","","","","","0","0","","","","","","","","","","","","","","","","","","","3","3","0","0","","","","","2","1","","6"
"30","Arkansas St.","09/18/10","23","DAVIS","DEMARIO","","","","","","","","","","","","0","0","2","16","0","","","","","","","","","","","","","","","","","","","","","","","","","","","0"
"30","Arkansas St.","11/02/10","23","DAVIS","DEMARIO","","","","","","","","","","","","0","0","","","","2","10","0","","","","","","","","","","","","","","","","","","","","","","","","0"
"30","Arkansas St.","11/02/10","97","DRAPER","AMOS","","","","","","","","","","","","0","0","","","","","","","1","35","0","","","","","","","","","","","","","","","","","","","","","0"
"30","Arkansas St.","11/02/10","29","FEEMSTER","DARRYL","","","","","","","","","","","","0","0","","","","1","28","0","","","","","","","","","","","","","","","","","","","","","","","","0"
"30","Arkansas St.","10/02/10","82","FLEMING","R.J.","5","29","0","29","0","","","","","","","5","29","","","","","","","","","","","","","","","","","","","","","","","","","","","","","","0"
"30","Arkansas St.","10/09/10","82","FLEMING","R.J.","2","6","0","6","0","","","","","","","2","6","2","17","0","","","","","","","","","","","","","","","","","","","","","","","","","","","0"
"30","Arkansas St.","10/16/10","82","FLEMING","R.J.","","","","","","","","","","","","0","0","1","2","0","","","","","","","","","","","","1","62","0","","","","","","","","","","","","","0"
"30","Arkansas St.","10/23/10","82","FLEMING","R.J.","1","8","0","8","0","","","","","","","1","8","1","1","0","","","","","","","","","","","","","","","","","","","","","","","","","","","0"
"30","Arkansas St.","11/02/10","82","FLEMING","R.J.","1","10","0","10","0","","","","","","","1","10","1","10","0","","","","","","","","","","","","","","","","","","","","","","","","","","","0"
"30","Arkansas St.","11/13/10","82","FLEMING","R.J.","","","","","","","","","","","","0","0","3","55","0","","","","","","","","","","","","","","","","","","","","","","","","","","","0"
"30","Arkansas St.","11/20/10","82","FLEMING","R.J.","","","","","","","","","","","","0","0","2","-7","0","","","","","","","","","","","","2","96","0","","","","","","","","","","","","","0"
"30","Arkansas St.","09/04/10","9","FRAMPTON","DWAYNE","","","","","","","","","","","","0","0","8","74","1","","","","","","","","","1","7","0","3","50","0","1","","","","","","","","","","","","6"
"30","Arkansas St.","09/11/10","9","FRAMPTON","DWAYNE","1","0","2","-2","0","","","","","","","1","-2","5","94","0","","","","","","","","","1","-4","0","2","30","0","","","","","","","","","","","","","0"
"30","Arkansas St.","09/18/10","9","FRAMPTON","DWAYNE","3","26","0","26","0","","","","","","","3","26","8","83","1","","","","","","","","","1","12","0","","","","1","","","","","","","","","","","","6"
"30","Arkansas St.","09/25/10","9","FRAMPTON","DWAYNE","3","1","9","-8","0","","","","","","","3","-8","2","11","0","","","","","","","","","","","","2","19","0","","","","","","","","","","","","","0"
"30","Arkansas St.","10/02/10","9","FRAMPTON","DWAYNE","1","1","0","1","0","","","","","","","1","1","2","31","0","","","","","","","","","1","0","0","","","","","","","","","","","","","","","","0"
"30","Arkansas St.","10/09/10","9","FRAMPTON","DWAYNE","","","","","","1","0","0","0","0","","1","0","3","38","1","","","","","","","","","","","","","","","1","","","","","","","","","","","","6"
"30","Arkansas St.","10/16/10","9","FRAMPTON","DWAYNE","2","9","15","-6","0","","","","","","","2","-6","12","93","1","","","","","","","","","2","0","0","","","","1","","","","","","","","","","","","6"
"30","Arkansas St.","10/23/10","9","FRAMPTON","DWAYNE","2","3","0","3","0","","","","","","","2","3","6","47","0","","","","","","","","","","","","","","","","","","","","","","","","","","","0"
"30","Arkansas St.","11/02/10","9","FRAMPTON","DWAYNE","","","","","","","","","","","","0","0","6","138","1","","","","","","","","","","","","","","","1","","","","","","","","","","","","6"
"30","Arkansas St.","11/13/10","9","FRAMPTON","DWAYNE","1","0","6","-6","0","","","","","","","1","-6","10","59","1","","","","","","","","","","","","","","","1","","","","","","","","","","","","6"
"30","Arkansas St.","11/20/10","9","FRAMPTON","DWAYNE","","","","","","","","","","","","0","0","5","40","0","","","","","","","","","","","","","","","","","","","","","","","","","","","0"
"30","Arkansas St.","11/27/10","9","FRAMPTON","DWAYNE","1","4","0","4","0","1","1","0","4","1","","2","8","2","30","0","","","","","","","","","","","","","","","","","","","","","","","","","","","0"
"30","Arkansas St.","09/04/10","8B","GERICKE","DEAN","","","","","","","","","","","","0","0","","","","","","","","","","2","85","","","","","","","","","","","","","","","","","","","0"
"30","Arkansas St.","09/11/10","8B","GERICKE","DEAN","","","","","","","","","","","","0","0","","","","","","","","","","1","64","","","","","","","","","","","","","","","","","","","0"
"30","Arkansas St.","09/18/10","8B","GERICKE","DEAN","","","","","","","","","","","","0","0","","","","","","","","","","1","41","","","","","","","","","","","","","","","","","","","0"
"30","Arkansas St.","10/02/10","8B","GERICKE","DEAN","","","","","","","","","","","","0","0","","","","","","","","","","1","37","","","","","","","","","","","","","","","","","","","0"
"30","Arkansas St.","10/09/10","8B","GERICKE","DEAN","","","","","","","","","","","","0","0","","","","","","","","","","3","93","","","","","","","","","","","","","","","","","","","0"
"30","Arkansas St.","11/13/10","8B","GERICKE","DEAN","","","","","","","","","","","","0","0","","","","","","","","","","3","152","","","","","","","","","","","","","","","","","","","0"
"30","Arkansas St.","09/04/10","86","HALL","RODERICK","","","","","","","","","","","","0","0","","","","","","","","","","","","","","","3","81","0","","","","","","","","","","","","","0"
"30","Arkansas St.","09/11/10","86","HALL","RODERICK","","","","","","","","","","","","0","0","","","","","","","","","","","","","","","4","98","0","","","","","","","","","","","","","0"
"30","Arkansas St.","09/18/10","86","HALL","RODERICK","","","","","","","","","","","","0","0","4","49","0","","","","","","","","","","","","3","70","0","","","","","","","","","","","","","0"
"30","Arkansas St.","09/25/10","86","HALL","RODERICK","","","","","","","","","","","","0","0","","","","","","","","","","","","1","20","0","2","27","0","","","","","","","","","","","","","0"
"30","Arkansas St.","10/02/10","86","HALL","RODERICK","","","","","","","","","","","","0","0","","","","","","","","","","","","","","","4","78","0","","","","","","","","","","","","","0"
"30","Arkansas St.","10/09/10","86","HALL","RODERICK","","","","","","","","","","","","0","0","","","","","","","","","","","","1","9","0","3","59","0","","","","","","","","","","","","","0"
"30","Arkansas St.","10/16/10","86","HALL","RODERICK","1","2","0","2","0","","","","","","","1","2","","","","","","","","","","","","1","0","0","4","158","0","","","","","","","","","","","","","0"
"30","Arkansas St.","10/23/10","86","HALL","RODERICK","","","","","","","","","","","","0","0","","","","","","","","","","","","3","13","0","1","25","0","","","","","","","","","","","","","0"
"30","Arkansas St.","11/02/10","86","HALL","RODERICK","","","","","","","","","","","","0","0","","","","","","","","","","","","","","","1","27","0","","","","","","","","","","","","","0"
"30","Arkansas St.","11/13/10","86","HALL","RODERICK","","","","","","","","","","","","0","0","","","","","","","","","","","","3","41","0","3","42","0","","","","","","","","","","","","","0"
"30","Arkansas St.","11/20/10","86","HALL","RODERICK","","","","","","","","","","","","0","0","","","","","","","","","","","","1","-1","0","4","73","0","","","","","","","","","","","","","0"
"30","Arkansas St.","11/27/10","86","HALL","RODERICK","","","","","","","","","","","","0","0","","","","","","","","","","","","","","","5","116","0","","","","","","","","","","","","","0"
"30","Arkansas St.","09/04/10","8","HENDERSON","LUCIOUS","","","","","","","","","","","","0","0","4","22","0","","","","","","","","","","","","1","3","0","","","","","","","","","","","","","0"
"30","Arkansas St.","11/13/10","8","HENDERSON","LUCIOUS","","","","","","","","","","","","0","0","1","11","0","","","","","","","","","","","","","","","","","","","","","","","","","","","0"
"30","Arkansas St.","11/27/10","8","HENDERSON","LUCIOUS","1","17","0","17","0","","","","","","","1","17","","","","","","","","","","","","","","","1","17","0","","","","","","","","","","","","","0"
"30","Arkansas St.","10/23/10","13","HILLS","ADRIAN","","","","","","","","","","","","0","0","","","","2","43","1","","","","","","","","","","","","1","","","","","","","","","","","","6"
"30","Arkansas St.","09/04/10","24","HOLMES","TAUSEAN","","","","","","","","","","","","0","0","","","","","","","","","","","","","","","1","13","0","","","","","","","","","","","","","0"
"30","Arkansas St.","09/25/10","24","HOLMES","TAUSEAN","","","","","","","","","","","","0","0","","","","1","0","0","","","","","","","","","","","","","","","","","","","","","","","","0"
"30","Arkansas St.","09/18/10","26","JENNINGS","M.D.","","","","","","","","","","","","0","0","","","","2","62","0","","","","","","","","","","","","","","","","","","","","","","","","0"
"30","Arkansas St.","11/20/10","26","JENNINGS","M.D.","","","","","","","","","","","","0","0","","","","","","","1","17","0","","","","","","","","","","","","","","","","","","","","","0"
"30","Arkansas St.","11/27/10","26","JENNINGS","M.D.","","","","","","","","","","","","0","0","","","","1","33","0","","","","","","","","","","","","","","","","","","","","","","","","0"
"30","Arkansas St.","09/04/10","22","LAWSON","DEREK","16","48","3","45","1","","","","","","","16","45","2","17","0","","","","","","","","","","","","","","","1","","","","","","","","","","","","6"
"30","Arkansas St.","09/11/10","22","LAWSON","DEREK","3","9","2","7","0","","","","","","","3","7","1","24","0","","","","","","","","","","","","","","","","","","","","","","","","","","","0"
"30","Arkansas St.","09/18/10","22","LAWSON","DEREK","10","52","0","52","1","","","","","","","10","52","","","","","","","","","","","","","","","","","","1","","","","","","","","","","","","6"
"30","Arkansas St.","09/25/10","22","LAWSON","DEREK","13","44","3","41","1","","","","","","","13","41","1","-1","0","","","","","","","","","","","","","","","1","","","","","","","","","","","","6"
"30","Arkansas St.","10/02/10","22","LAWSON","DEREK","11","71","0","71","0","","","","","","","11","71","2","22","0","","","","","","","","","","","","","","","","","","","","","","","","","","","0"
"30","Arkansas St.","10/09/10","22","LAWSON","DEREK","12","74","1","73","0","","","","","","","12","73","","","","","","","","","","","","","","","","","","","","","","","","","","","","","","0"
"30","Arkansas St.","10/16/10","22","LAWSON","DEREK","7","18","0","18","0","","","","","","","7","18","2","25","0","","","","","","","","","","","","","","","","","","","","","","","","","","","0"
"30","Arkansas St.","10/23/10","22","LAWSON","DEREK","5","9","6","3","0","","","","","","","5","3","4","34","0","","","","","","","","","","","","","","","","","","","","","","","","","","","0"
"30","Arkansas St.","11/02/10","22","LAWSON","DEREK","15","106","2","104","1","","","","","","","15","104","2","21","0","","","","","","","","","","","","","","","1","","","","","","","","","","","","6"
"30","Arkansas St.","11/13/10","22","LAWSON","DEREK","6","56","3","53","0","","","","","","","6","53","","","","","","","","","","","","","","","","","","","","","","","","","","","","","","0"
"30","Arkansas St.","11/20/10","22","LAWSON","DEREK","1","0","0","0","0","","","","","","","1","0","","","","","","","","","","","","","","","","","","","","","","","","","","","","","","0"
"30","Arkansas St.","11/27/10","22","LAWSON","DEREK","6","34","1","33","0","","","","","","","6","33","1","12","1","","","","","","","","","","","","","","","1","","","","","","","","","","","","6"
"30","Arkansas St.","09/04/10","1","MCCANTS","CARLOS","","","","","","","","","","","","0","0","2","20","0","","","","","","","","","","","","","","","","","","","","","","","","","","","0"
"30","Arkansas St.","09/18/10","1","MCCANTS","CARLOS","","","","","","","","","","","","0","0","3","50","0","","","","","","","","","","","","","","","","","","","","","","","","","","","0"
"30","Arkansas St.","09/25/10","1","MCCANTS","CARLOS","","","","","","","","","","","","0","0","1","13","0","","","","","","","","","","","","","","","","","","","","","","","","","","","0"
"30","Arkansas St.","10/09/10","1","MCCANTS","CARLOS","","","","","","","","","","","","0","0","1","27","0","","","","","","","","","","","","","","","","","","","","","","","","","","","0"
"30","Arkansas St.","10/16/10","1","MCCANTS","CARLOS","","","","","","","","","","","","0","0","1","6","0","","","","","","","","","","","","","","","","","","","","","","","","","","","0"
"30","Arkansas St.","10/23/10","1","MCCANTS","CARLOS","","","","","","","","","","","","0","0","1","12","0","","","","","","","","","","","","","","","","","","","","","","","","","","","0"
"30","Arkansas St.","11/13/10","1","MCCANTS","CARLOS","","","","","","","","","","","","0","0","1","41","0","","","","","","","","","","","","","","","","","","","","","","","","","","","0"
"30","Arkansas St.","10/02/10","21","MCCRAY","KELCIE","","","","","","","","","","","","0","0","","","","1","1","0","","","","","","","","","","","","","","","","","","","","","","","","0"
"30","Arkansas St.","10/16/10","5","MCKINNON","JAVON","","","","","","","","","","","","0","0","","","","","","","1","6","0","","","","","","","","","","","","","","","","","","","","","0"
"30","Arkansas St.","09/04/10","85","MURRY","KEDRIC","","","","","","","","","","","","0","0","2","9","0","","","","","","","","","","","","","","","","","","","","","","","","","","","0"
"30","Arkansas St.","09/18/10","85","MURRY","KEDRIC","","","","","","","","","","","","0","0","1","10","0","","","","","","","","","","","","","","","","","","","","","","","","","","","0"
"30","Arkansas St.","09/25/10","85","MURRY","KEDRIC","","","","","","","","","","","","0","0","2","20","1","","","","","","","","","","","","","","","1","","","","","","","","","","","","6"
"30","Arkansas St.","10/09/10","85","MURRY","KEDRIC","","","","","","","","","","","","0","0","1","25","0","","","","","","","","","","","","","","","","","","","","","","","","","","","0"
"30","Arkansas St.","10/16/10","85","MURRY","KEDRIC","","","","","","","","","","","","0","0","1","6","0","","","","","","","","","","","","","","","","","","","","","","","","","","","0"
"30","Arkansas St.","10/23/10","85","MURRY","KEDRIC","","","","","","","","","","","","0","0","1","1","0","","","","","","","","","","","","","","","","","","","","","","","","","","","0"
"30","Arkansas St.","11/27/10","85","MURRY","KEDRIC","","","","","","","","","","","","0","0","1","6","0","","","","","","","","","","","","","","","","","","","","","","","","","","","0"
"30","Arkansas St.","09/04/10","17","MUSE","ALLEN","","","","","","","","","","","","0","0","4","80","0","","","","","","","","","","","","","","","","","","","","","","","","","","","0"
"30","Arkansas St.","09/11/10","17","MUSE","ALLEN","","","","","","","","","","","","0","0","5","133","0","","","","","","","","","","","","","","","","","","","","","","","","","","","0"
"30","Arkansas St.","09/25/10","17","MUSE","ALLEN","","","","","","","","","","","","0","0","7","119","1","","","","","","","","","","","","","","","1","","","","","","","","","","","","6"
"30","Arkansas St.","10/02/10","17","MUSE","ALLEN","","","","","","","","","","","","0","0","3","50","2","","","","","","","","","","","","","","","2","","","","","","","","","","","","12"
"30","Arkansas St.","10/09/10","17","MUSE","ALLEN","","","","","","","","","","","","0","0","2","15","0","","","","","","","","","","","","","","","","","","","","","","","","","","","0"
"30","Arkansas St.","10/16/10","17","MUSE","ALLEN","","","","","","","","","","","","0","0","4","40","0","","","","","","","","","","","","","","","","","","","","","","","","","","","0"
"30","Arkansas St.","10/23/10","17","MUSE","ALLEN","","","","","","","","","","","","0","0","2","26","0","","","","","","","","","","","","","","","","","","","","","","","","","","","0"
"30","Arkansas St.","11/02/10","17","MUSE","ALLEN","","","","","","","","","","","","0","0","2","14","0","","","","","","","","","","","","","","","","","","","","","","","","","","","0"
"30","Arkansas St.","11/13/10","17","MUSE","ALLEN","","","","","","","","","","","","0","0","1","8","0","","","","","","","","","","","","","","","","","","","","","","","","","","","0"
"30","Arkansas St.","11/20/10","17","MUSE","ALLEN","","","","","","","","","","","","0","0","8","69","1","","","","","","","","","","","","","","","1","","","","","","","","","","","","6"
"30","Arkansas St.","11/27/10","17","MUSE","ALLEN","1","2","0","2","0","","","","","","","1","2","4","81","1","","","","","","","","","","","","","","","1","","","","","","","","","","","","6"
"30","Arkansas St.","09/04/10","43","ROBERTSON","JERMAINE","7","21","1","20","1","","","","","","","7","20","","","","","","","","","","","","","","","","","","1","","","","","","","","","","","","6"
"30","Arkansas St.","09/11/10","43","ROBERTSON","JERMAINE","5","8","0","8","0","","","","","","","5","8","3","20","0","","","","","","","","","","","","","","","","","","","","","","","","","","","0"
"30","Arkansas St.","09/18/10","43","ROBERTSON","JERMAINE","3","9","0","9","0","","","","","","","3","9","","","","","","","","","","","","","","","","","","","","","","","","","","","","","","0"
"30","Arkansas St.","09/25/10","43","ROBERTSON","JERMAINE","7","68","0","68","1","","","","","","","7","68","","","","","","","","","","","","","","","1","10","0","1","","","","","","","","","","","","6"
"30","Arkansas St.","10/09/10","43","ROBERTSON","JERMAINE","2","8","0","8","0","","","","","","","2","8","","","","","","","","","","","","","","","","","","","","","","","","","","","","","","0"
"30","Arkansas St.","10/16/10","43","ROBERTSON","JERMAINE","","","","","","","","","","","","0","0","","","","","","","","","","","","","","","1","3","0","","","","","","","","","","","","","0"
"30","Arkansas St.","10/23/10","43","ROBERTSON","JERMAINE","12","55","3","52","1","","","","","","","12","52","","","","","","","","","","","","","","","","","","1","","","","","","","","","","","","6"
"30","Arkansas St.","11/02/10","43","ROBERTSON","JERMAINE","13","80","1","79","2","","","","","","","13","79","","","","","","","","","","","","","","","","","","2","","","","","","","","","","","","12"
"30","Arkansas St.","11/13/10","43","ROBERTSON","JERMAINE","4","13","0","13","0","","","","","","","4","13","","","","","","","","","","","","","","","","","","","","","","","","","","","","","","0"
"30","Arkansas St.","11/20/10","43","ROBERTSON","JERMAINE","15","92","0","92","0","","","","","","","15","92","","","","","","","","","","","","","","","","","","","","","","","","","","","","","","0"
"30","Arkansas St.","11/27/10","43","ROBERTSON","JERMAINE","1","0","1","-1","0","","","","","","","1","-1","","","","","","","","","","","","","","","","","","","","","","","","","","","","","","0"
"30","Arkansas St.","09/04/10","10","ROBINSON","ANTHONY","","","","","","","","","","","","0","0","3","24","0","","","","","","","","","","","","","","","","","","","","","","","","","","","0"
"30","Arkansas St.","09/11/10","10","ROBINSON","ANTHONY","1","1","0","1","0","","","","","","","1","1","6","68","1","","","","","","","","","","","","","","","1","","","","","","","","","","","","6"
"30","Arkansas St.","09/18/10","10","ROBINSON","ANTHONY","","","","","","","","","","","","0","0","1","36","0","","","","","","","","","","","","","","","","","","","","","","","","","","","0"
"30","Arkansas St.","10/02/10","10","ROBINSON","ANTHONY","","","","","","","","","","","","0","0","1","22","0","","","","","","","","","","","","","","","","","","","","","","","","","","","0"
"30","Arkansas St.","10/09/10","10","ROBINSON","ANTHONY","","","","","","","","","","","","0","0","1","20","0","","","","","","","","","","","","","","","","","","","","","","","","","","","0"
"30","Arkansas St.","10/16/10","10","ROBINSON","ANTHONY","2","6","0","6","0","","","","","","","2","6","6","34","0","","","","","","","","","","","","","","","","","","","","","","","","","","","0"
"30","Arkansas St.","10/23/10","10","ROBINSON","ANTHONY","1","4","0","4","1","","","","","","","1","4","8","88","1","","","","","","","","","","","","","","","2","","","","","","","","","","","","12"
"30","Arkansas St.","11/02/10","10","ROBINSON","ANTHONY","","","","","","","","","","","","0","0","1","11","0","","","","","","","","","","","","","","","","","","","","","","","","","","","0"
"30","Arkansas St.","11/13/10","10","ROBINSON","ANTHONY","","","","","","","","","","","","0","0","5","36","0","","","","","","","","","","","","","","","","","","","","","","","","","","","0"
"30","Arkansas St.","11/20/10","10","ROBINSON","ANTHONY","","","","","","","","","","","","0","0","2","6","0","","","","","","","","","","","","","","","","","","","","","","","","","","","0"
"30","Arkansas St.","11/27/10","10","ROBINSON","ANTHONY","","","","","","","","","","","","0","0","1","3","0","","","","","","","","","","","","","","","","","","","","","","","","","","","0"
"30","Arkansas St.","09/04/10","18","SMITH","ANDRE","","","","","","","","","","","","0","0","2","19","0","","","","","","","","","","","","","","","","","","","","","","","","","","","0"
"30","Arkansas St.","10/02/10","18","SMITH","ANDRE","","","","","","","","","","","","0","0","1","8","0","","","","","","","","","","","","","","","","","","","","","","","","","","","0"
"30","Arkansas St.","10/16/10","18","SMITH","ANDRE","","","","","","","","","","","","0","0","","","","","","","","","","","","","","","1","0","0","","","","","","","","","","","","","0"
"30","Arkansas St.","11/02/10","18","SMITH","ANDRE","","","","","","","","","","","","0","0","1","4","0","","","","","","","","","","","","","","","","","","","","","","","","","","","0"
"30","Arkansas St.","11/20/10","18","SMITH","ANDRE","","","","","","","","","","","","0","0","1","11","0","","","","","","","","","","","","","","","","","","","","","","","","","","","0"
"30","Arkansas St.","09/04/10","2","STOCKEMER","TAYLOR","","","","","","","","","","","","0","0","6","58","0","","","","","","","","","","","","","","","","","","","","","","","","","","","0"
"30","Arkansas St.","09/11/10","2","STOCKEMER","TAYLOR","","","","","","","","","","","","0","0","1","65","1","","","","","","","","","","","","","","","1","","","","","","","","","","","","6"
"30","Arkansas St.","09/25/10","2","STOCKEMER","TAYLOR","","","","","","","","","","","","0","0","3","75","0","","","","","","","","","","","","","","","","","","","","","","","","","","","0"
"30","Arkansas St.","10/02/10","2","STOCKEMER","TAYLOR","","","","","","","","","","","","0","0","2","65","1","","","","","","","","","","","","","","","1","","","","","","","","","","","","6"
"30","Arkansas St.","10/09/10","2","STOCKEMER","TAYLOR","","","","","","","","","","","","0","0","3","21","0","","","","","","","","","","","","","","","","","","","","","","","","","","","0"
"30","Arkansas St.","10/16/10","2","STOCKEMER","TAYLOR","","","","","","","","","","","","0","0","3","28","0","","","","","","","","","","","","","","","","","","","","","","","","","","","0"
"30","Arkansas St.","10/23/10","2","STOCKEMER","TAYLOR","","","","","","","","","","","","0","0","1","6","0","","","","","","","","","","","","","","","","","","","","","","","","","","","0"
"30","Arkansas St.","11/02/10","2","STOCKEMER","TAYLOR","","","","","","","","","","","","0","0","4","85","1","","","","","","","","","","","","","","","1","","","","","","","","","","","","6"
"30","Arkansas St.","11/13/10","2","STOCKEMER","TAYLOR","","","","","","","","","","","","0","0","5","80","2","","","","","","","","","","","","","","","2","","","","","","","","","","","","12"
"30","Arkansas St.","11/20/10","2","STOCKEMER","TAYLOR","","","","","","","","","","","","0","0","4","59","0","","","","","","","","","","","","","","","","","","","","","","","","","","","0"
"30","Arkansas St.","11/27/10","2","STOCKEMER","TAYLOR","","","","","","","","","","","","0","0","2","18","0","","","","","","","","","","","","","","","","","","","","","","","","","","","0"
"30","Arkansas St.","09/04/10","15","SULLIVENT","NEELY","","","","","","","","","","","","0","0","","","","","","","","","","6","224","","","","","","","","","","","","","","","","","","","0"
"30","Arkansas St.","09/11/10","15","SULLIVENT","NEELY","","","","","","","","","","","","0","0","","","","","","","","","","6","221","","","","","","","","","","","","","","","","","","","0"
"30","Arkansas St.","09/25/10","15","SULLIVENT","NEELY","","","","","","","","","","","","0","0","","","","","","","","","","6","258","","","","","","","","","","","","","","","","","","","0"
"30","Arkansas St.","10/02/10","15","SULLIVENT","NEELY","","","","","","","","","","","","0","0","","","","","","","","","","3","128","","","","","","","","","","","","","","","","","","","0"
"30","Arkansas St.","10/09/10","15","SULLIVENT","NEELY","","","","","","","","","","","","0","0","","","","","","","","","","4","140","","","","","","","","","","","","","","","","","","","0"
"30","Arkansas St.","10/16/10","15","SULLIVENT","NEELY","","","","","","","","","","","","0","0","","","","","","","","","","4","189","","","","","","","","","","","","","","","","","","","0"
"30","Arkansas St.","10/23/10","15","SULLIVENT","NEELY","1","9","0","9","0","","","","","","","1","9","","","","","","","","","","6","273","","","","","","","","","","","","","","","","","","","0"
"30","Arkansas St.","11/02/10","15","SULLIVENT","NEELY","","","","","","","","","","","","0","0","","","","","","","","","","1","43","","","","","","","","","","","","","","","","","","","0"
"30","Arkansas St.","11/13/10","15","SULLIVENT","NEELY","","","","","","","","","","","","0","0","","","","","","","","","","1","36","","","","","","","","","","","","","","","","","","","0"
"30","Arkansas St.","11/20/10","15","SULLIVENT","NEELY","","","","","","","","","","","","0","0","","","","","","","","","","3","130","","","","","","","","","","","","","","","","","","","0"
"30","Arkansas St.","11/27/10","15","SULLIVENT","NEELY","","","","","","","","","","","","0","0","","","","","","","","","","3","107","","","","","","","","","","","","","","","","","","","0"
"30","Arkansas St.","09/11/10","27","THORNTON","SIRGREGORY","","","","","","","","","","","","0","0","2","20","0","","","","","","","","","","","","","","","","","","","","","","","","","","","0"
"30","Arkansas St.","09/18/10","27","THORNTON","SIRGREGORY","5","30","0","30","0","","","","","","","5","30","2","-4","0","","","","","","","","","","","","","","","","","","","","","","","","","","","0"
"30","Arkansas St.","09/25/10","27","THORNTON","SIRGREGORY","1","3","0","3","0","","","","","","","1","3","","","","","","","","","","","","","","","","","","","","","","","","","","","","","","0"
"30","Arkansas St.","10/02/10","27","THORNTON","SIRGREGORY","9","78","0","78","0","","","","","","","9","78","1","11","0","","","","","","","","","","","","","","","","","","","","","","","","","","","0"
"30","Arkansas St.","10/09/10","27","THORNTON","SIRGREGORY","5","11","6","5","0","","","","","","","5","5","1","6","0","","","","","","","","","","","","","","","","","","","","","","","","","","","0"
"30","Arkansas St.","10/16/10","27","THORNTON","SIRGREGORY","3","17","0","17","1","","","","","","","3","17","5","42","1","","","","","","","","","","","","","","","2","","","","","","","","","","","","12"
"30","Arkansas St.","10/23/10","27","THORNTON","SIRGREGORY","5","36","0","36","0","","","","","","","5","36","2","11","0","","","","","","","","","","","","","","","","","","","","","","","","","","","0"
"30","Arkansas St.","11/13/10","27","THORNTON","SIRGREGORY","2","15","0","15","0","","","","","","","2","15","","","","","","","","","","","","","","","","","","","","","","","","","","","","","","0"
"30","Arkansas St.","11/20/10","27","THORNTON","SIRGREGORY","3","46","0","46","0","","","","","","","3","46","","","","","","","","","","","","","","","","","","","","","","","","","","","","","","0"
"30","Arkansas St.","11/27/10","27","THORNTON","SIRGREGORY","5","34","6","28","0","","","","","","","5","28","","","","","","","","","","","","","","","","","","","","","","","","","","","","","","0"
"30","Arkansas St.","09/11/10","12","WHITE","JONATHAN","","","","","","","","","","","","0","0","1","12","0","","","","","","","","","","","","","","","","","","","","","","","","","","","0"
"30","Arkansas St.","09/11/10","88","ZALUD","BOBBY","","","","","","","","","","","","0","0","","","","","","","","","","","","","","","","","","","3","3","0","0","","","","","2","1","","6"
"30","Arkansas St.","09/18/10","88","ZALUD","BOBBY","","","","","","","","","","","","0","0","","","","","","","","","","","","","","","","","","","4","4","0","0","","","","","3","2","","10"
"30","Arkansas St.","09/25/10","88","ZALUD","BOBBY","","","","","","","","","","","","0","0","","","","","","","","","","","","","","","","","","","4","4","0","0","","","","","","","","4"
"30","Arkansas St.","10/02/10","88","ZALUD","BOBBY","","","","","","","","","","","","0","0","","","","","","","","","","","","","","","","","","","3","3","0","0","","","","","2","1","","6"
"30","Arkansas St.","10/09/10","88","ZALUD","BOBBY","","","","","","","","","","","","0","0","","","","","","","","","","","","","","","","","","","3","3","0","0","","","","","1","1","","6"
"30","Arkansas St.","10/16/10","88","ZALUD","BOBBY","","","","","","","","","","","","0","0","","","","","","","","","","","","","","","","","","","4","4","0","0","","","","","1","0","","4"
"30","Arkansas St.","10/23/10","88","ZALUD","BOBBY","","","","","","","","","","","","0","0","","","","","","","","","","","","","","","","","","","5","4","0","0","","","","","2","1","","7"
"30","Arkansas St.","11/02/10","88","ZALUD","BOBBY","","","","","","","","","","","","0","0","","","","","","","","","","","","","","","","","","","3","2","0","0","","","","","1","0","","2"
"30","Arkansas St.","11/27/10","88","ZALUD","BOBBY","","","","","","","","","","","","0","0","","","","","","","","","","","","","","","","","","","","","","","","","","","1","0","","0"
"725","Army","09/25/10","50","ANDERSON","STEPHEN","","","","","","","","","","","","0","0","","","","1","36","0","","","","","","","","","","","","","","","","","","","","","","","","0"
"725","Army","12/30/10","50","ANDERSON","STEPHEN","","","","","","","","","","","","0","0","","","","1","8","0","","","","","","","","","","","","","","","","","","","","","","","","0"
"725","Army","10/30/10","15","AUSTIN","BRIAN","3","21","0","21","0","","","","","","","3","21","","","","","","","","","","","","","","","","","","","","","","","","","","","","","","0"
"725","Army","11/20/10","15","AUSTIN","BRIAN","2","6","2","4","0","","","","","","","2","4","","","","","","","","","","","","","","","","","","","","","","","","","","","","","","0"
"725","Army","09/04/10","87","BARR","AUSTIN","","","","","","","","","","","","0","0","1","12","0","","","","","","","","","","","","","","","","","","","","","","","","","","","0"
"725","Army","09/18/10","87","BARR","AUSTIN","","","","","","","","","","","","0","0","2","18","0","","","","","","","","","","","","","","","","","","","","","","","","","","","0"
"725","Army","09/25/10","87","BARR","AUSTIN","","","","","","","","","","","","0","0","3","51","1","","","","","","","","","","","","","","","1","","","","","","","","","","","","6"
"725","Army","10/02/10","87","BARR","AUSTIN","","","","","","","","","","","","0","0","2","47","1","","","","","","","","","","","","","","","1","","","","","","","","","","","","6"
"725","Army","10/09/10","87","BARR","AUSTIN","","","","","","","","","","","","0","0","1","9","0","","","","","","","","","","","","","","","","","","","","","","","","","","","0"
"725","Army","10/16/10","87","BARR","AUSTIN","","","","","","","","","","","","0","0","1","6","0","","","","","","","","","","","","","","","","","","","","","","","","","","","0"
"725","Army","10/30/10","87","BARR","AUSTIN","","","","","","","","","","","","0","0","1","11","0","","","","","","","","","","","","","","","","","","","","","","","","","","","0"
"725","Army","11/06/10","87","BARR","AUSTIN","","","","","","","","","","","","0","0","1","9","1","","","","","","","","","","","","","","","1","","","","","","","","","","","","6"
"725","Army","11/13/10","87","BARR","AUSTIN","","","","","","","","","","","","0","0","1","39","0","","","","","","","","","","","","","","","","","","","","","","","","","","","0"
"725","Army","12/11/10","87","BARR","AUSTIN","","","","","","","","","","","","0","0","1","13","0","","","","","","","","","","","","","","","","","","","","","","","","","","","0"
"725","Army","09/11/10","34","BOHN","JACOB","1","5","0","5","0","","","","","","","1","5","","","","","","","","","","","","","","","","","","","","","","","","","","","","","","0"
"725","Army","09/18/10","34","BOHN","JACOB","8","39","1","38","0","","","","","","","8","38","","","","","","","","","","","","","","","","","","","","","","","","","","","","","","0"
"725","Army","09/25/10","34","BOHN","JACOB","5","14","0","14","0","","","","","","","5","14","","","","","","","","","","","","","","","","","","","","","","","","","","","","","","0"
"725","Army","11/06/10","34","BOHN","JACOB","1","18","0","18","1","","","","","","","1","18","","","","","","","","","","","","","","","","","","1","","","","","","","","","","","","6"
"725","Army","09/11/10","13","BROOKS","DAVYD","1","0","5","-5","0","","","","","","","1","-5","3","49","0","","","","","","","","","","","","","","","","","","","","","","","","","","","0"
"725","Army","09/18/10","13","BROOKS","DAVYD","","","","","","","","","","","","0","0","1","12","0","","","","","","","","","","","","","","","","","","","","","","","","","","","0"
"725","Army","10/09/10","13","BROOKS","DAVYD","","","","","","","","","","","","0","0","1","8","1","","","","","","","","","","","","","","","1","","","","","","","","","","","","6"
"725","Army","10/16/10","13","BROOKS","DAVYD","1","8","0","8","0","","","","","","","1","8","2","24","0","","","","","","","","","","","","","","","","","","","","","","","","","","","0"
"725","Army","11/06/10","13","BROOKS","DAVYD","","","","","","","","","","","","0","0","1","22","0","","","","","","","","","","","","","","","","","","","","","","","","","","","0"
"725","Army","11/13/10","13","BROOKS","DAVYD","","","","","","","","","","","","0","0","2","47","0","","","","","","","","","","","","","","","","","","","","","","","","","","","0"
"725","Army","11/20/10","13","BROOKS","DAVYD","","","","","","","","","","","","0","0","1","27","0","","","","","","","","","","","","","","","","","","","","","","","","","","","0"
"725","Army","12/11/10","13","BROOKS","DAVYD","","","","","","","","","","","","0","0","2","19","0","","","","","","","","","","","","","","","","","","","","","","","","","","","0"
"725","Army","12/30/10","13","BROOKS","DAVYD","1","0","7","-7","0","","","","","","","1","-7","2","30","0","","","","","","","","","","","","","","","","","","","","","","","","","","","0"
"725","Army","09/04/10","23","BROWN","MALCOLM","10","74","6","68","0","","","","","","","10","68","","","","","","","","","","","","","","","4","66","0","","","","","","","","","","","","","0"
"725","Army","09/11/10","23","BROWN","MALCOLM","6","27","2","25","2","","","","","","","6","25","","","","","","","","","","","","","","","5","120","0","2","","","","","","","","","","","","12"
"725","Army","09/18/10","23","BROWN","MALCOLM","5","29","0","29","1","","","","","","","5","29","","","","","","","","","","","","","","","","","","1","","","","","","","","","","","","6"
"725","Army","09/25/10","23","BROWN","MALCOLM","9","48","2","46","0","","","","","","","9","46","","","","","","","","","","","","","","","1","23","0","","","","","","","","","","","","","0"
"725","Army","10/02/10","23","BROWN","MALCOLM","12","73","2","71","0","","","","","","","12","71","2","33","0","","","","","","","","","","","","2","42","0","","","","","","","","","","","","","0"
"725","Army","10/09/10","23","BROWN","MALCOLM","8","41","0","41","0","","","","","","","8","41","","","","","","","","","","","","","","","","","","","","","","","","","","","","","","0"
"725","Army","10/16/10","23","BROWN","MALCOLM","5","28","0","28","0","","","","","","","5","28","","","","","","","","","","","","","","","1","22","0","","","","","","","","","","","","","0"
"725","Army","12/11/10","23","BROWN","MALCOLM","2","5","1","4","0","","","","","","","2","4","3","59","2","","","","","","","","","","","","","","","2","","","","","","","","","","","","12"
"725","Army","12/30/10","23","BROWN","MALCOLM","5","31","0","31","1","","","","","","","5","31","","","","","","","","","","","","","","","","","","1","","","","","","","","","","","","6"
"725","Army","09/04/10","18","BULLS","JONATHAN","","","","","","","","","","","","0","0","","","","","","","","","","2","64","","","","","","","","","","","","","","","","","","","0"
"725","Army","09/11/10","18","BULLS","JONATHAN","","","","","","","","","","","","0","0","","","","","","","","","","4","153","","","","","","","","","","","","","","","","","","","0"
"725","Army","09/18/10","18","BULLS","JONATHAN","","","","","","","","","","","","0","0","","","","","","","","","","6","249","","","","","","","","","","","","","","","","","","","0"
"725","Army","09/25/10","18","BULLS","JONATHAN","","","","","","","","","","","","0","0","","","","","","","","","","6","230","","","","","","","","","","","","","","","","","","","0"
"725","Army","10/02/10","18","BULLS","JONATHAN","","","","","","","","","","","","0","0","","","","","","","","","","4","183","","","","","","","","","","","","","","","","","","","0"
"725","Army","10/09/10","18","BULLS","JONATHAN","","","","","","","","","","","","0","0","","","","","","","","","","1","41","","","","","","","","","","","","","","","","","","","0"
"725","Army","10/16/10","18","BULLS","JONATHAN","","","","","","","","","","","","0","0","","","","","","","","","","3","118","","","","","","","","","","","","","","","","","","","0"
"725","Army","10/30/10","18","BULLS","JONATHAN","","","","","","","","","","","","0","0","","","","","","","","","","4","148","","","","","","","","","","","","","","","","","","","0"
"725","Army","11/06/10","18","BULLS","JONATHAN","","","","","","","","","","","","0","0","","","","","","","","","","4","169","","","","","","","","","","","","","","","","","","","0"
"725","Army","11/13/10","18","BULLS","JONATHAN","","","","","","","","","","","","0","0","","","","","","","","","","4","150","","","","","","","","","","","","","","","","","","","0"
"725","Army","11/20/10","18","BULLS","JONATHAN","","","","","","","","","","","","0","0","","","","","","","","","","7","261","","","","","","","","","","","","","","","","","","","0"
"725","Army","12/11/10","18","BULLS","JONATHAN","","","","","","","","","","","","0","0","","","","","","","","","","5","195","","","","","","","","","","","","","","","","","","","0"
"725","Army","12/30/10","18","BULLS","JONATHAN","","","","","","","","","","","","0","0","","","","","","","","","","6","216","","","","","","","","","","","","","","","","","","","0"
"725","Army","09/04/10","39","CARLTON","ALEX","","","","","","","","","","","","0","0","","","","","","","","","","","","","","","","","","","4","4","0","0","","","","","2","1","","7"
"725","Army","09/11/10","39","CARLTON","ALEX","","","","","","","","","","","","0","0","","","","","","","","","","","","","","","","","","","4","4","0","0","","","","","1","0","","4"
"725","Army","09/18/10","39","CARLTON","ALEX","","","","","","","","","","","","0","0","","","","","","","","","","","","","","","","","","","3","3","0","0","","","","","2","1","","6"
"725","Army","09/25/10","39","CARLTON","ALEX","","","","","","","","","","","","0","0","","","","","","","","","","","","","","","","","","","5","5","0","0","","","","","1","0","","5"
"725","Army","10/02/10","39","CARLTON","ALEX","","","","","","","","","","","","0","0","","","","","","","","","","","","","","","","","","","5","5","0","0","","","","","1","0","","5"
"725","Army","10/09/10","39","CARLTON","ALEX","","","","","","","","","","","","0","0","","","","","","","","","","","","","","","","","","","5","5","0","0","","","","","3","2","","11"
"725","Army","10/16/10","39","CARLTON","ALEX","","","","","","","","","","","","0","0","","","","","","","","","","","","","","","","","","","2","2","0","0","","","","","3","2","","8"
"725","Army","10/30/10","39","CARLTON","ALEX","","","","","","","","","","","","0","0","","","","","","","","","","","","","","","","","","","3","3","0","0","","","","","2","2","","9"
"725","Army","11/06/10","39","CARLTON","ALEX","","","","","","","","","","","","0","0","","","","","","","","","","","","","","","","","","","1","1","0","0","","","","","3","3","","10"
"725","Army","11/13/10","39","CARLTON","ALEX","","","","","","","","","","","","0","0","","","","","","","","","","","","","","","","","","","6","6","0","0","","","","","1","1","","9"
"725","Army","11/20/10","39","CARLTON","ALEX","","","","","","","","","","","","0","0","","","","","","","","","","","","","","","","","","","","","","","","","","","1","1","","3"
"725","Army","12/11/10","39","CARLTON","ALEX","","","","","","","","","","","","0","0","","","","","","","","","","","","","","","","","","","2","2","0","0","","","","","1","1","","5"
"725","Army","12/30/10","39","CARLTON","ALEX","","","","","","","","","","","","0","0","","","","","","","","","","","","","","","","","","","2","1","0","0","","","","","1","1","","4"
"725","Army","09/04/10","32","COBBS","BRIAN","3","60","0","60","0","","","","","","","3","60","","","","","","","","","","","","","","","","","","","","","","","","","","","","","","0"
"725","Army","09/11/10","32","COBBS","BRIAN","3","20","0","20","0","","","","","","","3","20","","","","","","","","","","","","","","","","","","","","","","","","","","","","","","0"
"725","Army","09/18/10","32","COBBS","BRIAN","7","75","0","75","0","","","","","","","7","75","","","","","","","","","","","","","","","1","20","0","","","","","","","","","","","","","0"
"725","Army","09/25/10","32","COBBS","BRIAN","7","28","0","28","2","","","","","","","7","28","","","","","","","","","","","","","","","","","","2","","","","","","","","","","","","12"
"725","Army","10/02/10","32","COBBS","BRIAN","4","16","0","16","0","","","","","","","4","16","","","","","","","","","","","","","","","","","","","","","","","","","","","","","","0"
"725","Army","10/09/10","32","COBBS","BRIAN","2","6","1","5","1","","","","","","","2","5","","","","","","","","","","","","","","","","","","1","","","","","","","","","","","","6"
"725","Army","10/16/10","32","COBBS","BRIAN","4","2","2","0","0","","","","","","","4","0","2","47","0","","","","","","","","","","","","","","","","","","","","","","","","","","","0"
"725","Army","10/30/10","32","COBBS","BRIAN","1","0","1","-1","0","","","","","","","1","-1","","","","","","","","","","","","","","","1","16","0","","","","","","","","","","","","","0"
"725","Army","11/06/10","32","COBBS","BRIAN","2","2","1","1","0","","","","","","","2","1","","","","","","","","","","","","","","","","","","","","","","","","","","","","","","0"
"725","Army","11/13/10","32","COBBS","BRIAN","9","74","10","64","2","","","","","","","9","64","","","","","","","","","","","","","","","","","","2","","","","","","","","","","","","12"
"725","Army","11/20/10","32","COBBS","BRIAN","5","23","1","22","0","","","","","","","5","22","","","","","","","","","","","","","","","","","","","","","","","","","","","","","","0"
"725","Army","12/11/10","32","COBBS","BRIAN","1","1","0","1","0","","","","","","","1","1","","","","","","","","","","","","","","","","","","","","","","","","","","","","","","0"
"725","Army","12/30/10","32","COBBS","BRIAN","2","11","0","11","0","","","","","","","2","11","","","","","","","","","","","","","","","","","","","","","","","","","","","","","","0"
"725","Army","10/30/10","40","CROCKETT","","","","","","","","","","","","","0","0","","","","","","","","","","","","","","","1","12","0","","","","","","","","","","","","","0"
"725","Army","09/18/10","36","CRUCITTI","JON","13","32","5","27","0","","","","","","","13","27","1","6","0","","","","","","","","","","","","","","","","","","","","","","","","","","","0"
"725","Army","09/25/10","36","CRUCITTI","JON","9","44","0","44","0","","","","","","","9","44","","","","","","","","","","","","","","","","","","","","","","","","","","","","","","0"
"725","Army","10/30/10","36","CRUCITTI","JON","1","3","0","3","0","","","","","","","1","3","","","","","","","","","","","","","","","","","","","","","","","","","","","","","","0"
"725","Army","11/06/10","36","CRUCITTI","JON","2","7","0","7","0","","","","","","","2","7","2","32","0","","","","","","","","","","","","","","","","","","","","","","","","","","","0"
"725","Army","11/13/10","36","CRUCITTI","JON","2","2","0","2","0","","","","","","","2","2","","","","","","","","","","","","","","","","","","","","","","","","","","","","","","0"
"725","Army","11/20/10","36","CRUCITTI","JON","2","6","2","4","0","","","","","","","2","4","","","","","","","","","","","","","","","","","","","","","","","","","","","","","","0"
"725","Army","09/25/10","21","DIXON","DONNIE","","","","","","","","","","","","0","0","","","","1","20","0","","","","","","","","","","","","","","","","","","","","","","","","0"
"725","Army","09/04/10","7","HASSIN","JARED","12","68","0","68","3","","","","","","","12","68","","","","","","","","","","","","","","","","","","3","","","","","","","","","","","","18"
"725","Army","09/11/10","7","HASSIN","JARED","20","83","0","83","1","","","","","","","20","83","","","","","","","","","","","","","","","","","","1","","","","","","","","","","","","6"
"725","Army","09/18/10","7","HASSIN","JARED","5","17","0","17","0","","","","","","","5","17","","","","","","","","","","","","","","","","","","","","","","","","","","","","","","0"
"725","Army","09/25/10","7","HASSIN","JARED","6","23","0","23","0","","","","","","","6","23","","","","","","","","","","","","","","","","","","","","","","","","","","","","","","0"
"725","Army","10/02/10","7","HASSIN","JARED","12","58","0","58","0","","","","","","","12","58","3","29","0","","","","","","","","","","","","","","","","","","","","","","","","","","","0"
"725","Army","10/09/10","7","HASSIN","JARED","25","145","1","144","2","","","","","","","25","144","1","14","0","","","","","","","","","","","","","","","2","","","","","","","","","","","","12"
"725","Army","10/16/10","7","HASSIN","JARED","16","118","0","118","1","","","","","","","16","118","2","30","0","","","","","","","","","","","","","","","1","","","","","","","","","","","","6"
"725","Army","10/30/10","7","HASSIN","JARED","14","158","0","158","1","","","","","","","14","158","3","54","0","","","","","","","","","","","","","","","1","","","","","","","","","","","","6"
"725","Army","11/06/10","7","HASSIN","JARED","17","116","2","114","0","","","","","","","17","114","","","","","","","","","","","","","","","","","","","","","","","","","","","","","","0"
"725","Army","11/13/10","7","HASSIN","JARED","23","75","0","75","1","","","","","","","23","75","2","17","0","","","","","","","","","","","","","","","1","","","","","","","","","","","","6"
"725","Army","11/20/10","7","HASSIN","JARED","8","23","0","23","0","","","","","","","8","23","","","","","","","","","","","","","","","","","","","","","","","","","","","","","","0"
"725","Army","12/11/10","7","HASSIN","JARED","15","57","7","50","0","","","","","","","15","50","1","10","0","","","","","","","","","","","","","","","","","","","","","","","","","","","0"
"725","Army","12/30/10","7","HASSIN","JARED","18","86","4","82","0","","","","","","","18","82","","","","","","","","","","","","","","","","","","","","","","","","","","","","","","0"
"725","Army","09/11/10","96","HILTON","MARCUS","","","","","","","","","","","","0","0","","","","","","","1","10","0","","","","","","","","","","","","","","","","","","","","","0"
"725","Army","09/11/10","14","JACKSON","JOSH","","","","","","","","","","","","0","0","","","","","","","","","","","","1","4","0","","","","","","","","","","","","","","","","0"
"725","Army","09/18/10","14","JACKSON","JOSH","","","","","","","","","","","","0","0","","","","","","","","","","","","5","37","0","","","","","","","","","","","","","","","","0"
"725","Army","09/25/10","14","JACKSON","JOSH","","","","","","","","","","","","0","0","","","","","","","","","","","","1","11","0","1","26","0","","","","","","","","","","","","","0"
"725","Army","10/02/10","14","JACKSON","JOSH","","","","","","","","","","","","0","0","","","","","","","","","","","","2","27","0","3","64","0","","","","","","","","","","","","","0"
"725","Army","10/09/10","14","JACKSON","JOSH","","","","","","","","","","","","0","0","","","","","","","","","","","","3","3","0","3","83","0","","","","","","","","","","","","","0"
"725","Army","10/16/10","14","JACKSON","JOSH","","","","","","","","","","","","0","0","","","","","","","","","","","","1","13","0","3","31","0","","","","","","","","","","","","","0"
"725","Army","10/30/10","14","JACKSON","JOSH","","","","","","","","","","","","0","0","","","","","","","","","","","","2","17","0","1","14","0","","","","","","","","","","","","","0"
"725","Army","11/06/10","14","JACKSON","JOSH","","","","","","","","","","","","0","0","","","","","","","","","","","","2","16","0","3","66","0","","","","","","","","","","","","","0"
"725","Army","11/13/10","14","JACKSON","JOSH","","","","","","","","","","","","0","0","","","","","","","","","","","","1","4","0","4","82","0","","","","","","","","","","","","","0"
"725","Army","11/20/10","14","JACKSON","JOSH","","","","","","","","","","","","0","0","","","","","","","","","","","","","","","5","86","0","","","","","","","","","","","","","0"
"725","Army","12/11/10","14","JACKSON","JOSH","","","","","","","","","","","","0","0","","","","","","","","","","","","","","","3","71","0","","","","","","","","","","","","","0"
"725","Army","12/30/10","14","JACKSON","JOSH","","","","","","","","","","","","0","0","","","","1","38","0","","","","","","","","","","","","","","","","","","","","","","","","0"
"725","Army","09/11/10","11","JENKINS","MAX","10","30","1","29","1","2","1","0","20","0","","12","49","","","","","","","","","","","","","","","","","","1","","","","","","","","","","","","6"
"725","Army","09/25/10","11","JENKINS","MAX","1","1","0","1","0","","","","","","","1","1","","","","","","","","","","","","","","","","","","","","","","","","","","","","","","0"
"725","Army","10/02/10","11","JENKINS","MAX","","","","","","1","0","0","0","0","","1","0","","","","","","","","","","","","","","","","","","","","","","","","","","","","","","0"
"725","Army","11/06/10","11","JENKINS","MAX","2","12","5","7","0","1","0","0","0","0","","3","7","","","","","","","","","","","","","","","","","","","","","","","","","","","","","","0"
"725","Army","11/20/10","11","JENKINS","MAX","1","18","0","18","0","1","0","0","0","0","","2","18","","","","","","","","","","","","","","","","","","","","","","","","","","","","","","0"
"725","Army","10/30/10","29","JONES","JOSH","","","","","","","","","","","","0","0","","","","","","","","","","","","1","0","0","","","","","","","","","","","","","","","","0"
"725","Army","09/04/10","84","JORDAN","GEORGE","","","","","","","","","","","","0","0","3","34","0","","","","","","","","","","","","","","","","","","","","","","","","","","","0"
"725","Army","09/18/10","84","JORDAN","GEORGE","","","","","","","","","","","","0","0","1","9","0","","","","","","","","","","","","","","","","","","","","","","","","","","","0"
"725","Army","10/02/10","84","JORDAN","GEORGE","","","","","","","","","","","","0","0","1","11","0","","","","","","","","","","","","","","","","","","","","","","","","","","","0"
"725","Army","10/16/10","84","JORDAN","GEORGE","","","","","","","","","","","","0","0","1","8","0","","","","","","","","","","","","","","","","","","","","","","","","","","","0"
"725","Army","11/06/10","84","JORDAN","GEORGE","","","","","","","","","","","","0","0","1","7","0","","","","","","","","","","","","","","","","","","","","","","","","","","","0"
"725","Army","11/13/10","84","JORDAN","GEORGE","","","","","","","","","","","","0","0","4","46","0","","","","","","","","","","","","","","","","","","","","","","","","","","","0"
"725","Army","11/20/10","84","JORDAN","GEORGE","","","","","","","","","","","","0","0","1","12","0","","","","","","","","","","","","","","","","","","","","","","","","","","","0"
"725","Army","12/11/10","84","JORDAN","GEORGE","","","","","","","","","","","","0","0","3","21","0","","","","","","","","","","","","","","","","","","","","","","","","","","","0"
"725","Army","09/25/10","2","KING","RICHARD","","","","","","","","","","","","0","0","","","","1","0","0","","","","","","","","","","","","","","","","","","","","","","","","0"
"725","Army","11/13/10","2","KING","RICHARD","","","","","","","","","","","","0","0","","","","2","37","0","","","","","","","","","","","","","","","","","","","","","","","","0"
"725","Army","12/11/10","2","KING","RICHARD","","","","","","","","","","","","0","0","","","","1","0","0","","","","","","","","","","","","","","","","","","","","","","","","0"
"725","Army","09/11/10","1","MAPLES","RAYMOND","1","12","0","12","0","","","","","","","1","12","","","","","","","","","","","","","","","","","","","","","","","","","","","","","","0"
"725","Army","09/25/10","1","MAPLES","RAYMOND","9","40","8","32","0","","","","","","","9","32","1","34","1","","","","","","","","","","","","","","","1","","","","","","","","","","","","6"
"725","Army","10/02/10","1","MAPLES","RAYMOND","2","12","0","12","0","","","","","","","2","12","1","4","0","","","","","","","","","","","","","","","","","","","","","","","","","","","0"
"725","Army","10/09/10","1","MAPLES","RAYMOND","10","37","0","37","0","","","","","","","10","37","","","","","","","","","","","","","","","","","","","","","","","","","","","","","","0"
"725","Army","10/16/10","1","MAPLES","RAYMOND","1","13","0","13","0","","","","","","","1","13","","","","","","","","","","","","","","","","","","","","","","","","","","","","","","0"
"725","Army","11/06/10","1","MAPLES","RAYMOND","1","2","0","2","0","","","","","","","1","2","","","","","","","","","","","","","","","","","","","","","","","","","","","","","","0"
"725","Army","11/13/10","1","MAPLES","RAYMOND","3","26","0","26","1","","","","","","","3","26","","","","","","","","","","","","","","","","","","1","","","","","","","","","","","","6"
"725","Army","11/20/10","1","MAPLES","RAYMOND","5","10","0","10","0","","","","","","","5","10","","","","","","","","","","","","","","","","","","","","","","","","","","","","","","0"
"725","Army","12/11/10","1","MAPLES","RAYMOND","13","66","0","66","0","","","","","","","13","66","","","","","","","","","","","","","","","2","46","0","","","","","","","","","","","","","0"
"725","Army","12/30/10","1","MAPLES","RAYMOND","2","4","6","-2","0","","","","","","","2","-2","","","","","","","","","","","","","","","1","0","0","","","","","","","","","","","","","0"
"725","Army","12/30/10","44","MCNARY","JOSH","","","","","","","","","","","","0","0","","","","","","","1","55","1","","","","","","","","","1","","","","","","","","","","","","6"
"725","Army","09/04/10","5","MEALY","PATRICK","14","81","0","81","1","","","","","","","14","81","1","19","0","","","","","","","","","","","","1","3","0","1","","","","","","","","","","","","6"
"725","Army","09/11/10","5","MEALY","PATRICK","9","44","3","41","0","","","","","","","9","41","1","9","0","","","","","","","","","","","","","","","","","","","","","","","","","","","0"
"725","Army","09/18/10","5","MEALY","PATRICK","5","46","0","46","1","","","","","","","5","46","","","","","","","","","","","","","","","","","","1","","","","","","","","","","","","6"
"725","Army","10/02/10","5","MEALY","PATRICK","7","20","4","16","0","","","","","","","7","16","","","","","","","","","","","","","","","","","","","","","","","","","","","","","","0"
"725","Army","10/16/10","5","MEALY","PATRICK","5","20","0","20","0","","","","","","","5","20","","","","","","","","","","","","","","","","","","","","","","","","","","","","","","0"
"725","Army","10/30/10","5","MEALY","PATRICK","18","97","0","97","0","","","","","","","18","97","","","","","","","","","","","","","","","","","","","","","","","","","","","","","","0"
"725","Army","11/06/10","5","MEALY","PATRICK","13","39","3","36","0","","","","","","","13","36","1","11","0","","","","","","","","","","","","1","16","0","","","","","","","","","","","","","0"
"725","Army","11/13/10","5","MEALY","PATRICK","9","32","0","32","0","","","","","","","9","32","","","","","","","","","","","","","","","","","","","","","","","","","","","","","","0"
"725","Army","11/20/10","5","MEALY","PATRICK","6","31","1","30","0","","","","","","","6","30","","","","","","","","","","","","","","","1","15","0","","","","","","","","","","","","","0"
"725","Army","12/11/10","5","MEALY","PATRICK","4","16","2","14","0","","","","","","","4","14","1","6","0","","","","","","","","","","","","","","","","","","","","","","","","","","","0"
"725","Army","12/30/10","5","MEALY","PATRICK","11","57","0","57","0","","","","","","","11","57","","","","","","","","","","","","","","","","","","","","","","","","","","","","","","0"
"725","Army","09/04/10","8","STEELMAN","TRENT","15","57","22","35","0","11","5","0","65","0","","26","100","","","","","","","","","","","","","","","","","","","","","","","","","","","","","","0"
"725","Army","09/11/10","8","STEELMAN","TRENT","13","41","1","40","0","4","3","0","38","0","","17","78","","","","","","","","","","","","","","","","","","","","","","","","","","","","","","0"
"725","Army","09/18/10","8","STEELMAN","TRENT","11","73","5","68","1","10","5","0","45","0","","21","113","","","","","","","","","","","","","","","","","","1","","","","","","","","","","","","6"
"725","Army","09/25/10","8","STEELMAN","TRENT","18","69","7","62","1","6","4","0","85","2","","24","147","","","","","","","","","","","","","","","","","","1","","","","","","","","","","","","6"
"725","Army","10/02/10","8","STEELMAN","TRENT","19","77","12","65","4","16","9","0","124","1","","35","189","","","","","","","","","","","","","","","","","","4","","","","","","","","","","","","24"
"725","Army","10/09/10","8","STEELMAN","TRENT","17","88","3","85","1","5","3","0","31","1","","22","116","","","","","","","","","","","","","","","","","","1","","","","","","","","","","","","6"
"725","Army","10/16/10","8","STEELMAN","TRENT","27","111","9","102","1","14","8","0","115","0","","41","217","","","","","","","","","","","","","","","","","","1","","","","","","","","","","","","6"
"725","Army","10/30/10","8","STEELMAN","TRENT","10","53","11","42","1","11","4","0","65","0","","21","107","","","","","","","","","","","","","","","","","","1","","","","","","","","","","","","6"
"725","Army","11/06/10","8","STEELMAN","TRENT","11","65","5","60","0","12","6","1","81","1","0","23","141","","","","","","","","","","","","","","","","","","","","","1","0","","","","","","","","0"
"725","Army","11/13/10","8","STEELMAN","TRENT","13","37","0","37","2","10","9","0","149","0","","23","186","","","","","","","","","","","","","","","","","","2","","","","","","","","","","","","12"
"725","Army","11/20/10","8","STEELMAN","TRENT","14","37","13","24","0","7","2","2","39","0","","21","63","","","","","","","","","","","","","","","","","","","","","","","","","","","","","","0"
"725","Army","12/11/10","8","STEELMAN","TRENT","19","101","27","74","0","20","11","0","128","2","","39","202","","","","","","","","","","","","","","","","","","","","","","","","","","","","","","0"
"725","Army","12/30/10","8","STEELMAN","TRENT","10","32","5","27","0","7","2","0","30","0","","17","57","","","","","","","","","","","","","","","","","","","","","","","","","","","","","","0"
"725","Army","09/04/10","6","TRAVIS","DONOVAN","","","","","","","","","","","","0","0","","","","1","30","0","","","","","","","","","","","","","","","","","","","","","","","","0"
"725","Army","10/09/10","6","TRAVIS","DONOVAN","","","","","","","","","","","","0","0","","","","","","","","","","","","","","","1","31","0","","","","","","","","","","","","","0"
"725","Army","10/16/10","6","TRAVIS","DONOVAN","","","","","","","","","","","","0","0","","","","1","1","0","","","","","","","","","","","","","","","","","","","","","","","","0"
"725","Army","10/30/10","6","TRAVIS","DONOVAN","","","","","","","","","","","","0","0","","","","1","37","0","","","","","","","","","","","","","","","","","","","","","","","","0"
"725","Army","11/13/10","6","TRAVIS","DONOVAN","","","","","","","","","","","","0","0","","","","1","50","0","","","","","","","","","","","","","","","","","","","","","","","","0"
"725","Army","11/20/10","6","TRAVIS","DONOVAN","","","","","","","","","","","","0","0","","","","1","0","0","","","","","","","","","","","","","","","","","","","","","","","","0"
"725","Army","09/18/10","20","TRIMBLE","JORDAN","","","","","","","","","","","","0","0","","","","1","0","0","","","","","","","","","","","","","","","","","","","","","","","","0"
"725","Army","10/30/10","20","TRIMBLE","JORDAN","","","","","","","","","","","","0","0","","","","0","42","1","","","","","","","","","","","","1","","","","","","","","","","","","6"
"725","Army","10/16/10","53","WATTS","ZACH","","","","","","","","","","","","0","0","","","","","","","","","","","","1","7","0","","","","","","","","","","","","","","","","0"
"725","Army","10/16/10","22","WESTPHAL","SEAN","","","","","","","","","","","","0","0","","","","","","","","","","","","0","3","0","","","","","","","","","","","","","","","","0"
"37","Auburn","09/04/10","89","ADAMS","DARVIN","","","","","","","","","","","","0","0","2","58","0","","","","","","","","","","","","","","","","","","","","","","","","","","","0"
"37","Auburn","09/09/10","89","ADAMS","DARVIN","","","","","","","","","","","","0","0","3","38","1","","","","","","","","","","","","","","","1","","","","","","","","","","","","6"
"37","Auburn","09/18/10","89","ADAMS","DARVIN","","","","","","","","","","","","0","0","5","118","1","","","","","","","","","","","","","","","1","","","","","","","","","","","","6"
"37","Auburn","09/25/10","89","ADAMS","DARVIN","","","","","","","","","","","","0","0","4","45","0","","","","","","","","","","","","","","","","","","","","","","","","","","","0"
"37","Auburn","10/02/10","89","ADAMS","DARVIN","","","","","","","","","","","","0","0","2","25","0","","","","","","","","","","","","","","","","","","","","","","","","","","","0"
"37","Auburn","10/09/10","89","ADAMS","DARVIN","","","","","","","","","","","","0","0","5","101","0","","","","","","","","","","","","","","","","","","","","","","","","","","","0"
"37","Auburn","10/16/10","89","ADAMS","DARVIN","","","","","","","","","","","","0","0","2","34","0","","","","","","","","","","","","","","","","","","","","","","","","","","","0"
"37","Auburn","10/23/10","89","ADAMS","DARVIN","","","","","","","","","","","","0","0","3","33","0","","","","","","","","","","","","","","","","","","","","","","","","","","","0"
"37","Auburn","10/30/10","89","ADAMS","DARVIN","","","","","","","","","","","","0","0","6","75","1","","","","","","","","","","","","","","","1","","","","","","","","","","","","6"
"37","Auburn","11/06/10","89","ADAMS","DARVIN","","","","","","","","","","","","0","0","4","106","2","","","","","","","","","1","11","0","","","","2","","","","","","","","","","","","12"
"37","Auburn","11/13/10","89","ADAMS","DARVIN","","","","","","","","","","","","0","0","3","30","0","","","","","","","","","","","","","","","","","","","","","","","","","","","0"
"37","Auburn","11/26/10","89","ADAMS","DARVIN","","","","","","","","","","","","0","0","2","29","0","","","","","","","","","","","","","","","","","","","","","","","","","","","0"
"37","Auburn","12/04/10","89","ADAMS","DARVIN","","","","","","","","","","","","0","0","7","217","2","","","","","","","","","1","10","0","","","","2","","","","","","","","","","","","12"
"37","Auburn","01/10/11","89","ADAMS","DARVIN","","","","","","","","","","","","0","0","4","54","0","","","","","","","","","","","","","","","","","","","","","","","","","","","0"
"37","Auburn","12/04/10","25","BATES","DAREN","","","","","","","","","","","","0","0","","","","1","0","0","","","","","","","","","","","","","","","","","","","","","","","","0"
"37","Auburn","12/04/10","22","BELL","T'SHARVAN","","","","","","","","","","","","0","0","","","","1","10","1","","","","","","","","","","","","1","","","","","","","","","","","","6"
"37","Auburn","10/02/10","3","BENTON","DEANGELO","","","","","","","","","","","","0","0","1","15","0","","","","","","","","","","","","","","","","","","","","","","","","","","","0"
"37","Auburn","09/09/10","80","BLAKE","EMORY","","","","","","","","","","","","0","0","2","39","1","","","","","","","","","","","","","","","1","","","","","","","","","","","","6"
"37","Auburn","09/25/10","80","BLAKE","EMORY","","","","","","","","","","","","0","0","3","33","1","","","","","","","","","","","","","","","1","","","","","","","","","","","","6"
"37","Auburn","10/02/10","80","BLAKE","EMORY","","","","","","","","","","","","0","0","2","101","1","","","","","","","","","","","","","","","1","","","","","","","","","","","","6"
"37","Auburn","10/16/10","80","BLAKE","EMORY","","","","","","","","","","","","0","0","2","28","1","","","","","","","","","","","","","","","1","","","","","","","","","","","","6"
"37","Auburn","10/30/10","80","BLAKE","EMORY","","","","","","","","","","","","0","0","5","60","0","","","","","","","","","","","","","","","","","","","","","","","","","","","0"
"37","Auburn","11/06/10","80","BLAKE","EMORY","","","","","","","","","","","","0","0","3","45","1","","","","","","","","","","","","","","","1","","","","","","","","","","","","6"
"37","Auburn","11/13/10","80","BLAKE","EMORY","","","","","","","","","","","","0","0","3","64","0","","","","","","","","","","","","","","","","","","","","","","","","","","","0"
"37","Auburn","11/26/10","80","BLAKE","EMORY","","","","","","","","","","","","0","0","3","39","1","","","","","","","","","","","","","","","1","","","","","","","","","","","","6"
"37","Auburn","12/04/10","80","BLAKE","EMORY","","","","","","","","","","","","0","0","5","63","1","","","","","","","","","","","","","","","1","","","","","","","","","","","","6"
"37","Auburn","01/10/11","80","BLAKE","EMORY","","","","","","","","","","","","0","0","4","54","1","","","","","","","","","","","","","","","1","","","","","","","","","","","","6"
"37","Auburn","09/04/10","18","BURNS","KODI","2","3","1","2","1","","","","","","","2","2","","","","","","","","","","","","","","","","","","1","","","","","","","","","","","","6"
"37","Auburn","09/09/10","18","BURNS","KODI","","","","","","2","1","0","22","0","","2","22","","","","","","","","","","","","","","","","","","","","","","","","","","","","","","0"
"37","Auburn","10/02/10","18","BURNS","KODI","1","3","0","3","0","","","","","","","1","3","","","","","","","","","","","","","","","","","","","","","","","","","","","","","","0"
"37","Auburn","10/09/10","18","BURNS","KODI","","","","","","","","","","","","0","0","1","33","0","","","","","","","","","","","","","","","","","","","","","","","","","","","0"
"37","Auburn","10/16/10","18","BURNS","KODI","","","","","","1","0","0","0","0","","1","0","2","33","0","","","","","","","","","","","","","","","","","","","","","","","","","","","0"
"37","Auburn","10/30/10","18","BURNS","KODI","","","","","","1","1","0","20","1","","1","20","2","20","0","","","","","","","","","","","","","","","","","","","","","","","","","","","0"
"37","Auburn","11/06/10","18","BURNS","KODI","1","2","0","2","0","","","","","","","1","2","2","26","0","","","","","","","","","","","","","","","","","","","","","","","","","","","0"
"37","Auburn","11/13/10","18","BURNS","KODI","","","","","","1","0","0","0","0","","1","0","","","","","","","","","","","","","","","","","","","","","","","","","","","","","","0"
"37","Auburn","11/26/10","18","BURNS","KODI","","","","","","","","","","","","0","0","2","32","0","","","","","","","","","","","","","","","","","","","","","","","","","","","0"
"37","Auburn","12/04/10","18","BURNS","KODI","2","4","1","3","0","","","","","","","2","3","","","","","","","","","","","","","","","","","","","","","","","","","","","","","","0"
"37","Auburn","01/10/11","18","BURNS","KODI","","","","","","","","","","","","0","0","1","35","1","","","","","","","","","","","","","","","1","","","","","","","","","","","","6"
"37","Auburn","09/25/10","17","BYNES","JOSH","","","","","","","","","","","","0","0","","","","1","0","0","","","","","","","","","","","","","","","","","","","","","","","","0"
"37","Auburn","10/16/10","17","BYNES","JOSH","","","","","","","","","","","","0","0","","","","2","33","0","","","","","","","","","","","","","","","","","","","","","","","","0"
"37","Auburn","09/04/10","1A","BYRUM","WES","","","","","","","","","","","","0","0","","","","","","","","","","","","","","","","","","","7","7","0","0","","","","","1","1","","10"
"37","Auburn","09/09/10","1A","BYRUM","WES","","","","","","","","","","","","0","0","","","","","","","","","","","","","","","","","","","2","2","0","0","","","","","2","1","","5"
"37","Auburn","09/18/10","1A","BYRUM","WES","","","","","","","","","","","","0","0","","","","","","","","","","","","","","","","","","","3","3","0","0","","","","","2","2","","9"
"37","Auburn","09/25/10","1A","BYRUM","WES","","","","","","","","","","","","0","0","","","","","","","","","","","","","","","","","","","5","5","0","0","","","","","2","0","","5"
"37","Auburn","10/02/10","1A","BYRUM","WES","","","","","","","","","","","","0","0","","","","","","","","","","","","","","","","","","","7","7","0","0","","","","","1","1","","10"
"37","Auburn","10/09/10","1A","BYRUM","WES","","","","","","","","","","","","0","0","","","","","","","","","","","","","","","","","","","4","4","0","0","","","","","3","3","","13"
"37","Auburn","10/16/10","1A","BYRUM","WES","","","","","","","","","","","","0","0","","","","","","","","","","","","","","","","","","","8","8","0","0","","","","","3","3","","17"
"37","Auburn","10/23/10","1A","BYRUM","WES","","","","","","","","","","","","0","0","","","","","","","","","","","","","","","","","","","3","3","0","0","","","","","2","1","","6"
"37","Auburn","10/30/10","1A","BYRUM","WES","","","","","","","","","","","","0","0","","","","","","","","","","","","","","","","","","","6","6","0","0","","","","","3","3","","15"
"37","Auburn","11/06/10","1A","BYRUM","WES","","","","","","","","","","","","0","0","","","","","","","","","","","","","","","","","","","7","6","0","0","","","","","","","","6"
"37","Auburn","11/13/10","1A","BYRUM","WES","","","","","","","","","","","","0","0","","","","","","","","","","","","","","","","","","","7","7","0","0","","","","","","","","7"
"37","Auburn","11/26/10","1A","BYRUM","WES","","","","","","","","","","","","0","0","","","","","","","","","","","","","","","","","","","4","4","0","0","","","","","","","","4"
"37","Auburn","12/04/10","1A","BYRUM","WES","","","","","","","","","","","","0","0","","","","","","","","","","","","","","","","","","","8","8","0","0","","","","","1","0","","8"
"37","Auburn","01/10/11","1A","BYRUM","WES","","","","","","","","","","","","0","0","","","","","","","","","","","","","","","","","","","2","2","0","0","","","","","2","2","","8"
"37","Auburn","09/04/10","9","CARR","QUINDARIUS","","","","","","","","","","","","0","0","2","87","1","","","","","","","","","5","47","0","","","","1","","","","","","","","","","","","6"
"37","Auburn","09/09/10","9","CARR","QUINDARIUS","","","","","","","","","","","","0","0","","","","","","","","","","","","2","11","0","","","","","","","","","","","","","","","","0"
"37","Auburn","09/18/10","9","CARR","QUINDARIUS","","","","","","","","","","","","0","0","","","","","","","","","","","","2","6","0","","","","","","","","","","","","","","","","0"
"37","Auburn","09/25/10","9","CARR","QUINDARIUS","","","","","","","","","","","","0","0","","","","","","","","","","","","1","10","0","","","","","","","","","","","","","","","","0"
"37","Auburn","10/02/10","9","CARR","QUINDARIUS","","","","","","","","","","","","0","0","1","16","1","","","","","","","","","3","26","0","","","","1","","","","","","","","","","","","6"
"37","Auburn","11/06/10","9","CARR","QUINDARIUS","","","","","","","","","","","","0","0","","","","","","","","","","","","3","23","0","","","","","","","","","","","","","","","","0"
"37","Auburn","09/04/10","19","CAUDLE","NEIL","","","","","","1","1","0","42","0","","1","42","","","","","","","","","","","","","","","","","","","","","","","","","","","","","","0"
"37","Auburn","11/06/10","19","CAUDLE","NEIL","1","35","0","35","0","","","","","","","1","35","","","","","","","","","","","","","","","","","","","","","","","","","","","","","","0"
"37","Auburn","10/09/10","30","CLARK","STEVEN","","","","","","","","","","","","0","0","","","","","","","","","","2","68","","","","","","","","","","","","","","","","","","","0"
"37","Auburn","10/16/10","30","CLARK","STEVEN","","","","","","","","","","","","0","0","","","","","","","","","","2","79","","","","","","","","","","","","","","","","","","","0"
"37","Auburn","10/23/10","30","CLARK","STEVEN","","","","","","","","","","","","0","0","","","","","","","","","","3","112","","","","","","","","","","","","","","","","","","","0"
"37","Auburn","10/30/10","30","CLARK","STEVEN","","","","","","","","","","","","0","0","","","","","","","","","","1","36","","","","","","","","","","","","","","","","","","","0"
"37","Auburn","11/06/10","30","CLARK","STEVEN","","","","","","","","","","","","0","0","","","","","","","","","","1","19","","","","","","","","","","","","","","","","","","","0"
"37","Auburn","09/04/10","5","DYER","MICHAEL","14","95","0","95","1","","","","","","","14","95","1","9","0","","","","","","","","","","","","","","","1","","","","","","","","","","","","6"
"37","Auburn","09/09/10","5","DYER","MICHAEL","9","50","2","48","0","","","","","","","9","48","","","","","","","","","","","","","","","","","","","","","","","","","","","","","","0"
"37","Auburn","09/18/10","5","DYER","MICHAEL","16","75","6","69","0","","","","","","","16","69","","","","","","","","","","","","","","","","","","","","","","","","","","","","","","0"
"37","Auburn","09/25/10","5","DYER","MICHAEL","23","100","0","100","0","","","","","","","23","100","","","","","","","","","","","","","","","","","","","","","","","","","","","","","","0"
"37","Auburn","10/02/10","5","DYER","MICHAEL","7","22","0","22","1","","","","","","","7","22","","","","","","","","","","","","","","","","","","1","","","","","","","","","","","","6"
"37","Auburn","10/09/10","5","DYER","MICHAEL","9","59","3","56","0","","","","","","","9","56","","","","","","","","","","","","","","","","","","","","","","","","","","","","","","0"
"37","Auburn","10/16/10","5","DYER","MICHAEL","6","53","0","53","1","","","","","","","6","53","","","","","","","","","","","","","","","","","","1","","","","","","","","","","","","6"
"37","Auburn","10/23/10","5","DYER","MICHAEL","15","100","0","100","0","","","","","","","15","100","","","","","","","","","","","","","","","","","","","","","","","","","","","","","","0"
"37","Auburn","10/30/10","5","DYER","MICHAEL","21","181","1","180","1","","","","","","","21","180","","","","","","","","","","","","","","","","","","1","","","","","","","","","","","","6"
"37","Auburn","11/06/10","5","DYER","MICHAEL","4","76","0","76","1","","","","","","","4","76","","","","","","","","","","","","","","","","","","1","","","","","","","","","","","","6"
"37","Auburn","11/13/10","5","DYER","MICHAEL","13","60","0","60","0","","","","","","","13","60","","","","","","","","","","","","","","","","","","","","","","","","","","","","","","0"
"37","Auburn","11/26/10","5","DYER","MICHAEL","9","27","0","27","0","","","","","","","9","27","","","","","","","","","","","","","","","","","","","","","","","","","","","","","","0"
"37","Auburn","12/04/10","5","DYER","MICHAEL","14","64","0","64","0","","","","","","","14","64","","","","","","","","","","","","","","","","","","","","","","","","","","","","","","0"
"37","Auburn","01/10/11","5","DYER","MICHAEL","22","144","1","143","0","","","","","","","22","143","","","","","","","","","","","","","","","","","","","","","","","","","","","","","","0"
"37","Auburn","10/02/10","4","ETHERIDGE","ZAC","","","","","","","","","","","","0","0","","","","1","19","0","","","","","","","","","","","","","","","","","","","","","","","","0"
"37","Auburn","10/16/10","4","ETHERIDGE","ZAC","","","","","","","","","","","","0","0","","","","","","","1","47","1","","","","","","","","","1","","","","","","","","","","","","6"
"37","Auburn","10/23/10","4","ETHERIDGE","ZAC","","","","","","","","","","","","0","0","","","","1","33","0","","","","","","","","","","","","","","","","","","","","","","","","0"
"37","Auburn","01/10/11","4","ETHERIDGE","ZAC","","","","","","","","","","","","0","0","","","","1","0","0","","","","","","","","","","","","","","","","","","","","","","","","0"
"37","Auburn","09/04/10","27","FANNIN","MARIO","3","14","0","14","0","","","","","","","3","14","4","65","2","","","","","","","","","","","","","","","2","","","","","","","","","","","","12"
"37","Auburn","09/09/10","27","FANNIN","MARIO","5","14","8","6","0","","","","","","","5","6","1","14","0","","","","","","","","","","","","","","","","","","","","","","","","","","","0"
"37","Auburn","09/25/10","27","FANNIN","MARIO","1","5","0","5","0","","","","","","","1","5","1","3","0","","","","","","","","","","","","","","","","","","","","","","","","","","","0"
"37","Auburn","10/02/10","27","FANNIN","MARIO","10","89","0","89","1","","","","","","","10","89","1","12","0","","","","","","","","","","","","","","","1","","","","","","","","","","","","6"
"37","Auburn","10/09/10","27","FANNIN","MARIO","8","50","0","50","0","","","","","","","8","50","2","7","0","","","","","","","","","","","","","","","","","","","","","","","","","","","0"
"37","Auburn","10/16/10","27","FANNIN","MARIO","14","64","4","60","1","","","","","","","14","60","3","36","0","","","","","","","","","","","","","","","1","","","","","","","","","","","","6"
"37","Auburn","10/23/10","27","FANNIN","MARIO","3","29","0","29","0","","","","","","","3","29","1","5","0","","","","","","","","","","","","","","","","","","","","","","","","","","","0"
"37","Auburn","10/30/10","27","FANNIN","MARIO","2","16","0","16","0","","","","","","","2","16","","","","","","","","","","","","","","","","","","","","","","","","","","","","","","0"
"37","Auburn","11/06/10","27","FANNIN","MARIO","8","102","6","96","2","","","","","","","8","96","","","","","","","","","","","","","","","","","","2","","","","","","","","","","","","12"
"37","Auburn","11/13/10","27","FANNIN","MARIO","1","2","0","2","0","","","","","","","1","2","2","9","0","","","","","","","","","","","","","","","","","","","","","","","","","","","0"
"37","Auburn","11/26/10","27","FANNIN","MARIO","","","","","","","","","","","","0","0","1","6","0","","","","","","","","","","","","","","","","","","","","","","","","","","","0"
"37","Auburn","12/04/10","27","FANNIN","MARIO","6","28","0","28","1","","","","","","","6","28","","","","","","","","","","","","","","","","","","1","","","","","","","","","","","","6"
"37","Auburn","01/10/11","27","FANNIN","MARIO","","","","","","","","","","","","0","0","1","16","0","","","","","","","","","","","","","","","","","","","","","","","","","","","0"
"37","Auburn","10/16/10","6","GOODWIN","ANTONIO","","","","","","","","","","","","0","0","","","","","","","","","","","","1","7","0","","","","","","","","","","","","","","","","0"
"37","Auburn","09/04/10","4C","HOOPER","DAVIS","5","15","0","15","0","","","","","","","5","15","","","","","","","","","","","","","","","","","","","","","","","","","","","","","","0"
"37","Auburn","10/02/10","4C","HOOPER","DAVIS","5","20","0","20","0","","","","","","","5","20","","","","","","","","","","","","","","","","","","","","","","","","","","","","","","0"
"37","Auburn","11/06/10","4C","HOOPER","DAVIS","2","4","2","2","0","","","","","","","2","2","","","","","","","","","","","","","","","","","","","","","","","","","","","","","","0"
"37","Auburn","09/25/10","43","LUTZENKIRCHEN","PHILIP","","","","","","","","","","","","0","0","3","22","1","","","","","","","","","","","","","","","1","","","","","","","","","","","","6"
"37","Auburn","10/02/10","43","LUTZENKIRCHEN","PHILIP","","","","","","","","","","","","0","0","4","41","1","","","","","","","","","","","","1","6","0","1","","","","","","","","","","","","6"
"37","Auburn","10/09/10","43","LUTZENKIRCHEN","PHILIP","","","","","","","","","","","","0","0","1","12","0","","","","","","","","","","","","","","","","","","","","","","","","","","","0"
"37","Auburn","10/23/10","43","LUTZENKIRCHEN","PHILIP","","","","","","","","","","","","0","0","1","6","0","","","","","","","","","","","","1","8","0","","","","","","","","","","","","","0"
"37","Auburn","11/13/10","43","LUTZENKIRCHEN","PHILIP","","","","","","","","","","","","0","0","2","31","2","","","","","","","","","","","","","","","2","","","","","","","","","","","","12"
"37","Auburn","11/26/10","43","LUTZENKIRCHEN","PHILIP","","","","","","","","","","","","0","0","1","7","1","","","","","","","","","","","","","","","1","","","","","","","","","","","","6"
"37","Auburn","12/04/10","43","LUTZENKIRCHEN","PHILIP","","","","","","","","","","","","0","0","1","18","0","","","","","","","","","","","","","","","","","","","","","","","","","","","0"
"37","Auburn","01/10/11","43","LUTZENKIRCHEN","PHILIP","","","","","","","","","","","","0","0","2","48","0","","","","","","","","","","","","","","","","","","","","","","","","","","","0"
"37","Auburn","09/04/10","23","MCCALEBB","ONTERIO","9","80","4","76","0","","","","","","","9","76","","","","","","","","","","","","","","","","","","","","","","","","","","","","","","0"
"37","Auburn","09/09/10","23","MCCALEBB","ONTERIO","12","68","0","68","0","","","","","","","12","68","","","","","","","","","","","","","","","","","","","","","","","","","","","","","","0"
"37","Auburn","09/18/10","23","MCCALEBB","ONTERIO","10","87","6","81","1","","","","","","","10","81","","","","","","","","","","","","","","","","","","1","","","","","","","","","","","","6"
"37","Auburn","09/25/10","23","MCCALEBB","ONTERIO","7","56","1","55","0","","","","","","","7","55","","","","","","","","","","","","","","","2","38","0","","","","","","","","","","","","","0"
"37","Auburn","10/02/10","23","MCCALEBB","ONTERIO","4","62","6","56","1","","","","","","","4","56","","","","","","","","","","","","","","","","","","1","","","","","","","","","","","","6"
"37","Auburn","10/09/10","23","MCCALEBB","ONTERIO","5","12","3","9","0","","","","","","","5","9","1","23","0","","","","","","","","","","","","","","","","","","","","","","","","","","","0"
"37","Auburn","10/16/10","23","MCCALEBB","ONTERIO","4","29","0","29","1","","","","","","","4","29","","","","","","","","","","","","","","","1","99","0","1","","","","","","","","","","","","6"
"37","Auburn","10/23/10","23","MCCALEBB","ONTERIO","4","84","0","84","1","","","","","","","4","84","1","17","0","","","","","","","","","","","","1","33","0","1","","","","","","","","","","","","6"
"37","Auburn","10/30/10","23","MCCALEBB","ONTERIO","9","108","9","99","1","","","","","","","9","99","","","","","","","","","","","","","","","","","","1","","","","","","","","","","","","6"
"37","Auburn","11/06/10","23","MCCALEBB","ONTERIO","2","55","0","55","1","","","","","","","2","55","","","","","","","","","","","","","","","1","0","0","1","","","","","","","","","","","","6"
"37","Auburn","11/13/10","23","MCCALEBB","ONTERIO","12","77","6","71","3","","","","","","","12","71","","","","","","","","","","","","","","","","","","3","","","","","","","","","","","","18"
"37","Auburn","11/26/10","23","MCCALEBB","ONTERIO","8","53","3","50","0","","","","","","","8","50","2","24","0","","","","","","","","","","","","2","38","0","","","","","","","","","","","","","0"
"37","Auburn","12/04/10","23","MCCALEBB","ONTERIO","3","30","0","30","0","","","","","","","3","30","1","12","1","","","","","","","","","","","","1","19","0","1","","","","","","","","","","","","6"
"37","Auburn","01/10/11","23","MCCALEBB","ONTERIO","6","49","2","47","0","","","","","","","6","47","2","10","0","","","","","","","","","","","","","","","","","","","","","","","","","","","0"
"37","Auburn","11/06/10","8","MORGAN","ANTHONY","2","7","0","7","0","","","","","","","2","7","","","","","","","","","","","","","","","1","52","0","","","","","","","","","","","","","0"
"37","Auburn","10/02/10","1C","MOSELEY","CLINT","2","8","0","8","0","","","","","","","2","8","","","","","","","","","","","","","","","","","","","","","","","","","","","","","","0"
"37","Auburn","09/04/10","2","NEWTON","CAM","15","177","6","171","2","14","9","0","186","3","","29","357","","","","","","","","","","","","","","","","","","2","","","","","","","","","","","","12"
"37","Auburn","09/09/10","2","NEWTON","CAM","18","96","26","70","0","19","11","1","136","2","","37","206","1","22","0","","","","","","","","","","","","","","","","","","","","","","","","","","","0"
"37","Auburn","09/18/10","2","NEWTON","CAM","17","80","12","68","0","14","7","2","203","2","","31","271","","","","","","","","","","","","","","","","","","","","","","","","","","","","","","0"
"37","Auburn","09/25/10","2","NEWTON","CAM","25","180","4","176","3","21","16","0","158","2","","46","334","","","","","","","","","","","","","","","","","","3","","","","","","","","","","","","18"
"37","Auburn","10/02/10","2","NEWTON","CAM","1","0","11","-11","0","19","14","1","245","3","","20","234","","","","","","","","","","1","22","","","","","","","","","","","","","","","","","","","0"
"37","Auburn","10/09/10","2","NEWTON","CAM","28","200","2","198","4","21","13","1","210","0","","49","408","","","","","","","","","","","","","","","","","","4","","","","","","","","","","","","24"
"37","Auburn","10/16/10","2","NEWTON","CAM","25","205","17","188","3","14","10","0","140","1","","39","328","","","","","","","","","","","","","","","","","","3","","","","","","","","","","","","18"
"37","Auburn","10/23/10","2","NEWTON","CAM","28","223","6","217","2","16","10","0","86","0","","44","303","","","","","","","","","","","","","","","","","","2","","","","","","","","","","","","12"
"37","Auburn","10/30/10","2","NEWTON","CAM","11","57","12","45","0","24","18","0","209","2","","35","254","1","20","1","","","","","","","","","","","","","","","1","","","","","","","","","","","","6"
"37","Auburn","11/06/10","2","NEWTON","CAM","8","50","26","24","1","21","15","0","317","4","","29","341","","","","","","","","","","","","","","","","","","1","","","","","","","","","","","","6"
"37","Auburn","11/13/10","2","NEWTON","CAM","30","166","15","151","2","15","12","1","148","2","","45","299","","","","","","","","","","","","","","","","","","2","","","","","","","","","","","","12"
"37","Auburn","11/26/10","2","NEWTON","CAM","22","68","29","39","1","20","13","0","216","3","","42","255","","","","","","","","","","","","","","","","","","1","","","","","","","","","","","","6"
"37","Auburn","12/04/10","2","NEWTON","CAM","14","78","5","73","2","28","17","0","335","4","","42","408","","","","","","","","","","","","","","","","","","2","","","","","","","","","","","","12"
"37","Auburn","01/10/11","2","NEWTON","CAM","22","82","18","64","0","34","20","1","265","2","","56","329","","","","","","","","","","","","","","","","","","","","","","","","","","","","","","0"
"37","Auburn","11/06/10","36","PARKEY","CODY","","","","","","","","","","","","0","0","","","","","","","","","","","","","","","","","","","2","2","0","0","","","","","","","","2"
"37","Auburn","09/18/10","1","REED","TROVON","2","8","0","8","0","","","","","","","2","8","","","","","","","","","","","","","","","","","","","","","","","","","","","","","","0"
"37","Auburn","11/06/10","13","SANDERS","CRAIG","","","","","","","","","","","","0","0","","","","","","","","","","","","","","","2","32","0","","","","","","","","","","","","","0"
"37","Auburn","09/04/10","1D","SHOEMAKER","RYAN","","","","","","","","","","","","0","0","","","","","","","","","","4","157","","","","","","","","","","","","","","","","","","","0"
"37","Auburn","09/09/10","1D","SHOEMAKER","RYAN","","","","","","","","","","","","0","0","","","","","","","","","","4","157","","","","","","","","","","","","","","","","","","","0"
"37","Auburn","09/18/10","1D","SHOEMAKER","RYAN","","","","","","","","","","","","0","0","","","","","","","","","","6","241","","","","","","","","","","","","","","","","","","","0"
"37","Auburn","09/25/10","1D","SHOEMAKER","RYAN","","","","","","","","","","","","0","0","","","","","","","","","","2","68","","","","","","","","","","","","","","","","","","","0"
"37","Auburn","11/06/10","1D","SHOEMAKER","RYAN","","","","","","","","","","","","0","0","","","","","","","","","","1","37","","","","","","","","","","","","","","","","","","","0"
"37","Auburn","11/13/10","1D","SHOEMAKER","RYAN","","","","","","","","","","","","0","0","","","","","","","","","","2","85","","","","","","","","","","","","","","","","","","","0"
"37","Auburn","11/26/10","1D","SHOEMAKER","RYAN","","","","","","","","","","","","0","0","","","","","","","","","","7","271","","","","","","","","","","","","","","","","","","","0"
"37","Auburn","12/04/10","1D","SHOEMAKER","RYAN","","","","","","","","","","","","0","0","","","","","","","","","","1","36","","","","","","","","","","","","","","","","","","","0"
"37","Auburn","01/10/11","1D","SHOEMAKER","RYAN","","","","","","","","","","","","0","0","","","","","","","","","","5","202","","","","","","","","","","","","","","","","","","","0"
"37","Auburn","09/04/10","32","SMITH","ERIC","","","","","","","","","","","","0","0","","","","","","","","","","","","","","","1","5","0","","","","","","","","","","","","","0"
"37","Auburn","09/09/10","32","SMITH","ERIC","1","0","0","0","0","","","","","","","1","0","1","13","0","","","","","","","","","","","","","","","","","","","","","","","","","","","0"
"37","Auburn","09/18/10","32","SMITH","ERIC","","","","","","","","","","","","0","0","1","7","0","","","","","","","","","","","","","","","","","","","","","","","","","","","0"
"37","Auburn","09/25/10","32","SMITH","ERIC","","","","","","","","","","","","0","0","1","6","0","","","","","","","","","","","","","","","","","","","","","","","","","","","0"
"37","Auburn","11/26/10","32","SMITH","ERIC","","","","","","","","","","","","0","0","","","","","","","","","","","","","","","1","4","0","","","","","","","","","","","","","0"
"37","Auburn","12/04/10","32","SMITH","ERIC","","","","","","","","","","","","0","0","2","23","0","","","","","","","","","","","","1","11","0","","","","","","","","","","","","","0"
"37","Auburn","11/06/10","39","SPRY","RALPH","","","","","","","","","","","","0","0","","","","","","","","","","","","","","","1","20","0","","","","","","","","","","","","","0"
"37","Auburn","09/04/10","1B","TROTTER","BARRETT","","","","","","1","1","0","13","0","","1","13","","","","","","","","","","","","","","","","","","","","","","","","","","","","","","0"
"37","Auburn","10/02/10","1B","TROTTER","BARRETT","2","29","0","29","1","5","3","0","27","0","","7","56","","","","","","","","","","","","","","","","","","1","","","","","","","","","","","","6"
"37","Auburn","10/30/10","1B","TROTTER","BARRETT","1","2","0","2","0","","","","","","","1","2","","","","","","","","","","","","","","","","","","","","","","","","","","","","","","0"
"37","Auburn","11/06/10","1B","TROTTER","BARRETT","","","","","","2","1","0","8","0","","2","8","","","","","","","","","","","","","","","","","","","","","","","","","","","","","","0"
"37","Auburn","12/04/10","1B","TROTTER","BARRETT","2","37","0","37","0","1","1","0","16","0","","3","53","","","","","","","","","","","","","","","","","","","","","","","","","","","","","","0"
"37","Auburn","09/04/10","14","WASHINGTON","DEMOND","","","","","","","","","","","","0","0","","","","","","","","","","","","","","","5","126","0","","","","","","","","","","","","","0"
"37","Auburn","09/09/10","14","WASHINGTON","DEMOND","","","","","","","","","","","","0","0","","","","","","","","","","","","","","","2","64","0","","","","","","","","","","","","","0"
"37","Auburn","09/18/10","14","WASHINGTON","DEMOND","","","","","","","","","","","","0","0","","","","","","","","","","","","","","","5","123","0","","","","","","","","","","","","","0"
"37","Auburn","09/25/10","14","WASHINGTON","DEMOND","","","","","","","","","","","","0","0","","","","1","0","0","","","","","","","","","3","76","0","","","","","","","","","","","","","0"
"37","Auburn","10/02/10","14","WASHINGTON","DEMOND","","","","","","","","","","","","0","0","","","","","","","","","","","","","","","1","27","0","","","","","","","","","","","","","0"
"37","Auburn","10/09/10","14","WASHINGTON","DEMOND","","","","","","","","","","","","0","0","","","","","","","","","","","","","","","4","66","0","","","","","","","","","","","","","0"
"37","Auburn","10/16/10","14","WASHINGTON","DEMOND","","","","","","","","","","","","0","0","","","","","","","","","","","","","","","4","122","0","","","","","","","","","","","","","0"
"37","Auburn","10/23/10","14","WASHINGTON","DEMOND","","","","","","","","","","","","0","0","","","","","","","","","","","","","","","1","26","0","","","","","","","","","","","","","0"
"37","Auburn","10/30/10","14","WASHINGTON","DEMOND","","","","","","","","","","","","0","0","","","","1","0","0","","","","","","","","","5","176","1","1","","","","","","","","","","","","6"
"37","Auburn","11/13/10","14","WASHINGTON","DEMOND","","","","","","","","","","","","0","0","","","","","","","","","","","","","","","6","112","0","","","","","","","","","","","","","0"
"37","Auburn","11/26/10","14","WASHINGTON","DEMOND","","","","","","","","","","","","0","0","","","","","","","","","","","","","","","3","65","0","","","","","","","","","","","","","0"
"37","Auburn","12/04/10","14","WASHINGTON","DEMOND","","","","","","","","","","","","0","0","","","","","","","","","","","","","","","2","42","0","","","","","","","","","","","","","0"
"37","Auburn","01/10/11","14","WASHINGTON","DEMOND","","","","","","","","","","","","0","0","","","","1","1","0","","","","","","","","","5","92","0","","","","","","","","","","","","","0"
"37","Auburn","09/04/10","87","WINTER","DEREK","","","","","","","","","","","","0","0","1","13","0","","","","","","","","","","","","","","","","","","","","","","","","","","","0"
"37","Auburn","10/02/10","87","WINTER","DEREK","","","","","","","","","","","","0","0","1","15","0","","","","","","","","","","","","","","","","","","","","","","","","","","","0"
"37","Auburn","12/04/10","87","WINTER","DEREK","","","","","","","","","","","","0","0","1","16","0","","","","","","","","","","","","","","","","","","","","","","","","","","","0"
"37","Auburn","09/04/10","81","ZACHERY","TERRELL","1","0","6","-6","0","","","","","","","1","-6","1","9","0","","","","","","","","","","","","","","","","","","","","","","","","","","","0"
"37","Auburn","09/09/10","81","ZACHERY","TERRELL","","","","","","","","","","","","0","0","4","32","0","","","","","","","","","","","","","","","","","","","","","","","","","","","0"
"37","Auburn","09/18/10","81","ZACHERY","TERRELL","2","2","7","-5","0","","","","","","","2","-5","1","78","1","","","","","","","","","","","","","","","1","","","","","","","","","","","","6"
"37","Auburn","09/25/10","81","ZACHERY","TERRELL","","","","","","","","","","","","0","0","4","49","0","","","","","","","","","","","","","","","","","","","","","","","","","","","0"
"37","Auburn","10/02/10","81","ZACHERY","TERRELL","1","17","0","17","0","","","","","","","1","17","4","50","0","","","","","","","","","","","","","","","","","","","","","","","","","","","0"
"37","Auburn","10/09/10","81","ZACHERY","TERRELL","1","0","0","0","0","","","","","","","1","0","3","34","0","","","","","","","","","","","","","","","","","","","","","","","","","","","0"
"37","Auburn","10/16/10","81","ZACHERY","TERRELL","","","","","","","","","","","","0","0","1","9","0","","","","","","","","","","","","","","","","","","","","","","","","","","","0"
"37","Auburn","10/23/10","81","ZACHERY","TERRELL","1","12","0","12","0","","","","","","","1","12","3","27","0","","","","","","","","","","","","","","","","","","","","","","","","","","","0"
"37","Auburn","10/30/10","81","ZACHERY","TERRELL","1","14","0","14","0","","","","","","","1","14","5","54","1","","","","","","","","","","","","","","","1","","","","","","","","","","","","6"
"37","Auburn","11/06/10","81","ZACHERY","TERRELL","1","10","0","10","0","","","","","","","1","10","7","148","1","","","","","","","","","","","","","","","1","","","","","","","","","","","","6"
"37","Auburn","11/13/10","81","ZACHERY","TERRELL","1","31","0","31","0","","","","","","","1","31","2","14","0","","","","","","","","","","","","","","","","","","","","","","","","","","","0"
"37","Auburn","11/26/10","81","ZACHERY","TERRELL","1","0","5","-5","0","","","","","","","1","-5","2","79","1","","","","","","","","","","","","","","","1","","","","","","","","","","","","6"
"37","Auburn","12/04/10","81","ZACHERY","TERRELL","1","3","0","3","0","","","","","","","1","3","1","2","0","","","","","","","","","","","","","","","","","","","","","","","","","","","0"
"37","Auburn","01/10/11","81","ZACHERY","TERRELL","","","","","","","","","","","","0","0","6","48","0","","","","","","","","","","","","","","","","","","","","","","","","","","","0"
"47","Ball St.","09/11/10","25","BAKER","SEAN","","","","","","","","","","","","0","0","","","","2","50","0","","","","","","","","","","","","","","","","","","","","","","","","0"
"47","Ball St.","09/18/10","25","BAKER","SEAN","","","","","","","","","","","","0","0","","","","1","2","0","","","","","","","","","","","","","","","","","","","","","","","","0"
"47","Ball St.","10/16/10","25","BAKER","SEAN","","","","","","","","","","","","0","0","","","","1","0","0","","","","","","","","","","","","","","","","","","","","","","","","0"
"47","Ball St.","11/12/10","25","BAKER","SEAN","","","","","","","","","","","","0","0","","","","2","2","0","1","26","1","","","","","","","","","1","","","","","","","","","","","","6"
"47","Ball St.","09/02/10","21","BROWN","DAVID","5","31","0","31","0","","","","","","","5","31","1","6","0","","","","","","","","","","","","","","","","","","","","","","","","","","","0"
"47","Ball St.","09/18/10","21","BROWN","DAVID","3","42","0","42","0","","","","","","","3","42","","","","","","","","","","","","","","","","","","","","","","","","","","","","","","0"
"47","Ball St.","09/25/10","21","BROWN","DAVID","10","26","6","20","0","","","","","","","10","20","","","","","","","","","","","","","","","2","35","0","","","","","","","","","","","","","0"
"47","Ball St.","10/02/10","21","BROWN","DAVID","7","120","3","117","1","","","","","","","7","117","1","5","0","","","","","","","","","","","","","","","1","","","","","","","","","","","","6"
"47","Ball St.","10/09/10","21","BROWN","DAVID","6","39","0","39","0","","","","","","","6","39","","","","","","","","","","","","","","","1","24","0","","","","","","","","","","","","","0"
"47","Ball St.","10/16/10","21","BROWN","DAVID","10","32","0","32","0","","","","","","","10","32","1","7","0","","","","","","","","","","","","","","","","","","","","","","","","","","","0"
"47","Ball St.","10/23/10","21","BROWN","DAVID","2","6","0","6","0","","","","","","","2","6","","","","","","","","","","","","","","","","","","","","","","","","","","","","","","0"
"47","Ball St.","10/30/10","21","BROWN","DAVID","4","7","0","7","0","","","","","","","4","7","1","9","0","","","","","","","","","","","","","","","","","","","","","","","","","","","0"
"47","Ball St.","11/06/10","21","BROWN","DAVID","3","7","0","7","0","","","","","","","3","7","1","6","0","","","","","","","","","","","","","","","","","","","","","","","","","","","0"
"47","Ball St.","11/12/10","21","BROWN","DAVID","6","22","0","22","0","","","","","","","6","22","","","","","","","","","","","","","","","","","","","","","","","","","","","","","","0"
"47","Ball St.","11/20/10","21","BROWN","DAVID","6","26","1","25","0","","","","","","","6","25","","","","","","","","","","","","","","","","","","","","","","","","","","","","","","0"
"47","Ball St.","09/02/10","87","BROWN","OTIS","","","","","","","","","","","","0","0","4","30","0","","","","","","","","","","","","","","","","","","","","","","","","","","","0"
"47","Ball St.","09/11/10","87","BROWN","OTIS","","","","","","","","","","","","0","0","2","26","0","","","","","","","","","","","","","","","","","","","","","","","","","","","0"
"47","Ball St.","09/25/10","87","BROWN","OTIS","","","","","","","","","","","","0","0","","","","","","","","","","","","","","","2","35","0","","","","","","","","","","","","","0"
"47","Ball St.","10/09/10","87","BROWN","OTIS","2","42","0","42","0","","","","","","","2","42","1","15","1","","","","","","","","","","","","","","","1","","","","","","","","","","","","6"
"47","Ball St.","10/23/10","87","BROWN","OTIS","","","","","","","","","","","","0","0","2","11","0","","","","","","","","","","","","","","","","","","","","","","","","","","","0"
"47","Ball St.","10/30/10","87","BROWN","OTIS","","","","","","","","","","","","0","0","5","88","1","","","","","","","","","","","","","","","1","","","","","","","","","","","","6"
"47","Ball St.","11/06/10","87","BROWN","OTIS","","","","","","","","","","","","0","0","1","30","0","","","","","","","","","","","","","","","","","","","","","","","","","","","0"
"47","Ball St.","11/12/10","87","BROWN","OTIS","","","","","","","","","","","","0","0","4","47","1","","","","","","","","","","","","","","","1","","","","","","","","","","","","6"
"47","Ball St.","09/02/10","13","DEHANEY","ARMAND","","","","","","","","","","","","0","0","","","","","","","","","","","","","","","1","14","0","","","","","","","","","","","","","0"
"47","Ball St.","09/25/10","45","DONIGAN","DWAYNE","1","3","0","3","0","","","","","","","1","3","","","","","","","","","","","","","","","","","","","","","","","","","","","","","","0"
"47","Ball St.","09/11/10","9","DUDLEY","PHIL","1","17","0","17","0","","","","","","","1","17","","","","","","","","","","","","","","","","","","","","","","","","","","","","","","0"
"47","Ball St.","09/18/10","9","DUDLEY","PHIL","1","2","0","2","0","","","","","","","1","2","","","","","","","","","","","","","","","","","","","","","","","","","","","","","","0"
"47","Ball St.","09/25/10","9","DUDLEY","PHIL","","","","","","","","","","","","0","0","1","15","0","","","","","","","","","","","","","","","","","","","","","","","","","","","0"
"47","Ball St.","10/02/10","9","DUDLEY","PHIL","1","0","0","0","0","","","","","","","1","0","","","","","","","","","","","","","","","","","","","","","","","","","","","","","","0"
"47","Ball St.","10/16/10","9","DUDLEY","PHIL","1","0","1","-1","0","","","","","","","1","-1","2","12","0","","","","","","","","","","","","","","","","","","","","","","","","","","","0"
"47","Ball St.","10/23/10","9","DUDLEY","PHIL","","","","","","","","","","","","0","0","","","","","","","","","","","","","","","4","65","0","","","","","","","","","","","","","0"
"47","Ball St.","10/30/10","9","DUDLEY","PHIL","","","","","","","","","","","","0","0","","","","","","","","","","","","","","","3","44","0","","","","","","","","","","","","","0"
"47","Ball St.","11/06/10","9","DUDLEY","PHIL","2","6","4","2","0","","","","","","","2","2","","","","","","","","","","","","","","","","","","","","","","","","","","","","","","0"
"47","Ball St.","11/12/10","9","DUDLEY","PHIL","","","","","","","","","","","","0","0","1","1","0","","","","","","","","","","","","","","","","","","","","","","","","","","","0"
"47","Ball St.","11/20/10","9","DUDLEY","PHIL","","","","","","","","","","","","0","0","2","9","0","","","","","","","","","","","","2","36","0","","","","","","","","","","","","","0"
"47","Ball St.","09/11/10","88","FAKES","ZANE","","","","","","","","","","","","0","0","1","24","0","","","","","","","","","","","","","","","","","","","","","","","","","","","0"
"47","Ball St.","09/18/10","88","FAKES","ZANE","","","","","","","","","","","","0","0","3","18","0","","","","","","","","","","","","","","","","","","","","","","","","","","","0"
"47","Ball St.","10/23/10","8","FREEMAN","TRAVIS","","","","","","","","","","","","0","0","","","","1","14","0","","","","","","","","","","","","","","","","","","","","","","","","0"
"47","Ball St.","11/20/10","8","FREEMAN","TRAVIS","","","","","","","","","","","","0","0","","","","","","","1","1","0","","","","","","","","","","","","","","","","","","","","","0"
"47","Ball St.","09/02/10","12","GIBSON","TORIEAL","","","","","","","","","","","","0","0","1","12","0","","","","","","","","","","","","","","","","","","","","","","","","","","","0"
"47","Ball St.","09/11/10","12","GIBSON","TORIEAL","","","","","","","","","","","","0","0","3","15","0","","","","","","","","","","","","","","","","","","","","","","","","","","","0"
"47","Ball St.","10/02/10","12","GIBSON","TORIEAL","","","","","","","","","","","","0","0","1","5","0","","","","","","","","","","","","","","","","","","","","","","","","","","","0"
"47","Ball St.","10/09/10","12","GIBSON","TORIEAL","","","","","","","","","","","","0","0","3","21","0","","","","","","","","","","","","","","","","","","","","","","","","","","","0"
"47","Ball St.","10/16/10","12","GIBSON","TORIEAL","","","","","","","","","","","","0","0","1","22","0","","","","","","","","","","","","","","","","","","","","","","","","","","","0"
"47","Ball St.","10/23/10","12","GIBSON","TORIEAL","","","","","","","","","","","","0","0","2","23","1","","","","","","","","","","","","","","","1","","","","","","","","","","","","6"
"47","Ball St.","10/30/10","12","GIBSON","TORIEAL","","","","","","","","","","","","0","0","1","17","0","","","","","","","","","","","","","","","","","","","","","","","","","","","0"
"47","Ball St.","11/06/10","12","GIBSON","TORIEAL","","","","","","","","","","","","0","0","1","4","0","","","","","","","","","","","","","","","","","","","","","","","","","","","0"
"47","Ball St.","10/30/10","44","HARTKE","RYAN","","","","","","","","","","","","0","0","","","","","","","","","","","","","","","2","5","0","","","","","","","","","","","","","0"
"47","Ball St.","11/06/10","46","HENRY","DERRICK","","","","","","","","","","","","0","0","","","","1","3","0","","","","","","","","","","","","","","","","","","","","","","","","0"
"47","Ball St.","11/06/10","20","HOWARD","JOSHUA","","","","","","","","","","","","0","0","","","","1","0","0","","","","","","","","","","","","","","","","","","","","","","","","0"
"47","Ball St.","09/02/10","4","IFFT","DANIEL","","","","","","","","","","","","0","0","1","14","0","","","","","","","","","","","","","","","","","","","","","","","","","","","0"
"47","Ball St.","09/11/10","4","IFFT","DANIEL","","","","","","","","","","","","0","0","3","23","0","","","","","","","","","","","","","","","","","","","","","","","","","","","0"
"47","Ball St.","09/18/10","4","IFFT","DANIEL","","","","","","","","","","","","0","0","4","24","0","","","","","","","","","","","","","","","","","","","","","","","","","","","0"
"47","Ball St.","09/25/10","4","IFFT","DANIEL","","","","","","","","","","","","0","0","2","17","0","","","","","","","","","","","","","","","","","","","","","","","","","","","0"
"47","Ball St.","10/02/10","4","IFFT","DANIEL","","","","","","","","","","","","0","0","1","5","0","","","","","","","","","","","","","","","","","","","","","","","","","","","0"
"47","Ball St.","10/09/10","4","IFFT","DANIEL","","","","","","","","","","","","0","0","1","16","0","","","","","","","","","","","","","","","","","","","","","","","","","","","0"
"47","Ball St.","10/16/10","4","IFFT","DANIEL","","","","","","","","","","","","0","0","1","24","1","","","","","","","","","","","","","","","1","","","","","","","","","","","","6"
"47","Ball St.","10/23/10","4","IFFT","DANIEL","","","","","","","","","","","","0","0","2","14","0","","","","","","","","","","","","","","","","","","","","","","","","","","","0"
"47","Ball St.","10/30/10","4","IFFT","DANIEL","","","","","","","","","","","","0","0","2","12","0","","","","","","","","","","","","","","","","","","","","","","","","","","","0"
"47","Ball St.","11/20/10","42","JONES","DAVYD","","","","","","","","","","","","0","0","","","","1","0","0","","","","","","","","","","","","","","","","","","","","","","","","0"
"47","Ball St.","09/02/10","18","KOVANDA","SCOTT","","","","","","","","","","","","0","0","","","","","","","","","","3","151","","","","","","","","","","","","","","","","","","","0"
"47","Ball St.","09/11/10","18","KOVANDA","SCOTT","","","","","","","","","","","","0","0","","","","","","","","","","3","138","","","","","","","","","","","","","","","","","","","0"
"47","Ball St.","09/18/10","18","KOVANDA","SCOTT","","","","","","","","","","","","0","0","","","","","","","","","","5","225","","","","","","","","","","","","","","","","","","","0"
"47","Ball St.","09/25/10","18","KOVANDA","SCOTT","","","","","","","","","","","","0","0","","","","","","","","","","9","343","","","","","","","","","","","","","","","","","","","0"
"47","Ball St.","10/02/10","18","KOVANDA","SCOTT","","","","","","","","","","","","0","0","","","","","","","","","","7","227","","","","","","","","","","","","","","","","","","","0"
"47","Ball St.","10/09/10","18","KOVANDA","SCOTT","","","","","","","","","","","","0","0","","","","","","","","","","3","139","","","","","","","","","","","","","","","","","","","0"
"47","Ball St.","10/16/10","18","KOVANDA","SCOTT","","","","","","","","","","","","0","0","","","","","","","","","","6","253","","","","","","","","","","","","","","","","","","","0"
"47","Ball St.","10/23/10","18","KOVANDA","SCOTT","","","","","","","","","","","","0","0","","","","","","","","","","4","140","","","","","","","","","","","","","","","","","","","0"
"47","Ball St.","10/30/10","18","KOVANDA","SCOTT","","","","","","","","","","","","0","0","","","","","","","","","","7","286","","","","","","","","","","","","","","","","","","","0"
"47","Ball St.","11/06/10","18","KOVANDA","SCOTT","","","","","","","","","","","","0","0","","","","","","","","","","5","204","","","","","","","","","","","","","","","","","","","0"
"47","Ball St.","11/12/10","18","KOVANDA","SCOTT","","","","","","","","","","","","0","0","","","","","","","","","","6","188","","","","","","","","","","","","","","","","","","","0"
"47","Ball St.","11/20/10","18","KOVANDA","SCOTT","","","","","","","","","","","","0","0","","","","","","","","","","6","263","","","","","","","","","","","","","","","","","","","0"
"47","Ball St.","09/02/10","33","LEWIS","MIQUALE","13","48","6","42","0","","","","","","","13","42","","","","","","","","","","","","","","","","","","","","","","","","","","","","","","0"
"47","Ball St.","09/11/10","33","LEWIS","MIQUALE","8","35","6","29","0","","","","","","","8","29","3","31","0","","","","","","","","","","","","","","","","","","","","","","","","","","","0"
"47","Ball St.","09/18/10","33","LEWIS","MIQUALE","14","46","19","27","1","","","","","","","14","27","2","29","0","","","","","","","","","","","","","","","1","","","","","","","","","","","","6"
"47","Ball St.","09/25/10","33","LEWIS","MIQUALE","2","2","0","2","0","","","","","","","2","2","2","1","0","","","","","","","","","","","","","","","","","","","","","","","","","","","0"
"47","Ball St.","10/02/10","33","LEWIS","MIQUALE","6","25","0","25","0","","","","","","","6","25","1","7","0","","","","","","","","","","","","","","","","","","","","","","","","","","","0"
"47","Ball St.","10/09/10","33","LEWIS","MIQUALE","12","67","3","64","0","","","","","","","12","64","2","3","0","","","","","","","","","","","","","","","","","","","","","","","","","","","0"
"47","Ball St.","10/16/10","33","LEWIS","MIQUALE","6","9","8","1","0","","","","","","","6","1","2","13","1","","","","","","","","","","","","","","","1","","","","","","","","","","","","6"
"47","Ball St.","10/23/10","33","LEWIS","MIQUALE","19","99","3","96","0","","","","","","","19","96","3","20","0","","","","","","","","","","","","","","","","","","","","","","","","","","","0"
"47","Ball St.","10/30/10","33","LEWIS","MIQUALE","11","43","4","39","0","","","","","","","11","39","2","16","0","","","","","","","","","","","","","","","","","","","","","","","","","","","0"
"47","Ball St.","11/06/10","33","LEWIS","MIQUALE","23","72","0","72","0","","","","","","","23","72","1","5","0","","","","","","","","","","","","","","","","","","","","","","","","","","","0"
"47","Ball St.","11/12/10","33","LEWIS","MIQUALE","4","17","0","17","0","","","","","","","4","17","","","","","","","","","","","","","","","","","","","","","","","","","","","","","","0"
"47","Ball St.","09/02/10","26","MCGARVEY","IAN","","","","","","","","","","","","0","0","","","","","","","","","","","","","","","","","","","3","3","0","0","","","","","2","2","","9"
"47","Ball St.","09/11/10","26","MCGARVEY","IAN","","","","","","","","","","","","0","0","","","","","","","","","","","","","","","","","","","2","2","0","0","","","","","4","3","","11"
"47","Ball St.","09/18/10","26","MCGARVEY","IAN","","","","","","","","","","","","0","0","","","","","","","","","","","","","","","","","","","","","","","","","","","2","0","","0"
"47","Ball St.","10/02/10","26","MCGARVEY","IAN","","","","","","","","","","","","0","0","","","","","","","","","","","","","","","","","","","4","4","0","0","","","","","1","1","","7"
"47","Ball St.","10/09/10","26","MCGARVEY","IAN","","","","","","","","","","","","0","0","","","","","","","","","","","","","","","","","","","2","1","0","0","","","","","1","1","","4"
"47","Ball St.","10/16/10","26","MCGARVEY","IAN","","","","","","","","","","","","0","0","","","","","","","","","","","","","","","","","","","5","5","0","0","","","","","1","1","","8"
"47","Ball St.","10/23/10","26","MCGARVEY","IAN","","","","","","","","","","","","0","0","","","","","","","","","","","","","","","","","","","3","3","0","0","","","","","1","1","","6"
"47","Ball St.","10/30/10","26","MCGARVEY","IAN","","","","","","","","","","","","0","0","","","","","","","","","","","","","","","","","","","2","2","0","0","","","","","","","","2"
"47","Ball St.","11/06/10","26","MCGARVEY","IAN","","","","","","","","","","","","0","0","","","","","","","","","","","","","","","","","","","4","4","0","0","","","","","3","3","","13"
"47","Ball St.","11/12/10","26","MCGARVEY","IAN","","","","","","","","","","","","0","0","","","","","","","","","","","","","","","","","","","2","2","0","0","","","","","2","2","","8"
"47","Ball St.","11/20/10","26","MCGARVEY","IAN","","","","","","","","","","","","0","0","","","","","","","","","","","","","","","","","","","3","3","0","0","","","","","","","","3"
"47","Ball St.","09/02/10","11","MERSHMAN","AARON","","","","","","","","","","","","0","0","1","8","0","","","","","","","","","","","","","","","","","","","","","","","","","","","0"
"47","Ball St.","09/11/10","11","MERSHMAN","AARON","","","","","","","","","","","","0","0","2","40","1","","","","","","","","","","","","","","","1","","","","","","","","","","","","6"
"47","Ball St.","09/18/10","11","MERSHMAN","AARON","","","","","","","","","","","","0","0","1","9","0","","","","","","","","","","","","","","","","","","","","","","","","","","","0"
"47","Ball St.","09/25/10","11","MERSHMAN","AARON","","","","","","","","","","","","0","0","2","19","0","","","","","","","","","","","","","","","","","","","","","","","","","","","0"
"47","Ball St.","10/02/10","11","MERSHMAN","AARON","","","","","","","","","","","","0","0","1","4","0","","","","","","","","","","","","","","","","","","","","","","","","","","","0"
"47","Ball St.","10/09/10","11","MERSHMAN","AARON","","","","","","","","","","","","0","0","1","9","0","","","","","","","","","","","","","","","","","","","","","","","","","","","0"
"47","Ball St.","10/16/10","11","MERSHMAN","AARON","","","","","","","","","","","","0","0","3","16","0","","","","","","","","","","","","","","","","","","","","","","","","","","","0"
"47","Ball St.","10/23/10","11","MERSHMAN","AARON","","","","","","","","","","","","0","0","1","9","0","","","","","","","","","","","","","","","","","","","","","","","","","","","0"
"47","Ball St.","11/06/10","11","MERSHMAN","AARON","","","","","","","","","","","","0","0","1","11","0","","","","","","","","","","","","","","","","","","","","","","","","","","","0"
"47","Ball St.","09/02/10","1","ORSBON","BRIGGS","","","","","","","","","","","","0","0","","","","","","","","","","","","1","0","0","","","","","","","","","","","","","","","","0"
"47","Ball St.","09/11/10","1","ORSBON","BRIGGS","","","","","","1","0","0","0","0","","1","0","3","22","0","","","","","","","","","","","","","","","","","","","","","","","","","","","0"
"47","Ball St.","09/18/10","1","ORSBON","BRIGGS","","","","","","","","","","","","0","0","2","16","0","","","","","","","","","","","","","","","","","","","","","","","","","","","0"
"47","Ball St.","09/25/10","1","ORSBON","BRIGGS","","","","","","","","","","","","0","0","1","4","0","","","","","","","","","","","","","","","","","","","","","","","","","","","0"
"47","Ball St.","10/02/10","1","ORSBON","BRIGGS","","","","","","","","","","","","0","0","2","17","0","","","","","","","","","","","","","","","","","","","","","","","","","","","0"
"47","Ball St.","10/09/10","1","ORSBON","BRIGGS","","","","","","","","","","","","0","0","1","15","0","","","","","","","","","","","","","","","","","","","","","","","","","","","0"
"47","Ball St.","10/16/10","1","ORSBON","BRIGGS","","","","","","","","","","","","0","0","1","9","1","","","","","","","","","","","","","","","1","","","","","","","","","","","","6"
"47","Ball St.","10/23/10","1","ORSBON","BRIGGS","","","","","","","","","","","","0","0","3","44","0","","","","","","","","","","","","","","","","","","","","","","","","","","","0"
"47","Ball St.","10/30/10","1","ORSBON","BRIGGS","","","","","","","","","","","","0","0","4","58","0","","","","","","","","","","","","","","","","","","","","","","","","","","","0"
"47","Ball St.","11/06/10","1","ORSBON","BRIGGS","","","","","","","","","","","","0","0","2","16","0","","","","","","","","","","","","","","","","","","","","","","","","","","","0"
"47","Ball St.","11/12/10","1","ORSBON","BRIGGS","","","","","","","","","","","","0","0","5","54","0","","","","","","","","","","","","","","","","","","","","","","","","","","","0"
"47","Ball St.","11/20/10","1","ORSBON","BRIGGS","","","","","","","","","","","","0","0","4","40","0","","","","","","","","","","","","","","","","","","","","","","","","","","","0"
"47","Ball St.","09/02/10","5","PAGE","KELLY","2","2","6","-4","0","17","10","1","85","0","","19","81","","","","","","","","","","","","","","","","","","","","","","","","","","","","","","0"
"47","Ball St.","09/11/10","5","PAGE","KELLY","2","3","0","3","0","10","5","0","64","0","","12","67","","","","","","","","","","","","","","","","","","","","","","","","","","","","","","0"
"47","Ball St.","09/18/10","5","PAGE","KELLY","5","36","0","36","0","2","2","0","17","1","","7","53","","","","","","","","","","","","","","","","","","","","","","","","","","","","","","0"
"47","Ball St.","09/25/10","5","PAGE","KELLY","4","10","9","1","0","11","4","0","30","0","","15","31","","","","","","","","","","","","","","","","","","","","","","","","","","","","","","0"
"47","Ball St.","10/09/10","5","PAGE","KELLY","4","35","0","35","0","16","9","0","94","1","","20","129","","","","","","","","","","","","","","","","","","","","","","","","","","","","","","0"
"47","Ball St.","10/23/10","5","PAGE","KELLY","4","31","0","31","0","","","","","","","4","31","","","","","","","","","","","","","","","","","","","","","","","","","","","","","","0"
"47","Ball St.","10/30/10","5","PAGE","KELLY","2","23","0","23","0","","","","","","","2","23","","","","","","","","","","","","","","","","","","","","","","","","","","","","","","0"
"47","Ball St.","11/06/10","5","PAGE","KELLY","1","0","6","-6","0","2","1","0","49","1","","3","43","","","","","","","","","","","","","","","","","","","","","","","","","","","","","","0"
"47","Ball St.","11/20/10","5","PAGE","KELLY","5","17","8","9","0","13","7","1","131","1","","18","140","","","","","","","","","","","","","","","","","","","","","","","","","","","","","","0"
"47","Ball St.","10/02/10","6","PINKSTON","JASON","","","","","","","","","","","","0","0","","","","2","0","0","","","","","","","","","","","","","","","","","","","","","","","","0"
"47","Ball St.","10/23/10","6","PINKSTON","JASON","","","","","","","","","","","","0","0","","","","1","9","0","","","","","","","","","","","","","","","","","","","","","","","","0"
"47","Ball St.","10/02/10","41","PUTHOFF","ANDREW","","","","","","","","","","","","0","0","","","","1","0","0","","","","","","","","","","","","","","","","","","","","","","","","0"
"47","Ball St.","11/12/10","41","PUTHOFF","ANDREW","","","","","","","","","","","","0","0","1","1","0","","","","","","","","","","","","","","","","","","","","","","","","","","","0"
"47","Ball St.","09/18/10","81","RYAN","CONNOR","","","","","","","","","","","","0","0","1","10","1","","","","","","","","","","","","","","","1","","","","","","","","","","","","6"
"47","Ball St.","09/02/10","89","SCHNEIDER","DAVID","","","","","","","","","","","","0","0","1","9","0","","","","","","","","","","","","","","","","","","","","","","","","","","","0"
"47","Ball St.","10/23/10","89","SCHNEIDER","DAVID","","","","","","","","","","","","0","0","1","14","0","","","","","","","","","","","","","","","","","","","","","","","","","","","0"
"47","Ball St.","11/06/10","89","SCHNEIDER","DAVID","","","","","","","","","","","","0","0","1","19","1","","","","","","","","","","","","","","","1","","","","","","","","","","","","6"
"47","Ball St.","11/12/10","89","SCHNEIDER","DAVID","","","","","","","","","","","","0","0","2","31","0","","","","","","","","","","","","","","","","","","","","","","","","","","","0"
"47","Ball St.","09/18/10","14","SCHOTT","STEVEN","","","","","","","","","","","","0","0","","","","","","","","","","","","","","","","","","","2","1","0","0","","","","","","","","1"
"47","Ball St.","09/02/10","80","SMITH","JAMILL","","","","","","","","","","","","0","0","","","","","","","","","","","","1","10","0","","","","","","","","","","","","","","","","0"
"47","Ball St.","10/02/10","80","SMITH","JAMILL","","","","","","","","","","","","0","0","1","-5","0","","","","","","","","","5","45","0","","","","","","","","","","","","","","","","0"
"47","Ball St.","10/09/10","80","SMITH","JAMILL","","","","","","","","","","","","0","0","","","","","","","","","","","","2","23","0","","","","","","","","","","","","","","","","0"
"47","Ball St.","10/23/10","80","SMITH","JAMILL","","","","","","","","","","","","0","0","","","","","","","","","","","","2","45","0","","","","","","","","","","","","","","","","0"
"47","Ball St.","10/30/10","80","SMITH","JAMILL","","","","","","","","","","","","0","0","","","","","","","","","","","","3","16","0","","","","","","","","","","","","","","","","0"
"47","Ball St.","11/06/10","80","SMITH","JAMILL","","","","","","","","","","","","0","0","","","","","","","","","","","","2","2","0","","","","","","","","","","","","","","","","0"
"47","Ball St.","11/12/10","80","SMITH","JAMILL","","","","","","","","","","","","0","0","","","","","","","","","","","","2","5","0","","","","","","","","","","","","","","","","0"
"47","Ball St.","09/02/10","7","SYKES","CORY","14","72","2","70","2","","","","","","","14","70","","","","","","","","","","","","","","","","","","2","","","","","","","","","","","","12"
"47","Ball St.","09/11/10","7","SYKES","CORY","11","65","0","65","0","","","","","","","11","65","","","","","","","","","","","","","","","1","20","0","","","","","","","","","","","","","0"
"47","Ball St.","10/02/10","7","SYKES","CORY","13","95","3","92","0","","","","","","","13","92","","","","","","","","","","","","","","","","","","","","","","","","","","","","","","0"
"47","Ball St.","10/09/10","7","SYKES","CORY","1","11","0","11","0","","","","","","","1","11","","","","","","","","","","","","","","","2","35","0","","","","","","","","","","","","","0"
"47","Ball St.","10/23/10","7","SYKES","CORY","1","8","0","8","0","","","","","","","1","8","","","","","","","","","","","","","","","","","","","","","","","","","","","","","","0"
"47","Ball St.","10/30/10","7","SYKES","CORY","2","4","0","4","0","","","","","","","2","4","","","","","","","","","","","","","","","","","","","","","","","","","","","","","","0"
"47","Ball St.","11/06/10","7","SYKES","CORY","2","8","0","8","0","","","","","","","2","8","","","","","","","","","","","","","","","","","","","","","","","","","","","","","","0"
"47","Ball St.","11/20/10","7","SYKES","CORY","2","2","0","2","0","","","","","","","2","2","","","","","","","","","","","","","","","","","","","","","","","","","","","","","","0"
"47","Ball St.","09/11/10","16","TODD","CHARLIE","","","","","","","","","","","","0","0","","","","1","36","1","","","","","","","","","","","","1","","","","","","","","","","","","6"
"47","Ball St.","10/30/10","16","TODD","CHARLIE","","","","","","","","","","","","0","0","","","","","","","","","","","","","","","2","25","0","","","","","","","","","","","","","0"
"47","Ball St.","11/06/10","16","TODD","CHARLIE","","","","","","","","","","","","0","0","","","","1","43","0","","","","","","","","","","","","","","","","","","","","","","","","0"
"47","Ball St.","10/02/10","85","TOMLINSON","JACK","","","","","","","","","","","","0","0","1","9","0","","","","","","","","","","","","","","","","","","","","","","","","","","","0"
"47","Ball St.","10/09/10","85","TOMLINSON","JACK","","","","","","","","","","","","0","0","1","30","0","","","","","","","","","","","","","","","","","","","","","","","","","","","0"
"47","Ball St.","10/16/10","85","TOMLINSON","JACK","","","","","","","","","","","","0","0","4","35","0","","","","","","","","","","","","","","","","","","","","","","","","","","","0"
"47","Ball St.","10/23/10","85","TOMLINSON","JACK","","","","","","","","","","","","0","0","5","89","2","","","","","","","","","","","","","","","2","","","","","","","","","","","","12"
"47","Ball St.","11/06/10","85","TOMLINSON","JACK","","","","","","","","","","","","0","0","7","175","3","","","","","","","","","","","","","","","3","","","","","","","","","","","","18"
"47","Ball St.","11/12/10","85","TOMLINSON","JACK","","","","","","","","","","","","0","0","5","40","0","","","","","","","","","","","","","","","","","","","","","","","","","","","0"
"47","Ball St.","11/20/10","85","TOMLINSON","JACK","","","","","","","","","","","","0","0","6","106","1","","","","","","","","","","","","","","","1","","","","","","","","","","","","6"
"47","Ball St.","09/11/10","10","WENNING","KEITH","2","0","13","-13","0","18","13","0","129","1","","20","116","","","","","","","","","","","","","","","","","","","","","","","","","","","","","","0"
"47","Ball St.","09/18/10","10","WENNING","KEITH","4","3","22","-19","0","21","11","2","89","0","","25","70","","","","","","","","","","","","","","","","","","","","","","","","","","","","","","0"
"47","Ball St.","09/25/10","10","WENNING","KEITH","1","3","0","3","0","8","4","1","26","0","","9","29","","","","","","","","","","","","","","","","","","","","","","","","","","","","","","0"
"47","Ball St.","10/02/10","10","WENNING","KEITH","1","0","4","-4","0","18","12","0","130","2","","19","126","","","","","","","","","","","","","","","","","","","","","","","","","","","","","","0"
"47","Ball St.","10/09/10","10","WENNING","KEITH","","","","","","8","1","2","15","0","","8","15","","","","","","","","","","","","","","","","","","","","","","","","","","","","","","0"
"47","Ball St.","10/16/10","10","WENNING","KEITH","6","15","5","10","1","29","16","0","145","3","","35","155","","","","","","","","","","","","","","","","","","1","","","","","","","","","","","","6"
"47","Ball St.","10/23/10","10","WENNING","KEITH","2","2","10","-8","0","39","19","3","224","3","","41","216","","","","","","","","","","","","","","","","","","","","","","","","","","","","","","0"
"47","Ball St.","10/30/10","10","WENNING","KEITH","2","1","12","-11","1","32","15","3","200","1","","34","189","","","","","","","","","","","","","","","","","","1","","","","","","","","","","","","6"
"47","Ball St.","11/06/10","10","WENNING","KEITH","7","46","12","34","0","27","14","3","217","3","","34","251","","","","","","","","","","","","","","","","","","","","","","","","","","","","","","0"
"47","Ball St.","11/12/10","10","WENNING","KEITH","5","6","4","2","0","26","18","0","174","1","","31","176","","","","","","","","","","","","","","","","","","","","","","","","","","","","","","0"
"47","Ball St.","11/20/10","10","WENNING","KEITH","2","12","9","3","0","9","5","0","24","0","","11","27","","","","","","","","","","","","","","","","","","","","","","","","","","","","","","0"
"47","Ball St.","09/02/10","3","WILLIAMS","ERIC","20","106","1","105","1","","","","","","","20","105","1","6","0","","","","","","","","","","","","2","71","0","1","","","","","","","","","","","","6"
"47","Ball St.","09/11/10","3","WILLIAMS","ERIC","10","46","2","44","0","1","0","0","0","0","","11","44","1","12","0","","","","","","","","","","","","4","115","0","","","","","","","","","","","","","0"
"47","Ball St.","09/18/10","3","WILLIAMS","ERIC","10","62","0","62","0","","","","","","","10","62","","","","","","","","","","","","","","","1","67","0","","","","","","","","","","","","","0"
"47","Ball St.","09/25/10","3","WILLIAMS","ERIC","10","30","9","21","0","","","","","","","10","21","","","","","","","","","","","","","","","2","33","0","","","","","","","","","","","","","0"
"47","Ball St.","10/02/10","3","WILLIAMS","ERIC","12","78","1","77","1","","","","","","","12","77","3","83","2","","","","","","","","","","","","1","22","0","3","","","","","","","","","","","","18"
"47","Ball St.","10/09/10","3","WILLIAMS","ERIC","10","60","6","54","1","","","","","","","10","54","","","","","","","","","","","","","","","4","90","0","1","","","","","","","","","","","","6"
"47","Ball St.","10/16/10","3","WILLIAMS","ERIC","8","65","3","62","0","","","","","","","8","62","1","7","0","","","","","","","","","","","","2","109","1","1","","","","","","","","","","","","6"
"47","Ball St.","10/30/10","3","WILLIAMS","ERIC","6","16","7","9","0","","","","","","","6","9","","","","","","","","","","","","","","","","","","","","","","","","","","","","","","0"
"47","Ball St.","11/06/10","3","WILLIAMS","ERIC","1","7","0","7","0","","","","","","","1","7","","","","","","","","","","","","","","","4","86","0","","","","","","","","","","","","","0"
"47","Ball St.","11/12/10","3","WILLIAMS","ERIC","27","110","1","109","0","","","","","","","27","109","","","","","","","","","","","","","","","2","32","0","","","","","","","","","","","","","0"
"47","Ball St.","11/20/10","3","WILLIAMS","ERIC","13","66","3","63","2","","","","","","","13","63","","","","","","","","","","","","","","","7","115","0","2","","","","","","","","","","","","12"
"47","Ball St.","09/25/10","22","WINKLER","RAY","2","8","0","8","0","","","","","","","2","8","","","","","","","","","","","","","","","","","","","","","","","","","","","","","","0"
"47","Ball St.","10/09/10","22","WINKLER","RAY","2","2","1","1","0","","","","","","","2","1","","","","","","","","","","","","","","","","","","","","","","","","","","","","","","0"
"47","Ball St.","10/30/10","22","WINKLER","RAY","3","7","4","3","0","","","","","","","3","3","","","","","","","","","","","","","","","","","","","","","","","","","","","","","","0"
"47","Ball St.","11/20/10","22","WINKLER","RAY","5","12","1","11","0","","","","","","","5","11","","","","","","","","","","","","","","","","","","","","","","","","","","","","","","0"
"47","Ball St.","10/16/10","32","WOMACK","LORREN","","","","","","","","","","","","0","0","","","","","","","","","","","","","","","1","0","0","","","","","","","","","","","","","0"
"51","Baylor","10/02/10","8","ATCHISON","TIM","","","","","","","","","","","","0","0","","","","1","14","1","","","","","","","","","","","","1","","","","","","","","","","","","6"
"51","Baylor","09/11/10","5","BAKER","MIKAIL","","","","","","","","","","","","0","0","","","","","","","","","","","","","","","1","26","0","","","","","","","","","","","","","0"
"51","Baylor","09/18/10","5","BAKER","MIKAIL","","","","","","","","","","","","0","0","","","","","","","","","","","","","","","2","52","0","","","","","","","","","","","","","0"
"51","Baylor","09/25/10","5","BAKER","MIKAIL","","","","","","","","","","","","0","0","","","","1","0","0","","","","","","","","","","","","","","","","","","","","","","","","0"
"51","Baylor","10/09/10","5","BAKER","MIKAIL","","","","","","","","","","","","0","0","","","","","","","","","","","","","","","1","11","0","","","","","","","","","","","","","0"
"51","Baylor","10/23/10","5","BAKER","MIKAIL","","","","","","","","","","","","0","0","","","","","","","","","","","","","","","3","57","0","","","","","","","","","","","","","0"
"51","Baylor","10/30/10","5","BAKER","MIKAIL","","","","","","","","","","","","0","0","","","","","","","","","","","","","","","3","55","0","","","","","","","","","","","","","0"
"51","Baylor","11/06/10","5","BAKER","MIKAIL","","","","","","","","","","","","0","0","","","","","","","","","","","","","","","1","17","0","","","","","","","","","","","","","0"
"51","Baylor","11/13/10","5","BAKER","MIKAIL","","","","","","","","","","","","0","0","","","","","","","","","","","","","","","4","80","0","","","","","","","","","","","","","0"
"51","Baylor","11/20/10","5","BAKER","MIKAIL","","","","","","","","","","","","0","0","","","","","","","","","","","","","","","3","55","0","","","","","","","","","","","","","0"
"51","Baylor","09/04/10","15","BUERCK","KRYS","","","","","","","","","","","","0","0","1","28","0","","","","","","","","","3","41","0","","","","","","","","","","","","","","","","0"
"51","Baylor","10/09/10","15","BUERCK","KRYS","","","","","","","","","","","","0","0","1","19","0","","","","","","","","","","","","","","","","","","","","","","","","","","","0"
"51","Baylor","10/16/10","15","BUERCK","KRYS","","","","","","","","","","","","0","0","","","","","","","","","","","","2","2","0","","","","","","","","","","","","","","","","0"
"51","Baylor","11/06/10","15","BUERCK","KRYS","","","","","","","","","","","","0","0","1","5","0","","","","","","","","","1","14","0","","","","","","","","","","","","","","","","0"
"51","Baylor","11/13/10","15","BUERCK","KRYS","","","","","","","","","","","","0","0","","","","","","","","","","","","1","0","0","","","","","","","","","","","","","","","","0"
"51","Baylor","11/20/10","15","BUERCK","KRYS","","","","","","","","","","","","0","0","1","3","0","","","","","","","","","2","-4","0","","","","","","","","","","","","","","","","0"
"51","Baylor","12/29/10","15","BUERCK","KRYS","","","","","","","","","","","","0","0","1","8","0","","","","","","","","","3","15","0","","","","","","","","","","","","","","","","0"
"51","Baylor","09/25/10","9","CASEY","CHANCE","","","","","","","","","","","","0","0","","","","1","7","0","","","","","","","","","","","","","","","","","","","","","","","","0"
"51","Baylor","10/02/10","4","COFFEY","ELLIOT","","","","","","","","","","","","0","0","","","","1","1","0","","","","","","","","","","","","","","","","","","","","","","","","0"
"51","Baylor","11/20/10","6","DIXON","AHMAD","","","","","","","","","","","","0","0","","","","","","","","","","","","","","","2","17","0","","","","","","","","","","","","","0"
"51","Baylor","12/29/10","18","ELLIOTT","TEVIN","","","","","","","","","","","","0","0","","","","","","","","","","","","","","","1","13","0","","","","","","","","","","","","","0"
"51","Baylor","09/04/10","38","EPPERSON","DEREK","","","","","","","","","","","","0","0","","","","","","","","","","4","148","","","","","","","","","","","","","","","","","","","0"
"51","Baylor","09/11/10","38","EPPERSON","DEREK","","","","","","","","","","","","0","0","","","","","","","","","","7","340","","","","","","","","","","","","","","","","","","","0"
"51","Baylor","09/18/10","38","EPPERSON","DEREK","","","","","","","","","","","","0","0","","","","","","","","","","8","365","","","","","","","","","","","","","","","","","","","0"
"51","Baylor","09/25/10","38","EPPERSON","DEREK","","","","","","","","","","","","0","0","","","","","","","","","","1","42","","","","","","","","","","","","","","","","","","","0"
"51","Baylor","10/02/10","38","EPPERSON","DEREK","","","","","","","","","","","","0","0","","","","","","","","","","3","136","","","","","","","","","","","","","","","","","","","0"
"51","Baylor","10/09/10","38","EPPERSON","DEREK","","","","","","","","","","","","0","0","","","","","","","","","","5","210","","","","","","","","","","","","","","","","","","","0"
"51","Baylor","10/23/10","38","EPPERSON","DEREK","","","","","","","","","","","","0","0","","","","","","","","","","2","84","","","","","","","","","","","","","","","","","","","0"
"51","Baylor","10/30/10","38","EPPERSON","DEREK","","","","","","","","","","","","0","0","","","","","","","","","","4","227","","","","","","","","","","","","","","","","","","","0"
"51","Baylor","11/06/10","38","EPPERSON","DEREK","","","","","","","","","","","","0","0","","","","","","","","","","6","279","","","","","","","","","","","","","","","","","","","0"
"51","Baylor","11/13/10","38","EPPERSON","DEREK","","","","","","","","","","","","0","0","","","","","","","","","","3","116","","","","","","","","","","","","","","","","","","","0"
"51","Baylor","11/20/10","38","EPPERSON","DEREK","","","","","","","","","","","","0","0","","","","","","","","","","6","219","","","","","","","","","","","","","","","","","","","0"
"51","Baylor","12/29/10","38","EPPERSON","DEREK","","","","","","","","","","","","0","0","","","","","","","","","","6","240","","","","","","","","","","","","","","","","","","","0"
"51","Baylor","09/04/10","23","FINLEY","JAY","6","51","0","51","1","","","","","","","6","51","2","23","0","","","","","","","","","","","","","","","1","","","","","","","","","","","","6"
"51","Baylor","09/11/10","23","FINLEY","JAY","13","80","4","76","0","","","","","","","13","76","","","","","","","","","","","","","","","","","","","","","","","","","","","","","","0"
"51","Baylor","09/18/10","23","FINLEY","JAY","9","60","4","56","0","","","","","","","9","56","1","10","0","","","","","","","","","","","","","","","","","","","","","","","","","","","0"
"51","Baylor","09/25/10","23","FINLEY","JAY","15","56","0","56","0","","","","","","","15","56","","","","","","","","","","","","","","","","","","","","","","","","","","","","","","0"
"51","Baylor","10/02/10","23","FINLEY","JAY","9","21","1","20","0","","","","","","","9","20","","","","","","","","","","","","","","","","","","","","","","","","","","","","","","0"
"51","Baylor","10/09/10","23","FINLEY","JAY","13","51","6","45","0","","","","","","","13","45","","","","","","","","","","","","","","","","","","","","","","","","","","","","","","0"
"51","Baylor","10/16/10","23","FINLEY","JAY","14","147","4","143","2","","","","","","","14","143","","","","","","","","","","","","","","","","","","2","","","","","","","","","","","","12"
"51","Baylor","10/23/10","23","FINLEY","JAY","26","251","1","250","2","","","","","","","26","250","","","","","","","","","","","","","","","","","","2","","","","","","","","","","","","12"
"51","Baylor","10/30/10","23","FINLEY","JAY","15","117","1","116","1","","","","","","","15","116","1","9","0","","","","","","","","","","","","","","","1","","","","","","","","","","","","6"
"51","Baylor","11/06/10","23","FINLEY","JAY","18","92","1","91","2","","","","","","","18","91","2","18","0","","","","","","","","","","","","","","","2","","","","","","","","","","","","12"
"51","Baylor","11/13/10","23","FINLEY","JAY","28","172","3","169","3","","","","","","","28","169","3","16","0","","","","","","","","","","","","","","","3","","","","","","","","","","","","18"
"51","Baylor","11/20/10","23","FINLEY","JAY","17","83","1","82","0","","","","","","","17","82","","","","","","","","","","","","","","","","","","","","","","","","","","","","","","0"
"51","Baylor","12/29/10","23","FINLEY","JAY","12","64","1","63","1","","","","","","","12","63","","","","","","","","","","","","","","","","","","1","","","","","","","","","","","","6"
"51","Baylor","09/04/10","11","FLORENCE","NICK","","","","","","6","2","0","21","0","","6","21","","","","","","","","","","","","","","","","","","","","","","","","","","","","","","0"
"51","Baylor","09/11/10","11","FLORENCE","NICK","1","4","0","4","0","2","2","0","23","0","","3","27","","","","","","","","","","","","","","","","","","","","","","","","","","","","","","0"
"51","Baylor","09/18/10","11","FLORENCE","NICK","","","","","","2","0","0","0","0","","2","0","","","","","","","","","","","","","","","","","","","","","","","","","","","","","","0"
"51","Baylor","10/02/10","11","FLORENCE","NICK","1","3","0","3","0","1","1","0","4","0","","2","7","","","","","","","","","","","","","","","","","","","","","","","","","","","","","","0"
"51","Baylor","12/29/10","11","FLORENCE","NICK","","","","","","1","1","0","7","0","","1","7","","","","","","","","","","","","","","","","","","","","","","","","","","","","","","0"
"51","Baylor","09/04/10","24","GANAWAY","TERRANCE","7","44","2","42","0","","","","","","","7","42","2","24","0","","","","","","","","","","","","","","","","","","","","","","","","","","","0"
"51","Baylor","09/11/10","24","GANAWAY","TERRANCE","4","13","2","11","0","","","","","","","4","11","","","","","","","","","","","","","","","","","","","","","","","","","","","","","","0"
"51","Baylor","09/18/10","24","GANAWAY","TERRANCE","1","17","0","17","0","","","","","","","1","17","","","","","","","","","","","","","","","","","","","","","","","","","","","","","","0"
"51","Baylor","09/25/10","24","GANAWAY","TERRANCE","8","79","0","79","0","","","","","","","8","79","1","2","0","","","","","","","","","","","","","","","","","","","","","","","","","","","0"
"51","Baylor","10/02/10","24","GANAWAY","TERRANCE","5","49","0","49","0","","","","","","","5","49","","","","","","","","","","","","","","","","","","","","","","","","","","","","","","0"
"51","Baylor","10/09/10","24","GANAWAY","TERRANCE","4","13","0","13","0","","","","","","","4","13","1","18","0","","","","","","","","","","","","1","38","1","1","","","","","","","","","","","","6"
"51","Baylor","10/16/10","24","GANAWAY","TERRANCE","3","5","0","5","0","","","","","","","3","5","","","","","","","","","","","","","","","","","","","","","","","","","","","","","","0"
"51","Baylor","10/23/10","24","GANAWAY","TERRANCE","2","1","0","1","0","","","","","","","2","1","","","","","","","","","","","","","","","","","","","","","","","","","","","","","","0"
"51","Baylor","10/30/10","24","GANAWAY","TERRANCE","2","0","0","0","0","","","","","","","2","0","","","","","","","","","","","","","","","","","","","","","","","","","","","","","","0"
"51","Baylor","11/06/10","24","GANAWAY","TERRANCE","6","60","0","60","2","","","","","","","6","60","","","","","","","","","","","","","","","","","","2","","","","","","","","","","","","12"
"51","Baylor","11/13/10","24","GANAWAY","TERRANCE","1","1","0","1","0","","","","","","","1","1","","","","","","","","","","","","","","","","","","","","","","","","","","","","","","0"
"51","Baylor","11/20/10","24","GANAWAY","TERRANCE","3","17","0","17","0","","","","","","","3","17","","","","","","","","","","","","","","","","","","","","","","","","","","","","","","0"
"51","Baylor","09/04/10","12","GORDON","JOSH","","","","","","","","","","","","0","0","2","15","0","","","","","","","","","","","","","","","","","","","","","","","","","","","0"
"51","Baylor","09/11/10","12","GORDON","JOSH","","","","","","","","","","","","0","0","3","30","0","","","","","","","","","","","","","","","","","","","","","","","","","","","0"
"51","Baylor","09/18/10","12","GORDON","JOSH","","","","","","","","","","","","0","0","3","66","1","","","","","","","","","","","","","","","1","","","","","","","","","","","","6"
"51","Baylor","09/25/10","12","GORDON","JOSH","","","","","","","","","","","","0","0","2","55","1","","","","","","","","","","","","","","","1","","","","","","","","","","","","6"
"51","Baylor","10/02/10","12","GORDON","JOSH","","","","","","","","","","","","0","0","4","161","2","","","","","","","","","","","","","","","2","","","","","","","","","","","","12"
"51","Baylor","10/09/10","12","GORDON","JOSH","","","","","","","","","","","","0","0","5","96","1","","","","","","","","","","","","","","","1","","","","","","","","","","","","6"
"51","Baylor","10/23/10","12","GORDON","JOSH","","","","","","","","","","","","0","0","7","141","2","","","","","","","","","","","","1","0","0","2","","","","","","","","","","","","12"
"51","Baylor","10/30/10","12","GORDON","JOSH","","","","","","","","","","","","0","0","2","23","0","","","","","","","","","","","","","","","","","","","","","","","","","","","0"
"51","Baylor","11/06/10","12","GORDON","JOSH","","","","","","","","","","","","0","0","3","29","0","","","","","","","","","","","","","","","","","","","","","","","","","","","0"
"51","Baylor","11/13/10","12","GORDON","JOSH","","","","","","","","","","","","0","0","3","35","0","","","","","","","","","","","","","","","","","","","","","","","","","","","0"
"51","Baylor","11/20/10","12","GORDON","JOSH","","","","","","","","","","","","0","0","2","13","0","","","","","","","","","","","","","","","","","","","","","","","","","","","0"
"51","Baylor","12/29/10","12","GORDON","JOSH","","","","","","","","","","","","0","0","6","50","0","","","","","","","","","","","","2","74","0","","","","","","","","","","","","","0"
"51","Baylor","09/04/10","10","GRIFFIN III","ROBERT","6","65","6","59","1","36","19","0","242","2","","42","301","","","","","","","","","","","","","","","","","","1","","","","","","","","","","","","6"
"51","Baylor","09/11/10","10","GRIFFIN III","ROBERT","5","27","0","27","2","35","20","1","297","2","","40","324","","","","","","","","","","","","","","","","","","2","","","","","","","","","","","","12"
"51","Baylor","09/18/10","10","GRIFFIN III","ROBERT","14","49","28","21","0","28","16","0","164","1","","42","185","","","","","","","","","","","","","","","","","","","","","","","","","","","","","","0"
"51","Baylor","09/25/10","10","GRIFFIN III","ROBERT","11","58","8","50","0","28","20","1","268","3","","39","318","","","","","","","","","","","","","","","","","","","","","","","","","","","","","","0"
"51","Baylor","10/02/10","10","GRIFFIN III","ROBERT","8","64","0","64","1","36","26","0","380","3","","44","444","","","","","","","","","","","","","","","","","","1","","","","","","","","","","","","6"
"51","Baylor","10/09/10","10","GRIFFIN III","ROBERT","11","25","7","18","2","42","31","0","384","2","","53","402","1","9","0","","","","","","","","","","","","","","","2","","","","","","","","","","","","12"
"51","Baylor","10/16/10","10","GRIFFIN III","ROBERT","15","137","0","137","0","27","22","1","234","1","","42","371","","","","","","","","","","","","","","","","","","","","","1","1","","","","","","","","2"
"51","Baylor","10/23/10","10","GRIFFIN III","ROBERT","6","15","7","8","0","38","26","1","404","4","0","44","412","","","","","","","","","","","","","","","","","","","","","1","0","","","","","","","","0"
"51","Baylor","10/30/10","10","GRIFFIN III","ROBERT","16","43","26","17","1","24","16","1","219","2","0","40","236","","","","","","","","","","","","","","","","","","1","","","1","0","","","","","","","","6"
"51","Baylor","11/06/10","10","GRIFFIN III","ROBERT","9","21","6","15","0","48","30","1","267","0","","57","282","","","","","","","","","","","","","","","","","","","","","","","","","","","","","","0"
"51","Baylor","11/13/10","10","GRIFFIN III","ROBERT","20","124","32","92","1","38","28","0","212","0","","58","304","","","","","","","","","","","","","","","","","","1","","","","","","","","","","","","6"
"51","Baylor","11/20/10","10","GRIFFIN III","ROBERT","12","100","17","83","0","33","20","2","124","1","","45","207","","","","","","","","","","","","","","","","","","","","","","","","","","","","","","0"
"51","Baylor","12/29/10","10","GRIFFIN III","ROBERT","16","80","36","44","0","41","30","0","306","1","","57","350","","","","","","","","","","","","","","","","","","","","","","","","","","","","","","0"
"51","Baylor","09/11/10","17","HICKS","MIKE","","","","","","","","","","","","0","0","","","","1","2","0","","","","","","","","","","","","","","","","","","","","","","","","0"
"51","Baylor","09/11/10","88","JEFFERSON","WILLIE","","","","","","","","","","","","0","0","1","43","1","","","","","","","","","","","","","","","1","","","","","","","","","","","","6"
"51","Baylor","10/09/10","7","JOHNSON","ANTONIO","","","","","","","","","","","","0","0","1","34","0","","","","","","","","","","","","","","","","","","","","","","","","","","","0"
"51","Baylor","10/30/10","7","JOHNSON","ANTONIO","","","","","","","","","","","","0","0","","","","1","20","0","","","","","","","","","","","","","","","","","","","","","","","","0"
"51","Baylor","09/11/10","49","JOHNSON","KAERON","","","","","","","","","","","","0","0","1","10","0","","","","","","","","","","","","","","","","","","","","","","","","","","","0"
"51","Baylor","09/18/10","49","JOHNSON","KAERON","","","","","","","","","","","","0","0","1","7","0","","","","","","","","","","","","","","","","","","","","","","","","","","","0"
"51","Baylor","10/09/10","49","JOHNSON","KAERON","","","","","","","","","","","","0","0","1","1","0","","","","","","","","","","","","","","","","","","","","","","","","","","","0"
"51","Baylor","10/23/10","49","JOHNSON","KAERON","","","","","","","","","","","","0","0","1","12","0","","","","","","","","","","","","","","","","","","","","","","","","","","","0"
"51","Baylor","09/04/10","43","JONES","AARON","","","","","","","","","","","","0","0","","","","","","","","","","","","","","","","","","","4","4","0","0","","","","","3","2","","10"
"51","Baylor","09/11/10","43","JONES","AARON","","","","","","","","","","","","0","0","","","","","","","","","","","","","","","","","","","4","4","0","0","","","","","2","2","","10"
"51","Baylor","09/18/10","43","JONES","AARON","","","","","","","","","","","","0","0","","","","","","","","","","","","","","","","","","","1","1","0","0","","","","","1","1","","4"
"51","Baylor","09/25/10","43","JONES","AARON","","","","","","","","","","","","0","0","","","","","","","","","","","","","","","","","","","3","3","0","0","","","","","4","3","","12"
"51","Baylor","10/02/10","43","JONES","AARON","","","","","","","","","","","","0","0","","","","","","","","","","","","","","","","","","","7","7","0","0","","","","","2","2","","13"
"51","Baylor","10/09/10","43","JONES","AARON","","","","","","","","","","","","0","0","","","","","","","","","","","","","","","","","","","5","5","0","0","","","","","1","1","","8"
"51","Baylor","10/16/10","43","JONES","AARON","","","","","","","","","","","","0","0","","","","","","","","","","","","","","","","","","","2","2","0","0","","","","","4","3","","11"
"51","Baylor","10/23/10","43","JONES","AARON","","","","","","","","","","","","0","0","","","","","","","","","","","","","","","","","","","5","5","0","0","","","","","3","2","","11"
"51","Baylor","10/30/10","43","JONES","AARON","","","","","","","","","","","","0","0","","","","","","","","","","","","","","","","","","","3","3","0","0","","","","","1","1","","6"
"51","Baylor","11/06/10","43","JONES","AARON","","","","","","","","","","","","0","0","","","","","","","","","","","","","","","","","","","4","4","0","0","","","","","","","","4"
"51","Baylor","11/13/10","43","JONES","AARON","","","","","","","","","","","","0","0","","","","","","","","","","","","","","","","","","","4","3","0","0","","","","","4","1","","6"
"51","Baylor","11/20/10","43","JONES","AARON","","","","","","","","","","","","0","0","","","","","","","","","","","","","","","","","","","3","3","0","0","","","","","1","1","","6"
"51","Baylor","12/29/10","43","JONES","AARON","","","","","","","","","","","","0","0","","","","","","","","","","","","","","","","","","","2","2","0","0","","","","","1","0","","2"
"51","Baylor","10/09/10","7A","JONES","DARIUS","","","","","","","","","","","","0","0","","","","","","","","","","","","","","","1","12","0","","","","","","","","","","","","","0"
"51","Baylor","10/16/10","7A","JONES","DARIUS","","","","","","","","","","","","0","0","1","14","0","","","","","","","","","","","","","","","","","","","","","","","","","","","0"
"51","Baylor","11/06/10","7A","JONES","DARIUS","","","","","","","","","","","","0","0","","","","","","","","","","","","","","","3","61","0","","","","","","","","","","","","","0"
"51","Baylor","11/13/10","7A","JONES","DARIUS","","","","","","","","","","","","0","0","1","12","0","","","","","","","","","","","","","","","","","","","","","","","","","","","0"
"51","Baylor","10/09/10","1A","KENT","PRINCE","","","","","","","","","","","","0","0","","","","1","19","0","","","","","","","","","","","","","","","","","","","","","","","","0"
"51","Baylor","10/23/10","1A","KENT","PRINCE","","","","","","","","","","","","0","0","","","","1","4","0","","","","","","","","","","","","","","","","","","","","","","","","0"
"51","Baylor","10/30/10","67","KORBEL","JOE","","","","","","","","","","","","0","0","","","","","","","","","","","","","","","1","5","0","","","","","","","","","","","","","0"
"51","Baylor","10/16/10","14","LANDOR","BYRON","","","","","","","","","","","","0","0","","","","1","32","0","","","","","","","","","","","","","","","","","","","","","","","","0"
"51","Baylor","11/06/10","14","LANDOR","BYRON","","","","","","","","","","","","0","0","","","","","","","1","27","0","","","","","","","","","","","","","","","","","","","","","0"
"51","Baylor","10/02/10","8A","MARTIN","GLASCO","8","17","0","17","1","","","","","","","8","17","","","","","","","","","","","","","","","","","","1","","","","","","","","","","","","6"
"51","Baylor","11/20/10","8A","MARTIN","GLASCO","1","4","0","4","0","","","","","","","1","4","","","","","","","","","","","","","","","","","","","","","","","","","","","","","","0"
"51","Baylor","11/20/10","0A","MASON JR.","GARY","","","","","","","","","","","","0","0","","","","1","21","0","","","","","","","","","","","","","","","","","","","","","","","","0"
"51","Baylor","11/20/10","31","MCALLISTER","CHRIS","","","","","","","","","","","","0","0","","","","","","","1","4","0","","","","","","","","","","","","","","","","","","","","","0"
"51","Baylor","09/04/10","20","MONK","JEROD","","","","","","","","","","","","0","0","1","9","0","","","","","","","","","","","","","","","","","","","","","","","","","","","0"
"51","Baylor","09/25/10","20","MONK","JEROD","","","","","","","","","","","","0","0","1","6","1","","","","","","","","","","","","","","","1","","","","","","","","","","","","6"
"51","Baylor","10/02/10","20","MONK","JEROD","","","","","","","","","","","","0","0","1","7","0","","","","","","","","","","","","","","","","","","","","","","","","","","","0"
"51","Baylor","10/16/10","20","MONK","JEROD","","","","","","","","","","","","0","0","1","9","1","","","","","","","","","","","","","","","1","","","","","","","","","","","","6"
"51","Baylor","10/23/10","20","MONK","JEROD","","","","","","","","","","","","0","0","1","11","0","","","","","","","","","","","","","","","","","","","","","","","","","","","0"
"51","Baylor","11/13/10","20","MONK","JEROD","","","","","","","","","","","","0","0","1","12","0","","","","","","","","","","","","","","","","","","","","","","","","","","","0"
"51","Baylor","11/20/10","20","MONK","JEROD","","","","","","","","","","","","0","0","1","5","0","","","","","","","","","","","","","","","","","","","","","","","","","","","0"
"51","Baylor","12/29/10","20","MONK","JEROD","","","","","","","","","","","","0","0","1","10","0","","","","","","","","","","","","","","","","","","","","","","","","","","","0"
"51","Baylor","12/29/10","21","ODOM","CLIFTON","","","","","","","","","","","","0","0","","","","","","","","","","","","","","","1","20","0","","","","","","","","","","","","","0"
"51","Baylor","09/04/10","16","REESE","TEVIN","","","","","","","","","","","","0","0","1","15","0","","","","","","","","","","","","","","","","","","","","","","","","","","","0"
"51","Baylor","09/11/10","16","REESE","TEVIN","1","0","4","-4","0","","","","","","","1","-4","3","23","0","","","","","","","","","","","","","","","","","","","","","","","","","","","0"
"51","Baylor","09/18/10","16","REESE","TEVIN","","","","","","","","","","","","0","0","","","","","","","","","","","","","","","1","23","0","","","","","","","","","","","","","0"
"51","Baylor","09/25/10","16","REESE","TEVIN","","","","","","","","","","","","0","0","3","17","0","","","","","","","","","","","","","","","","","","","","","","","","","","","0"
"51","Baylor","10/02/10","16","REESE","TEVIN","","","","","","","","","","","","0","0","4","38","0","","","","","","","","","","","","","","","","","","","","","","","","","","","0"
"51","Baylor","10/09/10","16","REESE","TEVIN","","","","","","","","","","","","0","0","7","69","0","","","","","","","","","","","","","","","","","","","","","","","","","","","0"
"51","Baylor","10/16/10","16","REESE","TEVIN","","","","","","","","","","","","0","0","9","88","0","","","","","","","","","","","","","","","","","","","","","","","","","","","0"
"51","Baylor","10/23/10","16","REESE","TEVIN","","","","","","","","","","","","0","0","3","20","0","","","","","","","","","","","","","","","","","","","","","","","","","","","0"
"51","Baylor","10/30/10","16","REESE","TEVIN","","","","","","","","","","","","0","0","3","30","0","","","","","","","","","","","","","","","","","","","","","","","","","","","0"
"51","Baylor","11/06/10","16","REESE","TEVIN","","","","","","","","","","","","0","0","4","21","0","","","","","","","","","","","","","","","","","","","","","","","","","","","0"
"51","Baylor","11/13/10","16","REESE","TEVIN","","","","","","","","","","","","0","0","2","21","0","","","","","","","","","","","","","","","","","","","","","","","","","","","0"
"51","Baylor","11/20/10","16","REESE","TEVIN","","","","","","","","","","","","0","0","3","37","0","","","","","","","","","","","","","","","","","","","","","","","","","","","0"
"51","Baylor","12/29/10","16","REESE","TEVIN","1","17","0","17","0","","","","","","","1","17","3","22","0","","","","","","","","","","","","","","","","","","","","","","","","","","","0"
"51","Baylor","09/04/10","1C","SALUBI","JARRED","2","23","0","23","0","","","","","","","2","23","1","23","0","","","","","","","","","1","-14","0","","","","","","","","","","","","","","","","0"
"51","Baylor","09/11/10","1C","SALUBI","JARRED","4","41","0","41","0","","","","","","","4","41","","","","","","","","","","","","","","","","","","","","","","","","","","","","","","0"
"51","Baylor","09/18/10","1C","SALUBI","JARRED","1","3","0","3","0","","","","","","","1","3","","","","","","","","","","","","","","","","","","","","","","","","","","","","","","0"
"51","Baylor","09/25/10","1C","SALUBI","JARRED","2","5","2","3","0","","","","","","","2","3","","","","","","","","","","","","","","","","","","","","","","","","","","","","","","0"
"51","Baylor","10/02/10","1C","SALUBI","JARRED","3","23","0","23","0","","","","","","","3","23","","","","","","","","","","","","","","","","","","","","","","","","","","","","","","0"
"51","Baylor","10/16/10","1C","SALUBI","JARRED","1","5","0","5","0","","","","","","","1","5","","","","","","","","","","","","","","","","","","","","","","","","","","","","","","0"
"51","Baylor","10/23/10","1C","SALUBI","JARRED","2","6","0","6","0","","","","","","","2","6","","","","","","","","","","","","","","","","","","","","","","","","","","","","","","0"
"51","Baylor","10/30/10","1C","SALUBI","JARRED","","","","","","","","","","","","0","0","1","17","0","","","","","","","","","","","","","","","","","","","","","","","","","","","0"
"51","Baylor","11/06/10","1C","SALUBI","JARRED","3","31","0","31","0","","","","","","","3","31","","","","","","","","","","","","","","","1","23","0","","","","","","","","","","","","","0"
"51","Baylor","11/13/10","1C","SALUBI","JARRED","3","29","0","29","0","","","","","","","3","29","2","2","0","","","","","","","","","","","","2","33","0","","","","","","","","","","","","","0"
"51","Baylor","11/20/10","1C","SALUBI","JARRED","5","51","0","51","2","","","","","","","5","51","2","-7","0","","","","","","","","","","","","","","","2","","","","","","","","","","","","12"
"51","Baylor","12/29/10","1C","SALUBI","JARRED","","","","","","","","","","","","0","0","","","","","","","","","","","","","","","2","45","0","","","","","","","","","","","","","0"
"51","Baylor","09/04/10","3","SAMPSON","LANEAR","","","","","","","","","","","","0","0","3","24","0","","","","","","","","","","","","","","","","","","","","","","","","","","","0"
"51","Baylor","09/11/10","3","SAMPSON","LANEAR","","","","","","","","","","","","0","0","1","7","0","","","","","","","","","","","","","","","","","","","","","","","","","","","0"
"51","Baylor","09/18/10","3","SAMPSON","LANEAR","","","","","","","","","","","","0","0","2","31","0","","","","","","","","","","","","","","","","","","","","","","","","","","","0"
"51","Baylor","09/25/10","3","SAMPSON","LANEAR","","","","","","","","","","","","0","0","3","56","0","","","","","","","","","","","","","","","","","","","","","","","","","","","0"
"51","Baylor","10/02/10","3","SAMPSON","LANEAR","","","","","","","","","","","","0","0","9","62","0","","","","","","","","","","","","1","10","0","","","","","","","","","","","","","0"
"51","Baylor","10/09/10","3","SAMPSON","LANEAR","","","","","","","","","","","","0","0","3","20","0","","","","","","","","","","","","1","16","0","","","","","","","","","","","","","0"
"51","Baylor","10/16/10","3","SAMPSON","LANEAR","","","","","","","","","","","","0","0","2","20","0","","","","","","","","","","","","2","55","0","","","","","","","","","","","","","0"
"51","Baylor","10/23/10","3","SAMPSON","LANEAR","","","","","","","","","","","","0","0","3","37","0","","","","","","","","","","","","1","6","0","","","","","","","","","","","","","0"
"51","Baylor","10/30/10","3","SAMPSON","LANEAR","","","","","","","","","","","","0","0","1","9","0","","","","","","","","","","","","","","","","","","","","","","","","","","","0"
"51","Baylor","11/06/10","3","SAMPSON","LANEAR","","","","","","","","","","","","0","0","4","43","0","","","","","","","","","","","","","","","","","","","","","","","","","","","0"
"51","Baylor","11/13/10","3","SAMPSON","LANEAR","","","","","","","","","","","","0","0","5","49","0","","","","","","","","","","","","","","","","","","","","","","","","","","","0"
"51","Baylor","11/20/10","3","SAMPSON","LANEAR","","","","","","","","","","","","0","0","4","29","0","","","","","","","","","","","","","","","","","","","","","","","","","","","0"
"51","Baylor","12/29/10","3","SAMPSON","LANEAR","","","","","","","","","","","","0","0","2","3","0","","","","","","","","","","","","","","","","","","","","","","","","","","","0"
"51","Baylor","09/04/10","9A","TAYLOR","BRAD","","","","","","","","","","","","0","0","2","69","1","","","","","","","","","","","","","","","1","","","","","","","","","","","","6"
"51","Baylor","09/11/10","9A","TAYLOR","BRAD","","","","","","","","","","","","0","0","2","11","0","","","","","","","","","","","","","","","","","","","","","","","","","","","0"
"51","Baylor","09/18/10","9A","TAYLOR","BRAD","","","","","","","","","","","","0","0","1","3","0","","","","","","","","","","","","","","","","","","","","","","","","","","","0"
"51","Baylor","09/25/10","9A","TAYLOR","BRAD","","","","","","","","","","","","0","0","1","3","0","","","","","","","","","","","","","","","","","","","","","","","","","","","0"
"51","Baylor","10/09/10","9A","TAYLOR","BRAD","","","","","","","","","","","","0","0","1","10","0","","","","","","","","","","","","","","","","","","","","","","","","","","","0"
"51","Baylor","10/16/10","9A","TAYLOR","BRAD","","","","","","","","","","","","0","0","1","15","0","","","","","","","","","","","","","","","","","","","","","","","","","","","0"
"51","Baylor","10/23/10","9A","TAYLOR","BRAD","","","","","","","","","","","","0","0","2","32","0","","","","","","","","","","","","","","","","","","","","","","","","","","","0"
"51","Baylor","11/13/10","9A","TAYLOR","BRAD","","","","","","","","","","","","0","0","3","35","0","","","","","","","","","","","","","","","","","","","","","","","","","","","0"
"51","Baylor","11/20/10","9A","TAYLOR","BRAD","","","","","","","","","","","","0","0","2","10","1","","","","","","","","","","","","","","","1","","","","","","","","","","","","6"
"51","Baylor","12/29/10","9A","TAYLOR","BRAD","","","","","","","","","","","","0","0","5","81","0","","","","","","","","","","","","","","","","","","","","","","","","","","","0"
"51","Baylor","10/09/10","3B","TRAHAN","BRODY","","","","","","1","1","0","34","0","","1","34","","","","","","","","","","","","","","","","","","","","","","","","","","","","","","0"
"51","Baylor","10/02/10","2C","VALDEZ","MICHAEL","","","","","","","","","","","","0","0","1","4","0","","","","","","","","","","","","","","","","","","","","","","","","","","","0"
"51","Baylor","09/04/10","4A","WILLIAMS","ISAAC","3","20","0","20","0","","","","","","","3","20","","","","","","","","","","","","","","","","","","","","","","","","","","","","","","0"
"51","Baylor","09/11/10","4A","WILLIAMS","ISAAC","10","28","10","18","0","","","","","","","10","18","","","","","","","","","","","","","","","","","","","","","","","","","","","","","","0"
"51","Baylor","09/18/10","4A","WILLIAMS","ISAAC","1","2","0","2","0","","","","","","","1","2","","","","","","","","","","","","","","","","","","","","","","","","","","","","","","0"
"51","Baylor","09/25/10","4A","WILLIAMS","ISAAC","1","0","0","0","0","","","","","","","1","0","","","","","","","","","","","","","","","","","","","","","","","","","","","","","","0"
"51","Baylor","10/02/10","4A","WILLIAMS","ISAAC","9","53","0","53","0","","","","","","","9","53","","","","","","","","","","","","","","","","","","","","","","","","","","","","","","0"
"51","Baylor","09/04/10","2","WILLIAMS","TERRANCE","","","","","","","","","","","","0","0","2","28","1","","","","","","","","","","","","2","50","0","1","","","","","","","","","","","","6"
"51","Baylor","09/11/10","2","WILLIAMS","TERRANCE","","","","","","","","","","","","0","0","6","68","0","","","","","","","","","4","52","0","2","52","0","","","","","","","","","","","","","0"
"51","Baylor","09/18/10","2","WILLIAMS","TERRANCE","","","","","","","","","","","","0","0","6","37","0","","","","","","","","","1","8","0","4","91","0","","","","","","","","","","","","","0"
"51","Baylor","09/25/10","2","WILLIAMS","TERRANCE","","","","","","","","","","","","0","0","2","23","0","","","","","","","","","1","14","0","3","66","0","","","","","","","","","","","","","0"
"51","Baylor","10/02/10","2","WILLIAMS","TERRANCE","","","","","","","","","","","","0","0","4","101","2","","","","","","","","","2","16","0","","","","2","","","","","","","","","","","","12"
"51","Baylor","10/09/10","2","WILLIAMS","TERRANCE","1","3","0","3","0","","","","","","","1","3","1","6","0","","","","","","","","","","","","4","77","0","","","","","","","","","","","","","0"
"51","Baylor","10/16/10","2","WILLIAMS","TERRANCE","","","","","","","","","","","","0","0","1","2","0","","","","","","","","","","","","3","65","0","","","","","","","","","","","","","0"
"51","Baylor","10/23/10","2","WILLIAMS","TERRANCE","","","","","","","","","","","","0","0","3","38","0","","","","","","","","","","","","1","18","0","","","","","","","","","","","","","0"
"51","Baylor","10/30/10","2","WILLIAMS","TERRANCE","","","","","","","","","","","","0","0","3","77","1","","","","","","","","","","","","","","","1","","","","","","","","","","","","6"
"51","Baylor","11/06/10","2","WILLIAMS","TERRANCE","","","","","","","","","","","","0","0","8","73","0","","","","","","","","","","","","","","","","","","","","","","","","","","","0"
"51","Baylor","11/13/10","2","WILLIAMS","TERRANCE","","","","","","","","","","","","0","0","4","12","0","","","","","","","","","","","","","","","","","","","","","","","","","","","0"
"51","Baylor","11/20/10","2","WILLIAMS","TERRANCE","","","","","","","","","","","","0","0","2","7","0","","","","","","","","","","","","1","8","0","","","","","","","","","","","","","0"
"51","Baylor","12/29/10","2","WILLIAMS","TERRANCE","","","","","","","","","","","","0","0","1","12","0","","","","","","","","","","","","","","","","","","","","","","","","","","","0"
"51","Baylor","09/04/10","8E","WOLFE","ERIK","","","","","","","","","","","","0","0","1","6","0","","","","","","","","","","","","","","","","","","","","","","","","","","","0"
"51","Baylor","09/04/10","1","WRIGHT","KENDALL","1","5","0","5","0","","","","","","","1","5","3","-1","0","","","","","","","","","","","","","","","","","","","","","","","","","","","0"
"51","Baylor","09/11/10","1","WRIGHT","KENDALL","","","","","","","","","","","","0","0","5","128","1","","","","","","","","","","","","","","","1","","","","","","","","","","","","6"
"51","Baylor","09/18/10","1","WRIGHT","KENDALL","","","","","","","","","","","","0","0","2","10","0","","","","","","","","","","","","","","","","","","","","","","","","","","","0"
"51","Baylor","09/25/10","1","WRIGHT","KENDALL","","","","","","","","","","","","0","0","7","106","1","","","","","","","","","","","","","","","1","","","","","","","","","","","","6"
"51","Baylor","10/02/10","1","WRIGHT","KENDALL","2","18","0","18","0","1","1","0","50","1","","3","68","5","61","0","","","","","","","","","","","","","","","","","","","","","","","","","","","0"
"51","Baylor","10/09/10","1","WRIGHT","KENDALL","1","1","0","1","0","1","1","0","9","0","","2","10","11","145","1","","","","","","","","","2","5","0","","","","1","","","","","","","","","","","","6"
"51","Baylor","10/16/10","1","WRIGHT","KENDALL","2","19","0","19","0","","","","","","","2","19","7","86","0","","","","","","","","","","","","","","","","","","","","","","","","","","","0"
"51","Baylor","10/23/10","1","WRIGHT","KENDALL","1","14","0","14","0","","","","","","","1","14","6","113","2","","","","","","","","","","","","","","","2","","","","","","","","","","","","12"
"51","Baylor","10/30/10","1","WRIGHT","KENDALL","1","0","4","-4","0","","","","","","","1","-4","5","54","1","","","","","","","","","","","","","","","1","","","","","","","","","","","","6"
"51","Baylor","11/06/10","1","WRIGHT","KENDALL","","","","","","","","","","","","0","0","8","78","0","","","","","","","","","","","","","","","","","","","","","","","","","","","0"
"51","Baylor","11/13/10","1","WRIGHT","KENDALL","","","","","","","","","","","","0","0","4","18","0","","","","","","","","","","","","","","","","","","","","","","","","","","","0"
"51","Baylor","11/20/10","1","WRIGHT","KENDALL","","","","","","","","","","","","0","0","3","27","0","","","","","","","","","","","","","","","","","","","","","","","","","","","0"
"51","Baylor","12/29/10","1","WRIGHT","KENDALL","","","","","","","","","","","","0","0","12","127","1","","","","","","","","","","","","","","","1","","","","","","","","","","","","6"
"66","Boise St.","12/04/10","52","ACREY","DERRELL","","","","","","","","","","","","0","0","","","","1","31","1","","","","","","","","","","","","1","","","","","","","","","","","","6"
"66","Boise St.","09/06/10","27","AVERY","JEREMY","5","26","0","26","0","","","","","","","5","26","","","","","","","","","","","","","","","","","","","","","","","","","","","","","","0"
"66","Boise St.","09/18/10","27","AVERY","JEREMY","10","38","1","37","0","","","","","","","10","37","2","1","0","","","","","","","","","","","","","","","","","","","","","","","","","","","0"
"66","Boise St.","09/25/10","27","AVERY","JEREMY","3","3","1","2","0","","","","","","","3","2","","","","","","","","","","","","","","","","","","","","","","","","","","","","","","0"
"66","Boise St.","10/02/10","27","AVERY","JEREMY","8","69","0","69","1","","","","","","","8","69","1","13","0","","","","","","","","","","","","1","16","0","1","","","","","","","","","","","","6"
"66","Boise St.","10/09/10","27","AVERY","JEREMY","7","42","0","42","3","","","","","","","7","42","1","26","0","","","","","","","","","","","","","","","3","","","","","","","","","","","","18"
"66","Boise St.","10/16/10","27","AVERY","JEREMY","6","18","2","16","1","","","","","","","6","16","1","7","0","","","","","","","","","","","","","","","1","","","","","","","","","","","","6"
"66","Boise St.","10/26/10","27","AVERY","JEREMY","7","39","10","29","1","","","","","","","7","29","","","","","","","","","","","","","","","","","","1","","","","","","","","","","","","6"
"66","Boise St.","11/06/10","27","AVERY","JEREMY","10","92","0","92","3","","","","","","","10","92","1","26","0","","","","","","","","","","","","1","36","0","3","","","","","","","","","","","","18"
"66","Boise St.","11/12/10","27","AVERY","JEREMY","5","26","1","25","1","","","","","","","5","25","3","34","1","","","","","","","","","","","","1","53","0","2","","","","","","","","","","","","12"
"66","Boise St.","11/19/10","27","AVERY","JEREMY","8","27","0","27","0","","","","","","","8","27","1","0","0","","","","","","","","","","","","","","","","","","","","","","","","","","","0"
"66","Boise St.","11/26/10","27","AVERY","JEREMY","4","6","2","4","0","","","","","","","4","4","2","32","0","","","","","","","","","","","","","","","","","","","","","","","","","","","0"
"66","Boise St.","12/04/10","27","AVERY","JEREMY","10","75","4","71","1","","","","","","","10","71","","","","","","","","","","","","","","","","","","1","","","","","","","","","","","","6"
"66","Boise St.","12/22/10","27","AVERY","JEREMY","12","56","1","55","0","","","","","","","12","55","2","15","0","","","","","","","","","","","","1","19","0","","","","","","","","","","","","","0"
"66","Boise St.","10/02/10","19","BORGMAN","JOSH","","","","","","","","","","","","0","0","","","","","","","","","","","","1","7","0","","","","","","","","","","","","","","","","0"
"66","Boise St.","10/16/10","19","BORGMAN","JOSH","","","","","","","","","","","","0","0","","","","","","","","","","","","3","24","0","","","","","","","","","","","","","","","","0"
"66","Boise St.","09/06/10","35","BROTZMAN","KYLE","","","","","","","","","","","","0","0","","","","","","","","","","2","90","","","","","","","","4","3","0","0","","","","","3","2","","9"
"66","Boise St.","09/18/10","35","BROTZMAN","KYLE","","","","","","","","","","","","0","0","","","","","","","","","","2","83","","","","","","","","4","4","0","0","","","","","3","3","","13"
"66","Boise St.","09/25/10","35","BROTZMAN","KYLE","","","","","","","","","","","","0","0","","","","","","","","","","2","76","","","","","","","","4","4","0","0","","","","","3","3","","13"
"66","Boise St.","10/02/10","35","BROTZMAN","KYLE","","","","","","","","","","","","0","0","","","","","","","","","","3","118","","","","","","","","7","7","0","0","","","","","1","1","","10"
"66","Boise St.","10/09/10","35","BROTZMAN","KYLE","","","","","","","","","","","","0","0","","","","","","","","","","1","40","","","","","","","","7","7","0","0","","","","","","","","7"
"66","Boise St.","10/16/10","35","BROTZMAN","KYLE","","","","","","","","","","","","0","0","","","","","","","","","","","","","","","","","","","6","5","0","0","","","","","","","","5"
"66","Boise St.","11/06/10","35","BROTZMAN","KYLE","","","","","","","","","","","","0","0","","","","","","","","","","","","","","","","","","","4","4","0","0","","","","","1","0","","4"
"66","Boise St.","11/12/10","35","BROTZMAN","KYLE","","","","","","","","","","","","0","0","","","","","","","","","","","","","","","","","","","7","7","0","0","","","","","2","1","","10"
"66","Boise St.","11/19/10","35","BROTZMAN","KYLE","","","","","","","","","","","","0","0","","","","","","","","","","1","46","","","","","","","","6","6","0","0","","","","","3","3","","15"
"66","Boise St.","11/26/10","35","BROTZMAN","KYLE","","","","","","","","","","","","0","0","","","","","","","","","","3","141","","","","","","","","4","4","0","0","","","","","3","1","","7"
"66","Boise St.","12/04/10","35","BROTZMAN","KYLE","","","","","","","","","","","","0","0","","","","","","","","","","3","152","","","","","","","","6","6","0","0","","","","","1","0","","6"
"66","Boise St.","12/22/10","35","BROTZMAN","KYLE","","","","","","","","","","","","0","0","","","","","","","","","","1","47","","","","","","","","2","2","0","0","","","","","3","2","","8"
"66","Boise St.","09/18/10","18","BURKS","AARON","","","","","","","","","","","","0","0","1","16","0","","","","","","","","","","","","","","","","","","","","","","","","","","","0"
"66","Boise St.","10/02/10","18","BURKS","AARON","","","","","","","","","","","","0","0","1","8","0","","","","","","","","","","","","","","","","","","","","","","","","","","","0"
"66","Boise St.","10/16/10","18","BURKS","AARON","","","","","","","","","","","","0","0","2","20","0","","","","","","","","","","","","","","","","","","","","","","","","","","","0"
"66","Boise St.","11/12/10","18","BURKS","AARON","","","","","","","","","","","","0","0","1","0","0","","","","","","","","","","","","","","","","","","","","","","","","","","","0"
"66","Boise St.","12/04/10","18","BURKS","AARON","","","","","","","","","","","","0","0","1","14","0","","","","","","","","","","","","","","","","","","","","","","","","","","","0"
"66","Boise St.","09/06/10","20","BURROUGHS","MITCH","","","","","","","","","","","","0","0","1","5","0","","","","","","","","","3","40","0","","","","","","","","","","","","","","","","0"
"66","Boise St.","09/18/10","20","BURROUGHS","MITCH","","","","","","","","","","","","0","0","","","","","","","","","","","","2","15","0","","","","","","","","","","","","","","","","0"
"66","Boise St.","11/12/10","20","BURROUGHS","MITCH","","","","","","","","","","","","0","0","1","10","0","","","","","","","","","1","8","0","","","","","","","","","","","","","","","","0"
"66","Boise St.","11/19/10","20","BURROUGHS","MITCH","","","","","","","","","","","","0","0","","","","","","","","","","","","1","35","0","","","","","","","","","","","","","","","","0"
"66","Boise St.","11/26/10","20","BURROUGHS","MITCH","","","","","","","","","","","","0","0","2","26","0","","","","","","","","","","","","","","","","","","","","","","","","","","","0"
"66","Boise St.","12/04/10","20","BURROUGHS","MITCH","","","","","","","","","","","","0","0","2","18","0","","","","","","","","","1","29","0","0","27","0","","","","","","","","","","","","","0"
"66","Boise St.","09/18/10","7","COUGHLIN","MICHAEL","4","26","0","26","0","1","1","0","3","0","","5","29","","","","","","","","","","","","","","","","","","","","","","","","","","","","","","0"
"66","Boise St.","10/02/10","7","COUGHLIN","MICHAEL","3","39","0","39","1","1","1","0","11","0","","4","50","","","","","","","","","","","","","","","","","","1","","","","","","","","","","","","6"
"66","Boise St.","10/09/10","7","COUGHLIN","MICHAEL","1","2","0","2","0","","","","","","","1","2","","","","","","","","","","","","","","","","","","","","","","","","","","","","","","0"
"66","Boise St.","10/16/10","7","COUGHLIN","MICHAEL","2","13","0","13","0","3","1","0","8","0","","5","21","","","","","","","","","","","","","","","","","","","","","","","","","","","","","","0"
"66","Boise St.","11/12/10","7","COUGHLIN","MICHAEL","2","10","0","10","0","2","0","0","0","0","","4","10","","","","","","","","","","","","","","","","","","","","","","","","","","","","","","0"
"66","Boise St.","12/04/10","7","COUGHLIN","MICHAEL","2","8","0","8","1","2","1","0","14","0","","4","22","","","","","","","","","","","","","","","","","","1","","","","","","","","","","","","6"
"66","Boise St.","09/06/10","80","EFAW","KYLE","","","","","","","","","","","","0","0","1","10","0","","","","","","","","","","","","","","","","","","","","","","","","","","","0"
"66","Boise St.","09/18/10","80","EFAW","KYLE","","","","","","","","","","","","0","0","1","8","0","","","","","","","","","","","","","","","","","","","","","","","","","","","0"
"66","Boise St.","09/25/10","80","EFAW","KYLE","","","","","","","","","","","","0","0","2","13","0","","","","","","","","","","","","","","","","","","","","","","","","","","","0"
"66","Boise St.","10/02/10","80","EFAW","KYLE","","","","","","","","","","","","0","0","2","67","2","","","","","","","","","","","","","","","2","","","","","","","","","","","","12"
"66","Boise St.","10/09/10","80","EFAW","KYLE","","","","","","","","","","","","0","0","4","47","1","","","","","","","","","","","","","","","1","","","","","","","","","","","","6"
"66","Boise St.","10/16/10","80","EFAW","KYLE","","","","","","","","","","","","0","0","1","18","0","","","","","","","","","","","","","","","","","","","","","","","","","","","0"
"66","Boise St.","10/26/10","80","EFAW","KYLE","0","0","0","0","1","","","","","","","0","0","1","5","0","","","","","","","","","","","","","","","1","","","","","","","","","","","","6"
"66","Boise St.","11/06/10","80","EFAW","KYLE","","","","","","","","","","","","0","0","2","8","0","","","","","","","","","","","","","","","","","","","","","","","","","","","0"
"66","Boise St.","11/12/10","80","EFAW","KYLE","","","","","","","","","","","","0","0","2","13","0","","","","","","","","","","","","","","","","","","","","","","","","","","","0"
"66","Boise St.","11/19/10","80","EFAW","KYLE","","","","","","","","","","","","0","0","2","27","0","","","","","","","","","","","","","","","","","","","","","","","","","","","0"
"66","Boise St.","12/04/10","80","EFAW","KYLE","","","","","","","","","","","","0","0","5","76","2","","","","","","","","","","","","","","","2","","","","","","","","","","","","12"
"66","Boise St.","12/22/10","80","EFAW","KYLE","","","","","","","","","","","","0","0","1","7","0","","","","","","","","","","","","","","","","","","","","","","","","","","","0"
"66","Boise St.","09/06/10","85","GALLARDA","TOMMY","","","","","","","","","","","","0","0","2","4","1","","","","","","","","","","","","","","","1","","","","","","","","","","","","6"
"66","Boise St.","09/18/10","85","GALLARDA","TOMMY","","","","","","","","","","","","0","0","2","20","0","","","","","","","","","","","","","","","","","","","","","","","","","","","0"
"66","Boise St.","09/25/10","85","GALLARDA","TOMMY","","","","","","","","","","","","0","0","1","6","1","","","","","","","","","","","","","","","1","","","","","","","","","","","","6"
"66","Boise St.","10/16/10","85","GALLARDA","TOMMY","","","","","","","","","","","","0","0","1","17","1","","","","","","","","","","","","","","","1","","","","","","","","","","","","6"
"66","Boise St.","10/26/10","85","GALLARDA","TOMMY","","","","","","","","","","","","0","0","1","16","0","","","","","","","","","","","","","","","","","","","","","","","","","","","0"
"66","Boise St.","10/09/10","4","GAVINS","JERRELL","","","","","","","","","","","","0","0","","","","","","","","","","","","","","","1","14","0","","","","","","","","","","","","","0"
"66","Boise St.","11/12/10","4","GAVINS","JERRELL","","","","","","","","","","","","0","0","","","","","","","","","","","","","","","1","21","0","","","","","","","","","","","","","0"
"66","Boise St.","11/19/10","4","GAVINS","JERRELL","","","","","","","","","","","","0","0","","","","","","","","","","","","","","","1","22","0","","","","","","","","","","","","","0"
"66","Boise St.","12/04/10","4","GAVINS","JERRELL","","","","","","","","","","","","0","0","","","","1","0","0","","","","","","","","","","","","","","","","","","","","","","","","0"
"66","Boise St.","10/02/10","14","HARMAN","TREVOR","","","","","","","","","","","","0","0","","","","","","","","","","","","","","","","","","","1","1","0","0","","","","","","","","1"
"66","Boise St.","10/16/10","14","HARMAN","TREVOR","","","","","","","","","","","","0","0","","","","","","","","","","3","116","","","","","","","","1","1","0","0","","","","","","","","1"
"66","Boise St.","10/26/10","14","HARMAN","TREVOR","","","","","","","","","","","","0","0","","","","","","","","","","2","65","","","","","","","","","","","","","","","","","","","0"
"66","Boise St.","11/12/10","14","HARMAN","TREVOR","","","","","","","","","","","","0","0","","","","","","","","","","5","266","","","","","","","","","","","","","","","","","","","0"
"66","Boise St.","09/06/10","6","HARPER","DJ","4","80","0","80","1","","","","","","","4","80","2","7","0","","","","","","","","","","","","","","","1","","","","","","","","","","","","6"
"66","Boise St.","09/18/10","6","HARPER","DJ","11","59","0","59","1","","","","","","","11","59","2","29","0","","","","","","","","","","","","","","","1","","","","","","","","","","","","6"
"66","Boise St.","09/25/10","6","HARPER","DJ","3","21","0","21","0","","","","","","","3","21","","","","","","","","","","","","","","","","","","","","","","","","","","","","","","0"
"66","Boise St.","09/18/10","82","HIWAT","GERALDO","","","","","","","","","","","","0","0","1","22","0","","","","","","","","","","","","","","","","","","","","","","","","","","","0"
"66","Boise St.","10/16/10","82","HIWAT","GERALDO","","","","","","","","","","","","0","0","2","14","0","","","","","","","","","","","","","","","","","","","","","","","","","","","0"
"66","Boise St.","10/26/10","82","HIWAT","GERALDO","","","","","","","","","","","","0","0","1","17","0","","","","","","","","","","","","","","","","","","","","","","","","","","","0"
"66","Boise St.","11/06/10","82","HIWAT","GERALDO","","","","","","","","","","","","0","0","3","75","0","","","","","","","","","","","","","","","","","","","","","","","","","","","0"
"66","Boise St.","11/12/10","82","HIWAT","GERALDO","","","","","","","","","","","","0","0","3","24","0","","","","","","","","","","","","","","","","","","","","","","","","","","","0"
"66","Boise St.","12/04/10","82","HIWAT","GERALDO","","","","","","","","","","","","0","0","1","8","0","","","","","","","","","","","","","","","","","","","","","","","","","","","0"
"66","Boise St.","09/18/10","28","HODGE","JARVIS","4","25","0","25","1","","","","","","","4","25","","","","","","","","","","","","","","","","","","1","","","","","","","","","","","","6"
"66","Boise St.","10/02/10","28","HODGE","JARVIS","5","69","0","69","1","","","","","","","5","69","","","","","","","","","","","","","","","","","","1","","","","","","","","","","","","6"
"66","Boise St.","10/09/10","28","HODGE","JARVIS","6","31","0","31","0","","","","","","","6","31","","","","","","","","","","","","","","","","","","","","","","","","","","","","","","0"
"66","Boise St.","10/16/10","28","HODGE","JARVIS","2","9","0","9","0","","","","","","","2","9","","","","","","","","","","","","","","","","","","","","","","","","","","","","","","0"
"66","Boise St.","11/06/10","28","HODGE","JARVIS","8","50","0","50","0","","","","","","","8","50","","","","","","","","","","","","","","","","","","","","","","","","","","","","","","0"
"66","Boise St.","11/12/10","28","HODGE","JARVIS","8","52","0","52","0","","","","","","","8","52","","","","","","","","","","","","","","","","","","","","","","","","","","","","","","0"
"66","Boise St.","11/19/10","28","HODGE","JARVIS","5","21","0","21","1","","","","","","","5","21","","","","","","","","","","","","","","","","","","1","","","","","","","","","","","","6"
"66","Boise St.","12/04/10","28","HODGE","JARVIS","8","48","0","48","0","","","","","","","8","48","","","","","","","","","","","","","","","","","","","","","","","","","","","","","","0"
"66","Boise St.","11/19/10","8","ILOKA","GEORGE","","","","","","","","","","","","0","0","","","","1","14","0","","","","","","","","","","","","","","","","","","","","","","","","0"
"66","Boise St.","11/26/10","8","ILOKA","GEORGE","","","","","","","","","","","","0","0","","","","1","0","0","","","","","","","","","","","","","","","","","","","","","","","","0"
"66","Boise St.","09/18/10","23","JOHNSON","JERON","","","","","","","","","","","","0","0","","","","1","0","0","","","","","","","","","","","","","","","","","","","","","","","","0"
"66","Boise St.","11/12/10","23","JOHNSON","JERON","","","","","","","","","","","","0","0","","","","","","","","","","","","1","8","0","","","","","","","","","","","","","","","","0"
"66","Boise St.","09/18/10","26","KAISERMAN","MATT","2","17","1","16","0","","","","","","","2","16","","","","","","","","","","","","","","","","","","","","","","","","","","","","","","0"
"66","Boise St.","09/25/10","26","KAISERMAN","MATT","2","4","3","1","0","","","","","","","2","1","","","","","","","","","","","","","","","","","","","","","","","","","","","","","","0"
"66","Boise St.","10/02/10","26","KAISERMAN","MATT","9","33","2","31","0","","","","","","","9","31","1","11","0","","","","","","","","","","","","","","","","","","","","","","","","","","","0"
"66","Boise St.","10/09/10","26","KAISERMAN","MATT","9","42","0","42","1","","","","","","","9","42","","","","","","","","","","","","","","","","","","1","","","","","","","","","","","","6"
"66","Boise St.","10/16/10","26","KAISERMAN","MATT","15","59","10","49","0","","","","","","","15","49","","","","","","","","","","","","","","","","","","","","","","","","","","","","","","0"
"66","Boise St.","10/26/10","26","KAISERMAN","MATT","1","0","1","-1","0","","","","","","","1","-1","","","","","","","","","","","","","","","","","","","","","","","","","","","","","","0"
"66","Boise St.","11/12/10","26","KAISERMAN","MATT","1","2","0","2","0","","","","","","","1","2","","","","","","","","","","","","","","","","","","","","","","","","","","","","","","0"
"66","Boise St.","10/26/10","88","KOCH","CHANDLER","","","","","","","","","","","","0","0","1","0","0","","","","","","","","","","","","","","","","","","","","","","","","","","","0"
"66","Boise St.","11/19/10","88","KOCH","CHANDLER","","","","","","","","","","","","0","0","1","4","0","","","","","","","","","","","","","","","","","","","","","","","","","","","0"
"66","Boise St.","09/06/10","87","LINEHAN","GABE","","","","","","","","","","","","0","0","1","11","0","","","","","","","","","","","","","","","","","","","","","","","","","","","0"
"66","Boise St.","10/26/10","87","LINEHAN","GABE","","","","","","","","","","","","0","0","","","","","","","","","","","","","","","1","0","0","","","","","","","","","","","","","0"
"66","Boise St.","11/06/10","87","LINEHAN","GABE","","","","","","","","","","","","0","0","2","27","0","","","","","","","","","","","","","","","","","","","","","","","","","","","0"
"66","Boise St.","11/12/10","87","LINEHAN","GABE","","","","","","","","","","","","0","0","1","21","1","","","","","","","","","","","","","","","1","","","","","","","","","","","","6"
"66","Boise St.","11/26/10","87","LINEHAN","GABE","","","","","","","","","","","","0","0","1","5","0","","","","","","","","","","","","","","","","","","","","","","","","","","","0"
"66","Boise St.","12/04/10","87","LINEHAN","GABE","","","","","","","","","","","","0","0","1","18","0","","","","","","","","","","","","","","","","","","","","","","","","","","","0"
"66","Boise St.","09/06/10","22","MARTIN","DOUG","12","90","7","83","0","","","","","","","12","83","1","5","0","","","","","","","","","","","","","","","","","","","","","","","","","","","0"
"66","Boise St.","09/18/10","22","MARTIN","DOUG","17","107","2","105","1","","","","","","","17","105","2","40","0","","","","","","","","","","","","","","","1","","","","","","","","","","","","6"
"66","Boise St.","09/25/10","22","MARTIN","DOUG","19","140","2","138","0","","","","","","","19","138","4","35","0","","","","","","","","","","","","","","","","","","","","","","","","","","","0"
"66","Boise St.","10/02/10","22","MARTIN","DOUG","10","94","0","94","1","","","","","","","10","94","1","28","1","","","","","","","","","","","","","","","2","","","","","","","","","","","","12"
"66","Boise St.","10/09/10","22","MARTIN","DOUG","8","56","0","56","0","","","","","","","8","56","","","","","","","","","","","","","","","","","","","","","","","","","","","","","","0"
"66","Boise St.","10/16/10","22","MARTIN","DOUG","8","68","0","68","2","","","","","","","8","68","3","53","0","","","","","","","","","","","","","","","2","","","","","","","","","","","","12"
"66","Boise St.","10/26/10","22","MARTIN","DOUG","21","150","0","150","2","","","","","","","21","150","","","","","","","","","","","","","","","","","","2","","","","","","","","","","","","12"
"66","Boise St.","11/06/10","22","MARTIN","DOUG","17","60","5","55","0","","","","","","","17","55","4","33","0","","","","","","","","","","","","","","","","","","","","","","","","","","","0"
"66","Boise St.","11/12/10","22","MARTIN","DOUG","16","117","0","117","2","","","","","","","16","117","2","3","0","","","","","","","","","","","","","","","2","","","","","","","","","","","","12"
"66","Boise St.","11/19/10","22","MARTIN","DOUG","24","76","4","72","1","","","","","","","24","72","3","22","0","","","","","","","","","","","","","","","1","","","","","","","","","","","","6"
"66","Boise St.","11/26/10","22","MARTIN","DOUG","24","157","5","152","2","","","","","","","24","152","3","78","1","","","","","","","","","","","","","","","3","","","","","","","","","","","","18"
"66","Boise St.","12/04/10","22","MARTIN","DOUG","8","27","4","23","0","","","","","","","8","23","4","26","0","","","","","","","","","","","","","","","","","","","","","","","","","","","0"
"66","Boise St.","12/22/10","22","MARTIN","DOUG","17","147","0","147","1","","","","","","","17","147","1","15","0","","","","","","","","","","","","","","","1","","","","","","","","","","","","6"
"66","Boise St.","09/18/10","92","MCCLELLIN","SHEA","","","","","","","","","","","","0","0","","","","","","","0","0","1","","","","","","","","","1","","","","","","","","","","","","6"
"66","Boise St.","10/09/10","92","MCCLELLIN","SHEA","","","","","","","","","","","","0","0","","","","1","36","1","","","","","","","","","","","","1","","","","","","","","","","","","6"
"66","Boise St.","09/06/10","11","MOORE","KELLEN","2","0","19","-19","0","38","23","0","215","3","","40","196","","","","","","","","","","","","","","","","","","","","","","","","","","","","","","0"
"66","Boise St.","09/18/10","11","MOORE","KELLEN","2","1","2","-1","0","30","20","1","370","2","","32","369","","","","","","","","","","","","","","","","","","","","","","","","","","","","","","0"
"66","Boise St.","09/25/10","11","MOORE","KELLEN","2","1","2","-1","0","27","19","0","288","3","","29","287","","","","","","","","","","","","","","","","","","","","","","","","","","","","","","0"
"66","Boise St.","10/02/10","11","MOORE","KELLEN","","","","","","18","13","0","196","3","","18","196","","","","","","","","","","","","","","","","","","","","","","","","","","","","","","0"
"66","Boise St.","10/09/10","11","MOORE","KELLEN","1","6","0","6","0","22","16","0","267","3","","23","273","","","","","","","","","","","","","","","","","","","","","","","","","","","","","","0"
"66","Boise St.","10/16/10","11","MOORE","KELLEN","1","4","0","4","0","16","14","0","231","2","","17","235","","","","","","","","","","","","","","","","","","","","","","","","","","","","","","0"
"66","Boise St.","10/26/10","11","MOORE","KELLEN","1","0","13","-13","0","28","20","1","298","2","","29","285","1","7","1","","","","","","","1","54","","","","","","","1","","","","","","","","","","","","6"
"66","Boise St.","11/06/10","11","MOORE","KELLEN","","","","","","37","30","2","507","3","","37","507","","","","","","","","","","","","","","","","","","","","","","","","","","","","","","0"
"66","Boise St.","11/12/10","11","MOORE","KELLEN","1","1","0","1","0","26","19","0","216","3","","27","217","","","","","","","","","","","","","","","","","","","","","","","","","","","","","","0"
"66","Boise St.","11/19/10","11","MOORE","KELLEN","2","11","11","0","0","38","27","1","333","4","","40","333","","","","","","","","","","","","","","","","","","","","","","","","","","","","","","0"
"66","Boise St.","11/26/10","11","MOORE","KELLEN","2","0","11","-11","0","31","20","0","348","2","","33","337","","","","","","","","","","1","36","","","","","","","","","","","","","","","","","","","0"
"66","Boise St.","12/04/10","11","MOORE","KELLEN","2","13","0","13","1","34","24","0","237","3","","36","250","","","","","","","","","","1","29","","","","","","","1","","","","","","","","","","","","6"
"66","Boise St.","12/22/10","11","MOORE","KELLEN","3","1","12","-11","0","38","28","1","339","2","","41","328","","","","","","","","","","","","","","","","","","","","","","","","","","","","","","0"
"66","Boise St.","09/18/10","64","MYERS","BRENEL","0","5","0","5","0","","","","","","","0","5","","","","","","","","","","","","","","","","","","","","","","","","","","","","","","0"
"66","Boise St.","10/02/10","47","PAUL","DAN","","","","","","","","","","","","0","0","1","5","0","","","","","","","","","","","","","","","","","","","","","","","","","","","0"
"66","Boise St.","11/12/10","47","PAUL","DAN","","","","","","","","","","","","0","0","1","5","0","","","","","","","","","","","","","","","","","","","","","","","","","","","0"
"66","Boise St.","11/26/10","47","PAUL","DAN","","","","","","","","","","","","0","0","1","13","0","","","","","","","","","","","","","","","","","","","","","","","","","","","0"
"66","Boise St.","12/04/10","47","PAUL","DAN","","","","","","","","","","","","0","0","3","6","0","","","","","","","","","","","","","","","","","","","","","","","","","","","0"
"66","Boise St.","12/22/10","47","PAUL","DAN","1","1","0","1","0","","","","","","","1","1","1","1","0","","","","","","","","","","","","","","","","","","","","","","","","","","","0"
"66","Boise St.","09/18/10","84","PAVEL","JIMMY","","","","","","","","","","","","0","0","","","","","","","","","","","","","","","","","","","2","2","0","0","","","","","","","","2"
"66","Boise St.","10/26/10","84","PAVEL","JIMMY","","","","","","","","","","","","0","0","","","","","","","","","","","","","","","","","","","7","7","0","0","","","","","1","0","","7"
"66","Boise St.","09/06/10","2","PETTIS","AUSTIN","","","","","","","","","","","","0","0","6","73","2","","","","","","","","","1","4","0","","","","2","","","","","","","","","","","","12"
"66","Boise St.","09/18/10","2","PETTIS","AUSTIN","","","","","","","","","","","","0","0","3","88","1","","","","","","","","","","","","","","","1","","","","","","","","","","","","6"
"66","Boise St.","09/25/10","2","PETTIS","AUSTIN","","","","","","1","1","0","6","1","","1","6","4","62","1","","","","","","","","","","","","","","","1","","","","","","","","","","","","6"
"66","Boise St.","10/02/10","2","PETTIS","AUSTIN","","","","","","","","","","","","0","0","5","30","0","","","","","","","","","","","","","","","","","","","","","","","","","","","0"
"66","Boise St.","10/09/10","2","PETTIS","AUSTIN","","","","","","","","","","","","0","0","4","81","0","","","","","","","","","","","","","","","","","","1","1","","","","","","","","2"
"66","Boise St.","10/16/10","2","PETTIS","AUSTIN","","","","","","","","","","","","0","0","3","53","0","","","","","","","","","","","","","","","","","","","","","","","","","","","0"
"66","Boise St.","10/26/10","2","PETTIS","AUSTIN","","","","","","1","1","0","7","1","","1","7","5","55","1","","","","","","","","","","","","","","","1","","","","","","","","","","","","6"
"66","Boise St.","11/06/10","2","PETTIS","AUSTIN","","","","","","","","","","","0","0","0","8","122","1","","","","","","","","","","","","","","","1","","","2","1","","","","","","","","8"
"66","Boise St.","11/12/10","2","PETTIS","AUSTIN","","","","","","","","","","","","0","0","2","31","0","","","","","","","","","","","","","","","","","","","","","","","","","","","0"
"66","Boise St.","11/19/10","2","PETTIS","AUSTIN","","","","","","1","1","0","50","0","","1","50","10","93","2","","","","","","","","","","","","","","","2","","","","","","","","","","","","12"
"66","Boise St.","11/26/10","2","PETTIS","AUSTIN","","","","","","","","","","","","0","0","5","65","0","","","","","","","","","","","","","","","","","","","","","","","","","","","0"
"66","Boise St.","12/04/10","2","PETTIS","AUSTIN","","","","","","","","","","","","0","0","4","51","1","","","","","","","","","","","","","","","1","","","1","1","","","","","","","","8"
"66","Boise St.","12/22/10","2","PETTIS","AUSTIN","","","","","","1","1","0","2","0","","1","2","12","147","1","","","","","","","","","","","","","","","1","","","","","","","","","","","","6"
"66","Boise St.","09/18/10","3","POTTER","CHRIS","1","3","0","3","0","","","","","","","1","3","2","16","0","","","","","","","","","","","","","","","","","","","","","","","","","","","0"
"66","Boise St.","09/25/10","3","POTTER","CHRIS","","","","","","","","","","","","0","0","1","4","0","","","","","","","","","","","","","","","","","","","","","","","","","","","0"
"66","Boise St.","10/02/10","3","POTTER","CHRIS","","","","","","","","","","","","0","0","1","78","1","","","","","","","","","3","43","0","","","","1","","","","","","","","","","","","6"
"66","Boise St.","10/09/10","3","POTTER","CHRIS","1","2","0","2","0","1","1","0","26","0","","2","28","","","","","","","","","","","","1","15","0","","","","","","","","","","","","","","","","0"
"66","Boise St.","10/16/10","3","POTTER","CHRIS","1","12","0","12","0","","","","","","","1","12","1","8","0","","","","","","","","","4","76","0","","","","","","","","","","","","","","","","0"
"66","Boise St.","10/26/10","3","POTTER","CHRIS","","","","","","","","","","","","0","0","1","12","0","","","","","","","","","1","-6","0","1","5","0","","","","","","","","","","","","","0"
"66","Boise St.","11/06/10","3","POTTER","CHRIS","1","10","0","10","0","","","","","","","1","10","","","","","","","","","","","","3","8","0","","","","","","","","","","","","","","","","0"
"66","Boise St.","11/12/10","3","POTTER","CHRIS","1","5","0","5","0","","","","","","","1","5","","","","","","","","","","","","4","106","1","","","","1","","","","","","","","","","","","6"
"66","Boise St.","11/19/10","3","POTTER","CHRIS","","","","","","","","","","","","0","0","1","4","0","","","","","","","","","","","","","","","","","","","","","","","","","","","0"
"66","Boise St.","11/26/10","3","POTTER","CHRIS","","","","","","","","","","","","0","0","","","","","","","","","","","","1","28","0","","","","","","","","","","","","","","","","0"
"66","Boise St.","12/04/10","3","POTTER","CHRIS","","","","","","","","","","","","0","0","","","","","","","","","","","","4","8","0","","","","","","","","","","","","","","","","0"
"66","Boise St.","12/22/10","3","POTTER","CHRIS","1","1","0","1","0","1","0","0","0","0","0","2","1","1","3","0","","","","","","","","","1","15","0","","","","","","","1","0","","","","","","","","0"
"66","Boise St.","11/19/10","5","ROBINSON","JASON","","","","","","","","","","","","0","0","","","","1","17","0","","","","","","","","","","","","","","","","","","","","","","","","0"
"66","Boise St.","09/06/10","89","SHOEMAKER","TYLER","","","","","","","","","","","","0","0","3","20","0","","","","","","","","","","","","","","","","","","","","","","","","","","","0"
"66","Boise St.","09/18/10","89","SHOEMAKER","TYLER","","","","","","","","","","","","0","0","1","39","0","","","","","","","","","","","","","","","","","","","","","","","","","","","0"
"66","Boise St.","09/25/10","89","SHOEMAKER","TYLER","","","","","","","","","","","","0","0","3","38","1","","","","","","","","","","","","","","","1","","","","","","","","","","","","6"
"66","Boise St.","10/09/10","89","SHOEMAKER","TYLER","","","","","","","","","","","","0","0","2","42","1","","","","","","","","","","","","","","","1","","","","","","","","","","","","6"
"66","Boise St.","10/16/10","89","SHOEMAKER","TYLER","","","","","","","","","","","","0","0","2","27","0","","","","","","","","","","","","","","","","","","","","","","","","","","","0"
"66","Boise St.","10/26/10","89","SHOEMAKER","TYLER","1","0","1","-1","0","","","","","","","1","-1","6","124","1","","","","","","","","","","","","","","","1","","","","","","","","","","","","6"
"66","Boise St.","11/06/10","89","SHOEMAKER","TYLER","","","","","","","","","","","","0","0","5","117","1","","","","","","","","","","","","","","","1","","","","","","","","","","","","6"
"66","Boise St.","11/12/10","89","SHOEMAKER","TYLER","","","","","","","","","","","","0","0","1","9","0","","","","","","","","","","","","","","","","","","","","","","","","","","","0"
"66","Boise St.","11/19/10","89","SHOEMAKER","TYLER","","","","","","","","","","","","0","0","4","77","0","","","","","","","","","","","","","","","","","","","","","","","","","","","0"
"66","Boise St.","12/22/10","89","SHOEMAKER","TYLER","","","","","","","","","","","","0","0","5","89","1","","","","","","","","","","","","","","","1","","","","","","","","","","","","6"
"66","Boise St.","09/25/10","15","SOUTHWICK","JOE","1","0","1","-1","0","","","","","","","1","-1","","","","","","","","","","","","","","","","","","","","","","","","","","","","","","0"
"66","Boise St.","10/02/10","15","SOUTHWICK","JOE","1","2","0","2","0","5","4","0","102","1","","6","104","","","","","","","","","","","","","","","","","","","","","","","","","","","","","","0"
"66","Boise St.","10/09/10","15","SOUTHWICK","JOE","1","6","0","6","0","","","","","","","1","6","","","","","","","","","","","","","","","","","","","","","","","","","","","","","","0"
"66","Boise St.","10/16/10","15","SOUTHWICK","JOE","1","25","0","25","0","13","8","0","83","0","","14","108","","","","","","","","","","","","","","","","","","","","","","","","","","","","","","0"
"66","Boise St.","10/26/10","15","SOUTHWICK","JOE","2","1","1","0","0","0","0","0","0","0","","2","0","","","","","","","","","","","","","","","","","","","","","","","","","","","","","","0"
"66","Boise St.","11/06/10","15","SOUTHWICK","JOE","1","12","0","12","0","","","","","","","1","12","","","","","","","","","","","","","","","","","","","","","","","","","","","","","","0"
"66","Boise St.","11/12/10","15","SOUTHWICK","JOE","2","0","13","-13","0","4","3","0","9","0","","6","-4","","","","","","","","","","","","","","","","","","","","","","","","","","","","","","0"
"66","Boise St.","11/19/10","15","SOUTHWICK","JOE","","","","","","2","2","0","8","0","","2","8","","","","","","","","","","","","","","","","","","","","","","","","","","","","","","0"
"66","Boise St.","10/16/10","36","TEVIS","AARON","","","","","","","","","","","","0","0","","","","1","43","1","","","","","","","","","","","","1","","","","","","","","","","","","6"
"66","Boise St.","11/12/10","36","TEVIS","AARON","","","","","","","","","","","","0","0","","","","1","20","0","","","","","","","","","","","","","","","","","","","","","","","","0"
"66","Boise St.","10/09/10","13","THOMPSON","BRANDYN","","","","","","","","","","","","0","0","","","","1","0","0","","","","","","","","","","","","","","","","","","","","","","","","0"
"66","Boise St.","11/12/10","13","THOMPSON","BRANDYN","","","","","","","","","","","","0","0","","","","2","20","0","","","","","","","","","","","","","","","","","","","","","","","","0"
"66","Boise St.","12/22/10","13","THOMPSON","BRANDYN","","","","","","","","","","","","0","0","","","","","","","1","8","0","","","","","","","","","","","","","","","","","","","","","0"
"66","Boise St.","09/18/10","25","WHITE","HUNTER","","","","","","","","","","","","0","0","","","","1","0","0","","","","","","","","","","","","","","","","","","","","","","","","0"
"66","Boise St.","10/02/10","98","WINTERSWYK","RYAN","","","","","","","","","","","","0","0","","","","1","0","0","","","","","","","","","","","","","","","","","","","","","","","","0"
"66","Boise St.","09/18/10","39","WRIGHT","DREW","2","7","0","7","0","","","","","","","2","7","","","","","","","","","","","","","","","","","","","","","","","","","","","","","","0"
"66","Boise St.","10/09/10","39","WRIGHT","DREW","6","27","7","20","0","","","","","","","6","20","","","","","","","","","","","","","","","","","","","","","","","","","","","","","","0"
"66","Boise St.","11/06/10","39","WRIGHT","DREW","4","13","2","11","0","","","","","","","4","11","","","","","","","","","","","","","","","","","","","","","","","","","","","","","","0"
"66","Boise St.","09/06/10","1","YOUNG","TITUS","","","","","","","","","","","","0","0","6","80","0","","","","","","","","","","","","4","104","0","","","","","","","","","","","","","0"
"66","Boise St.","09/18/10","1","YOUNG","TITUS","1","4","0","4","0","","","","","","","1","4","4","94","1","","","","","","","","","1","36","0","1","18","0","1","","","","","","","","","","","","6"
"66","Boise St.","09/25/10","1","YOUNG","TITUS","3","18","0","18","0","","","","","","","3","18","5","136","1","","","","","","","","","3","7","0","5","127","0","1","","","","","","","","","","","","6"
"66","Boise St.","10/02/10","1","YOUNG","TITUS","1","0","3","-3","0","","","","","","","1","-3","5","69","0","","","","","","","","","","","","","","","","","","","","","","","","","","","0"
"66","Boise St.","10/09/10","1","YOUNG","TITUS","","","","","","","","","","","","0","0","6","97","1","","","","","","","","","","","","2","56","0","1","","","","","","","","","","","","6"
"66","Boise St.","10/16/10","1","YOUNG","TITUS","2","19","0","19","1","","","","","","","2","19","7","105","1","","","","","","","","","","","","1","0","0","2","","","","","","","","","","","","12"
"66","Boise St.","10/26/10","1","YOUNG","TITUS","1","2","0","2","0","","","","","","","1","2","4","69","0","","","","","","","","","","","","2","75","0","","","","","","","","","","","","","0"
"66","Boise St.","11/06/10","1","YOUNG","TITUS","","","","","","","","","","","","0","0","5","99","1","","","","","","","","","","","","","","","1","","","","","","","","","","","","6"
"66","Boise St.","11/12/10","1","YOUNG","TITUS","","","","","","","","","","","","0","0","5","75","1","","","","","","","","","","","","","","","1","","","","","","","","","","","","6"
"66","Boise St.","11/19/10","1","YOUNG","TITUS","1","5","0","5","0","","","","","","","1","5","8","164","2","","","","","","","","","","","","","","","2","","","","","","","","","","","","12"
"66","Boise St.","11/26/10","1","YOUNG","TITUS","","","","","","","","","","","","0","0","6","129","1","","","","","","","","","","","","5","132","0","1","","","","","","","","","","","","6"
"66","Boise St.","12/04/10","1","YOUNG","TITUS","2","40","0","40","0","","","","","","","2","40","4","34","0","","","","","","","","","","","","3","38","0","","","","","","","","","","","","","0"
"66","Boise St.","12/22/10","1","YOUNG","TITUS","3","14","5","9","0","","","","","","","3","9","6","64","0","","","","","","","","","","","","1","14","0","","","","","","","","","","","","","0"
"67","Boston College","09/11/10","98","ALBRIGHT","ALEX","","","","","","","","","","","","0","0","","","","1","22","0","","","","","","","","","","","","","","","","","","","","","","","","0"
"67","Boston College","09/25/10","83","AMIDON","ALEX","","","","","","","","","","","","0","0","1","35","0","","","","","","","","","","","","","","","","","","","","","","","","","","","0"
"67","Boston College","10/02/10","83","AMIDON","ALEX","","","","","","","","","","","","0","0","1","7","0","","","","","","","","","","","","","","","","","","","","","","","","","","","0"
"67","Boston College","10/09/10","83","AMIDON","ALEX","1","1","0","1","0","","","","","","","1","1","3","102","1","","","","","","","","","","","","","","","1","","","","","","","","","","","","6"
"67","Boston College","10/30/10","83","AMIDON","ALEX","","","","","","","","","","","","0","0","","","","","","","","","","","","","","","2","35","0","","","","","","","","","","","","","0"
"67","Boston College","11/06/10","83","AMIDON","ALEX","","","","","","","","","","","","0","0","1","38","0","","","","","","","","","","","","1","18","0","","","","","","","","","","","","","0"
"67","Boston College","11/13/10","83","AMIDON","ALEX","3","11","2","9","0","","","","","","","3","9","3","62","0","","","","","","","","","","","","","","","","","","","","","","","","","","","0"
"67","Boston College","11/20/10","83","AMIDON","ALEX","1","2","0","2","0","","","","","","","1","2","2","57","1","","","","","","","","","","","","","","","1","","","","","","","","","","","","6"
"67","Boston College","11/27/10","83","AMIDON","ALEX","","","","","","","","","","","","0","0","3","19","0","","","","","","","","","","","","","","","","","","","","","","","","","","","0"
"67","Boston College","01/09/11","83","AMIDON","ALEX","1","5","0","5","0","","","","","","","1","5","2","18","0","","","","","","","","","","","","1","15","0","","","","","","","","","","","","","0"
"67","Boston College","09/04/10","87","ANDERSON","LARS","","","","","","","","","","","","0","0","1","30","0","","","","","","","","","","","","","","","","","","","","","","","","","","","0"
"67","Boston College","09/11/10","87","ANDERSON","LARS","","","","","","","","","","","","0","0","2","6","0","","","","","","","","","","","","","","","","","","","","","","","","","","","0"
"67","Boston College","09/25/10","87","ANDERSON","LARS","","","","","","","","","","","","0","0","1","7","0","","","","","","","","","","","","","","","","","","","","","","","","","","","0"
"67","Boston College","10/02/10","87","ANDERSON","LARS","","","","","","","","","","","","0","0","1","3","0","","","","","","","","","","","","","","","","","","","","","","","","","","","0"
"67","Boston College","10/16/10","87","ANDERSON","LARS","","","","","","","","","","","","0","0","1","9","0","","","","","","","","","","","","","","","","","","","","","","","","","","","0"
"67","Boston College","10/23/10","87","ANDERSON","LARS","","","","","","","","","","","","0","0","2","9","0","","","","","","","","","","","","","","","","","","","","","","","","","","","0"
"67","Boston College","11/27/10","87","ANDERSON","LARS","","","","","","","","","","","","0","0","2","7","0","","","","","","","","","","","","","","","","","","","","","","","","","","","0"
"67","Boston College","09/04/10","80","COLEMAN","JOHNATHAN","","","","","","","","","","","","0","0","3","98","0","","","","","","","","","","","","","","","","","","","","","","","","","","","0"
"67","Boston College","09/11/10","80","COLEMAN","JOHNATHAN","","","","","","","","","","","","0","0","4","52","0","","","","","","","","","","","","","","","","","","","","","","","","","","","0"
"67","Boston College","09/25/10","80","COLEMAN","JOHNATHAN","","","","","","","","","","","","0","0","1","23","0","","","","","","","","","","","","","","","","","","","","","","","","","","","0"
"67","Boston College","10/02/10","80","COLEMAN","JOHNATHAN","","","","","","","","","","","","0","0","1","12","0","","","","","","","","","","","","","","","","","","","","","","","","","","","0"
"67","Boston College","10/23/10","80","COLEMAN","JOHNATHAN","","","","","","","","","","","","0","0","2","16","0","","","","","","","","","","","","","","","","","","","","","","","","","","","0"
"67","Boston College","11/06/10","80","COLEMAN","JOHNATHAN","","","","","","","","","","","","0","0","3","59","0","","","","","","","","","","","","","","","","","","","","","","","","","","","0"
"67","Boston College","09/11/10","45","DAVIS","WES","","","","","","","","","","","","0","0","","","","1","37","0","","","","","","","","","","","","","","","","","","","","","","","","0"
"67","Boston College","10/02/10","4","FLETCHER","DONNIE","","","","","","","","","","","","0","0","","","","1","8","0","","","","","","","","","","","","","","","","","","","","","","","","0"
"67","Boston College","10/09/10","4","FLETCHER","DONNIE","","","","","","","","","","","","0","0","","","","1","18","0","","","","","","","","","","","","","","","","","","","","","","","","0"
"67","Boston College","10/16/10","4","FLETCHER","DONNIE","","","","","","","","","","","","0","0","","","","1","0","0","","","","","","","","","","","","","","","","","","","","","","","","0"
"67","Boston College","10/30/10","4","FLETCHER","DONNIE","","","","","","","","","","","","0","0","","","","1","4","0","","","","","","","","","","","","","","","","","","","","","","","","0"
"67","Boston College","11/06/10","4","FLETCHER","DONNIE","","","","","","","","","","","","0","0","","","","1","19","0","","","","","","","","","","","","","","","","","","","","","","","","0"
"67","Boston College","01/09/11","4","FLETCHER","DONNIE","","","","","","","","","","","","0","0","","","","","","","1","0","0","","","","","","","","","","","","","","","","","","","","","0"
"67","Boston College","09/11/10","14","FLUTIE","BILLY","","","","","","","","","","","","0","0","","","","","","","","","","","","","","","1","0","0","","","","","","","","","","","","","0"
"67","Boston College","09/04/10","25","FOX","CHRIS","","","","","","","","","","","","0","0","","","","","","","","","","","","1","7","0","2","45","0","","","","","","","","","","","","","0"
"67","Boston College","09/25/10","25","FOX","CHRIS","","","","","","","","","","","","0","0","","","","","","","","","","","","","","","4","93","0","","","","","","","","","","","","","0"
"67","Boston College","10/09/10","25","FOX","CHRIS","","","","","","","","","","","","0","0","","","","","","","","","","","","","","","8","130","0","","","","","","","","","","","","","0"
"67","Boston College","10/23/10","25","FOX","CHRIS","","","","","","","","","","","","0","0","","","","","","","","","","","","","","","1","13","0","","","","","","","","","","","","","0"
"67","Boston College","11/06/10","25","FOX","CHRIS","","","","","","","","","","","","0","0","","","","1","12","0","","","","","","","","","","","","","","","","","","","","","","","","0"
"67","Boston College","09/04/10","85","FREESE","NATE","","","","","","","","","","","","0","0","","","","","","","","","","","","","","","","","","","5","5","0","0","","","","","1","1","","8"
"67","Boston College","09/11/10","85","FREESE","NATE","","","","","","","","","","","","0","0","","","","","","","","","","","","","","","","","","","2","2","0","0","","","","","4","4","","14"
"67","Boston College","09/25/10","85","FREESE","NATE","","","","","","","","","","","","0","0","","","","","","","","","","","","","","","","","","","","","","","","","","","1","0","","0"
"67","Boston College","10/02/10","85","FREESE","NATE","","","","","","","","","","","","0","0","","","","","","","","","","","","","","","","","","","1","1","0","0","","","","","2","2","","7"
"67","Boston College","10/09/10","85","FREESE","NATE","","","","","","","","","","","","0","0","","","","","","","","","","","","","","","","","","","2","2","0","0","","","","","2","1","","5"
"67","Boston College","10/16/10","85","FREESE","NATE","","","","","","","","","","","","0","0","","","","","","","","","","","","","","","","","","","1","1","0","0","","","","","4","4","","13"
"67","Boston College","10/23/10","85","FREESE","NATE","","","","","","","","","","","","0","0","","","","","","","","","","","","","","","","","","","3","3","0","0","","","","","","","","3"
"67","Boston College","10/30/10","85","FREESE","NATE","","","","","","","","","","","","0","0","","","","","","","","","","","","","","","","","","","1","1","0","0","","","","","3","3","","10"
"67","Boston College","11/06/10","85","FREESE","NATE","","","","","","","","","","","","0","0","","","","","","","","","","","","","","","","","","","3","2","0","0","","","","","2","1","","5"
"67","Boston College","11/13/10","85","FREESE","NATE","","","","","","","","","","","","0","0","","","","","","","","","","","","","","","","","","","3","3","0","0","","","","","","","","3"
"67","Boston College","11/20/10","85","FREESE","NATE","","","","","","","","","","","","0","0","","","","","","","","","","","","","","","","","","","2","2","0","0","","","","","1","1","","5"
"67","Boston College","11/27/10","85","FREESE","NATE","","","","","","","","","","","","0","0","","","","","","","","","","","","","","","","","","","1","1","0","0","","","","","3","3","","10"
"67","Boston College","01/09/11","85","FREESE","NATE","","","","","","","","","","","","0","0","","","","","","","","","","","","","","","","","","","1","1","0","0","","","","","2","2","","7"
"67","Boston College","09/04/10","9","GAUSE","DELEON","","","","","","","","","","","","0","0","","","","1","66","1","","","","","","2","3","0","2","44","0","1","","","","","","","","","","","","6"
"67","Boston College","09/11/10","9","GAUSE","DELEON","","","","","","","","","","","","0","0","","","","","","","","","","","","4","18","0","3","47","0","","","","","","","","","","","","","0"
"67","Boston College","09/25/10","9","GAUSE","DELEON","","","","","","","","","","","","0","0","","","","","","","","","","","","","","","1","27","0","","","","","","","","","","","","","0"
"67","Boston College","10/02/10","9","GAUSE","DELEON","","","","","","","","","","","","0","0","","","","","","","","","","","","","","","4","77","0","","","","","","","","","","","","","0"
"67","Boston College","10/09/10","9","GAUSE","DELEON","","","","","","","","","","","","0","0","","","","","","","","","","","","","","","1","47","0","","","","","","","","","","","","","0"
"67","Boston College","10/16/10","9","GAUSE","DELEON","","","","","","","","","","","","0","0","","","","","","","","","","","","2","13","0","2","32","0","","","","","","","","","","","","","0"
"67","Boston College","09/04/10","2","HARRIS","MONTEL","19","116","1","115","1","","","","","","","19","115","3","31","0","","","","","","","","","","","","","","","1","","","","","","","","","","","","6"
"67","Boston College","09/11/10","2","HARRIS","MONTEL","29","91","11","80","0","","","","","","","29","80","","","","","","","","","","","","","","","","","","","","","","","","","","","","","","0"
"67","Boston College","09/25/10","2","HARRIS","MONTEL","19","115","4","111","0","","","","","","","19","111","5","21","0","","","","","","","","","","","","","","","","","","","","","","","","","","","0"
"67","Boston College","10/02/10","2","HARRIS","MONTEL","15","34","6","28","0","","","","","","","15","28","4","3","0","","","","","","","","","","","","","","","","","","","","","","","","","","","0"
"67","Boston College","10/09/10","2","HARRIS","MONTEL","14","55","2","53","0","","","","","","","14","53","1","6","0","","","","","","","","","","","","","","","","","","","","","","","","","","","0"
"67","Boston College","10/16/10","2","HARRIS","MONTEL","26","193","2","191","0","","","","","","","26","191","2","5","0","","","","","","","","","","","","","","","","","","","","","","","","","","","0"
"67","Boston College","10/23/10","2","HARRIS","MONTEL","27","117","1","116","2","","","","","","","27","116","1","5","0","","","","","","","","","3","28","0","","","","2","","","","","","","","","","","","12"
"67","Boston College","10/30/10","2","HARRIS","MONTEL","37","145","2","143","0","","","","","","","37","143","1","36","1","","","","","","","","","","","","","","","1","","","","","","","","","","","","6"
"67","Boston College","11/06/10","2","HARRIS","MONTEL","36","185","2","183","3","","","","","","","36","183","1","5","0","","","","","","","","","1","0","0","","","","3","","","","","","","","","","","","18"
"67","Boston College","11/13/10","2","HARRIS","MONTEL","23","109","0","109","1","","","","","","","23","109","","","","","","","","","","","","3","21","0","","","","1","","","","","","","","","","","","6"
"67","Boston College","11/20/10","2","HARRIS","MONTEL","24","118","4","114","1","","","","","","","24","114","","","","","","","","","","","","2","0","0","","","","1","","","","","","","","","","","","6"
"67","Boston College","09/25/10","94","HERZLICH","MARK","","","","","","","","","","","","0","0","","","","1","12","0","","","","","","","","","","","","","","","","","","","","","","","","0"
"67","Boston College","10/09/10","94","HERZLICH","MARK","","","","","","","","","","","","0","0","","","","1","5","0","","","","","","","","","","","","","","","","","","","","","","","","0"
"67","Boston College","11/20/10","94","HERZLICH","MARK","","","","","","","","","","","","0","0","","","","1","0","0","","","","","","","","","","","","","","","","","","","","","","","","0"
"67","Boston College","11/27/10","94","HERZLICH","MARK","","","","","","","","","","","","0","0","","","","1","0","0","","","","","","","","","","","","","","","","","","","","","","","","0"
"67","Boston College","09/04/10","40","KUECHLY","LUKE","","","","","","","","","","","","0","0","","","","","","","","","","","","","","","1","0","0","","","","","","","","","","","","","0"
"67","Boston College","10/30/10","40","KUECHLY","LUKE","","","","","","","","","","","","0","0","","","","1","0","0","","","","","","","","","","","","","","","","","","","","","","","","0"
"67","Boston College","11/06/10","40","KUECHLY","LUKE","","","","","","","","","","","","0","0","","","","1","0","0","","","","","","","","","","","","","","","","","","","","","","","","0"
"67","Boston College","01/09/11","40","KUECHLY","LUKE","","","","","","","","","","","","0","0","","","","1","31","0","","","","","","","","","","","","","","","","","","","","","","","","0"
"67","Boston College","09/04/10","17","LEE","CLYDE","","","","","","","","","","","","0","0","1","6","0","","","","","","","","","","","","","","","","","","","","","","","","","","","0"
"67","Boston College","09/11/10","17","LEE","CLYDE","","","","","","","","","","","","0","0","5","54","1","","","","","","","","","","","","","","","1","","","","","","","","","","","","6"
"67","Boston College","09/25/10","17","LEE","CLYDE","","","","","","","","","","","","0","0","4","42","0","","","","","","","","","","","","","","","","","","","","","","","","","","","0"
"67","Boston College","10/02/10","17","LEE","CLYDE","","","","","","","","","","","","0","0","3","28","0","","","","","","","","","","","","","","","","","","","","","","","","","","","0"
"67","Boston College","11/20/10","17","LEE","CLYDE","","","","","","","","","","","","0","0","1","14","0","","","","","","","","","","","","","","","","","","","","","","","","","","","0"
"67","Boston College","01/09/11","17","LEE","CLYDE","","","","","","","","","","","","0","0","3","41","0","","","","","","","","","","","","","","","","","","","","","","","","","","","0"
"67","Boston College","10/02/10","26","LEGRANDE","DOMINICK","","","","","","","","","","","","0","0","","","","","","","1","4","0","","","","","","","","","","","","","","","","","","","","","0"
"67","Boston College","11/20/10","5","LINDSEY","RYAN","","","","","","","","","","","","0","0","","","","","","","","","","","","","","","1","15","0","","","","","","","","","","","","","0"
"67","Boston College","09/04/10","16","MARSCOVETRA","MIKE","","","","","","3","2","0","38","1","","3","38","","","","","","","","","","","","","","","","","","","","","","","","","","","","","","0"
"67","Boston College","09/11/10","16","MARSCOVETRA","MIKE","","","","","","3","1","1","4","0","","3","4","","","","","","","","","","","","","","","","","","","","","","","","","","","","","","0"
"67","Boston College","09/25/10","16","MARSCOVETRA","MIKE","5","0","35","-35","0","7","5","0","50","0","","12","15","","","","","","","","","","","","","","","","","","","","","","","","","","","","","","0"
"67","Boston College","10/02/10","16","MARSCOVETRA","MIKE","6","0","29","-29","0","37","22","2","193","0","","43","164","","","","","","","","","","","","","","","","","","","","","","","","","","","","","","0"
"67","Boston College","10/09/10","16","MARSCOVETRA","MIKE","1","0","0","0","0","8","4","1","84","1","","9","84","","","","","","","","","","","","","","","","","","","","","","","","","","","","","","0"
"67","Boston College","10/23/10","36","MCCLUSKEY","JAMES","1","5","0","5","0","","","","","","","1","5","","","","","","","","","","","","","","","","","","","","","","","","","","","","","","0"
"67","Boston College","10/30/10","36","MCCLUSKEY","JAMES","","","","","","","","","","","","0","0","1","21","0","","","","","","","","","","","","","","","","","","","","","","","","","","","0"
"67","Boston College","11/06/10","36","MCCLUSKEY","JAMES","1","9","0","9","0","","","","","","","1","9","2","11","0","","","","","","","","","","","","","","","","","","","","","","","","","","","0"
"67","Boston College","11/27/10","36","MCCLUSKEY","JAMES","3","11","0","11","0","","","","","","","3","11","","","","","","","","","","","","","","","","","","","","","","","","","","","","","","0"
"67","Boston College","10/02/10","88","MCMICHAEL","JORDON","","","","","","","","","","","","0","0","2","12","0","","","","","","","","","","","","","","","","","","","","","","","","","","","0"
"67","Boston College","10/09/10","88","MCMICHAEL","JORDON","","","","","","","","","","","","0","0","1","18","0","","","","","","","","","","","","","","","","","","","","","","","","","","","0"
"67","Boston College","09/04/10","3","MOMAH","IFEANYI","","","","","","","","","","","","0","0","1","17","1","","","","","","","","","","","","","","","1","","","","","","","","","","","","6"
"67","Boston College","09/11/10","3","MOMAH","IFEANYI","","","","","","","","","","","","0","0","2","18","0","","","","","","","","","","","","","","","","","","","","","","","","","","","0"
"67","Boston College","09/25/10","3","MOMAH","IFEANYI","","","","","","","","","","","","0","0","2","30","0","","","","","","","","","","","","","","","","","","","","","","","","","","","0"
"67","Boston College","10/02/10","3","MOMAH","IFEANYI","","","","","","","","","","","","0","0","2","31","0","","","","","","","","","","","","","","","","","","","","","","","","","","","0"
"67","Boston College","10/09/10","3","MOMAH","IFEANYI","","","","","","","","","","","","0","0","1","15","1","","","","","","","","","","","","","","","1","","","","","","","","","","","","6"
"67","Boston College","10/23/10","3","MOMAH","IFEANYI","","","","","","","","","","","","0","0","2","26","0","","","","","","","","","","","","","","","","","","","","","","","","","","","0"
"67","Boston College","10/30/10","3","MOMAH","IFEANYI","","","","","","","","","","","","0","0","1","40","0","","","","","","","","","","","","","","","","","","","","","","","","","","","0"
"67","Boston College","11/06/10","3","MOMAH","IFEANYI","","","","","","","","","","","","0","0","2","10","0","","","","","","","","","","","","","","","","","","","","","","","","","","","0"
"67","Boston College","11/13/10","3","MOMAH","IFEANYI","","","","","","","","","","","","0","0","3","60","1","","","","","","","","","","","","","","","1","","","","","","","","","","","","6"
"67","Boston College","11/20/10","3","MOMAH","IFEANYI","","","","","","","","","","","","0","0","3","49","0","","","","","","","","","","","","","","","","","","","","","","","","","","","0"
"67","Boston College","09/11/10","23","NOEL","JIM","","","","","","","","","","","","0","0","","","","1","0","0","","","","","","","","","","","","","","","","","","","","","","","","0"
"67","Boston College","10/16/10","23","NOEL","JIM","","","","","","","","","","","","0","0","","","","2","63","1","","","","","","","","","","","","1","","","","","","","","","","","","6"
"67","Boston College","11/06/10","23","NOEL","JIM","","","","","","","","","","","","0","0","","","","1","16","0","","","","","","","","","","","","","","","","","","","","","","","","0"
"67","Boston College","09/04/10","81","PANTALE","CHRIS","","","","","","","","","","","","0","0","2","19","1","","","","","","","","","","","","","","","1","","","","","","","","","","","","6"
"67","Boston College","09/11/10","81","PANTALE","CHRIS","","","","","","","","","","","","0","0","3","44","0","","","","","","","","","","","","","","","","","","","","","","","","","","","0"
"67","Boston College","10/02/10","81","PANTALE","CHRIS","","","","","","","","","","","","0","0","1","8","0","","","","","","","","","","","","","","","","","","","","","","","","","","","0"
"67","Boston College","10/09/10","81","PANTALE","CHRIS","","","","","","","","","","","","0","0","2","4","0","","","","","","","","","","","","","","","","","","","","","","","","","","","0"
"67","Boston College","10/16/10","81","PANTALE","CHRIS","","","","","","","","","","","","0","0","3","34","0","","","","","","","","","","","","","","","","","","","","","","","","","","","0"
"67","Boston College","10/23/10","81","PANTALE","CHRIS","","","","","","","","","","","","0","0","6","56","0","","","","","","","","","","","","","","","","","","","","","","","","","","","0"
"67","Boston College","10/30/10","81","PANTALE","CHRIS","","","","","","","","","","","","0","0","2","13","0","","","","","","","","","","","","","","","","","","","","","","","","","","","0"
"67","Boston College","11/06/10","81","PANTALE","CHRIS","","","","","","","","","","","","0","0","1","8","0","","","","","","","","","","","","","","","","","","","","","","","","","","","0"
"67","Boston College","11/13/10","81","PANTALE","CHRIS","","","","","","","","","","","","0","0","1","16","0","","","","","","","","","","","","","","","","","","","","","","","","","","","0"
"67","Boston College","11/20/10","81","PANTALE","CHRIS","","","","","","","","","","","","0","0","3","23","0","","","","","","","","","","","","","","","","","","","","","","","","","","","0"
"67","Boston College","11/27/10","81","PANTALE","CHRIS","","","","","","","","","","","","0","0","3","66","0","","","","","","","","","","","","","","","","","","","","","","","","","","","0"
"67","Boston College","01/09/11","81","PANTALE","CHRIS","","","","","","","","","","","","0","0","4","47","0","","","","","","","","","","","","","","","","","","","","","","","","","","","0"
"67","Boston College","09/04/10","21","PHIFER","STERLIN","7","48","0","48","0","","","","","","","7","48","1","22","1","","","","","","","","","","","","","","","1","","","","","","","","","","","","6"
"67","Boston College","09/11/10","21","PHIFER","STERLIN","4","22","0","22","0","","","","","","","4","22","","","","","","","","","","","","","","","","","","","","","","","","","","","","","","0"
"67","Boston College","09/25/10","21","PHIFER","STERLIN","1","0","1","-1","0","","","","","","","1","-1","","","","","","","","","","","","","","","","","","","","","","","","","","","","","","0"
"67","Boston College","10/02/10","21","PHIFER","STERLIN","","","","","","","","","","","","0","0","4","13","0","","","","","","","","","","","","","","","","","","","","","","","","","","","0"
"67","Boston College","10/09/10","21","PHIFER","STERLIN","4","31","0","31","0","","","","","","","4","31","","","","","","","","","","","","","","","","","","","","","","","","","","","","","","0"
"67","Boston College","10/23/10","21","PHIFER","STERLIN","1","1","0","1","0","","","","","","","1","1","","","","","","","","","","","","","","","","","","","","","","","","","","","","","","0"
"67","Boston College","10/16/10","84","PHILLIPS","SHAKIM","","","","","","","","","","","","0","0","1","9","0","","","","","","","","","","","","","","","","","","","","","","","","","","","0"
"67","Boston College","10/23/10","84","PHILLIPS","SHAKIM","","","","","","","","","","","","0","0","","","","","","","","","","","","","","","4","63","0","","","","","","","","","","","","","0"
"67","Boston College","09/04/10","46","QUIGLEY","RYAN","","","","","","","","","","","","0","0","","","","","","","","","","2","114","","","","","","","","","","","","","","","","","","","0"
"67","Boston College","09/11/10","46","QUIGLEY","RYAN","","","","","","","","","","","","0","0","","","","","","","","","","6","259","","","","","","","","","","","","","","","","","","","0"
"67","Boston College","09/25/10","46","QUIGLEY","RYAN","","","","","","","","","","","","0","0","","","","","","","","","","6","256","","","","","","","","","","","","","","","","","","","0"
"67","Boston College","10/02/10","46","QUIGLEY","RYAN","","","","","","","","","","","","0","0","","","","","","","","","","11","443","","","","","","","","","","","","","","","","","","","0"
"67","Boston College","10/09/10","46","QUIGLEY","RYAN","","","","","","","","","","","","0","0","","","","","","","","","","6","284","","","","","","","","","","","","","","","","","","","0"
"67","Boston College","10/16/10","46","QUIGLEY","RYAN","","","","","","","","","","","","0","0","","","","","","","","","","8","314","","","","","","","","","","","","","","","","","","","0"
"67","Boston College","10/23/10","46","QUIGLEY","RYAN","","","","","","","","","","","","0","0","","","","","","","","","","4","175","","","","","","","","","","","","","","","","","","","0"
"67","Boston College","10/30/10","46","QUIGLEY","RYAN","","","","","","","","","","","","0","0","","","","","","","","","","6","239","","","","","","","","","","","","","","","","","","","0"
"67","Boston College","11/06/10","46","QUIGLEY","RYAN","","","","","","","","","","","","0","0","","","","","","","","","","5","233","","","","","","","","","","","","","","","","","","","0"
"67","Boston College","11/13/10","46","QUIGLEY","RYAN","","","","","","","","","","","","0","0","","","","","","","","","","7","269","","","","","","","","","","","","","","","","","","","0"
"67","Boston College","11/20/10","46","QUIGLEY","RYAN","","","","","","","","","","","","0","0","","","","","","","","","","6","215","","","","","","","","","","","","","","","","","","","0"
"67","Boston College","11/27/10","46","QUIGLEY","RYAN","","","","","","","","","","","","0","0","","","","","","","","","","3","123","","","","","","","","","","","","","","","","","","","0"
"67","Boston College","01/09/11","46","QUIGLEY","RYAN","","","","","","","","","","","","0","0","","","","","","","","","","9","358","","","","","","","","","","","","","","","","","","","0"
"67","Boston College","10/02/10","7","RETTIG","CHASE","2","6","0","6","0","10","5","0","72","1","","12","78","","","","","","","","","","","","","","","","","","","","","","","","","","","","","","0"
"67","Boston College","10/16/10","7","RETTIG","CHASE","5","0","27","-27","0","24","9","0","95","0","","29","68","","","","","","","","","","","","","","","","","","","","","","","","","","","","","","0"
"67","Boston College","10/23/10","7","RETTIG","CHASE","3","5","11","-6","0","33","18","2","189","1","","36","183","","","","","","","","","","","","","","","","","","","","","","","","","","","","","","0"
"67","Boston College","10/30/10","7","RETTIG","CHASE","4","7","5","2","0","16","9","1","136","1","","20","138","","","","","","","","","","","","","","","","","","","","","","","","","","","","","","0"
"67","Boston College","11/06/10","7","RETTIG","CHASE","3","8","14","-6","0","16","12","2","133","0","","19","127","","","","","","","","","","","","","","","","","","","","","","","","","","","","","","0"
"67","Boston College","11/13/10","7","RETTIG","CHASE","5","6","14","-8","0","24","12","0","230","2","","29","222","","","","","","","","","","","","","","","","","","","","","","","","","","","","","","0"
"67","Boston College","11/20/10","7","RETTIG","CHASE","5","18","24","-6","0","19","10","1","152","1","","24","146","","","","","","","","","","","","","","","","","","","","","","","","","","","","","","0"
"67","Boston College","11/27/10","7","RETTIG","CHASE","4","13","0","13","0","19","11","1","110","0","","23","123","","","","","","","","","","","","","","","","","","","","","","","","","","","","","","0"
"67","Boston College","01/09/11","7","RETTIG","CHASE","5","8","19","-11","0","34","14","2","121","0","","39","110","","","","","","","","","","","","","","","","","","","","","","","","","","","","","","0"
"67","Boston College","09/04/10","15","SHINSKIE","DAVE","1","1","0","1","0","20","10","2","185","2","","21","186","","","","","","","","","","","","","","","","","","","","","","","","","","","","","","0"
"67","Boston College","09/11/10","15","SHINSKIE","DAVE","6","8","21","-13","0","27","18","0","214","2","","33","201","","","","","","","","","","","","","","","","","","","","","","","","","","","","","","0"
"67","Boston College","09/25/10","15","SHINSKIE","DAVE","3","10","15","-5","0","25","11","2","130","0","","28","125","","","","","","","","","","","","","","","","","","","","","","","","","","","","","","0"
"67","Boston College","10/09/10","15","SHINSKIE","DAVE","2","0","8","-8","0","24","7","2","89","1","","26","81","","","","","","","","","","","","","","","","","","","","","","","","","","","","","","0"
"67","Boston College","09/11/10","86","SWIGERT","BOBBY","","","","","","","","","","","","0","0","3","44","1","","","","","","","","","","","","","","","1","","","","","","","","","","","","6"
"67","Boston College","09/25/10","86","SWIGERT","BOBBY","","","","","","","","","","","","0","0","2","22","0","","","","","","","","","1","7","0","","","","","","","","","","","","","","","","0"
"67","Boston College","10/02/10","86","SWIGERT","BOBBY","","","","","","","","","","","","0","0","7","137","1","","","","","","","","","1","1","0","1","22","0","1","","","","","","","","","","","","6"
"67","Boston College","10/09/10","86","SWIGERT","BOBBY","","","","","","","","","","","","0","0","2","29","0","","","","","","","","","1","5","0","","","","","","","","","","","","","","","","0"
"67","Boston College","10/16/10","86","SWIGERT","BOBBY","","","","","","","","","","","","0","0","2","38","0","","","","","","","","","","","","","","","","","","","","","","","","","","","0"
"67","Boston College","10/23/10","86","SWIGERT","BOBBY","","","","","","","","","","","","0","0","5","77","1","","","","","","","","","","","","","","","1","","","","","","","","","","","","6"
"67","Boston College","10/30/10","86","SWIGERT","BOBBY","","","","","","","","","","","","0","0","4","26","0","","","","","","","","","","","","","","","","","","","","","","","","","","","0"
"67","Boston College","11/06/10","86","SWIGERT","BOBBY","","","","","","","","","","","","0","0","2","2","0","","","","","","","","","","","","","","","","","","","","","","","","","","","0"
"67","Boston College","11/13/10","86","SWIGERT","BOBBY","","","","","","","","","","","","0","0","5","92","1","","","","","","","","","","","","","","","1","","","","","","","","","","","","6"
"67","Boston College","11/20/10","86","SWIGERT","BOBBY","","","","","","","","","","","","0","0","1","9","0","","","","","","","","","","","","","","","","","","","","","","","","","","","0"
"67","Boston College","11/27/10","86","SWIGERT","BOBBY","","","","","","1","0","0","0","0","","1","0","3","18","0","","","","","","","","","","","","2","35","0","","","","","","","","","","","","","0"
"67","Boston College","01/09/11","86","SWIGERT","BOBBY","","","","","","","","","","","","0","0","3","10","0","","","","","","","","","3","12","0","4","106","0","","","","","","","","","","","","","0"
"67","Boston College","09/04/10","34","WILLIAMS","ANDRE","4","24","0","24","0","","","","","","","4","24","","","","","","","","","","","","","","","","","","","","","","","","","","","","","","0"
"67","Boston College","10/02/10","34","WILLIAMS","ANDRE","","","","","","","","","","","","0","0","1","11","0","","","","","","","","","","","","","","","","","","","","","","","","","","","0"
"67","Boston College","10/09/10","34","WILLIAMS","ANDRE","6","29","4","25","0","","","","","","","6","25","1","-1","0","","","","","","","","","","","","","","","","","","","","","","","","","","","0"
"67","Boston College","10/16/10","34","WILLIAMS","ANDRE","2","7","0","7","0","","","","","","","2","7","","","","","","","","","","","","","","","","","","","","","","","","","","","","","","0"
"67","Boston College","10/23/10","34","WILLIAMS","ANDRE","1","1","0","1","0","","","","","","","1","1","","","","","","","","","","","","","","","","","","","","","","","","","","","","","","0"
"67","Boston College","10/30/10","34","WILLIAMS","ANDRE","5","24","0","24","0","","","","","","","5","24","","","","","","","","","","","","","","","1","17","0","","","","","","","","","","","","","0"
"67","Boston College","11/06/10","34","WILLIAMS","ANDRE","","","","","","","","","","","","0","0","","","","","","","","","","","","","","","3","34","0","","","","","","","","","","","","","0"
"67","Boston College","11/13/10","34","WILLIAMS","ANDRE","4","17","0","17","0","","","","","","","4","17","","","","","","","","","","","","","","","4","68","0","","","","","","","","","","","","","0"
"67","Boston College","11/20/10","34","WILLIAMS","ANDRE","12","108","0","108","0","","","","","","","12","108","","","","","","","","","","","","","","","","","","","","","","","","","","","","","","0"
"67","Boston College","11/27/10","34","WILLIAMS","ANDRE","42","194","9","185","1","","","","","","","42","185","","","","","","","","","","","","","","","","","","1","","","","","","","","","","","","6"
"67","Boston College","01/09/11","34","WILLIAMS","ANDRE","19","77","7","70","1","","","","","","","19","70","2","5","0","","","","","","","","","","","","","","","1","","","","","","","","","","","","6"
"71","Bowling Green","09/11/10","34","AKENBERGER","ZACH","","","","","","","","","","","","0","0","","","","","","","","","","","","","","","1","10","0","","","","","","","","","","","","","0"
"71","Bowling Green","09/25/10","34","AKENBERGER","ZACH","","","","","","","","","","","","0","0","","","","","","","","","","","","","","","1","3","0","","","","","","","","","","","","","0"
"71","Bowling Green","09/04/10","82","BAYER","ALEX","","","","","","","","","","","","0","0","1","11","0","","","","","","","","","","","","","","","","","","","","","","","","","","","0"
"71","Bowling Green","09/18/10","82","BAYER","ALEX","","","","","","","","","","","","0","0","1","6","0","","","","","","","","","","","","","","","","","","","","","","","","","","","0"
"71","Bowling Green","09/25/10","82","BAYER","ALEX","","","","","","","","","","","","0","0","2","20","0","","","","","","","","","","","","","","","","","","","","","","","","","","","0"
"71","Bowling Green","10/02/10","82","BAYER","ALEX","","","","","","","","","","","","0","0","1","5","0","","","","","","","","","","","","","","","","","","","","","","","","","","","0"
"71","Bowling Green","10/09/10","82","BAYER","ALEX","","","","","","","","","","","","0","0","1","11","0","","","","","","","","","","","","","","","","","","","","","","","","","","","0"
"71","Bowling Green","10/16/10","82","BAYER","ALEX","","","","","","","","","","","","0","0","5","77","0","","","","","","","","","","","","","","","","","","","","","","","","","","","0"
"71","Bowling Green","10/23/10","82","BAYER","ALEX","","","","","","","","","","","","0","0","3","38","0","","","","","","","","","","","","","","","","","","","","","","","","","","","0"
"71","Bowling Green","11/10/10","82","BAYER","ALEX","","","","","","","","","","","","0","0","4","38","1","","","","","","","","","","","","","","","1","","","","","","","","","","","","6"
"71","Bowling Green","11/17/10","82","BAYER","ALEX","","","","","","","","","","","","0","0","1","4","0","","","","","","","","","","","","","","","","","","","","","","","","","","","0"
"71","Bowling Green","11/26/10","82","BAYER","ALEX","","","","","","","","","","","","0","0","3","88","0","","","","","","","","","","","","","","","","","","","","","","","","","","","0"
"71","Bowling Green","09/04/10","89","BECK","TYLER","","","","","","","","","","","","0","0","","","","","","","","","","","","","","","1","12","0","","","","","","","","","","","","","0"
"71","Bowling Green","09/11/10","89","BECK","TYLER","","","","","","","","","","","","0","0","2","14","0","","","","","","","","","","","","","","","","","","","","","","","","","","","0"
"71","Bowling Green","10/23/10","86","BURKHARDT","","","","","","","","","","","","","0","0","","","","","","","","","","","","","","","","","","","1","0","0","0","","","","","","","","0"
"71","Bowling Green","10/30/10","86","BURKHARDT","","","","","","","","","","","","","0","0","","","","","","","","","","","","","","","","","","","2","2","0","0","","","","","1","1","","5"
"71","Bowling Green","11/10/10","86","BURKHARDT","","","","","","","","","","","","","0","0","","","","","","","","","","","","","","","","","","","3","3","0","0","","","","","1","0","","3"
"71","Bowling Green","11/17/10","86","BURKHARDT","","","","","","","","","","","","","0","0","","","","","","","","","","","","","","","","","","","2","2","0","0","","","","","1","0","","2"
"71","Bowling Green","11/26/10","86","BURKHARDT","","","","","","","","","","","","","0","0","","","","","","","","","","","","","","","","","","","","","","","","","","","1","0","","0"
"71","Bowling Green","09/04/10","12","COOPER","EUGENE","","","","","","","","","","","","0","0","","","","","","","","","","","","2","72","1","0","-5","0","1","","","","","","","","","","","","6"
"71","Bowling Green","09/11/10","12","COOPER","EUGENE","","","","","","","","","","","","0","0","1","6","0","","","","","","","","","2","-1","0","","","","","","","","","","","","","","","","0"
"71","Bowling Green","09/18/10","12","COOPER","EUGENE","","","","","","","","","","","","0","0","","","","","","","","","","","","3","35","0","","","","","","","","","","","","","","","","0"
"71","Bowling Green","09/25/10","12","COOPER","EUGENE","","","","","","","","","","","","0","0","2","10","0","","","","","","","","","","","","1","16","0","","","","","","","","","","","","","0"
"71","Bowling Green","10/02/10","12","COOPER","EUGENE","2","7","0","7","0","","","","","","","2","7","1","13","0","","","","","","","","","2","9","0","","","","","","","","","","","","","","","","0"
"71","Bowling Green","10/09/10","12","COOPER","EUGENE","","","","","","","","","","","","0","0","3","41","0","","","","","","","","","1","3","0","1","23","0","","","","","","","","","","","","","0"
"71","Bowling Green","10/16/10","12","COOPER","EUGENE","1","2","0","2","0","","","","","","","1","2","2","12","0","","","","","","","","","1","5","0","3","33","0","","","","","","","","","","","","","0"
"71","Bowling Green","10/30/10","12","COOPER","EUGENE","","","","","","","","","","","","0","0","2","19","0","","","","","","","","","2","1","0","1","15","0","","","","","","","","","","","","","0"
"71","Bowling Green","11/10/10","12","COOPER","EUGENE","","","","","","","","","","","","0","0","4","20","0","","","","","","","","","3","13","0","","","","","","","","","","","","","","","","0"
"71","Bowling Green","11/17/10","12","COOPER","EUGENE","","","","","","","","","","","","0","0","1","4","0","","","","","","","","","2","71","1","","","","1","","","","","","","","","","","","6"
"71","Bowling Green","11/26/10","12","COOPER","EUGENE","","","","","","","","","","","","0","0","1","5","0","","","","","","","","","1","11","0","3","37","0","","","","","","","","","","","","","0"
"71","Bowling Green","11/10/10","26","DAVIS","AUNRE'","","","","","","","","","","","","0","0","","","","","","","1","7","0","","","","","","","","","","","","","","","","","","","","","0"
"71","Bowling Green","09/04/10","42","FELLS","EUGENE","","","","","","","","","","","","0","0","","","","1","0","0","","","","","","","","","","","","","","","","","","","","","","","","0"
"71","Bowling Green","11/10/10","42","FELLS","EUGENE","","","","","","","","","","","","0","0","","","","","","","1","23","0","","","","","","","","","","","","","","","","","","","","","0"
"71","Bowling Green","09/11/10","24","GATES","JERRY BOOBOO","","","","","","","","","","","","0","0","","","","","","","","","","","","","","","3","59","0","","","","","","","","","","","","","0"
"71","Bowling Green","09/18/10","24","GATES","JERRY BOOBOO","","","","","","","","","","","","0","0","","","","1","29","1","","","","","","","","","1","7","0","1","","","","","","","","","","","","6"
"71","Bowling Green","10/02/10","24","GATES","JERRY BOOBOO","","","","","","","","","","","","0","0","","","","","","","","","","","","","","","1","47","0","","","","","","","","","","","","","0"
"71","Bowling Green","10/09/10","24","GATES","JERRY BOOBOO","","","","","","","","","","","","0","0","","","","","","","","","","","","","","","3","46","0","","","","","","","","","","","","","0"
"71","Bowling Green","10/16/10","24","GATES","JERRY BOOBOO","","","","","","","","","","","","0","0","","","","","","","","","","","","","","","1","23","0","","","","","","","","","","","","","0"
"71","Bowling Green","10/23/10","24","GATES","JERRY BOOBOO","","","","","","","","","","","","0","0","","","","","","","","","","","","","","","1","75","1","1","","","","","","","","","","","","6"
"71","Bowling Green","11/10/10","24","GATES","JERRY BOOBOO","","","","","","","","","","","","0","0","","","","","","","","","","","","","","","3","60","0","","","","","","","","","","","","","0"
"71","Bowling Green","11/26/10","24","GATES","JERRY BOOBOO","","","","","","","","","","","","0","0","","","","","","","","","","","","","","","1","24","0","","","","","","","","","","","","","0"
"71","Bowling Green","10/23/10","22","GEIGER","ERIQUE","3","2","4","-2","0","","","","","","","3","-2","","","","","","","","","","","","","","","","","","","","","","","","","","","","","","0"
"71","Bowling Green","11/26/10","22","GEIGER","ERIQUE","2","7","0","7","0","","","","","","","2","7","","","","","","","","","","","","","","","","","","","","","","","","","","","","","","0"
"71","Bowling Green","09/04/10","1","GETER","WILLIE","20","103","10","93","1","","","","","","","20","93","3","21","0","","","","","","","","","","","","","","","1","","","","","","","","","","","","6"
"71","Bowling Green","09/11/10","1","GETER","WILLIE","15","70","20","50","1","","","","","","","15","50","2","-3","0","","","","","","","","","","","","","","","1","","","","","","","","","","","","6"
"71","Bowling Green","09/18/10","1","GETER","WILLIE","31","110","10","100","0","","","","","","","31","100","5","86","0","","","","","","","","","","","","","","","","","","","","","","","","","","","0"
"71","Bowling Green","09/25/10","1","GETER","WILLIE","12","38","5","33","0","","","","","","","12","33","3","27","0","","","","","","","","","","","","","","","","","","","","","","","","","","","0"
"71","Bowling Green","10/02/10","1","GETER","WILLIE","12","35","3","32","0","","","","","","","12","32","5","63","1","","","","","","","","","","","","","","","1","","","","","","","","","","","","6"
"71","Bowling Green","10/09/10","1","GETER","WILLIE","22","99","1","98","1","","","","","","","22","98","3","15","0","","","","","","","","","","","","","","","1","","","","","","","","","","","","6"
"71","Bowling Green","10/16/10","1","GETER","WILLIE","16","61","0","61","1","","","","","","","16","61","2","-3","0","","","","","","","","","","","","","","","1","","","","","","","","","","","","6"
"71","Bowling Green","10/30/10","1","GETER","WILLIE","26","110","7","103","0","","","","","","","26","103","1","9","0","","","","","","","","","","","","","","","","","","","","","","","","","","","0"
"71","Bowling Green","11/10/10","1","GETER","WILLIE","16","40","6","34","2","","","","","","","16","34","2","-5","0","","","","","","","","","","","","","","","2","","","","","","","","","","","","12"
"71","Bowling Green","11/17/10","1","GETER","WILLIE","11","35","4","31","0","","","","","","","11","31","5","26","0","","","","","","","","","","","","","","","","","","","","","","","","","","","0"
"71","Bowling Green","11/26/10","1","GETER","WILLIE","15","92","5","87","0","","","","","","","15","87","","","","","","","","","","","","","","","","","","","","","","","","","","","","","","0"
"71","Bowling Green","09/04/10","9","HODGES","ADRIAN","","","","","","","","","","","","0","0","1","3","1","","","","","","","","","","","","","","","1","","","","","","","","","","","","6"
"71","Bowling Green","09/11/10","9","HODGES","ADRIAN","","","","","","","","","","","","0","0","2","7","0","","","","","","","","","","","","","","","","","","","","","","","","","","","0"
"71","Bowling Green","10/09/10","9","HODGES","ADRIAN","","","","","","","","","","","","0","0","1","15","0","","","","","","","","","","","","","","","","","","","","","","","","","","","0"
"71","Bowling Green","10/16/10","9","HODGES","ADRIAN","","","","","","","","","","","","0","0","6","38","0","","","","","","","","","","","","","","","","","","","","","","","","","","","0"
"71","Bowling Green","10/23/10","9","HODGES","ADRIAN","","","","","","","","","","","","0","0","2","17","0","","","","","","","","","1","3","0","","","","","","","","","","","","","","","","0"
"71","Bowling Green","10/30/10","9","HODGES","ADRIAN","","","","","","","","","","","","0","0","2","12","0","","","","","","","","","","","","","","","","","","","","","","","","","","","0"
"71","Bowling Green","11/17/10","9","HODGES","ADRIAN","","","","","","","","","","","","0","0","3","19","0","","","","","","","","","","","","","","","","","","","","","","","","","","","0"
"71","Bowling Green","11/26/10","9","HODGES","ADRIAN","","","","","","","","","","","","0","0","2","35","0","","","","","","","","","","","","","","","","","","","","","","","","","","","0"
"71","Bowling Green","09/04/10","4","HOPGOOD","JORDAN","1","2","0","2","0","","","","","","","1","2","2","13","0","","","","","","","","","","","","","","","","","","","","","","","","","","","0"
"71","Bowling Green","09/11/10","4","HOPGOOD","JORDAN","2","12","0","12","0","","","","","","","2","12","","","","","","","","","","","","","","","","","","","","","","","","","","","","","","0"
"71","Bowling Green","09/18/10","4","HOPGOOD","JORDAN","6","22","0","22","1","","","","","","","6","22","1","23","0","","","","","","","","","","","","","","","1","","","","","","","","","","","","6"
"71","Bowling Green","09/25/10","4","HOPGOOD","JORDAN","9","25","0","25","2","","","","","","","9","25","","","","","","","","","","","","","","","","","","2","","","","","","","","","","","","12"
"71","Bowling Green","10/02/10","4","HOPGOOD","JORDAN","5","13","27","-14","1","","","","","","","5","-14","","","","","","","","","","","","","","","","","","1","","","","","","","","","","","","6"
"71","Bowling Green","10/09/10","4","HOPGOOD","JORDAN","10","34","4","30","0","","","","","","","10","30","","","","","","","","","","","","","","","","","","","","","","","","","","","","","","0"
"71","Bowling Green","10/16/10","4","HOPGOOD","JORDAN","11","25","0","25","1","","","","","","","11","25","1","9","0","","","","","","","","","","","","","","","1","","","","","","","","","","","","6"
"71","Bowling Green","10/23/10","4","HOPGOOD","JORDAN","11","20","11","9","0","","","","","","","11","9","1","-1","0","","","","","","","","","","","","","","","","","","","","","","","","","","","0"
"71","Bowling Green","10/30/10","4","HOPGOOD","JORDAN","4","6","4","2","1","","","","","","","4","2","2","-1","0","","","","","","","","","","","","","","","1","","","","","","","","","","","","6"
"71","Bowling Green","11/10/10","4","HOPGOOD","JORDAN","1","1","0","1","0","","","","","","","1","1","","","","","","","","","","","","","","","","","","","","","","","","","","","","","","0"
"71","Bowling Green","11/17/10","4","HOPGOOD","JORDAN","4","16","0","16","0","","","","","","","4","16","3","17","0","","","","","","","","","","","","","","","","","","","","","","","","","","","0"
"71","Bowling Green","11/26/10","4","HOPGOOD","JORDAN","12","42","5","37","0","","","","","","","12","37","","","","","","","","","","","","","","","","","","","","","","","","","","","","","","0"
"71","Bowling Green","11/26/10","2","HUTSON","RAY","","","","","","","","","","","","0","0","2","25","0","","","","","","","","","","","","","","","","","","","","","","","","","","","0"
"71","Bowling Green","10/23/10","83","JOPLIN","SEAN","","","","","","","","","","","","0","0","1","11","0","","","","","","","","","","","","","","","","","","","","","","","","","","","0"
"71","Bowling Green","10/02/10","54","JORDAN","ERIC","","","","","","","","","","","","0","0","","","","","","","","","","","","","","","1","4","0","","","","","","","","","","","","","0"
"71","Bowling Green","09/04/10","19","JORDEN","KAMAR","","","","","","","","","","","","0","0","9","111","0","","","","","","","","","","","","","","","","","","","","","","","","","","","0"
"71","Bowling Green","09/11/10","19","JORDEN","KAMAR","","","","","","","","","","","","0","0","14","168","0","","","","","","","","","","","","","","","","","","","","","","","","","","","0"
"71","Bowling Green","09/18/10","19","JORDEN","KAMAR","","","","","","","","","","","","0","0","11","64","1","","","","","","","","","","","","","","","1","","","","","","","","","","","","6"
"71","Bowling Green","09/25/10","19","JORDEN","KAMAR","","","","","","","","","","","","0","0","6","70","0","","","","","","","","","","","","","","","","","","","","","","","","","","","0"
"71","Bowling Green","10/02/10","19","JORDEN","KAMAR","","","","","","","","","","","","0","0","2","12","0","","","","","","","","","","","","","","","","","","","","","","","","","","","0"
"71","Bowling Green","10/09/10","19","JORDEN","KAMAR","","","","","","","","","","","","0","0","8","129","2","","","","","","","","","","","","","","","2","","","","","","","","","","","","12"
"71","Bowling Green","10/16/10","19","JORDEN","KAMAR","","","","","","","","","","","","0","0","12","143","0","","","","","","","","","","","","","","","","","","0","0","","","","","","","","0"
"71","Bowling Green","10/23/10","19","JORDEN","KAMAR","","","","","","","","","","","","0","0","5","36","0","","","","","","","","","","","","","","","","","","","","","","","","","","","0"
"71","Bowling Green","10/30/10","19","JORDEN","KAMAR","","","","","","","","","","","","0","0","9","92","0","","","","","","","","","","","","","","","","","","","","","","","","","","","0"
"71","Bowling Green","11/10/10","19","JORDEN","KAMAR","","","","","","","","","","","","0","0","4","95","0","","","","","","","","","","","","","","","","","","","","","","","","","","","0"
"71","Bowling Green","11/17/10","19","JORDEN","KAMAR","","","","","","","","","","","","0","0","8","75","0","","","","","","","","","","","","","","","","","","","","","","","","","","","0"
"71","Bowling Green","11/26/10","19","JORDEN","KAMAR","","","","","","","","","","","","0","0","8","114","1","","","","","","","","","","","","","","","1","","","","","","","","","","","","6"
"71","Bowling Green","09/18/10","11","LEACOCK","","","","","","","","","","","","","0","0","","","","1","42","0","","","","","","","","","","","","","","","","","","","","","","","","0"
"71","Bowling Green","10/16/10","11","LEACOCK","","","","","","","","","","","","","0","0","","","","1","49","1","","","","","","","","","","","","1","","","","","","","","","","","","6"
"71","Bowling Green","10/02/10","23","LORENZI","ROBERT","","","","","","","","","","","","0","0","","","","2","114","1","","","","","","","","","","","","1","","","","","","","","","","","","6"
"71","Bowling Green","10/16/10","10","MARSHALL","CALVIN","","","","","","","","","","","","0","0","","","","","","","1","10","0","","","","","","","","","","","","","","","","","","","","","0"
"71","Bowling Green","09/04/10","32","MORGAN","KEITH","","","","","","","","","","","","0","0","","","","1","14","0","","","","","","","","","","","","","","","","","","","","","","","","0"
"71","Bowling Green","09/18/10","32","MORGAN","KEITH","","","","","","","","","","","","0","0","","","","1","9","0","","","","","","","","","","","","","","","","","","","","","","","","0"
"71","Bowling Green","10/02/10","32","MORGAN","KEITH","","","","","","","","","","","","0","0","","","","1","0","0","","","","","","","","","","","","","","","","","","","","","","","","0"
"71","Bowling Green","09/25/10","17","PAGEL","","","","","","","3","2","1","20","0","","3","20","","","","","","","","","","","","","","","","","","","","","","","","","","","","","","0"
"71","Bowling Green","09/18/10","14","PANKRATZ","AARON","","","","","","8","5","1","111","1","","8","111","","","","","","","","","","","","","","","","","","","","","","","","","","","","","","0"
"71","Bowling Green","09/25/10","14","PANKRATZ","AARON","5","12","19","-7","0","28","17","1","231","1","","33","224","","","","","","","","","","","","","","","","","","","","","","","","","","","","","","0"
"71","Bowling Green","10/02/10","14","PANKRATZ","AARON","5","1","16","-15","0","37","12","3","167","2","0","42","152","","","","","","","","","","","","","","","","","","","","","1","0","","","","","","","","0"
"71","Bowling Green","10/23/10","14","PANKRATZ","AARON","","","","","","3","1","0","11","0","","3","11","","","","","","","","","","","","","","","","","","","","","","","","","","","","","","0"
"71","Bowling Green","11/26/10","14","PANKRATZ","AARON","","","","","","1","0","0","0","0","","1","0","","","","","","","","","","","","","","","","","","","","","","","","","","","","","","0"
"71","Bowling Green","10/09/10","20","PETTIGREW","JOHN","1","5","0","5","0","","","","","","","1","5","","","","","","","","","","","","","","","","","","","","","","","","","","","","","","0"
"71","Bowling Green","09/04/10","8","PRONTY","TYRONE","1","15","0","15","0","","","","","","","1","15","4","58","0","","","","","","","","","","","","5","151","0","","","","","","","","","","","","","0"
"71","Bowling Green","09/11/10","8","PRONTY","TYRONE","","","","","","","","","","","","0","0","5","41","0","","","","","","","","","","","","2","61","0","","","","","","","","","","","","","0"
"71","Bowling Green","09/18/10","8","PRONTY","TYRONE","","","","","","","","","","","","0","0","3","69","1","","","","","","","","","","","","3","63","0","1","","","","","","","","","","","","6"
"71","Bowling Green","09/25/10","8","PRONTY","TYRONE","","","","","","","","","","","","0","0","3","92","1","","","","","","","","","","","","7","126","0","1","","","","","","","","","","","","6"
"71","Bowling Green","10/02/10","8","PRONTY","TYRONE","1","0","1","-1","0","","","","","","","1","-1","2","63","1","","","","","","","","","","","","3","43","0","1","","","","","","","","","","","","6"
"71","Bowling Green","10/09/10","8","PRONTY","TYRONE","","","","","","","","","","","","0","0","2","30","0","","","","","","","","","","","","4","66","0","","","","0","0","","","","","","","","0"
"71","Bowling Green","10/23/10","8","PRONTY","TYRONE","1","3","0","3","0","","","","","","","1","3","5","27","0","","","","","","","","","","","","5","82","0","","","","","","","","","","","","","0"
"71","Bowling Green","10/30/10","8","PRONTY","TYRONE","","","","","","","","","","","","0","0","2","38","0","","","","","","","","","","","","2","46","0","","","","","","","","","","","","","0"
"71","Bowling Green","11/10/10","8","PRONTY","TYRONE","","","","","","","","","","","","0","0","1","21","0","","","","","","","","","","","","","","","","","","","","","","","","","","","0"
"71","Bowling Green","11/17/10","8","PRONTY","TYRONE","","","","","","","","","","","","0","0","7","61","0","","","","","","","","","","","","5","86","0","","","","","","","","","","","","","0"
"71","Bowling Green","11/26/10","8","PRONTY","TYRONE","","","","","","","","","","","","0","0","1","12","0","","","","","","","","","","","","2","5","0","","","","","","","","","","","","","0"
"71","Bowling Green","09/11/10","44","RIEKE","NICK","","","","","","","","","","","","0","0","2","18","0","","","","","","","","","","","","","","","","","","","","","","","","","","","0"
"71","Bowling Green","09/18/10","44","RIEKE","NICK","","","","","","","","","","","","0","0","1","5","0","","","","","","","","","","","","","","","","","","","","","","","","","","","0"
"71","Bowling Green","09/25/10","44","RIEKE","NICK","","","","","","","","","","","","0","0","1","7","0","","","","","","","","","","","","","","","","","","","","","","","","","","","0"
"71","Bowling Green","10/23/10","44","RIEKE","NICK","","","","","","","","","","","","0","0","1","0","0","","","","","","","","","","","","","","","","","","","","","","","","","","","0"
"71","Bowling Green","11/26/10","44","RIEKE","NICK","","","","","","","","","","","","0","0","1","7","0","","","","","","","","","","","","","","","","","","","","","","","","","","","0"
"71","Bowling Green","09/04/10","7","SCHILZ","MATT","3","8","10","-2","0","43","22","1","221","1","","46","219","","","","","","","","","","","","","","","","","","","","","","","","","","","","","","0"
"71","Bowling Green","09/11/10","7","SCHILZ","MATT","8","5","26","-21","2","40","29","3","262","0","0","48","241","","","","","","","","","","","","","","","","","","2","","","1","0","","","","","","","","12"
"71","Bowling Green","09/18/10","7","SCHILZ","MATT","7","10","31","-21","1","25","19","0","181","1","","32","160","","","","","","","","","","","","","","","","","","1","","","","","","","","","","","","6"
"71","Bowling Green","10/09/10","7","SCHILZ","MATT","3","5","0","5","0","37","23","1","277","2","2","40","282","","","","","","","","","","","","","","","","","","","","","2","2","","","","","","","","4"
"71","Bowling Green","10/16/10","7","SCHILZ","MATT","5","5","25","-20","0","51","30","0","287","1","1","56","267","","","","","","","","","","","","","","","","","","","","","2","1","","","","","","","","2"
"71","Bowling Green","10/23/10","7","SCHILZ","MATT","6","0","38","-38","0","35","18","2","118","0","","41","80","","","","","","","","","","","","","","","","","","","","","","","","","","","","","","0"
"71","Bowling Green","10/30/10","7","SCHILZ","MATT","1","0","8","-8","0","39","22","2","200","0","","40","192","","","","","","","","","","","","","","","","","","","","","","","","","","","","","","0"
"71","Bowling Green","11/10/10","7","SCHILZ","MATT","6","16","23","-7","0","29","17","2","176","1","","35","169","","","","","","","","","","","","","","","","","","","","","","","","","","","","","","0"
"71","Bowling Green","11/17/10","7","SCHILZ","MATT","8","14","26","-12","0","47","29","2","219","1","","55","207","","","","","","","","","","","","","","","","","","","","","","","","","","","","","","0"
"71","Bowling Green","11/26/10","7","SCHILZ","MATT","4","4","23","-19","0","31","19","1","282","1","","35","263","","","","","","","","","","","","","","","","","","","","","","","","","","","","","","0"
"71","Bowling Green","10/30/10","21","SPENCER","ADRIEN","","","","","","","","","","","","0","0","","","","1","0","0","","","","","","","","","","","","","","","","","","","","","","","","0"
"71","Bowling Green","10/09/10","18","TANSKI","","","","","","","","","","","","","0","0","","","","","","","","","","","","","","","","","","","","","1","0","","","","","","","","0"
"71","Bowling Green","10/02/10","30","TRUSS","CAMERON","","","","","","","","","","","","0","0","","","","1","0","0","","","","","","","","","","","","","","","","","","","","","","","","0"
"71","Bowling Green","11/17/10","30","TRUSS","CAMERON","","","","","","","","","","","","0","0","","","","1","0","0","","","","","","","","","","","","","","","","","","","","","","","","0"
"71","Bowling Green","09/04/10","6","WILEY","","","","","","","","","","","","","0","0","2","4","0","","","","","","","","","","","","","","","","","","","","","","","","","","","0"
"71","Bowling Green","09/11/10","6","WILEY","","","","","","","","","","","","","0","0","1","11","0","","","","","","","","","","","","","","","","","","","","","","","","","","","0"
"71","Bowling Green","09/18/10","6","WILEY","","","","","","","","","","","","","0","0","2","39","0","","","","","","","","","","","","","","","","","","","","","","","","","","","0"
"71","Bowling Green","09/25/10","6","WILEY","","","","","","","","","","","","","0","0","2","25","0","","","","","","","","","","","","","","","","","","","","","","","","","","","0"
"71","Bowling Green","10/02/10","6","WILEY","","","","","","","","","","","","","0","0","1","11","0","","","","","","","","","","","","","","","","","","","","","","","","","","","0"
"71","Bowling Green","10/09/10","6","WILEY","","","","","","","","","","","","","0","0","5","36","0","","","","","","","","","","","","","","","","","","","","","","","","","","","0"
"71","Bowling Green","10/16/10","6","WILEY","","2","7","9","-2","0","","","","","","","2","-2","2","11","1","","","","","","","","","","","","","","","1","","","","","","","","","","","","6"
"71","Bowling Green","10/23/10","6","WILEY","","2","22","0","22","0","1","1","0","16","0","","3","38","2","17","0","","","","","","","","","","","","","","","","","","","","","","","","","","","0"
"71","Bowling Green","10/30/10","6","WILEY","","2","10","0","10","1","","","","","","","2","10","4","31","0","","","","","","","","","","","","","","","1","","","","","","","","","","","","6"
"71","Bowling Green","11/10/10","6","WILEY","","3","31","1","30","0","","","","","","","3","30","2","7","0","","","","","","","","","","","","","","","","","","","","","","","","","","","0"
"71","Bowling Green","11/17/10","6","WILEY","","","","","","","","","","","","","0","0","1","13","1","","","","","","","","","","","","","","","1","","","","","","","","","","","","6"
"71","Bowling Green","11/26/10","6","WILEY","","2","6","4","2","0","","","","","","","2","2","1","-4","0","","","","","","","","","","","","","","","","","","","","","","","","","","","0"
"71","Bowling Green","09/11/10","5","WOODS JR.","DWAYNE","","","","","","","","","","","","0","0","","","","1","19","0","","","","","","","","","","","","","","","","","","","","","","","","0"
"71","Bowling Green","09/18/10","5","WOODS JR.","DWAYNE","","","","","","","","","","","","0","0","","","","1","78","1","","","","","","","","","","","","1","","","","","","","","","","","","6"
"71","Bowling Green","10/09/10","5","WOODS JR.","DWAYNE","","","","","","","","","","","","0","0","","","","","","","1","28","0","","","","","","","","","","","","","","","","","","","","","0"
"71","Bowling Green","09/04/10","81","WRIGHT","BRYAN","","","","","","","","","","","","0","0","","","","","","","","","","5","179","","","","","","","","3","3","0","0","","","","","3","2","","9"
"71","Bowling Green","09/11/10","81","WRIGHT","BRYAN","","","","","","","","","","","","0","0","","","","","","","","","","6","288","","","","","","","","2","2","0","0","","","","","","","","2"
"71","Bowling Green","09/18/10","81","WRIGHT","BRYAN","","","","","","","","","","","","0","0","","","","","","","","","","4","175","","","","","","","","6","5","0","0","","","","","3","1","","8"
"71","Bowling Green","09/25/10","81","WRIGHT","BRYAN","","","","","","","","","","","","0","0","","","","","","","","","","5","237","","","","","","","","3","3","0","0","","","","","","","","3"
"71","Bowling Green","10/02/10","81","WRIGHT","BRYAN","","","","","","","","","","","","0","0","","","","","","","","","","8","304","","","","","","","","3","2","0","0","","","","","1","0","","2"
"71","Bowling Green","10/09/10","81","WRIGHT","BRYAN","","","","","","","","","","","","0","0","","","","","","","","","","5","198","","","","","","","","","","","","","","","","1","1","","3"
"71","Bowling Green","10/16/10","81","WRIGHT","BRYAN","1","-3","27","-30","0","","","","","","","1","-30","","","","","","","0","-2","0","6","258","","","","","","","","2","1","0","0","","","","","1","0","","1"
"71","Bowling Green","10/23/10","81","WRIGHT","BRYAN","","","","","","","","","","","","0","0","","","","","","","","","","7","247","","","","","","","","","","","","","","","","","","","0"
"71","Bowling Green","10/30/10","81","WRIGHT","BRYAN","","","","","","","","","","","","0","0","","","","","","","","","","6","250","","","","","","","","","","","","","","","","","","","0"
"71","Bowling Green","11/10/10","81","WRIGHT","BRYAN","","","","","","","","","","","","0","0","","","","","","","","","","4","173","","","","","","","","","","","","","","","","","","","0"
"71","Bowling Green","11/17/10","81","WRIGHT","BRYAN","","","","","","","","","","","","0","0","","","","","","","","","","5","212","","","","","","","","","","","","","","","","","","","0"
"71","Bowling Green","11/26/10","81","WRIGHT","BRYAN","","","","","","","","","","","","0","0","","","","","","","","","","6","192","","","","","","","","1","1","0","0","","","","","","","","1"
"86","Buffalo","09/11/10","80","CONNACHER","AARON","","","","","","","","","","","","0","0","1","10","0","","","","","","","","","","","","","","","","","","","","","","","","","","","0"
"86","Buffalo","10/23/10","80","CONNACHER","AARON","","","","","","","","","","","","0","0","1","9","0","","","","","","","","","","","","","","","","","","","","","","","","","","","0"
"86","Buffalo","10/30/10","80","CONNACHER","AARON","","","","","","","","","","","","0","0","1","16","0","","","","","","","","","","","","","","","","","","","","","","","","","","","0"
"86","Buffalo","09/11/10","25","COOK","DOMONIC","","","","","","","","","","","","0","0","","","","1","0","0","","","","","","","","","","","","","","","","","","","","","","","","0"
"86","Buffalo","10/02/10","25","COOK","DOMONIC","","","","","","","","","","","","0","0","","","","1","33","0","","","","","","","","","1","28","0","","","","","","","","","","","","","0"
"86","Buffalo","10/16/10","25","COOK","DOMONIC","","","","","","","","","","","","0","0","","","","1","0","0","","","","","","","","","","","","","","","","","","","","","","","","0"
"86","Buffalo","10/23/10","25","COOK","DOMONIC","","","","","","","","","","","","0","0","","","","2","0","0","","","","","","","","","1","18","0","","","","","","","","","","","","","0"
"86","Buffalo","10/30/10","25","COOK","DOMONIC","","","","","","","","","","","","0","0","","","","1","0","0","","","","","","","","","","","","","","","","","","","","","","","","0"
"86","Buffalo","11/04/10","25","COOK","DOMONIC","","","","","","","","","","","","0","0","","","","","","","","","","","","","","","2","55","0","","","","","","","","","","","","","0"
"86","Buffalo","09/02/10","4","DAVIS","JERRY","3","5","6","-1","0","35","21","1","302","4","","38","301","","","","","","","","","","","","","","","","","","","","","","","","","","","","","","0"
"86","Buffalo","09/11/10","4","DAVIS","JERRY","12","29","7","22","0","46","18","1","163","0","","58","185","","","","","","","","","","","","","","","","","","","","","","","","","","","","","","0"
"86","Buffalo","09/18/10","4","DAVIS","JERRY","18","63","40","23","0","31","15","2","190","1","","49","213","","","","","","","","","","","","","","","","","","","","","","","","","","","","","","0"
"86","Buffalo","09/25/10","4","DAVIS","JERRY","12","63","6","57","0","42","18","3","227","3","","54","284","","","","","","","","","","","","","","","","","","","","","","","","","","","","","","0"
"86","Buffalo","10/02/10","4","DAVIS","JERRY","14","43","4","39","0","34","19","4","241","3","","48","280","","","","","","","","","","","","","","","","","","","","","","","","","","","","","","0"
"86","Buffalo","10/16/10","4","DAVIS","JERRY","11","46","4","42","0","23","7","1","101","1","","34","143","","","","","","","","","","","","","","","","","","","","","","","","","","","","","","0"
"86","Buffalo","10/23/10","4","DAVIS","JERRY","","","","","","5","0","0","0","0","","5","0","","","","","","","","","","","","","","","","","","","","","","","","","","","","","","0"
"86","Buffalo","11/12/10","4","DAVIS","JERRY","11","43","15","28","0","16","5","2","39","0","","27","67","","","","","","","","","","","","","","","","","","","","","","","","","","","","","","0"
"86","Buffalo","11/20/10","4","DAVIS","JERRY","8","42","0","42","0","32","20","0","222","2","","40","264","","","","","","","","","","","","","","","","","","","","","","","","","","","","","","0"
"86","Buffalo","11/26/10","4","DAVIS","JERRY","7","18","34","-16","0","34","19","2","268","2","","41","252","","","","","","","","","","","","","","","","","","","","","","","","","","","","","","0"
"86","Buffalo","09/02/10","12","DENNISON","ALEX","3","26","0","26","0","7","4","0","30","0","","10","56","","","","","","","","","","","","","","","","","","","","","","","","","","","","","","0"
"86","Buffalo","09/11/10","12","DENNISON","ALEX","1","7","0","7","0","","","","","","","1","7","","","","","","","","","","","","","","","","","","","","","","","","","","","","","","0"
"86","Buffalo","09/25/10","12","DENNISON","ALEX","4","26","0","26","0","4","0","1","0","0","","8","26","","","","","","","","","","","","","","","","","","","","","","","","","","","","","","0"
"86","Buffalo","10/02/10","12","DENNISON","ALEX","1","1","0","1","0","","","","","","","1","1","","","","","","","","","","","","","","","","","","","","","","","","","","","","","","0"
"86","Buffalo","11/12/10","12","DENNISON","ALEX","1","0","1","-1","0","","","","","","","1","-1","","","","","","","","","","","","","","","","","","","","","","","","","","","","","","0"
"86","Buffalo","10/16/10","99","DUBOIS","GORDON","","","","","","","","","","","","0","0","","","","1","27","1","","","","","","","","","","","","1","","","","","","","","","","","","6"
"86","Buffalo","11/26/10","59","DUDLEY","SHAQUILLE","","","","","","","","","","","","0","0","","","","","","","","","","","","","","","1","11","0","","","","","","","","","","","","","0"
"86","Buffalo","09/25/10","13","FARDON","PETER","","","","","","","","","","","","0","0","","","","","","","","","","8","309","","","","","","","","","","","","","","","","","","","0"
"86","Buffalo","10/02/10","13","FARDON","PETER","","","","","","","","","","","","0","0","","","","","","","","","","3","91","","","","","","","","","","","","","","","","","","","0"
"86","Buffalo","10/30/10","13","FARDON","PETER","","","","","","","","","","","","0","0","","","","","","","","","","6","201","","","","","","","","","","","","","","","","","","","0"
"86","Buffalo","11/20/10","13","FARDON","PETER","","","","","","","","","","","","0","0","","","","","","","","","","2","65","","","","","","","","","","","","","","","","","","","0"
"86","Buffalo","11/26/10","13","FARDON","PETER","","","","","","","","","","","","0","0","","","","","","","","","","3","84","","","","","","","","","","","","","","","","","","","0"
"86","Buffalo","09/11/10","21","GILL","JEFFVON","3","57","0","57","0","","","","","","","3","57","","","","","","","","","","","","","","","","","","","","","","","","","","","","","","0"
"86","Buffalo","09/18/10","21","GILL","JEFFVON","10","45","0","45","0","","","","","","","10","45","","","","","","","","","","","","","","","","","","","","","","","","","","","","","","0"
"86","Buffalo","10/02/10","21","GILL","JEFFVON","13","57","5","52","0","","","","","","","13","52","1","8","0","","","","","","","","","","","","","","","","","","","","","","","","","","","0"
"86","Buffalo","10/16/10","21","GILL","JEFFVON","7","45","0","45","0","","","","","","","7","45","","","","","","","","","","","","","","","","","","","","","","","","","","","","","","0"
"86","Buffalo","10/23/10","21","GILL","JEFFVON","4","16","0","16","0","","","","","","","4","16","","","","","","","","","","","","","","","","","","","","","","","","","","","","","","0"
"86","Buffalo","10/30/10","21","GILL","JEFFVON","11","30","6","24","0","","","","","","","11","24","1","5","0","","","","","","","","","","","","","","","","","","","","","","","","","","","0"
"86","Buffalo","11/04/10","21","GILL","JEFFVON","4","7","1","6","0","","","","","","","4","6","","","","","","","","","","","","","","","","","","","","","","","","","","","","","","0"
"86","Buffalo","11/12/10","21","GILL","JEFFVON","2","5","0","5","0","","","","","","","2","5","","","","","","","","","","","","","","","","","","","","","","","","","","","","","","0"
"86","Buffalo","11/20/10","21","GILL","JEFFVON","5","8","7","1","0","","","","","","","5","1","2","20","0","","","","","","","","","","","","","","","","","","","","","","","","","","","0"
"86","Buffalo","11/26/10","21","GILL","JEFFVON","5","22","0","22","0","","","","","","","5","22","1","17","0","","","","","","","","","","","","2","29","0","","","","","","","","","","","","","0"
"86","Buffalo","11/26/10","81","GORDAN","JIMMY","","","","","","","","","","","","0","0","5","54","0","","","","","","","","","","","","","","","","","","","","","","","","","","","0"
"86","Buffalo","09/02/10","6","HOOD","SARON","","","","","","","","","","","","0","0","1","6","0","","","","","","","","","","","","","","","","","","","","","","","","","","","0"
"86","Buffalo","10/16/10","6","HOOD","SARON","","","","","","","","","","","","0","0","1","11","0","","","","","","","","","","","","","","","","","","","","","","","","","","","0"
"86","Buffalo","11/12/10","6","HOOD","SARON","","","","","","","","","","","","0","0","2","16","0","","","","","","","","","","","","","","","","","","","","","","","","","","","0"
"86","Buffalo","09/02/10","5","JACKSON","TERRELL","1","12","0","12","0","","","","","","","1","12","3","38","1","","","","","","","","","3","43","0","1","18","0","1","","","","","","","","","","","","6"
"86","Buffalo","09/11/10","5","JACKSON","TERRELL","1","0","2","-2","0","1","0","0","0","0","","2","-2","6","60","0","","","","","","","","","1","22","0","1","38","0","","","","","","","","","","","","","0"
"86","Buffalo","09/18/10","5","JACKSON","TERRELL","","","","","","","","","","","","0","0","3","19","1","","","","","","","","","1","14","0","5","101","0","1","","","","","","","","","","","","6"
"86","Buffalo","09/25/10","5","JACKSON","TERRELL","","","","","","","","","","","","0","0","3","34","0","","","","","","","","","1","18","0","4","89","0","","","","","","","","","","","","","0"
"86","Buffalo","10/02/10","5","JACKSON","TERRELL","1","0","1","-1","0","","","","","","","1","-1","7","90","1","","","","","","","","","1","15","0","","","","1","","","","","","","","","","","","6"
"86","Buffalo","10/16/10","5","JACKSON","TERRELL","","","","","","","","","","","","0","0","3","-1","0","","","","","","","","","","","","6","107","0","","","","","","","","","","","","","0"
"86","Buffalo","10/23/10","5","JACKSON","TERRELL","1","0","2","-2","0","1","0","0","0","0","","2","-2","5","48","0","","","","","","","","","2","73","0","5","93","0","","","","","","","","","","","","","0"
"86","Buffalo","10/30/10","5","JACKSON","TERRELL","1","1","0","1","0","","","","","","","1","1","7","72","0","","","","","","","","","2","15","0","2","56","0","","","","","","","","","","","","","0"
"86","Buffalo","11/04/10","5","JACKSON","TERRELL","","","","","","","","","","","","0","0","4","23","0","","","","","","","","","","","","3","49","0","","","","","","","","","","","","","0"
"86","Buffalo","11/12/10","5","JACKSON","TERRELL","1","2","0","2","0","","","","","","","1","2","1","10","0","","","","","","","","","1","0","0","4","70","0","","","","","","","","","","","","","0"
"86","Buffalo","11/20/10","5","JACKSON","TERRELL","1","3","0","3","0","","","","","","","1","3","","","","","","","","","","","","","","","2","26","0","","","","","","","","","","","","","0"
"86","Buffalo","11/26/10","5","JACKSON","TERRELL","","","","","","","","","","","","0","0","1","4","0","","","","","","","","","","","","","","","","","","","","","","","","","","","0"
"86","Buffalo","09/02/10","18","LEE","FRED","","","","","","","","","","","","0","0","2","14","0","","","","","","","","","","","","","","","","","","","","","","","","","","","0"
"86","Buffalo","09/11/10","18","LEE","FRED","","","","","","","","","","","","0","0","1","4","0","","","","","","","","","","","","","","","","","","","","","","","","","","","0"
"86","Buffalo","09/25/10","18","LEE","FRED","","","","","","","","","","","","0","0","2","42","0","","","","","","","","","","","","","","","","","","","","","","","","","","","0"
"86","Buffalo","10/16/10","18","LEE","FRED","","","","","","","","","","","","0","0","1","8","0","","","","","","","","","","","","","","","","","","","","","","","","","","","0"
"86","Buffalo","11/12/10","18","LEE","FRED","","","","","","","","","","","","0","0","1","10","0","","","","","","","","","","","","","","","","","","","","","","","","","","","0"
"86","Buffalo","11/20/10","18","LEE","FRED","","","","","","","","","","","","0","0","1","4","0","","","","","","","","","","","","","","","","","","","","","","","","","","","0"
"86","Buffalo","10/02/10","22","LOTT","SHERROD","","","","","","","","","","","","0","0","","","","1","3","0","","","","","","","","","","","","","","","","","","","","","","","","0"
"86","Buffalo","11/20/10","22","LOTT","SHERROD","","","","","","","","","","","","0","0","","","","1","0","0","","","","","","","","","","","","","","","","","","","","","","","","0"
"86","Buffalo","09/11/10","89","MARR","MICHAEL","","","","","","","","","","","","0","0","1","5","0","","","","","","","","","","","","","","","","","","","","","","","","","","","0"
"86","Buffalo","10/23/10","89","MARR","MICHAEL","","","","","","","","","","","","0","0","2","10","0","","","","","","","","","","","","","","","","","","","","","","","","","","","0"
"86","Buffalo","10/30/10","89","MARR","MICHAEL","","","","","","","","","","","","0","0","1","13","0","","","","","","","","","","","","","","","","","","","","","","","","","","","0"
"86","Buffalo","11/04/10","40","MEANS","STEVEN","","","","","","","","","","","","0","0","","","","1","0","0","","","","","","","","","","","","","","","","","","","","","","","","0"
"86","Buffalo","10/23/10","48","MOSELEY","WILLIE","","","","","","","","","","","","0","0","","","","","","","1","2","0","","","","","","","","","","","","","","","","","","","","","0"
"86","Buffalo","09/02/10","36","NDUKA","IKE","5","10","3","7","0","","","","","","","5","7","","","","","","","","","","","","","","","","","","","","","","","","","","","","","","0"
"86","Buffalo","10/02/10","36","NDUKA","IKE","12","53","6","47","1","","","","","","","12","47","1","5","0","","","","","","","","","","","","","","","1","","","","","","","","","","","","6"
"86","Buffalo","10/16/10","36","NDUKA","IKE","3","16","0","16","0","","","","","","","3","16","","","","","","","","","","","","","","","","","","","","","","","","","","","","","","0"
"86","Buffalo","11/04/10","36","NDUKA","IKE","5","32","0","32","0","","","","","","","5","32","","","","","","","","","","","","","","","","","","","","","","","","","","","","","","0"
"86","Buffalo","11/12/10","36","NDUKA","IKE","9","24","6","18","0","","","","","","","9","18","","","","","","","","","","","","","","","","","","","","","","","","","","","","","","0"
"86","Buffalo","11/20/10","36","NDUKA","IKE","11","33","4","29","0","","","","","","","11","29","","","","","","","","","","","","","","","","","","","","","","","","","","","","","","0"
"86","Buffalo","11/26/10","36","NDUKA","IKE","22","87","1","86","0","","","","","","","22","86","3","59","0","","","","","","","","","","","","","","","","","","","","","","","","","","","0"
"86","Buffalo","09/02/10","19","NEUTZ","ALEX","","","","","","","","","","","","0","0","5","99","1","","","","","","","","","","","","","","","1","","","","","","","","","","","","6"
"86","Buffalo","09/18/10","19","NEUTZ","ALEX","","","","","","","","","","","","0","0","3","40","0","","","","","","","","","","","","","","","","","","","","","","","","","","","0"
"86","Buffalo","09/25/10","19","NEUTZ","ALEX","","","","","","","","","","","","0","0","2","16","0","","","","","","","","","","","","","","","","","","","","","","","","","","","0"
"86","Buffalo","10/02/10","19","NEUTZ","ALEX","","","","","","","","","","","","0","0","2","35","1","","","","","","","","","","","","","","","1","","","","","","","","","","","","6"
"86","Buffalo","11/04/10","19","NEUTZ","ALEX","","","","","","","","","","","","0","0","1","17","0","","","","","","","","","","","","","","","","","","","","","","","","","","","0"
"86","Buffalo","11/12/10","19","NEUTZ","ALEX","","","","","","","","","","","","0","0","1","7","0","","","","","","","","","","","","","","","","","","","","","","","","","","","0"
"86","Buffalo","11/20/10","19","NEUTZ","ALEX","","","","","","","","","","","","0","0","7","112","0","","","","","","","","","","","","","","","","","","","","","","","","","","","0"
"86","Buffalo","11/26/10","19","NEUTZ","ALEX","","","","","","","","","","","","0","0","5","88","2","","","","","","","","","","","","","","","2","","","","","","","","","","","","12"
"86","Buffalo","09/02/10","32","OLIVER","BRANDEN","9","26","6","20","0","","","","","","","9","20","","","","","","","","","","","","","","","","","","","","","","","","","","","","","","0"
"86","Buffalo","09/11/10","32","OLIVER","BRANDEN","17","80","9","71","0","","","","","","","17","71","1","13","0","","","","","","","","","","","","","","","","","","","","","","","","","","","0"
"86","Buffalo","09/18/10","32","OLIVER","BRANDEN","18","65","12","53","0","","","","","","","18","53","","","","","","","","","","","","","","","","","","","","","","","","","","","","","","0"
"86","Buffalo","09/25/10","32","OLIVER","BRANDEN","20","35","6","29","0","","","","","","","20","29","","","","","","","","","","","","","","","","","","","","","","","","","","","","","","0"
"86","Buffalo","10/02/10","32","OLIVER","BRANDEN","7","33","0","33","0","","","","","","","7","33","","","","","","","","","","","","","","","","","","","","","","","","","","","","","","0"
"86","Buffalo","10/16/10","32","OLIVER","BRANDEN","6","18","1","17","0","","","","","","","6","17","","","","","","","","","","","","","","","","","","","","","","","","","","","","","","0"
"86","Buffalo","10/23/10","32","OLIVER","BRANDEN","10","27","3","24","0","","","","","","","10","24","","","","","","","","","","","","","","","","","","","","","","","","","","","","","","0"
"86","Buffalo","10/30/10","32","OLIVER","BRANDEN","6","19","1","18","0","","","","","","","6","18","2","52","0","","","","","","","","","","","","","","","","","","","","","","","","","","","0"
"86","Buffalo","11/04/10","32","OLIVER","BRANDEN","6","27","0","27","0","","","","","","","6","27","2","27","0","","","","","","","","","","","","","","","","","","","","","","","","","","","0"
"86","Buffalo","11/12/10","32","OLIVER","BRANDEN","3","6","0","6","0","","","","","","","3","6","","","","","","","","","","","","","","","","","","","","","","","","","","","","","","0"
"86","Buffalo","09/02/10","39","PRINCIPE","A.J.","","","","","","","","","","","","0","0","","","","","","","","","","","","","","","","","","","4","4","0","0","","","","","1","1","","7"
"86","Buffalo","09/11/10","39","PRINCIPE","A.J.","","","","","","","","","","","","0","0","","","","","","","","","","","","","","","","","","","","","","","","","","","3","2","","6"
"86","Buffalo","09/18/10","39","PRINCIPE","A.J.","","","","","","","","","","","","0","0","","","","","","","","","","","","","","","","","","","1","1","0","0","","","","","2","1","","4"
"86","Buffalo","09/25/10","39","PRINCIPE","A.J.","","","","","","","","","","","","0","0","","","","","","","","","","","","","","","","","","","3","3","0","0","","","","","","","","3"
"86","Buffalo","10/02/10","39","PRINCIPE","A.J.","","","","","","","","","","","","0","0","","","","","","","","","","","","","","","","","","","4","4","0","0","","","","","1","0","","4"
"86","Buffalo","10/16/10","39","PRINCIPE","A.J.","","","","","","","","","","","","0","0","","","","","","","","","","","","","","","","","","","2","2","0","0","","","","","","","","2"
"86","Buffalo","10/30/10","39","PRINCIPE","A.J.","","","","","","","","","","","","0","0","","","","","","","","","","","","","","","","","","","1","0","0","0","","","","","1","0","","0"
"86","Buffalo","11/04/10","39","PRINCIPE","A.J.","","","","","","","","","","","","0","0","","","","","","","","","","","","","","","","","","","2","2","0","0","","","","","1","1","","5"
"86","Buffalo","11/12/10","39","PRINCIPE","A.J.","","","","","","","","","","","","0","0","","","","","","","","","","","","","","","","","","","","","","","","","","","1","1","","3"
"86","Buffalo","11/20/10","39","PRINCIPE","A.J.","","","","","","","","","","","","0","0","","","","","","","","","","","","","","","","","","","2","2","0","0","","","","","1","1","","5"
"86","Buffalo","11/26/10","39","PRINCIPE","A.J.","","","","","","","","","","","","0","0","","","","","","","","","","","","","","","","","","","2","2","0","0","","","","","","","","2"
"86","Buffalo","10/30/10","85","RACHUNA","JOHN","","","","","","","","","","","","0","0","","","","","","","","","","","","","","","","","","","","","","","","","","","1","1","","3"
"86","Buffalo","11/04/10","85","RACHUNA","JOHN","","","","","","","","","","","","0","0","","","","","","","","","","","","","","","","","","","","","","","","","","","1","0","","0"
"86","Buffalo","09/25/10","88","REEDER","JAKE","","","","","","","","","","","","0","0","2","12","0","","","","","","","","","","","","","","","","","","","","","","","","","","","0"
"86","Buffalo","10/02/10","88","REEDER","JAKE","","","","","","","","","","","","0","0","2","32","0","","","","","","","","","","","","1","15","0","","","","","","","","","","","","","0"
"86","Buffalo","10/16/10","88","REEDER","JAKE","","","","","","","","","","","","0","0","1","8","0","","","","","","","","","","","","","","","","","","","","","","","","","","","0"
"86","Buffalo","09/02/10","2","RIVERS","MARCUS","","","","","","","","","","","","0","0","10","155","1","","","","","","","","","","","","","","","1","","","","","","","","","","","","6"
"86","Buffalo","09/11/10","2","RIVERS","MARCUS","","","","","","","","","","","","0","0","6","53","0","","","","","","","","","","","","","","","","","","","","","","","","","","","0"
"86","Buffalo","09/18/10","2","RIVERS","MARCUS","","","","","","","","","","","","0","0","7","102","0","","","","","","","","","","","","","","","","","","","","","","","","","","","0"
"86","Buffalo","09/25/10","2","RIVERS","MARCUS","","","","","","","","","","","","0","0","6","55","0","","","","","","","","","","","","","","","","","","","","","","","","","","","0"
"86","Buffalo","10/02/10","2","RIVERS","MARCUS","","","","","","","","","","","","0","0","5","59","1","","","","","","","","","","","","","","","1","","","","","","","","","","","","6"
"86","Buffalo","10/16/10","2","RIVERS","MARCUS","","","","","","","","","","","","0","0","3","94","1","","","","","","","","","","","","","","","1","","","","","","","","","","","","6"
"86","Buffalo","10/23/10","2","RIVERS","MARCUS","","","","","","","","","","","","0","0","2","24","0","","","","","","","","","","","","","","","","","","","","","","","","","","","0"
"86","Buffalo","10/30/10","2","RIVERS","MARCUS","","","","","","","","","","","","0","0","3","44","0","","","","","","","","","","","","","","","","","","","","","","","","","","","0"
"86","Buffalo","11/04/10","2","RIVERS","MARCUS","","","","","","","","","","","","0","0","1","17","1","","","","","","","","","","","","","","","1","","","","","","","","","","","","6"
"86","Buffalo","11/12/10","2","RIVERS","MARCUS","","","","","","","","","","","","0","0","1","14","0","","","","","","","","","","","","","","","","","","","","","","","","","","","0"
"86","Buffalo","11/20/10","2","RIVERS","MARCUS","","","","","","","","","","","","0","0","5","55","1","","","","","","","","","","","","","","","1","","","","","","","","","","","","6"
"86","Buffalo","11/26/10","2","RIVERS","MARCUS","","","","","","","","","","","","0","0","1","18","0","","","","","","","","","","","","","","","","","","","","","","","","","","","0"
"86","Buffalo","09/02/10","16","SCHUM","JACOB","","","","","","","","","","","","0","0","","","","","","","","","","7","294","","","","","","","","","","","","","","","","","","","0"
"86","Buffalo","09/11/10","16","SCHUM","JACOB","","","","","","","","","","","","0","0","","","","","","","","","","9","333","","","","","","","","","","","","","","","","","","","0"
"86","Buffalo","09/18/10","16","SCHUM","JACOB","","","","","","","","","","","","0","0","","","","","","","","","","5","153","","","","","","","","","","","","","","","","","","","0"
"86","Buffalo","09/25/10","16","SCHUM","JACOB","","","","","","","","","","","","0","0","","","","","","","","","","1","37","","","","","","","","","","","","","","","","","","","0"
"86","Buffalo","10/02/10","16","SCHUM","JACOB","","","","","","","","","","","","0","0","","","","","","","","","","3","99","","","","","","","","","","","","","","","","","","","0"
"86","Buffalo","10/16/10","16","SCHUM","JACOB","1","0","13","-13","0","","","","","","","1","-13","","","","","","","","","","8","258","","","","","","","","","","","","","","","","","","","0"
"86","Buffalo","10/23/10","16","SCHUM","JACOB","","","","","","","","","","","","0","0","","","","","","","","","","6","243","","","","","","","","","","","","","","","","","","","0"
"86","Buffalo","10/30/10","16","SCHUM","JACOB","","","","","","","","","","","","0","0","","","","","","","","","","2","60","","","","","","","","","","","","","","","","","","","0"
"86","Buffalo","11/04/10","16","SCHUM","JACOB","","","","","","","","","","","","0","0","","","","","","","","","","4","179","","","","","","","","","","","","","","","","","","","0"
"86","Buffalo","11/12/10","16","SCHUM","JACOB","","","","","","","","","","","","0","0","","","","","","","","","","6","274","","","","","","","","","","","","","","","","","","","0"
"86","Buffalo","11/20/10","16","SCHUM","JACOB","","","","","","","","","","","","0","0","","","","","","","","","","5","228","","","","","","","","","","","","","","","","","","","0"
"86","Buffalo","11/26/10","16","SCHUM","JACOB","","","","","","","","","","","","0","0","","","","","","","","","","2","73","","","","","","","","","","","","","","","","","","","0"
"86","Buffalo","09/25/10","7","SHANNON","DAVONTE","","","","","","","","","","","","0","0","","","","1","10","0","","","","","","","","","","","","","","","","","","","","","","","","0"
"86","Buffalo","10/02/10","7","SHANNON","DAVONTE","","","","","","","","","","","","0","0","","","","1","2","0","","","","","","","","","","","","","","","","","","","","","","","","0"
"86","Buffalo","10/30/10","7","SHANNON","DAVONTE","","","","","","","","","","","","0","0","","","","1","26","0","","","","","","","","","","","","","","","","","","","","","","","","0"
"86","Buffalo","11/20/10","7","SHANNON","DAVONTE","","","","","","","","","","","","0","0","","","","1","0","0","","","","","","","","","","","","","","","","","","","","","","","","0"
"86","Buffalo","09/02/10","27","THERMILUS","BRANDON","7","29","2","27","0","","","","","","","7","27","","","","","","","","","","","","","","","","","","","","","","","","","","","","","","0"
"86","Buffalo","09/11/10","27","THERMILUS","BRANDON","1","7","0","7","0","","","","","","","1","7","","","","","","","","","","","","","","","","","","","","","","","","","","","","","","0"
"86","Buffalo","09/18/10","27","THERMILUS","BRANDON","2","12","0","12","0","","","","","","","2","12","2","29","0","","","","","","","","","","","","","","","","","","","","","","","","","","","0"
"86","Buffalo","09/25/10","27","THERMILUS","BRANDON","8","33","4","29","0","","","","","","","8","29","","","","","","","","","","","","","","","","","","","","","","","","","","","","","","0"
"86","Buffalo","10/02/10","27","THERMILUS","BRANDON","9","31","0","31","0","","","","","","","9","31","","","","","","","","","","","","","","","","","","","","","","","","","","","","","","0"
"86","Buffalo","09/02/10","15","THOMAS","JOSH","","","","","","","","","","","","0","0","","","","1","22","0","","","","","","","","","","","","","","","","","","","","","","","","0"
"86","Buffalo","09/02/10","10","YOUNG","ED","","","","","","","","","","","","0","0","3","23","1","","","","","","","","","","","","","","","1","","","","","","","","","","","","6"
"86","Buffalo","09/11/10","10","YOUNG","ED","","","","","","","","","","","","0","0","2","18","0","","","","","","","","","","","","3","34","0","","","","","","","","","","","","","0"
"86","Buffalo","09/18/10","10","YOUNG","ED","1","3","0","3","0","","","","","","","1","3","","","","","","","","","","","","","","","","","","","","","","","","","","","","","","0"
"86","Buffalo","09/25/10","10","YOUNG","ED","","","","","","","","","","","","0","0","3","68","3","","","","","","","","","","","","1","23","0","3","","","","","","","","","","","","18"
"86","Buffalo","10/02/10","10","YOUNG","ED","","","","","","","","","","","","0","0","1","12","0","","","","","","","","","1","1","0","","","","","","","","","","","","","","","","0"
"86","Buffalo","10/23/10","10","YOUNG","ED","1","0","1","-1","0","","","","","","","1","-1","1","7","0","","","","","","","","","","","","","","","","","","","","","","","","","","","0"
"86","Buffalo","10/30/10","10","YOUNG","ED","","","","","","","","","","","","0","0","1","8","0","","","","","","","","","","","","1","23","0","","","","","","","","","","","","","0"
"86","Buffalo","11/04/10","10","YOUNG","ED","","","","","","","","","","","","0","0","","","","","","","","","","","","","","","1","16","0","","","","","","","","","","","","","0"
"86","Buffalo","11/12/10","10","YOUNG","ED","","","","","","","","","","","","0","0","1","-1","0","","","","","","","","","","","","1","16","0","","","","","","","","","","","","","0"
"86","Buffalo","11/20/10","10","YOUNG","ED","","","","","","","","","","","","0","0","5","31","1","","","","","","","","","","","","1","17","0","1","","","","","","","","","","","","6"
"86","Buffalo","11/26/10","10","YOUNG","ED","1","4","0","4","0","1","0","0","0","0","","2","4","3","28","0","","","","","","","","","1","0","0","2","42","0","","","","","","","","","","","","","0"
"86","Buffalo","10/16/10","1Z","ZORDICH","ALEX","5","24","1","23","0","3","2","0","19","0","","8","42","","","","","","","","","","","","","","","","","","","","","","","","","","","","","","0"
"86","Buffalo","10/23/10","1Z","ZORDICH","ALEX","17","56","30","26","0","26","11","3","98","0","","43","124","","","","","","","","","","","","","","","","","","","","","","","","","","","","","","0"
"86","Buffalo","10/30/10","1Z","ZORDICH","ALEX","16","54","42","12","1","33","16","0","210","0","","49","222","","","","","","","","","","","","","","","","","","1","","","","","","","","","","","","6"
"86","Buffalo","11/04/10","1Z","ZORDICH","ALEX","20","105","46","59","1","26","8","2","84","1","","46","143","","","","","","","","","","","","","","","","","","1","","","","","","","","","","","","6"
"86","Buffalo","11/12/10","1Z","ZORDICH","ALEX","4","30","0","30","0","6","2","1","17","0","","10","47","","","","","","","","","","","","","","","","","","","","","","","","","","","","","","0"
"77","BYU","09/04/10","29","ASHWORTH","LUKE","","","","","","","","","","","","0","0","6","24","0","","","","","","","","","","","","","","","","","","","","","","","","","","","0"
"77","BYU","09/11/10","29","ASHWORTH","LUKE","","","","","","","","","","","","0","0","1","8","0","","","","","","","","","","","","","","","","","","","","","","","","","","","0"
"77","BYU","09/18/10","29","ASHWORTH","LUKE","","","","","","","","","","","","0","0","2","6","0","","","","","","","","","","","","","","","","","","","","","","","","","","","0"
"77","BYU","09/25/10","29","ASHWORTH","LUKE","","","","","","","","","","","","0","0","2","15","0","","","","","","","","","","","","","","","","","","","","","","","","","","","0"
"77","BYU","10/23/10","29","ASHWORTH","LUKE","","","","","","","","","","","","0","0","6","57","1","","","","","","","","","","","","","","","1","","","","","","","","","","","","6"
"77","BYU","11/06/10","29","ASHWORTH","LUKE","","","","","","","","","","","","0","0","5","83","1","","","","","","","","","","","","1","0","0","1","","","","","","","","","","","","6"
"77","BYU","11/13/10","29","ASHWORTH","LUKE","","","","","","","","","","","","0","0","4","113","4","","","","","","","","","","","","","","","4","","","","","","","","","","","","24"
"77","BYU","11/20/10","29","ASHWORTH","LUKE","","","","","","","","","","","","0","0","3","41","0","","","","","","","","","","","","","","","","","","","","","","","","","","","0"
"77","BYU","11/27/10","29","ASHWORTH","LUKE","","","","","","","","","","","","0","0","2","12","0","","","","","","","","","","","","","","","","","","","","","","","","","","","0"
"77","BYU","12/18/10","29","ASHWORTH","LUKE","","","","","","","","","","","","0","0","1","9","1","","","","","","","","","","","","","","","1","","","","","","","","","","","","6"
"77","BYU","11/27/10","5","BRADLEY","BRANDON","","","","","","","","","","","","0","0","","","","1","9","0","","","","","","","","","","","","","","","","","","","","","","","","0"
"77","BYU","09/04/10","4","CHAMBERS","O'NEILL","1","8","0","8","0","","","","","","","1","8","3","21","0","","","","","","","","","2","26","0","4","72","0","","","","","","","","","","","","","0"
"77","BYU","09/11/10","4","CHAMBERS","O'NEILL","","","","","","","","","","","","0","0","","","","","","","","","","","","","","","3","46","0","","","","","","","","","","","","","0"
"77","BYU","09/18/10","4","CHAMBERS","O'NEILL","","","","","","","","","","","","0","0","2","27","0","","","","","","","","","2","19","0","1","24","0","","","","","","","","","","","","","0"
"77","BYU","10/09/10","4","CHAMBERS","O'NEILL","","","","","","","","","","","","0","0","","","","","","","","","","","","1","0","0","2","62","0","","","","","","","","","","","","","0"
"77","BYU","10/16/10","4","CHAMBERS","O'NEILL","","","","","","","","","","","","0","0","","","","","","","","","","","","","","","5","112","0","","","","","","","","","","","","","0"
"77","BYU","09/04/10","10","DI LUIGI","J.J.","13","71","2","69","0","","","","","","","13","69","4","83","1","","","","","","","","","","","","","","","1","","","","","","","","","","","","6"
"77","BYU","09/11/10","10","DI LUIGI","J.J.","7","103","0","103","1","","","","","","","7","103","3","25","0","","","","","","","","","","","","1","35","0","1","","","","","","","","","","","","6"
"77","BYU","09/18/10","10","DI LUIGI","J.J.","18","96","3","93","0","","","","","","","18","93","3","36","0","","","","","","","","","","","","","","","","","","","","","","","","","","","0"
"77","BYU","09/25/10","10","DI LUIGI","J.J.","15","68","1","67","1","","","","","","","15","67","8","56","0","","","","","","","","","","","","","","","1","","","","","","","","","","","","6"
"77","BYU","10/01/10","10","DI LUIGI","J.J.","12","45","3","42","1","","","","","","","12","42","5","62","0","","","","","","","","","","","","1","19","0","1","","","","","","","","","","","","6"
"77","BYU","10/09/10","10","DI LUIGI","J.J.","22","139","5","134","1","","","","","","","22","134","3","23","0","","","","","","","","","","","","","","","1","","","","","","","","","","","","6"
"77","BYU","10/16/10","10","DI LUIGI","J.J.","9","15","4","11","0","","","","","","","9","11","6","37","0","","","","","","","","","","","","","","","","","","","","","","","","","","","0"
"77","BYU","10/23/10","10","DI LUIGI","J.J.","16","83","1","82","1","","","","","","","16","82","1","-4","0","","","","","","","","","","","","","","","1","","","","","","","","","","","","6"
"77","BYU","11/06/10","10","DI LUIGI","J.J.","19","88","8","80","1","","","","","","","19","80","4","44","0","","","","","","","","","","","","","","","1","","","","","","","","","","","","6"
"77","BYU","11/13/10","10","DI LUIGI","J.J.","10","59","0","59","0","","","","","","","10","59","1","9","0","","","","","","","","","","","","1","8","0","","","","","","","","","","","","","0"
"77","BYU","11/20/10","10","DI LUIGI","J.J.","10","66","1","65","1","","","","","","","10","65","3","39","0","","","","","","","","","","","","","","","1","","","","","","","","","","","","6"
"77","BYU","11/27/10","10","DI LUIGI","J.J.","7","16","2","14","0","","","","","","","7","14","1","12","0","","","","","","","","","","","","","","","","","","","","","","","","","","","0"
"77","BYU","12/18/10","10","DI LUIGI","J.J.","20","105","7","98","1","","","","","","","20","98","3","21","0","","","","","","","","","","","","","","","1","","","","","","","","","","","","6"
"77","BYU","09/11/10","16","FALSLEV","J.D.","","","","","","","","","","","","0","0","","","","","","","","","","","","1","2","0","","","","","","","","","","","","","","","","0"
"77","BYU","09/25/10","16","FALSLEV","J.D.","","","","","","","","","","","","0","0","","","","","","","","","","1","2","","","","","","","","","","","","","","","","","","","0"
"77","BYU","10/01/10","16","FALSLEV","J.D.","","","","","","","","","","","","0","0","","","","","","","","","","","","","","","3","64","0","","","","","","","","","","","","","0"
"77","BYU","10/09/10","16","FALSLEV","J.D.","","","","","","","","","","","","0","0","","","","","","","","","","","","2","9","0","","","","","","","","","","","","","","","","0"
"77","BYU","10/16/10","16","FALSLEV","J.D.","","","","","","","","","","","","0","0","","","","","","","","","","","","1","23","0","","","","","","","","","","","","","","","","0"
"77","BYU","10/23/10","16","FALSLEV","J.D.","","","","","","","","","","","","0","0","","","","","","","","","","","","2","12","0","2","53","0","","","","","","","","","","","","","0"
"77","BYU","11/06/10","16","FALSLEV","J.D.","","","","","","","","","","","","0","0","","","","","","","","","","","","4","42","0","","","","","","","","","","","","","","","","0"
"77","BYU","11/13/10","16","FALSLEV","J.D.","1","15","0","15","0","","","","","","","1","15","","","","","","","","","","","","1","5","0","","","","","","","","","","","","","","","","0"
"77","BYU","11/20/10","16","FALSLEV","J.D.","2","3","1","2","0","","","","","","","2","2","","","","","","","","","","","","2","1","0","1","27","0","","","","","","","","","","","","","0"
"77","BYU","11/27/10","16","FALSLEV","J.D.","","","","","","","","","","","","0","0","","","","","","","","","","","","","","","2","18","0","","","","","","","","","","","","","0"
"77","BYU","12/18/10","16","FALSLEV","J.D.","","","","","","","","","","","","0","0","","","","","","","","","","","","2","42","0","","","","","","","","","","","","","","","","0"
"77","BYU","11/06/10","36","FOLSOM","RYAN","5","11","0","11","0","","","","","","","5","11","","","","","","","","","","","","","","","","","","","","","","","","","","","","","","0"
"77","BYU","11/13/10","36","FOLSOM","RYAN","2","74","0","74","0","","","","","","","2","74","","","","","","","","","","","","","","","","","","","","","","","","","","","","","","0"
"77","BYU","11/20/10","36","FOLSOM","RYAN","1","7","0","7","0","","","","","","","1","7","","","","","","","","","","","","","","","","","","","","","","","","","","","","","","0"
"77","BYU","11/06/10","27","FOOTE","DAVID","2","15","0","15","0","","","","","","","2","15","","","","","","","","","","","","","","","","","","","","","","","","","","","","","","0"
"77","BYU","11/13/10","27","FOOTE","DAVID","2","32","0","32","1","","","","","","","2","32","","","","","","","","","","","","","","","","","","1","","","","","","","","","","","","6"
"77","BYU","11/20/10","27","FOOTE","DAVID","2","8","0","8","0","","","","","","","2","8","1","5","0","","","","","","","","","","","","","","","","","","","","","","","","","","","0"
"77","BYU","12/18/10","27","FOOTE","DAVID","2","0","2","-2","0","","","","","","","2","-2","1","31","0","","","","","","","","","","","","","","","","","","","","","","","","","","","0"
"77","BYU","11/06/10","48","FRAZIER","JAMESON","","","","","","","","","","","","0","0","","","","1","7","0","","","","","","","","","","","","","","","","","","","","","","","","0"
"77","BYU","11/27/10","48","FRAZIER","JAMESON","","","","","","","","","","","","0","0","","","","1","25","0","","","","","","","","","","","","","","","","","","","","","","","","0"
"77","BYU","10/01/10","83","HAFOKA","SPENCER","","","","","","","","","","","","0","0","1","8","0","","","","","","","","","","","","","","","","","","","","","","","","","","","0"
"77","BYU","11/06/10","83","HAFOKA","SPENCER","","","","","","","","","","","","0","0","1","11","0","","","","","","","","","","","","","","","","","","","","","","","","","","","0"
"77","BYU","11/13/10","83","HAFOKA","SPENCER","","","","","","","","","","","","0","0","2","17","0","","","","","","","","","","","","","","","","","","","","","","","","","","","0"
"77","BYU","12/18/10","83","HAFOKA","SPENCER","","","","","","","","","","","","0","0","1","4","0","","","","","","","","","","","","","","","","","","","","","","","","","","","0"
"77","BYU","09/18/10","32","HAGUE","MIKE","","","","","","","","","","","","0","0","1","13","0","","","","","","","","","","","","","","","","","","","","","","","","","","","0"
"77","BYU","10/09/10","32","HAGUE","MIKE","","","","","","","","","","","","0","0","1","10","0","","","","","","","","","","","","","","","","","","","","","","","","","","","0"
"77","BYU","10/16/10","32","HAGUE","MIKE","1","3","0","3","0","","","","","","","1","3","2","14","0","","","","","","","","","","","","","","","","","","","","","","","","","","","0"
"77","BYU","12/18/10","32","HAGUE","MIKE","3","9","0","9","0","","","","","","","3","9","1","6","0","","","","","","","","","","","","","","","","","","","","","","","","","","","0"
"77","BYU","09/04/10","9","HEAPS","JAKE","1","6","0","6","0","23","13","0","131","0","","24","137","","","","","","","","","","","","","","","","","","","","","","","","","","","","","","0"
"77","BYU","09/11/10","9","HEAPS","JAKE","","","","","","6","2","1","15","0","","6","15","","","","","","","","","","","","","","","","","","","","","","","","","","","","","","0"
"77","BYU","09/18/10","9","HEAPS","JAKE","6","0","61","-61","0","31","15","0","114","1","","37","53","","","","","","","","","","","","","","","","","","","","","","","","","","","","","","0"
"77","BYU","09/25/10","9","HEAPS","JAKE","3","8","10","-2","0","45","24","0","229","0","","48","227","","","","","","","","","","","","","","","","","","","","","","","","","","","","","","0"
"77","BYU","10/01/10","9","HEAPS","JAKE","3","13","15","-2","0","54","27","2","270","0","","57","268","","","","","","","","","","","","","","","","","","","","","","","","","","","","","","0"
"77","BYU","10/09/10","9","HEAPS","JAKE","6","16","12","4","0","22","15","1","126","0","","28","130","","","","","","","","","","","","","","","","","","","","","","","","","","","","","","0"
"77","BYU","10/16/10","9","HEAPS","JAKE","3","0","21","-21","0","30","14","2","91","0","","33","70","","","","","","","","","","","","","","","","","","","","","","","","","","","","","","0"
"77","BYU","10/23/10","9","HEAPS","JAKE","1","0","11","-11","0","18","10","1","81","1","0","19","70","","","","","","","","","","","","","","","","","","","","","1","0","","","","","","","","0"
"77","BYU","11/06/10","9","HEAPS","JAKE","","","","","","31","19","0","294","2","","31","294","","","","","","","","","","","","","","","","","","","","","","","","","","","","","","0"
"77","BYU","11/13/10","9","HEAPS","JAKE","4","9","12","-3","0","20","15","0","242","4","","24","239","","","","","","","","","","","","","","","","","","","","","","","","","","","","","","0"
"77","BYU","11/20/10","9","HEAPS","JAKE","3","14","9","5","1","32","18","0","231","2","","35","236","","","","","","","","","","","","","","","","","","1","","","","","","","","","","","","6"
"77","BYU","11/27/10","9","HEAPS","JAKE","4","12","27","-15","0","37","22","1","228","1","","41","213","","","","","","","","","","","","","","","","","","","","","","","","","","","","","","0"
"77","BYU","12/18/10","9","HEAPS","JAKE","","","","","","34","25","1","264","4","","34","264","","","","","","","","","","","","","","","","","","","","","","","","","","","","","","0"
"77","BYU","09/04/10","2","HOFFMAN","CODY","","","","","","","","","","","","0","0","1","14","0","","","","","","","","","","","","","","","","","","","","","","","","","","","0"
"77","BYU","09/11/10","2","HOFFMAN","CODY","","","","","","","","","","","","0","0","3","37","0","","","","","","","","","","","","","","","","","","","","","","","","","","","0"
"77","BYU","09/18/10","2","HOFFMAN","CODY","","","","","","","","","","","","0","0","5","17","1","","","","","","","","","","","","","","","1","","","","","","","","","","","","6"
"77","BYU","09/25/10","2","HOFFMAN","CODY","","","","","","","","","","","","0","0","4","74","0","","","","","","","","","","","","0","31","0","","","","","","","","","","","","","0"
"77","BYU","10/01/10","2","HOFFMAN","CODY","","","","","","","","","","","","0","0","6","46","0","","","","","","","","","","","","","","","","","","","","","","","","","","","0"
"77","BYU","10/09/10","2","HOFFMAN","CODY","","","","","","","","","","","","0","0","1","3","0","","","","","","","","","","","","","","","","","","","","","","","","","","","0"
"77","BYU","10/23/10","2","HOFFMAN","CODY","","","","","","","","","","","","0","0","1","7","0","","","","","","","","","","","","4","104","0","","","","","","","","","","","","","0"
"77","BYU","11/06/10","2","HOFFMAN","CODY","","","","","","","","","","","","0","0","2","57","1","","","","","","","","","","","","1","50","0","1","","","","","","","","","","","","6"
"77","BYU","11/13/10","2","HOFFMAN","CODY","","","","","","","","","","","","0","0","3","42","0","","","","","","","","","","","","1","27","0","","","","","","","","","","","","","0"
"77","BYU","11/20/10","2","HOFFMAN","CODY","","","","","","","","","","","","0","0","5","71","2","","","","","","","","","","","","1","14","0","2","","","","","","","","","","","","12"
"77","BYU","11/27/10","2","HOFFMAN","CODY","","","","","","","","","","","","0","0","3","22","0","","","","","","","","","","","","2","29","0","","","","","","","","","","","","","0"
"77","BYU","12/18/10","2","HOFFMAN","CODY","","","","","","","","","","","","0","0","8","137","3","","","","","","","","","","","","5","125","0","3","","","","","","","","","","","","18"
"77","BYU","10/01/10","88","HOLT","AUSTIN","","","","","","","","","","","","0","0","1","2","0","","","","","","","","","","","","","","","","","","","","","","","","","","","0"
"77","BYU","11/20/10","88","HOLT","AUSTIN","","","","","","","","","","","","0","0","1","17","0","","","","","","","","","","","","","","","","","","","","","","","","","","","0"
"77","BYU","11/27/10","88","HOLT","AUSTIN","","","","","","","","","","","","0","0","1","17","0","","","","","","","","","","","","","","","","","","","","","","","","","","","0"
"77","BYU","12/18/10","88","HOLT","AUSTIN","","","","","","","","","","","","0","0","1","4","0","","","","","","","","","","","","","","","","","","","","","","","","","","","0"
"77","BYU","09/11/10","51","HUNTER","SHANE","","","","","","","","","","","","0","0","","","","1","0","0","","","","","","","","","","","","","","","","","","","","","","","","0"
"77","BYU","11/27/10","51","HUNTER","SHANE","","","","","","","","","","","","0","0","","","","1","46","0","","","","","","","","","","","","","","","","","","","","","","","","0"
"77","BYU","09/04/10","6","JACOBSON","MCKAY","","","","","","","","","","","","0","0","3","33","0","","","","","","","","","","","","","","","","","","","","","","","","","","","0"
"77","BYU","09/11/10","6","JACOBSON","MCKAY","","","","","","","","","","","","0","0","","","","","","","","","","","","1","11","0","","","","","","","","","","","","","","","","0"
"77","BYU","09/18/10","6","JACOBSON","MCKAY","","","","","","","","","","","","0","0","1","6","0","","","","","","","","","","","","","","","","","","","","","","","","","","","0"
"77","BYU","09/25/10","6","JACOBSON","MCKAY","","","","","","","","","","","","0","0","4","44","0","","","","","","","","","1","8","0","3","72","0","","","","","","","","","","","","","0"
"77","BYU","10/01/10","6","JACOBSON","MCKAY","","","","","","","","","","","","0","0","8","85","0","","","","","","","","","1","4","0","2","38","0","","","","","","","","","","","","","0"
"77","BYU","10/09/10","6","JACOBSON","MCKAY","","","","","","","","","","","","0","0","4","29","0","","","","","","","","","1","13","0","","","","","","","","","","","","","","","","0"
"77","BYU","10/16/10","6","JACOBSON","MCKAY","","","","","","","","","","","","0","0","1","4","0","","","","","","","","","","","","","","","","","","","","","","","","","","","0"
"77","BYU","11/06/10","6","JACOBSON","MCKAY","","","","","","","","","","","","0","0","4","70","0","","","","","","","","","","","","","","","","","","","","","","","","","","","0"
"77","BYU","11/13/10","6","JACOBSON","MCKAY","","","","","","","","","","","","0","0","1","15","0","","","","","","","","","","","","","","","","","","","","","","","","","","","0"
"77","BYU","11/27/10","6","JACOBSON","MCKAY","","","","","","","","","","","","0","0","7","92","1","","","","","","","","","","","","","","","1","","","","","","","","","","","","6"
"77","BYU","12/18/10","6","JACOBSON","MCKAY","","","","","","","","","","","","0","0","4","32","0","","","","","","","","","","","","","","","","","","","","","","","","","","","0"
"77","BYU","09/04/10","33","KARIYA","BRYAN","8","22","2","20","0","","","","","","","8","20","1","1","0","","","","","","","","","","","","","","","","","","","","","","","","","","","0"
"77","BYU","09/11/10","33","KARIYA","BRYAN","7","24","1","23","0","","","","","","","7","23","1","1","0","","","","","","","","","","","","","","","","","","","","","","","","","","","0"
"77","BYU","09/18/10","33","KARIYA","BRYAN","7","27","0","27","0","","","","","","","7","27","2","10","0","","","","","","","","","","","","","","","","","","","","","","","","","","","0"
"77","BYU","09/25/10","33","KARIYA","BRYAN","4","14","3","11","0","","","","","","","4","11","2","5","0","","","","","","","","","","","","","","","","","","","","","","","","","","","0"
"77","BYU","10/01/10","33","KARIYA","BRYAN","4","5","0","5","1","","","","","","","4","5","2","8","0","","","","","","","","","","","","","","","1","","","","","","","","","","","","6"
"77","BYU","10/09/10","33","KARIYA","BRYAN","22","88","3","85","2","","","","","","","22","85","2","13","0","","","","","","","","","","","","","","","2","","","","","","","","","","","","12"
"77","BYU","10/16/10","33","KARIYA","BRYAN","12","58","1","57","0","","","","","","","12","57","4","31","0","","","","","","","","","","","","","","","","","","","","","","","","","","","0"
"77","BYU","10/23/10","33","KARIYA","BRYAN","19","88","0","88","1","","","","","","","19","88","","","","","","","","","","","","","","","","","","1","","","","","","","","","","","","6"
"77","BYU","11/06/10","33","KARIYA","BRYAN","11","46","0","46","1","","","","","","","11","46","1","14","0","","","","","","","","","","","","","","","1","","","","","","","","","","","","6"
"77","BYU","11/13/10","33","KARIYA","BRYAN","14","63","0","63","0","","","","","","","14","63","1","4","0","","","","","","","","","","","","","","","","","","","","","","","","","","","0"
"77","BYU","11/20/10","33","KARIYA","BRYAN","9","58","0","58","0","","","","","","","9","58","1","6","0","","","","","","","","","","","","","","","","","","","","","","","","","","","0"
"77","BYU","11/27/10","33","KARIYA","BRYAN","14","39","3","36","0","","","","","","","14","36","4","29","0","","","","","","","","","","","","","","","","","","","","","","","","","","","0"
"77","BYU","12/18/10","33","KARIYA","BRYAN","6","18","0","18","1","","","","","","","6","18","","","","","","","","","","","","","","","","","","1","","","","","","","","","","","","6"
"77","BYU","11/06/10","3","LARK","JAMES","","","","","","1","1","0","6","0","","1","6","","","","","","","","","","","","","","","","","","","","","","","","","","","","","","0"
"77","BYU","11/13/10","3","LARK","JAMES","1","5","1","4","0","","","","","","","1","4","","","","","","","","","","","","","","","","","","","","","","","","","","","","","","0"
"77","BYU","11/20/10","3","LARK","JAMES","2","7","1","6","0","","","","","","","2","6","","","","","","","","","","","","","","","","","","","","","","","","","","","","","","0"
"77","BYU","12/18/10","3","LARK","JAMES","1","0","1","-1","0","2","1","1","31","0","","3","30","","","","","","","","","","","","","","","","","","","","","","","","","","","","","","0"
"77","BYU","11/06/10","7","LOGAN","BRIAN","","","","","","","","","","","","0","0","","","","1","0","0","","","","","","","","","","","","","","","","","","","","","","","","0"
"77","BYU","11/13/10","7","LOGAN","BRIAN","","","","","","","","","","","","0","0","","","","1","1","0","","","","","","","","","","","","","","","","","","","","","","","","0"
"77","BYU","10/01/10","84","MAHINA","DEVIN","","","","","","","","","","","","0","0","1","21","0","","","","","","","","","","","","","","","","","","","","","","","","","","","0"
"77","BYU","10/09/10","84","MAHINA","DEVIN","","","","","","","","","","","","0","0","1","5","0","","","","","","","","","","","","","","","","","","","","","","","","","","","0"
"77","BYU","10/16/10","84","MAHINA","DEVIN","","","","","","","","","","","","0","0","1","5","0","","","","","","","","","","","","","","","","","","","","","","","","","","","0"
"77","BYU","11/06/10","84","MAHINA","DEVIN","","","","","","","","","","","","0","0","1","6","0","","","","","","","","","","","","","","","","","","","","","","","","","","","0"
"77","BYU","11/13/10","84","MAHINA","DEVIN","","","","","","","","","","","","0","0","1","5","0","","","","","","","","","","","","","","","","","","","","","","","","","","","0"
"77","BYU","11/20/10","84","MAHINA","DEVIN","","","","","","","","","","","","0","0","2","24","0","","","","","","","","","","","","","","","","","","","","","","","","","","","0"
"77","BYU","11/27/10","84","MAHINA","DEVIN","","","","","","","","","","","","0","0","2","32","0","","","","","","","","","","","","","","","","","","","","","","","","","","","0"
"77","BYU","12/18/10","84","MAHINA","DEVIN","","","","","","","","","","","","0","0","2","20","0","","","","","","","","","","","","","","","","","","","","","","","","","","","0"
"77","BYU","11/20/10","55","MANUMALEUNA","EATHYN","","","","","","","","","","","","0","0","","","","1","30","0","","","","","","","","","","","","","","","","","","","","","","","","0"
"77","BYU","10/09/10","19","MARSHALL","MATT","","","","","","1","1","0","16","0","","1","16","","","","","","","","","","","","","","","","","","","","","","","","","","","","","","0"
"77","BYU","11/20/10","19","MARSHALL","MATT","","","","","","1","1","0","5","0","","1","5","","","","","","","","","","","","","","","","","","","","","","","","","","","","","","0"
"77","BYU","09/04/10","80","MATHEWS","MARCUS","","","","","","","","","","","","0","0","1","17","0","","","","","","","","","","","","","","","","","","","","","","","","","","","0"
"77","BYU","09/25/10","80","MATHEWS","MARCUS","","","","","","","","","","","","0","0","1","18","0","","","","","","","","","","","","","","","","","","","","","","","","","","","0"
"77","BYU","10/01/10","80","MATHEWS","MARCUS","","","","","","","","","","","","0","0","1","32","0","","","","","","","","","","","","","","","","","","","","","","","","","","","0"
"77","BYU","10/09/10","80","MATHEWS","MARCUS","","","","","","","","","","","","0","0","3","43","0","","","","","","","","","","","","","","","","","","","","","","","","","","","0"
"77","BYU","10/23/10","80","MATHEWS","MARCUS","","","","","","","","","","","","0","0","1","17","0","","","","","","","","","","","","","","","","","","","","","","","","","","","0"
"77","BYU","11/06/10","80","MATHEWS","MARCUS","","","","","","","","","","","","0","0","1","9","0","","","","","","","","","","","","","","","","","","","","","","","","","","","0"
"77","BYU","10/01/10","35","MENDENHALL","ZED","","","","","","","","","","","","0","0","1","2","0","","","","","","","","","","","","","","","","","","","","","","","","","","","0"
"77","BYU","11/13/10","35","MENDENHALL","ZED","1","1","0","1","1","","","","","","","1","1","1","11","0","","","","","","","","","","","","","","","1","","","","","","","","","","","","6"
"77","BYU","11/20/10","35","MENDENHALL","ZED","","","","","","","","","","","","0","0","1","9","0","","","","","","","","","","","","","","","","","","","","","","","","","","","0"
"77","BYU","11/27/10","35","MENDENHALL","ZED","","","","","","","","","","","","0","0","2","12","0","","","","","","","","","","","","","","","","","","","","","","","","","","","0"
"77","BYU","09/04/10","82","MUEHLMANN","MIKE","","","","","","","","","","","","0","0","1","15","0","","","","","","","","","","","","","","","","","","","","","","","","","","","0"
"77","BYU","09/11/10","82","MUEHLMANN","MIKE","","","","","","","","","","","","0","0","1","13","0","","","","","","","","","","","","","","","","","","","","","","","","","","","0"
"77","BYU","10/09/10","82","MUEHLMANN","MIKE","","","","","","","","","","","","0","0","1","16","0","","","","","","","","","","","","","","","","","","","","","","","","","","","0"
"77","BYU","10/16/10","82","MUEHLMANN","MIKE","","","","","","","","","","","","0","0","","","","","","","","","","","","","","","1","11","0","","","","","","","","","","","","","0"
"77","BYU","10/23/10","82","MUEHLMANN","MIKE","","","","","","","","","","","","0","0","1","4","0","","","","","","","","","","","","","","","","","","","","","","","","","","","0"
"77","BYU","11/13/10","82","MUEHLMANN","MIKE","","","","","","","","","","","","0","0","1","26","0","","","","","","","","","","","","","","","","","","","","","","","","","","","0"
"77","BYU","11/20/10","82","MUEHLMANN","MIKE","","","","","","","","","","","","0","0","1","22","0","","","","","","","","","","","","","","","","","","","","","","","","","","","0"
"77","BYU","09/04/10","13","NELSON","RILEY","8","45","0","45","0","17","11","0","131","2","","25","176","","","","","","","","","","","","","","","","","","","","","1","1","","","","","","","","2"
"77","BYU","09/11/10","13","NELSON","RILEY","20","109","14","95","1","19","8","0","73","0","","39","168","","","","","","","","","","","","","","","","","","1","","","","","","","","","","","","6"
"77","BYU","09/18/10","13","NELSON","RILEY","3","9","1","8","0","4","1","1","1","0","","7","9","","","","","","","","","","","","","","","","","","","","","","","","","","","","","","0"
"77","BYU","10/09/10","44","OGLETREE","BRANDON","","","","","","","","","","","","0","0","","","","1","11","0","","","","","","","","","","","","","","","","","","","","","","","","0"
"77","BYU","09/04/10","38","PAYNE","MITCH","","","","","","","","","","","","0","0","","","","","","","","","","","","","","","","","","","1","1","0","0","","","","","3","2","","7"
"77","BYU","09/11/10","38","PAYNE","MITCH","","","","","","","","","","","","0","0","","","","","","","","","","","","","","","","","","","2","2","0","0","","","","","","","","2"
"77","BYU","09/18/10","38","PAYNE","MITCH","","","","","","","","","","","","0","0","","","","","","","","","","","","","","","","","","","1","1","0","0","","","","","1","1","","4"
"77","BYU","09/25/10","38","PAYNE","MITCH","","","","","","","","","","","","0","0","","","","","","","","","","","","","","","","","","","1","1","0","0","","","","","2","2","","7"
"77","BYU","10/01/10","38","PAYNE","MITCH","","","","","","","","","","","","0","0","","","","","","","","","","","","","","","","","","","2","1","0","0","","","","","2","1","","4"
"77","BYU","10/09/10","38","PAYNE","MITCH","","","","","","","","","","","","0","0","","","","","","","","","","","","","","","","","","","3","3","0","0","","","","","1","1","","6"
"77","BYU","10/16/10","38","PAYNE","MITCH","","","","","","","","","","","","0","0","","","","","","","","","","","","","","","","","","","","","","","","","","","1","1","","3"
"77","BYU","10/23/10","38","PAYNE","MITCH","","","","","","","","","","","","0","0","","","","","","","","","","","","","","","","","","","2","2","0","0","","","","","2","1","","5"
"77","BYU","11/06/10","38","PAYNE","MITCH","","","","","","","","","","","","0","0","","","","","","","","","","","","","","","","","","","7","7","0","0","","","","","2","2","","13"
"77","BYU","11/13/10","38","PAYNE","MITCH","","","","","","","","","","","","0","0","","","","","","","","","","","","","","","","","","","7","7","0","0","","","","","","","","7"
"77","BYU","11/20/10","38","PAYNE","MITCH","","","","","","","","","","","","0","0","","","","","","","","","","","","","","","","","","","5","4","0","0","","","","","2","2","","10"
"77","BYU","11/27/10","38","PAYNE","MITCH","","","","","","","","","","","","0","0","","","","","","","","","","","","","","","","","","","1","1","0","0","","","","","4","3","","10"
"77","BYU","12/18/10","38","PAYNE","MITCH","","","","","","","","","","","","0","0","","","","","","","","","","","","","","","","","","","7","7","0","0","","","","","1","1","","10"
"77","BYU","09/25/10","86","PETERSON","B.J.","","","","","","","","","","","","0","0","1","5","0","","","","","","","","","","","","","","","","","","","","","","","","","","","0"
"77","BYU","11/06/10","86","PETERSON","B.J.","","","","","","","","","","","","0","0","1","6","0","","","","","","","","","","","","","","","","","","","","","","","","","","","0"
"77","BYU","09/04/10","20","QUEZADA","JOSHUA","","","","","","","","","","","","0","0","1","9","1","","","","","","","","","","","","","","","1","","","","","","","","","","","","6"
"77","BYU","09/11/10","20","QUEZADA","JOSHUA","","","","","","","","","","","","0","0","1","4","0","","","","","","","","","","","","","","","","","","","","","","","","","","","0"
"77","BYU","09/18/10","20","QUEZADA","JOSHUA","1","9","0","9","0","","","","","","","1","9","","","","","","","","","","","","","","","","","","","","","","","","","","","","","","0"
"77","BYU","09/25/10","20","QUEZADA","JOSHUA","3","15","0","15","0","","","","","","","3","15","2","12","0","","","","","","","","","","","","","","","","","","","","","","","","","","","0"
"77","BYU","10/01/10","20","QUEZADA","JOSHUA","6","20","0","20","0","","","","","","","6","20","1","4","0","","","","","","","","","","","","","","","","","","","","","","","","","","","0"
"77","BYU","10/09/10","20","QUEZADA","JOSHUA","11","50","0","50","0","","","","","","","11","50","","","","","","","","","","","","","","","","","","","","","","","","","","","","","","0"
"77","BYU","10/16/10","20","QUEZADA","JOSHUA","2","6","0","6","0","","","","","","","2","6","","","","","","","","","","","","","","","","","","","","","","","","","","","","","","0"
"77","BYU","10/23/10","20","QUEZADA","JOSHUA","14","63","4","59","0","","","","","","","14","59","","","","","","","","","","","","","","","","","","","","","","","","","","","","","","0"
"77","BYU","11/06/10","20","QUEZADA","JOSHUA","13","66","1","65","3","","","","","","","13","65","","","","","","","","","","","","","","","","","","3","","","","","","","","","","","","18"
"77","BYU","11/13/10","20","QUEZADA","JOSHUA","7","44","1","43","0","","","","","","","7","43","","","","","","","","","","","","","","","","","","","","","","","","","","","","","","0"
"77","BYU","11/20/10","20","QUEZADA","JOSHUA","15","107","0","107","1","","","","","","","15","107","1","2","0","","","","","","","","","","","","","","","1","","","","","","","","","","","","6"
"77","BYU","11/27/10","20","QUEZADA","JOSHUA","12","35","5","30","0","","","","","","","12","30","","","","","","","","","","","","","","","","","","","","","","","","","","","","","","0"
"77","BYU","12/18/10","20","QUEZADA","JOSHUA","15","103","2","101","1","","","","","","","15","101","2","15","0","","","","","","","","","","","","","","","1","","","","","","","","","","","","6"
"77","BYU","11/13/10","22","RICH","ANDREW","","","","","","","","","","","","0","0","","","","1","3","0","","","","","","","","","","","","","","","","","","","","","","","","0"
"77","BYU","11/20/10","22","RICH","ANDREW","","","","","","","","","","","","0","0","","","","2","23","0","","","","","","","","","","","","","","","","","","","","","","","","0"
"77","BYU","12/18/10","22","RICH","ANDREW","","","","","","","","","","","","0","0","","","","2","43","0","","","","","","","","","","","","","","","","","","","","","","","","0"
"77","BYU","09/25/10","37","SO'OTO","VIC","","","","","","","","","","","","0","0","","","","1","14","0","","","","","","","","","","","","","","","","","","","","","","","","0"
"77","BYU","09/04/10","99","STEPHENSON","RILEY","","","","","","","","","","","","0","0","","","","","","","","","","6","223","","","","","","","","","","","","","","","","","","","0"
"77","BYU","09/11/10","99","STEPHENSON","RILEY","","","","","","","","","","","","0","0","","","","","","","","","","6","176","","","","","","","","","","","","","","","","","","","0"
"77","BYU","09/18/10","99","STEPHENSON","RILEY","","","","","","","","","","","","0","0","","","","","","","","","","6","282","","","","","","","","","","","","","","","","","","","0"
"77","BYU","09/25/10","99","STEPHENSON","RILEY","","","","","","","","","","","","0","0","","","","","","","","","","2","92","","","","","","","","","","","","","","","","","","","0"
"77","BYU","10/01/10","99","STEPHENSON","RILEY","","","","","","","","","","","","0","0","","","","","","","","","","4","191","","","","","","","","","","","","","","","","","","","0"
"77","BYU","10/09/10","99","STEPHENSON","RILEY","","","","","","","","","","","","0","0","","","","","","","","","","4","147","","","","","","","","","","","","","","","","","","","0"
"77","BYU","10/16/10","99","STEPHENSON","RILEY","","","","","","","","","","","","0","0","","","","","","","","","","7","336","","","","","","","","","","","","","","","","","","","0"
"77","BYU","10/23/10","99","STEPHENSON","RILEY","","","","","","","","","","","","0","0","","","","","","","","","","4","160","","","","","","","","","","","","","","","","","","","0"
"77","BYU","11/06/10","99","STEPHENSON","RILEY","","","","","","","","","","","","0","0","","","","","","","","","","3","109","","","","","","","","","","","","","","","","","","","0"
"77","BYU","11/20/10","99","STEPHENSON","RILEY","","","","","","","","","","","","0","0","","","","","","","","","","3","142","","","","","","","","","","","","","","","","","","","0"
"77","BYU","11/27/10","99","STEPHENSON","RILEY","","","","","","","","","","","","0","0","","","","","","","","","","4","164","","","","","","","","","","","","","","","","","","","0"
"77","BYU","12/18/10","99","STEPHENSON","RILEY","","","","","","","","","","","","0","0","","","","","","","","","","3","160","","","","","","","","","","","","","","","","","","","0"
"77","BYU","11/13/10","45","VAN NOY","KYLE","","","","","","","","","","","","0","0","","","","","","","1","44","1","","","","","","","","","1","","","","","","","","","","","","6"
"77","BYU","09/04/10","18","WILSON","RICHARD","","","","","","","","","","","","0","0","3","45","0","","","","","","","","","","","","","","","","","","","","","","","","","","","0"
"77","BYU","12/18/10","18","WILSON","RICHARD","","","","","","","","","","","","0","0","2","16","0","","","","","","","","","","","","","","","","","","","","","","","","","","","0"
"107","California","09/04/10","90","AIGAMAUA","SOLOMONA","","","","","","","","","","","","0","0","1","7","0","","","","","","","","","","","","","","","","","","","","","","","","","","","0"
"107","California","09/04/10","21","ALLEN","KEENAN","3","38","0","38","1","","","","","","","3","38","4","120","1","","","","","","","","","","","","1","18","0","2","","","","","","","","","","","","12"
"107","California","09/11/10","21","ALLEN","KEENAN","1","6","0","6","0","","","","","","","1","6","5","57","1","","","","","","","","","","","","1","17","0","1","","","","","","","","","","","","6"
"107","California","09/17/10","21","ALLEN","KEENAN","","","","","","","","","","","","0","0","1","8","0","","","","","","","","","","","","","","","","","","","","","","","","","","","0"
"107","California","09/25/10","21","ALLEN","KEENAN","1","6","0","6","0","","","","","","","1","6","1","9","0","","","","","","","","","","","","","","","","","","","","","","","","","","","0"
"107","California","10/09/10","21","ALLEN","KEENAN","2","14","4","10","0","","","","","","","2","10","3","19","1","","","","","","","","","","","","","","","1","","","","","","","","","","","","6"
"107","California","10/16/10","21","ALLEN","KEENAN","1","0","1","-1","0","","","","","","","1","-1","4","61","1","","","","","","","","","","","","1","8","0","1","","","","","","","","","","","","6"
"107","California","10/23/10","21","ALLEN","KEENAN","1","0","0","0","0","","","","","","","1","0","6","40","1","","","","","","","","","","","","2","100","0","1","","","","","","","","","","","","6"
"107","California","10/30/10","21","ALLEN","KEENAN","","","","","","","","","","","","0","0","8","68","0","","","","","","","","","","","","6","106","0","","","","","","","","","","","","","0"
"107","California","11/13/10","21","ALLEN","KEENAN","","","","","","","","","","","","0","0","2","11","0","","","","","","","","","","","","","","","","","","","","","","","","","","","0"
"107","California","11/20/10","21","ALLEN","KEENAN","2","17","0","17","0","1","1","0","17","1","","3","34","8","51","0","","","","","","","","","","","","5","120","0","","","","","","","","","","","","","0"
"107","California","11/27/10","21","ALLEN","KEENAN","7","71","11","60","0","","","","","","","7","60","4","46","0","","","","","","","","","2","8","0","2","37","0","","","","","","","","","","","","","0"
"107","California","09/04/10","19","ANGER","BRYAN","","","","","","","","","","","","0","0","","","","","","","","","","3","147","","","","","","","","","","","","","","","","","","","0"
"107","California","09/11/10","19","ANGER","BRYAN","","","","","","","","","","","","0","0","","","","","","","","","","4","193","","","","","","","","","","","","","","","","","","","0"
"107","California","09/17/10","19","ANGER","BRYAN","","","","","","","","","","","","0","0","","","","","","","","","","2","82","","","","","","","","","","","","","","","","","","","0"
"107","California","09/25/10","19","ANGER","BRYAN","","","","","","","","","","","","0","0","","","","","","","","","","5","209","","","","","","","","","","","","","","","","","","","0"
"107","California","10/09/10","19","ANGER","BRYAN","","","","","","","","","","","","0","0","","","","","","","","","","5","252","","","","","","","","","","","","","","","","","","","0"
"107","California","10/16/10","19","ANGER","BRYAN","","","","","","","","","","","","0","0","","","","","","","","","","6","263","","","","","","","","","","","","","","","","","","","0"
"107","California","10/23/10","19","ANGER","BRYAN","","","","","","","","","","","","0","0","","","","","","","","","","5","239","","","","","","","","","","","","","","","","","","","0"
"107","California","10/30/10","19","ANGER","BRYAN","","","","","","","","","","","","0","0","","","","","","","","","","8","347","","","","","","","","","","","","","","","","","","","0"
"107","California","11/06/10","19","ANGER","BRYAN","","","","","","","","","","","","0","0","","","","","","","","","","5","238","","","","","","","","","","","","","","","","","","","0"
"107","California","11/13/10","19","ANGER","BRYAN","","","","","","","","","","","","0","0","","","","","","","","","","8","349","","","","","","","","","","","","","","","","","","","0"
"107","California","11/20/10","19","ANGER","BRYAN","","","","","","","","","","","","0","0","","","","","","","","","","3","163","","","","","","","","","","","","","","","","","","","0"
"107","California","11/27/10","19","ANGER","BRYAN","","","","","","","","","","","","0","0","","","","","","","","","","8","343","","","","","","","","","","","","","","","","","","","0"
"107","California","10/23/10","2","ANTHONY","MARC","","","","","","","","","","","","0","0","","","","1","18","0","","","","","","","","","","","","","","","","","","","","","","","","0"
"107","California","11/27/10","2","ANTHONY","MARC","","","","","","","","","","","","0","0","","","","1","0","0","","","","","","","","","","","","","","","","","","","","","","","","0"
"107","California","09/17/10","1A","CALVIN","MICHAEL","","","","","","","","","","","","0","0","1","18","0","","","","","","","","","","","","","","","","","","","","","","","","","","","0"
"107","California","09/25/10","1A","CALVIN","MICHAEL","","","","","","","","","","","","0","0","3","31","0","","","","","","","","","","","","","","","","","","","","","","","","","","","0"
"107","California","10/16/10","1A","CALVIN","MICHAEL","","","","","","","","","","","","0","0","1","26","0","","","","","","","","","","","","","","","","","","","","","","","","","","","0"
"107","California","10/23/10","1A","CALVIN","MICHAEL","","","","","","","","","","","","0","0","1","11","0","","","","","","","","","","","","","","","","","","","","","","","","","","","0"
"107","California","11/06/10","1A","CALVIN","MICHAEL","","","","","","","","","","","","0","0","2","7","0","","","","","","","","","","","","","","","","","","","","","","","","","","","0"
"107","California","11/20/10","1A","CALVIN","MICHAEL","","","","","","","","","","","","0","0","2","25","0","","","","","","","","","","","","","","","","","","","","","","","","","","","0"
"107","California","11/27/10","1A","CALVIN","MICHAEL","","","","","","","","","","","","0","0","3","29","0","","","","","","","","","","","","","","","","","","","","","","","","","","","0"
"107","California","10/23/10","11","CATTOUSE","SEAN","","","","","","","","","","","","0","0","","","","1","0","0","","","","","","","","","","","","","","","","","","","","","","","","0"
"107","California","09/25/10","17","CONTE","CHRIS","","","","","","","","","","","","0","0","","","","1","0","0","","","","","","","","","","","","","","","","","","","","","","","","0"
"107","California","10/23/10","17","CONTE","CHRIS","","","","","","","","","","","","0","0","","","","","","","","","","","","1","17","1","","","","1","","","","","","","","","","","","6"
"107","California","11/06/10","17","CONTE","CHRIS","","","","","","","","","","","","0","0","","","","","","","","","","","","","","","2","41","0","","","","","","","","","","","","","0"
"107","California","09/04/10","33","DEBOSKIE-JOHNSO","COVAUGHN","7","25","4","21","0","","","","","","","7","21","1","4","0","","","","","","","","","","","","","","","","","","","","","","","","","","","0"
"107","California","09/11/10","33","DEBOSKIE-JOHNSO","COVAUGHN","4","31","0","31","0","","","","","","","4","31","","","","","","","","","","","","","","","","","","","","","","","","","","","","","","0"
"107","California","10/09/10","33","DEBOSKIE-JOHNSO","COVAUGHN","4","14","0","14","0","","","","","","","4","14","","","","","","","","","","","","","","","","","","","","","","","","","","","","","","0"
"107","California","10/23/10","33","DEBOSKIE-JOHNSO","COVAUGHN","6","8","4","4","0","","","","","","","6","4","","","","","","","","","","","","","","","","","","","","","","","","","","","","","","0"
"107","California","09/04/10","0B","EDMOND","COLEMAN","","","","","","","","","","","","0","0","1","0","0","","","","","","","","","","","","","","","","","","","","","","","","","","","0"
"107","California","10/16/10","0B","EDMOND","COLEMAN","","","","","","","","","","","","0","0","","","","","","","","","","","","","","","2","48","0","","","","","","","","","","","","","0"
"107","California","11/20/10","0B","EDMOND","COLEMAN","","","","","","","","","","","","0","0","","","","","","","","","","","","","","","1","18","0","","","","","","","","","","","","","0"
"107","California","11/27/10","0B","EDMOND","COLEMAN","","","","","","","","","","","","0","0","","","","","","","","","","","","","","","1","33","0","","","","","","","","","","","","","0"
"107","California","09/11/10","26","HAGAN","DARIAN","","","","","","","","","","","","0","0","","","","","","","1","82","1","","","","","","","","","1","","","","","","","","","","","","6"
"107","California","10/09/10","26","HAGAN","DARIAN","","","","","","","","","","","","0","0","","","","1","0","0","","","","","","","","","","","","","","","","","","","","","","","","0"
"107","California","11/13/10","76","HILL","DERRICK","","","","","","","","","","","","0","0","","","","","","","0","0","1","","","","","","","","","1","","","","","","","","","","","","6"
"107","California","09/04/10","1","JONES","MARVIN","","","","","","","","","","","","0","0","5","81","1","","","","","","","","","","","","","","","1","","","","","","","","","","","","6"
"107","California","09/11/10","1","JONES","MARVIN","1","23","0","23","0","","","","","","","1","23","4","86","1","","","","","","","","","","","","","","","1","","","","","","","","","","","","6"
"107","California","09/17/10","1","JONES","MARVIN","","","","","","","","","","","","0","0","12","161","0","","","","","","","","","","","","","","","","","","","","","","","","","","","0"
"107","California","09/25/10","1","JONES","MARVIN","","","","","","","","","","","","0","0","4","41","0","","","","","","","","","","","","","","","","","","","","","","","","","","","0"
"107","California","10/09/10","1","JONES","MARVIN","1","48","0","48","1","","","","","","","1","48","1","9","0","","","","","","","","","","","","","","","1","","","","","","","","","","","","6"
"107","California","10/16/10","1","JONES","MARVIN","","","","","","","","","","","","0","0","3","20","0","","","","","","","","","","","","","","","","","","","","","","","","","","","0"
"107","California","10/23/10","1","JONES","MARVIN","","","","","","","","","","","","0","0","4","110","1","","","","","","","","","","","","","","","1","","","","","","","","","","","","6"
"107","California","10/30/10","1","JONES","MARVIN","1","0","1","-1","0","","","","","","","1","-1","5","66","0","","","","","","","","","","","","","","","","","","","","","","","","","","","0"
"107","California","11/06/10","1","JONES","MARVIN","1","8","0","8","0","","","","","","","1","8","4","101","0","","","","","","","","","","","","","","","","","","","","","","","","","","","0"
"107","California","11/13/10","1","JONES","MARVIN","1","12","0","12","0","","","","","","","1","12","3","24","0","","","","","","","","","","","","","","","","","","","","","","","","","","","0"
"107","California","11/20/10","1","JONES","MARVIN","1","4","0","4","0","","","","","","","1","4","3","49","1","","","","","","","","","","","","","","","1","","","","","","","","","","","","6"
"107","California","11/27/10","1","JONES","MARVIN","","","","","","","","","","","","0","0","2","17","0","","","","","","","","","","","","","","","","","","","","","","","","","","","0"
"107","California","11/27/10","97","JORDAN","CAMERON","","","","","","","","","","","","0","0","","","","","","","1","21","1","","","","","","","","","1","","","","","","","","","","","","6"
"107","California","09/04/10","22","KAPP","WILL","1","0","1","-1","0","","","","","","","1","-1","","","","","","","","","","","","","","","1","3","0","","","","","","","","","","","","","0"
"107","California","11/13/10","22","KAPP","WILL","","","","","","","","","","","","0","0","1","4","0","","","","","","","","","","","","","","","","","","","","","","","","","","","0"
"107","California","11/20/10","22","KAPP","WILL","","","","","","","","","","","","0","0","1","3","0","","","","","","","","","","","","","","","","","","","","","","","","","","","0"
"107","California","11/27/10","22","KAPP","WILL","","","","","","","","","","","","0","0","1","6","0","","","","","","","","","","","","","","","","","","","","","","","","","","","0"
"107","California","10/23/10","30","KENDRICKS","MYCHAL","","","","","","","","","","","","0","0","","","","1","0","0","","","","","","","","","","","","","","","","","","","","","","","","0"
"107","California","09/25/10","45","LADNER","SPENCER","","","","","","","","","","","","0","0","1","5","0","","","","","","","","","","","","","","","","","","","","","","","","","","","0"
"107","California","11/06/10","45","LADNER","SPENCER","","","","","","","","","","","","0","0","1","8","0","","","","","","","","","","","","","","","","","","","","","","","","","","","0"
"107","California","09/17/10","5","LAGEMANN","ALEX","","","","","","","","","","","","0","0","1","8","0","","","","","","","","","","","","","","","","","","","","","","","","","","","0"
"107","California","09/04/10","10","MANSION","BROCK","1","0","0","0","0","","","","","","","1","0","","","","","","","","","","","","","","","","","","","","","","","","","","","","","","0"
"107","California","10/23/10","10","MANSION","BROCK","1","8","0","8","0","1","0","0","0","0","","2","8","","","","","","","","","","","","","","","","","","","","","","","","","","","","","","0"
"107","California","10/30/10","10","MANSION","BROCK","5","4","47","-43","0","24","14","0","141","1","","29","98","","","","","","","","","","","","","","","","","","","","","","","","","","","","","","0"
"107","California","11/06/10","10","MANSION","BROCK","5","43","18","25","0","24","12","2","171","0","","29","196","","","","","","","","","","","","","","","","","","","","","","","","","","","","","","0"
"107","California","11/13/10","10","MANSION","BROCK","2","3","4","-1","0","28","10","0","69","0","0","30","68","","","","","","","","","","","","","","","","","","","","","1","0","","","","","","","","0"
"107","California","11/20/10","10","MANSION","BROCK","6","17","11","6","0","37","19","2","173","1","","43","179","","","","","","","","","","","","","","","","","","","","","","","","","","","","","","0"
"107","California","11/27/10","10","MANSION","BROCK","2","19","7","12","0","23","12","1","92","0","","25","104","","","","","","","","","","","","","","","","","","","","","","","","","","","","","","0"
"107","California","09/04/10","80","MILLER","ANTHONY","","","","","","","","","","","","0","0","1","7","0","","","","","","","","","","","","","","","","","","","","","","","","","","","0"
"107","California","09/17/10","80","MILLER","ANTHONY","","","","","","","","","","","","0","0","3","57","0","","","","","","","","","","","","","","","","","","","","","","","","","","","0"
"107","California","10/09/10","80","MILLER","ANTHONY","","","","","","","","","","","","0","0","1","0","0","","","","","","","","","","","","","","","","","","","","","","","","","","","0"
"107","California","10/16/10","80","MILLER","ANTHONY","","","","","","","","","","","","0","0","1","7","0","","","","","","","","","","","","","","","","","","","","","","","","","","","0"
"107","California","10/23/10","80","MILLER","ANTHONY","","","","","","","","","","","","0","0","2","19","0","","","","","","","","","","","","","","","","","","","","","","","","","","","0"
"107","California","10/30/10","80","MILLER","ANTHONY","","","","","","","","","","","","0","0","3","53","1","","","","","","","","","","","","","","","1","","","","","","","","","","","","6"
"107","California","11/06/10","80","MILLER","ANTHONY","","","","","","","","","","","","0","0","1","3","0","","","","","","","","","","","","","","","","","","","","","","","","","","","0"
"107","California","11/13/10","80","MILLER","ANTHONY","","","","","","","","","","","","0","0","1","6","0","","","","","","","","","","","","","","","","","","","","","","","","","","","0"
"107","California","09/11/10","18","MOHAMED","MIKE","","","","","","","","","","","","0","0","","","","1","41","1","","","","","","","","","","","","1","","","","","","","","","","","","6"
"107","California","09/11/10","15","NNABUIFE","BRYANT","","","","","","","","","","","","0","0","","","","1","13","0","","","","","","","","","","","","","","","","","","","","","","","","0"
"107","California","09/04/10","13","RILEY","KEVIN","1","0","3","-3","0","20","14","0","258","3","","21","255","","","","","","","","","","","","","","","","","","","","","","","","","","","","","","0"
"107","California","09/11/10","13","RILEY","KEVIN","5","26","2","24","0","24","15","0","197","4","","29","221","","","","","","","","","","","","","","","","","","","","","","","","","","","","","","0"
"107","California","09/17/10","13","RILEY","KEVIN","4","7","10","-3","0","37","23","3","277","1","","41","274","","","","","","","","","","","","","","","","","","","","","","","","","","","","","","0"
"107","California","09/25/10","13","RILEY","KEVIN","1","0","0","0","0","26","13","1","116","0","","27","116","","","","","","","","","","","","","","","","","","","","","","","","","","","","","","0"
"107","California","10/09/10","13","RILEY","KEVIN","7","5","23","-18","1","16","9","0","83","1","","23","65","","","","","","","","","","","","","","","","","","1","","","","","","","","","","","","6"
"107","California","10/16/10","13","RILEY","KEVIN","2","0","13","-13","0","29","15","2","193","2","","31","180","","","","","","","","","","","","","","","","","","","","","","","","","","","","","","0"
"107","California","10/23/10","13","RILEY","KEVIN","4","2","28","-26","0","28","19","0","240","2","","32","214","","","","","","","","","","","","","","","","","","","","","","","","","","","","","","0"
"107","California","10/30/10","13","RILEY","KEVIN","1","0","8","-8","0","5","3","0","45","0","","6","37","","","","","","","","","","","","","","","","","","","","","","","","","","","","","","0"
"107","California","09/04/10","3","ROSS","JEREMY","","","","","","","","","","","","0","0","2","18","0","","","","","","","","","3","55","0","","","","","","","","","","","","","","","","0"
"107","California","09/11/10","3","ROSS","JEREMY","","","","","","","","","","","","0","0","1","27","0","","","","","","","","","2","33","0","","","","","","","","","","","","","","","","0"
"107","California","09/17/10","3","ROSS","JEREMY","1","12","0","12","0","","","","","","","1","12","3","12","0","","","","","","","","","","","","4","81","0","","","","","","","","","","","","","0"
"107","California","09/25/10","3","ROSS","JEREMY","2","7","0","7","0","","","","","","","2","7","2","17","0","","","","","","","","","3","32","0","3","71","0","","","","","","","","","","","","","0"
"107","California","10/09/10","3","ROSS","JEREMY","2","19","0","19","0","","","","","","","2","19","","","","","","","","","","","","6","51","0","1","19","0","","","","","","","","","","","","","0"
"107","California","10/16/10","3","ROSS","JEREMY","","","","","","","","","","","","0","0","2","33","0","","","","","","","","","","","","","","","","","","","","","","","","","","","0"
"107","California","10/23/10","3","ROSS","JEREMY","1","19","0","19","1","","","","","","","1","19","3","44","0","","","","","","","","","4","77","0","","","","1","","","","","","","","","","","","6"
"107","California","10/30/10","3","ROSS","JEREMY","1","6","0","6","0","","","","","","","1","6","","","","","","","","","","","","1","8","0","","","","","","","","","","","","","","","","0"
"107","California","11/06/10","3","ROSS","JEREMY","1","27","0","27","1","","","","","","","1","27","3","45","0","","","","","","","","","2","15","0","","","","1","","","","","","","","","","","","6"
"107","California","11/13/10","3","ROSS","JEREMY","1","1","0","1","0","","","","","","","1","1","2","14","0","","","","","","","","","1","8","0","3","67","0","","","","","","","","","","","","","0"
"107","California","09/04/10","20","SOFELE","ISI","9","52","0","52","0","","","","","","","9","52","","","","","","","","","","","","","","","","","","","","","","","","","","","","","","0"
"107","California","09/11/10","20","SOFELE","ISI","4","16","6","10","0","","","","","","","4","10","1","1","1","","","","","","","","","","","","1","10","0","1","","","","","","","","","","","","6"
"107","California","09/17/10","20","SOFELE","ISI","6","18","0","18","0","","","","","","","6","18","","","","","","","","","","","","","","","1","9","0","","","","","","","","","","","","","0"
"107","California","09/25/10","20","SOFELE","ISI","3","30","0","30","0","","","","","","","3","30","","","","","","","","","","","","","","","","","","","","","","","","","","","","","","0"
"107","California","10/09/10","20","SOFELE","ISI","13","80","0","80","0","","","","","","","13","80","","","","","","","","","","","","","","","1","29","0","","","","","","","","","","","","","0"
"107","California","10/16/10","20","SOFELE","ISI","6","15","1","14","0","","","","","","","6","14","1","1","0","","","","","","","","","","","","5","109","0","","","","","","","","","","","","","0"
"107","California","10/23/10","20","SOFELE","ISI","9","38","1","37","0","","","","","","","9","37","1","8","0","","","","","","","","","","","","","","","","","","","","","","","","","","","0"
"107","California","10/30/10","20","SOFELE","ISI","5","17","1","16","0","","","","","","","5","16","","","","","","","","","","","","","","","","","","","","","","","","","","","","","","0"
"107","California","11/06/10","20","SOFELE","ISI","7","49","1","48","0","","","","","","","7","48","","","","","","","","","","","","","","","2","37","0","","","","","","","","","","","","","0"
"107","California","11/20/10","20","SOFELE","ISI","3","20","0","20","0","","","","","","","3","20","1","20","1","","","","","","","","","","","","","","","1","","","","","","","","","","","","6"
"107","California","11/27/10","20","SOFELE","ISI","4","13","0","13","0","","","","","","","4","13","1","-2","0","","","","","","","","","","","","","","","","","","","","","","","","","","","0"
"107","California","10/23/10","1I","SPARKS","JARRETT","","","","","","","","","","","","0","0","","","","","","","","","","","","","","","1","21","0","","","","","","","","","","","","","0"
"107","California","11/20/10","1I","SPARKS","JARRETT","","","","","","","","","","","","0","0","2","18","0","","","","","","","","","","","","","","","","","","","","","","","","","","","0"
"107","California","09/04/10","48","STEVENS","ERIC","","","","","","","","","","","","0","0","1","11","0","","","","","","","","","","","","","","","","","","","","","","","","","","","0"
"107","California","09/11/10","48","STEVENS","ERIC","","","","","","","","","","","","0","0","1","8","0","","","","","","","","","","","","","","","","","","","","","","","","","","","0"
"107","California","09/17/10","48","STEVENS","ERIC","","","","","","","","","","","","0","0","1","4","1","","","","","","","","","","","","","","","1","","","","","","","","","","","","6"
"107","California","09/25/10","48","STEVENS","ERIC","1","2","0","2","0","","","","","","","1","2","","","","","","","","","","","","","","","","","","","","","","","","","","","","","","0"
"107","California","10/09/10","48","STEVENS","ERIC","","","","","","","","","","","","0","0","1","4","0","","","","","","","","","","","","","","","","","","","","","","","","","","","0"
"107","California","09/04/10","9","SWEENEY","BEAU","6","34","0","34","1","8","6","0","29","0","","14","63","","","","","","","","","","","","","","","","","","1","","","","","","","","","","","","6"
"107","California","09/04/10","4J","TAVECCHIO","GIORGIO","","","","","","","","","","","","0","0","","","","","","","","","","","","","","","","","","","7","7","0","0","","","","","1","1","","10"
"107","California","09/11/10","4J","TAVECCHIO","GIORGIO","","","","","","","","","","","","0","0","","","","","","","","","","","","","","","","","","","7","7","0","0","","","","","1","1","","10"
"107","California","09/17/10","4J","TAVECCHIO","GIORGIO","","","","","","","","","","","","0","0","","","","","","","","","","","","","","","","","","","4","4","0","0","","","","","1","1","","7"
"107","California","09/25/10","4J","TAVECCHIO","GIORGIO","","","","","","","","","","","","0","0","","","","","","","","","","","","","","","","","","","","","","","","","","","5","3","","9"
"107","California","10/09/10","4J","TAVECCHIO","GIORGIO","","","","","","","","","","","","0","0","","","","","","","","","","","","","","","","","","","5","5","0","0","","","","","1","0","","5"
"107","California","10/16/10","4J","TAVECCHIO","GIORGIO","","","","","","","","","","","","0","0","","","","","","","","","","","","","","","","","","","2","2","0","0","","","","","","","","2"
"107","California","10/23/10","4J","TAVECCHIO","GIORGIO","","","","","","","","","","","","0","0","","","","","","","","","","","","","","","","","","","6","5","0","0","","","","","3","3","","14"
"107","California","10/30/10","4J","TAVECCHIO","GIORGIO","","","","","","","","","","","","0","0","","","","","","","","","","","","","","","","","","","1","1","0","0","","","","","","","","1"
"107","California","11/06/10","4J","TAVECCHIO","GIORGIO","","","","","","","","","","","","0","0","","","","","","","","","","","","","","","","","","","3","2","0","0","","","","","1","0","","2"
"107","California","11/13/10","4J","TAVECCHIO","GIORGIO","","","","","","","","","","","","0","0","","","","","","","","","","","","","","","","","","","1","1","0","0","","","","","1","0","","1"
"107","California","11/20/10","4J","TAVECCHIO","GIORGIO","","","","","","","","","","","","0","0","","","","","","","","","","","","","","","","","","","2","2","0","0","","","","","","","","2"
"107","California","11/27/10","4J","TAVECCHIO","GIORGIO","","","","","","","","","","","","0","0","","","","","","","","","","","","","","","","","","","1","1","0","0","","","","","2","2","","7"
"107","California","09/04/10","31","TYNDALL","JOHN","","","","","","","","","","","","0","0","1","6","0","","","","","","","","","","","","","","","","","","","","","","","","","","","0"
"107","California","09/11/10","31","TYNDALL","JOHN","1","3","0","3","0","","","","","","","1","3","","","","","","","","","","","","","","","","","","","","","","","","","","","","","","0"
"107","California","09/04/10","34","VEREEN","SHANE","14","70","3","67","2","","","","","","","14","67","2","28","1","","","","","","","","","","","","","","","3","","","","","","","","","","","","18"
"107","California","09/11/10","34","VEREEN","SHANE","16","61","2","59","1","","","","","","","16","59","3","18","1","","","","","","","","","","","","","","","2","","","","","","","","","","","","12"
"107","California","09/17/10","34","VEREEN","SHANE","19","198","0","198","3","","","","","","","19","198","1","9","0","","","","","","","","","","","","","","","3","","","","","","","","","","","","18"
"107","California","09/25/10","34","VEREEN","SHANE","27","113","11","102","0","1","0","0","0","0","","28","102","2","13","0","","","","","","","","","","","","","","","","","","","","","","","","","","","0"
"107","California","10/09/10","34","VEREEN","SHANE","25","151","0","151","2","","","","","","","25","151","3","51","0","","","","","","","","","","","","","","","2","","","","","","","","","","","","12"
"107","California","10/16/10","34","VEREEN","SHANE","10","57","4","53","0","","","","","","","10","53","3","45","1","","","","","","","","","","","","","","","1","","","","","","","","","","","","6"
"107","California","10/23/10","34","VEREEN","SHANE","19","94","3","91","2","","","","","","","19","91","2","8","0","","","","","","","","","","","","","","","2","","","","","","","","","","","","12"
"107","California","10/30/10","34","VEREEN","SHANE","12","54","1","53","0","","","","","","","12","53","","","","","","","","","","","","","","","","","","","","","","","","","","","","","","0"
"107","California","11/06/10","34","VEREEN","SHANE","25","123","11","112","2","","","","","","","25","112","1","7","0","","","","","","","","","","","","","","","2","","","","","","","","","","","","12"
"107","California","11/13/10","34","VEREEN","SHANE","26","124","12","112","1","","","","","","","26","112","1","10","0","","","","","","","","","","","","","","","1","","","","","","","","","","","","6"
"107","California","11/20/10","34","VEREEN","SHANE","15","67","4","63","0","","","","","","","15","63","3","24","0","","","","","","","","","","","","","","","","","","","","","","","","","","","0"
"107","California","11/27/10","34","VEREEN","SHANE","23","113","7","106","0","","","","","","","23","106","1","-4","0","","","","","","","","","","","","","","","","","","","","","","","","","","","0"
"107","California","09/04/10","84","WARK","JACOB","","","","","","","","","","","","0","0","1","5","0","","","","","","","","","","","","","","","","","","","","","","","","","","","0"
"107","California","09/11/10","0A","WILLIAMS","STEVE","","","","","","","","","","","","0","0","","","","1","0","0","","","","","","","","","","","","","","","","","","","","","","","","0"
"107","California","09/04/10","2C","YARNWAY","DASARTE","5","23","1","22","0","","","","","","","5","22","","","","","","","","","","","","","","","","","","","","","","","","","","","","","","0"
"107","California","09/11/10","2C","YARNWAY","DASARTE","3","7","0","7","0","","","","","","","3","7","","","","","","","","","","","","","","","","","","","","","","","","","","","","","","0"
"129","Central Mich.","09/09/10","4","ADDAE","JAHLEEL","","","","","","","","","","","","0","0","","","","","","","","","","","","","","","1","15","0","","","","","","","","","","","","","0"
"129","Central Mich.","09/18/10","4","ADDAE","JAHLEEL","","","","","","","","","","","","0","0","","","","","","","","","","","","","","","3","47","0","","","","","","","","","","","","","0"
"129","Central Mich.","09/25/10","4","ADDAE","JAHLEEL","","","","","","","","","","","","0","0","","","","","","","","","","","","","","","3","49","0","","","","","","","","","","","","","0"
"129","Central Mich.","11/26/10","22","AGNEW","VINCENT","","","","","","","","","","","","0","0","","","","","","","","","","","","1","27","0","","","","","","","","","","","","","","","","0"
"129","Central Mich.","09/25/10","43","BELLORE","NICK","","","","","","","","","","","","0","0","","","","1","7","0","","","","","","","","","","","","","","","","","","","","","","","","0"
"129","Central Mich.","10/16/10","26","BENTON","SHAMARI","","","","","","","","","","","","0","0","","","","","","","","","","","","","","","1","5","0","","","","","","","","","","","","","0"
"129","Central Mich.","11/05/10","26","BENTON","SHAMARI","","","","","","","","","","","","0","0","","","","","","","","","","","","","","","1","5","0","","","","","","","","","","","","","0"
"129","Central Mich.","09/02/10","82","BLACKBURN","DAVID","","","","","","","","","","","","0","0","1","12","0","","","","","","","","","","","","","","","","","","","","","","","","","","","0"
"129","Central Mich.","09/09/10","82","BLACKBURN","DAVID","","","","","","","","","","","","0","0","2","17","0","","","","","","","","","","","","","","","","","","","","","","","","","","","0"
"129","Central Mich.","10/02/10","82","BLACKBURN","DAVID","","","","","","","","","","","","0","0","7","89","1","","","","","","","","","","","","","","","1","","","","","","","","","","","","6"
"129","Central Mich.","10/09/10","82","BLACKBURN","DAVID","","","","","","","","","","","","0","0","2","43","0","","","","","","","","","","","","","","","","","","","","","","","","","","","0"
"129","Central Mich.","10/16/10","82","BLACKBURN","DAVID","","","","","","","","","","","","0","0","1","14","0","","","","","","","","","","","","","","","","","","","","","","","","","","","0"
"129","Central Mich.","10/30/10","82","BLACKBURN","DAVID","","","","","","","","","","","","0","0","2","20","0","","","","","","","","","","","","","","","","","","","","","","","","","","","0"
"129","Central Mich.","11/05/10","82","BLACKBURN","DAVID","","","","","","","","","","","","0","0","1","7","0","","","","","","","","","","","","","","","","","","","","","","","","","","","0"
"129","Central Mich.","11/13/10","82","BLACKBURN","DAVID","","","","","","","","","","","","0","0","4","66","2","","","","","","","","","","","","","","","2","","","","","","","","","","","","12"
"129","Central Mich.","11/26/10","82","BLACKBURN","DAVID","","","","","","","","","","","","0","0","2","17","0","","","","","","","","","","","","","","","","","","","","","","","","","","","0"
"129","Central Mich.","09/02/10","3","BRADLEY","TAYLOR","","","","","","","","","","","","0","0","4","23","0","","","","","","","","","","","","","","","","","","","","","","","","","","","0"
"129","Central Mich.","09/09/10","3","BRADLEY","TAYLOR","1","0","3","-3","0","","","","","","","1","-3","2","28","0","","","","","","","","","","","","","","","","","","","","","","","","","","","0"
"129","Central Mich.","09/18/10","3","BRADLEY","TAYLOR","","","","","","","","","","","","0","0","2","16","0","","","","","","","","","","","","","","","","","","","","","","","","","","","0"
"129","Central Mich.","09/25/10","3","BRADLEY","TAYLOR","1","8","0","8","0","","","","","","","1","8","2","6","0","","","","","","","","","","","","2","47","0","","","","","","","","","","","","","0"
"129","Central Mich.","09/02/10","6","COTTON","PARIS","18","98","4","94","1","","","","","","","18","94","3","31","0","","","","","","","","","","","","","","","1","","","","","","","","","","","","6"
"129","Central Mich.","09/09/10","6","COTTON","PARIS","16","42","2","40","1","","","","","","","16","40","5","25","0","","","","","","","","","","","","","","","1","","","","","","","","","","","","6"
"129","Central Mich.","09/18/10","6","COTTON","PARIS","21","209","0","209","3","","","","","","","21","209","3","36","0","","","","","","","","","","","","","","","3","","","","","","","","","","","","18"
"129","Central Mich.","09/25/10","6","COTTON","PARIS","4","3","4","-1","0","","","","","","","4","-1","2","17","0","","","","","","","","","","","","","","","","","","","","","","","","","","","0"
"129","Central Mich.","10/02/10","6","COTTON","PARIS","11","48","4","44","0","","","","","","","11","44","1","17","0","","","","","","","","","","","","","","","","","","0","0","","","","","","","","0"
"129","Central Mich.","10/09/10","6","COTTON","PARIS","21","112","7","105","0","","","","","","","21","105","4","39","0","","","","","","","","","","","","","","","","","","","","","","","","","","","0"
"129","Central Mich.","10/16/10","6","COTTON","PARIS","15","40","17","23","1","","","","","","","15","23","2","37","0","","","","","","","","","","","","","","","1","","","","","","","","","","","","6"
"129","Central Mich.","10/30/10","6","COTTON","PARIS","23","121","10","111","0","","","","","","","23","111","1","5","0","","","","","","","","","","","","","","","","","","","","","","","","","","","0"
"129","Central Mich.","11/05/10","6","COTTON","PARIS","4","6","4","2","0","","","","","","","4","2","","","","","","","","","","","","","","","","","","","","","","","","","","","","","","0"
"129","Central Mich.","11/13/10","6","COTTON","PARIS","6","23","3","20","0","","","","","","","6","20","1","6","0","","","","","","","","","","","","","","","","","","","","","","","","","","","0"
"129","Central Mich.","11/26/10","6","COTTON","PARIS","3","4","0","4","0","","","","","","","3","4","3","32","0","","","","","","","","","","","","","","","","","","","","","","","","","","","0"
"129","Central Mich.","10/30/10","36","CUNNINGHAM","AVERY","","","","","","","","","","","","0","0","","","","1","63","1","","","","","","","","","","","","1","","","","","","","","","","","","6"
"129","Central Mich.","10/16/10","49","FENTON","ADAM","","","","","","","","","","","","0","0","","","","","","","","","","","","","","","1","0","0","","","","","","","","","","","","","0"
"129","Central Mich.","09/09/10","80","FRASER","CEDRIC","","","","","","","","","","","","0","0","4","49","0","","","","","","","","","","","","","","","","","","","","","","","","","","","0"
"129","Central Mich.","09/18/10","80","FRASER","CEDRIC","","","","","","","","","","","","0","0","1","18","0","","","","","","","","","","","","","","","","","","","","","","","","","","","0"
"129","Central Mich.","10/02/10","80","FRASER","CEDRIC","","","","","","","","","","","","0","0","2","27","0","","","","","","","","","","","","","","","","","","","","","","","","","","","0"
"129","Central Mich.","10/09/10","80","FRASER","CEDRIC","","","","","","","","","","","","0","0","2","19","0","","","","","","","","","","","","","","","","","","","","","","","","","","","0"
"129","Central Mich.","10/16/10","80","FRASER","CEDRIC","","","","","","","","","","","","0","0","5","68","0","","","","","","","","","","","","","","","","","","","","","","","","","","","0"
"129","Central Mich.","10/30/10","80","FRASER","CEDRIC","","","","","","","","","","","","0","0","2","29","0","","","","","","","","","","","","","","","","","","","","","","","","","","","0"
"129","Central Mich.","10/23/10","7","FRICKE","BRANDON","","","","","","8","4","1","33","0","","8","33","","","","","","","","","","","","","","","","","","","","","","","","","","","","","","0"
"129","Central Mich.","09/09/10","10","HARMAN","DAVID","","","","","","","","","","","","0","0","","","","","","","","","","","","","","","","","","","","","","","","","","","1","1","","3"
"129","Central Mich.","09/18/10","10","HARMAN","DAVID","","","","","","","","","","","","0","0","","","","","","","","","","","","","","","","","","","7","7","0","0","","","","","1","1","","10"
"129","Central Mich.","09/25/10","10","HARMAN","DAVID","","","","","","","","","","","","0","0","","","","","","","","","","","","","","","","","","","3","1","0","0","","","","","1","0","","1"
"129","Central Mich.","10/02/10","10","HARMAN","DAVID","","","","","","","","","","","","0","0","","","","","","","","","","","","","","","","","","","1","0","0","0","","","","","1","1","","3"
"129","Central Mich.","10/16/10","10","HARMAN","DAVID","","","","","","","","","","","","0","0","","","","","","","","","","","","","","","","","","","2","2","0","0","","","","","2","2","","8"
"129","Central Mich.","10/23/10","10","HARMAN","DAVID","","","","","","","","","","","","0","0","","","","","","","","","","","","","","","","","","","1","1","0","0","","","","","","","","1"
"129","Central Mich.","10/30/10","10","HARMAN","DAVID","","","","","","","","","","","","0","0","","","","","","","","","","","","","","","","","","","2","2","0","0","","","","","1","0","","2"
"129","Central Mich.","11/05/10","10","HARMAN","DAVID","","","","","","","","","","","","0","0","","","","","","","","","","","","","","","","","","","2","2","0","0","","","","","2","2","","8"
"129","Central Mich.","11/13/10","10","HARMAN","DAVID","","","","","","","","","","","","0","0","","","","","","","","","","","","","","","","","","","4","4","0","0","","","","","2","1","","7"
"129","Central Mich.","11/26/10","10","HARMAN","DAVID","","","","","","","","","","","","0","0","","","","","","","","","","","","","","","","","","","4","4","0","0","","","","","1","1","","7"
"129","Central Mich.","09/02/10","81","HARRIS","JERRY","1","0","6","-6","0","","","","","","","1","-6","2","27","0","","","","","","","","","","","","","","","","","","","","","","","","","","","0"
"129","Central Mich.","09/18/10","81","HARRIS","JERRY","","","","","","","","","","","","0","0","1","15","0","","","","","","","","","","","","","","","","","","","","","","","","","","","0"
"129","Central Mich.","09/25/10","81","HARRIS","JERRY","","","","","","","","","","","","0","0","3","35","0","","","","","","","","","","","","","","","","","","","","","","","","","","","0"
"129","Central Mich.","10/02/10","81","HARRIS","JERRY","1","0","1","-1","0","","","","","","","1","-1","5","48","0","","","","","","","","","","","","","","","","","","","","","","","","","","","0"
"129","Central Mich.","10/09/10","81","HARRIS","JERRY","1","1","0","1","0","","","","","","","1","1","5","101","2","","","","","","","","","","","","","","","2","","","","","","","","","","","","12"
"129","Central Mich.","10/16/10","81","HARRIS","JERRY","","","","","","","","","","","","0","0","6","30","0","","","","","","","","","","","","","","","","","","","","","","","","","","","0"
"129","Central Mich.","10/23/10","81","HARRIS","JERRY","","","","","","","","","","","","0","0","4","20","0","","","","","","","","","","","","","","","","","","","","","","","","","","","0"
"129","Central Mich.","10/30/10","81","HARRIS","JERRY","","","","","","","","","","","","0","0","1","18","1","","","","","","","","","","","","","","","1","","","","","","","","","","","","6"
"129","Central Mich.","11/05/10","81","HARRIS","JERRY","","","","","","","","","","","","0","0","2","13","0","","","","","","","","","","","","","","","","","","","","","","","","","","","0"
"129","Central Mich.","11/13/10","81","HARRIS","JERRY","","","","","","","","","","","","0","0","1","25","0","","","","","","","","","","","","","","","","","","","","","","","","","","","0"
"129","Central Mich.","09/02/10","96","HARTMANN","BRETT","","","","","","","","","","","","0","0","","","","","","","","","","4","153","","","","","","","","","","","","","","","","","","","0"
"129","Central Mich.","09/09/10","96","HARTMANN","BRETT","","","","","","","","","","","","0","0","","","","","","","","","","3","114","","","","","","","","","","","","","","","","","","","0"
"129","Central Mich.","09/18/10","96","HARTMANN","BRETT","","","","","","","","","","","","0","0","","","","","","","","","","5","220","","","","","","","","","","","","","","","","","","","0"
"129","Central Mich.","09/25/10","96","HARTMANN","BRETT","","","","","","","","","","","","0","0","","","","","","","","","","4","122","","","","","","","","","","","","","","","","","","","0"
"129","Central Mich.","10/02/10","96","HARTMANN","BRETT","","","","","","","","","","","","0","0","","","","","","","","","","8","370","","","","","","","","","","","","","","","","","","","0"
"129","Central Mich.","10/09/10","96","HARTMANN","BRETT","","","","","","","","","","","","0","0","","","","","","","","","","9","392","","","","","","","","","","","","","","","","","","","0"
"129","Central Mich.","10/16/10","96","HARTMANN","BRETT","","","","","","","","","","","","0","0","","","","","","","","","","5","174","","","","","","","","","","","","","","","","","","","0"
"129","Central Mich.","10/23/10","96","HARTMANN","BRETT","","","","","","","","","","","","0","0","","","","","","","","","","3","126","","","","","","","","","","","","","","","","","","","0"
"129","Central Mich.","10/30/10","96","HARTMANN","BRETT","","","","","","","","","","","","0","0","","","","","","","","","","5","177","","","","","","","","","","","","","","","","","","","0"
"129","Central Mich.","11/05/10","96","HARTMANN","BRETT","","","","","","","","","","","","0","0","","","","","","","","","","4","166","","","","","","","","","","","","","","","","","","","0"
"129","Central Mich.","11/13/10","96","HARTMANN","BRETT","","","","","","","","","","","","0","0","","","","","","","","","","1","32","","","","","","","","","","","","","","","","","","","0"
"129","Central Mich.","11/26/10","96","HARTMANN","BRETT","","","","","","","","","","","","0","0","","","","","","","","","","3","118","","","","","","","","","","","","","","","","","","","0"
"129","Central Mich.","10/09/10","13","HOGAN","RICHIE","","","","","","","","","","","","0","0","","","","","","","","","","","","","","","","","","","3","3","0","0","","","","","2","0","","3"
"129","Central Mich.","10/16/10","13","HOGAN","RICHIE","","","","","","","","","","","","0","0","","","","","","","","","","","","","","","","","","","","","","","","","","","1","0","","0"
"129","Central Mich.","10/02/10","25","HOLLIS","ANTHONY","","","","","","","","","","","","0","0","","","","","","","","","","","","1","0","0","","","","","","","","","","","","","","","","0"
"129","Central Mich.","11/26/10","21","MCCONNELL","JORDAN","","","","","","","","","","","","0","0","1","6","0","","","","","","","","","","","","","","","","","","","","","","","","","","","0"
"129","Central Mich.","09/02/10","16","MUDGETT","PAUL","","","","","","","","","","","","0","0","","","","","","","","","","","","","","","","","","","4","4","0","0","","","","","4","1","","7"
"129","Central Mich.","09/09/10","16","MUDGETT","PAUL","","","","","","","","","","","","0","0","","","","","","","","","","","","","","","","","","","1","1","0","0","","","","","1","0","","1"
"129","Central Mich.","09/02/10","19","MUSE","DAVON","5","24","1","23","0","","","","","","","5","23","","","","","","","","","","","","","","","","","","","","","","","","","","","","","","0"
"129","Central Mich.","09/18/10","19","MUSE","DAVON","3","1","5","-4","0","","","","","","","3","-4","","","","","","","","","","","","","","","","","","","","","","","","","","","","","","0"
"129","Central Mich.","09/18/10","33","PETRUCCI","MIKE","","","","","","","","","","","","0","0","","","","","","","1","43","1","","","","","","","","","1","","","","","","","","","","","","6"
"129","Central Mich.","11/05/10","33","PETRUCCI","MIKE","","","","","","","","","","","","0","0","","","","","","","1","23","0","","","","","","","","","","","","","","","","","","","","","0"
"129","Central Mich.","09/02/10","1","POBLAH","KITO","","","","","","","","","","","","0","0","4","45","0","","","","","","","","","","","","","","","","","","","","","","","","","","","0"
"129","Central Mich.","09/09/10","1","POBLAH","KITO","","","","","","","","","","","","0","0","1","8","0","","","","","","","","","","","","2","47","0","","","","","","","","","","","","","0"
"129","Central Mich.","09/18/10","1","POBLAH","KITO","1","14","0","14","0","","","","","","","1","14","4","55","1","","","","","","","","","","","","","","","1","","","","","","","","","","","","6"
"129","Central Mich.","09/25/10","1","POBLAH","KITO","1","0","3","-3","0","","","","","","","1","-3","6","89","1","","","","","","","","","","","","","","","1","","","","","","","","","","","","6"
"129","Central Mich.","10/02/10","1","POBLAH","KITO","","","","","","","","","","","","0","0","3","19","0","","","","","","","","","","","","1","17","0","","","","","","","","","","","","","0"
"129","Central Mich.","10/09/10","1","POBLAH","KITO","","","","","","","","","","","","0","0","2","23","1","","","","","","","","","","","","1","28","0","1","","","","","","","","","","","","6"
"129","Central Mich.","10/16/10","1","POBLAH","KITO","","","","","","","","","","","","0","0","4","72","0","","","","","","","","","","","","2","18","0","","","","","","","","","","","","","0"
"129","Central Mich.","10/23/10","1","POBLAH","KITO","","","","","","","","","","","","0","0","4","66","1","","","","","","","","","","","","","","","1","","","","","","","","","","","","6"
"129","Central Mich.","10/30/10","1","POBLAH","KITO","","","","","","","","","","","","0","0","2","20","0","","","","","","","","","","","","2","50","0","","","","","","","","","","","","","0"
"129","Central Mich.","11/05/10","1","POBLAH","KITO","","","","","","","","","","","","0","0","4","35","1","","","","","","","","","","","","2","32","0","1","","","","","","","","","","","","6"
"129","Central Mich.","11/13/10","1","POBLAH","KITO","","","","","","","","","","","","0","0","4","49","0","","","","","","","","","","","","1","28","0","","","","","","","","","","","","","0"
"129","Central Mich.","11/26/10","1","POBLAH","KITO","","","","","","","","","","","","0","0","6","77","0","","","","","","","","","","","","","","","","","","","","","","","","","","","0"
"129","Central Mich.","09/02/10","8","RADCLIFF","RYAN","7","18","13","5","1","34","20","0","242","1","","41","247","","","","","","","","","","","","","","","","","","1","","","","","","","","","","","","6"
"129","Central Mich.","09/09/10","8","RADCLIFF","RYAN","7","19","36","-17","0","35","25","2","299","0","","42","282","","","","","","","","","","","","","","","","","","","","","","","","","","","","","","0"
"129","Central Mich.","09/18/10","8","RADCLIFF","RYAN","4","11","16","-5","0","23","15","0","254","2","","27","249","","","","","","","","","","","","","","","","","","","","","","","","","","","","","","0"
"129","Central Mich.","09/25/10","8","RADCLIFF","RYAN","5","19","22","-3","0","43","29","2","347","2","0","48","344","","","","","","","","","","","","","","","","","","","","","1","0","","","","","","","","0"
"129","Central Mich.","10/02/10","8","RADCLIFF","RYAN","8","20","35","-15","0","48","25","3","295","2","1","56","280","","","","","","","","","","","","","","","","","","","","","1","1","","","","","","","","2"
"129","Central Mich.","10/09/10","8","RADCLIFF","RYAN","10","38","28","10","0","48","21","1","266","3","","58","276","","","","","","","","","","","","","","","","","","","","","","","","","","","","","","0"
"129","Central Mich.","10/16/10","8","RADCLIFF","RYAN","3","7","8","-1","0","52","29","3","329","0","","55","328","","","","","","","","","","","","","","","","","","","","","","","","","","","","","","0"
"129","Central Mich.","10/23/10","8","RADCLIFF","RYAN","4","5","16","-11","0","25","17","3","178","1","","29","167","","","","","","","","","","","","","","","","","","","","","","","","","","","","","","0"
"129","Central Mich.","10/30/10","8","RADCLIFF","RYAN","6","0","23","-23","0","25","14","1","132","1","","31","109","","","","","","","","","","","","","","","","","","","","","","","","","","","","","","0"
"129","Central Mich.","11/05/10","8","RADCLIFF","RYAN","7","10","36","-26","0","36","23","1","300","2","0","43","274","","","","","","","","","","","","","","","","","","","","","1","0","","","","","","","","0"
"129","Central Mich.","11/13/10","8","RADCLIFF","RYAN","3","1","9","-8","0","58","36","0","394","3","0","61","386","","","","","","","","","","","","","","","","","","","","","1","0","","","","","","","","0"
"129","Central Mich.","11/26/10","8","RADCLIFF","RYAN","2","0","5","-5","0","39","28","1","322","0","","41","317","","","","","","","","","","","","","","","","","","","","","","","","","","","","","","0"
"129","Central Mich.","09/25/10","39","REED","TYLER","","","","","","","","","","","","0","0","1","19","0","","","","","","","","","","","","","","","","","","","","","","","","","","","0"
"129","Central Mich.","10/02/10","39","REED","TYLER","","","","","","","","","","","","0","0","1","4","0","","","","","","","","","","","","","","","","","","","","","","","","","","","0"
"129","Central Mich.","10/09/10","39","REED","TYLER","","","","","","","","","","","","0","0","1","4","0","","","","","","","","","","","","","","","","","","","","","","","","","","","0"
"129","Central Mich.","10/16/10","39","REED","TYLER","","","","","","","","","","","","0","0","1","5","0","","","","","","","","","","","","","","","","","","","","","","","","","","","0"
"129","Central Mich.","11/26/10","39","REED","TYLER","","","","","","","","","","","","0","0","1","12","0","","","","","","","","","","","","","","","","","","","","","","","","","","","0"
"129","Central Mich.","09/02/10","14","RIFENBURY","DEREK","","","","","","2","2","0","17","0","","2","17","","","","","","","","","","","","","","","","","","","","","","","","","","","","","","0"
"129","Central Mich.","09/02/10","9","SEAY","BOBBY","","","","","","","","","","","","0","0","","","","1","0","0","","","","","","","","","","","","","","","","","","","","","","","","0"
"129","Central Mich.","10/16/10","88","SHOWERS","VALTORREY","","","","","","","","","","","","0","0","","","","","","","","","","","","","","","2","66","0","","","","","","","","","","","","","0"
"129","Central Mich.","10/23/10","88","SHOWERS","VALTORREY","","","","","","","","","","","","0","0","","","","","","","","","","","","","","","2","22","0","","","","","","","","","","","","","0"
"129","Central Mich.","09/18/10","34","TIPTON","ZURLON","11","55","1","54","1","","","","","","","11","54","1","14","0","","","","","","","","","","","","","","","1","","","","","","","","","","","","6"
"129","Central Mich.","09/25/10","34","TIPTON","ZURLON","1","2","0","2","0","","","","","","","1","2","1","2","0","","","","","","","","","","","","","","","","","","","","","","","","","","","0"
"129","Central Mich.","10/02/10","34","TIPTON","ZURLON","4","34","0","34","0","","","","","","","4","34","1","7","0","","","","","","","","","","","","4","70","0","","","","","","","","","","","","","0"
"129","Central Mich.","10/09/10","34","TIPTON","ZURLON","2","0","2","-2","0","","","","","","","2","-2","1","6","0","","","","","","","","","","","","3","63","0","","","","","","","","","","","","","0"
"129","Central Mich.","10/23/10","34","TIPTON","ZURLON","11","37","6","31","0","","","","","","","11","31","","","","","","","","","","","","","","","2","56","0","","","","","","","","","","","","","0"
"129","Central Mich.","11/05/10","34","TIPTON","ZURLON","2","4","6","-2","0","","","","","","","2","-2","","","","","","","","","","","","","","","","","","","","","","","","","","","","","","0"
"129","Central Mich.","11/13/10","34","TIPTON","ZURLON","16","62","0","62","2","","","","","","","16","62","4","36","0","","","","","","","","","","","","6","128","0","2","","","","","","","","","","","","12"
"129","Central Mich.","11/26/10","34","TIPTON","ZURLON","9","26","2","24","2","","","","","","","9","24","1","39","0","","","","","","","","","","","","6","97","0","2","","","","","","","","","","","","12"
"129","Central Mich.","09/25/10","85","TORRES","MATTHEW","","","","","","","","","","","","0","0","2","29","0","","","","","","","","","","","","","","","","","","","","","","","","","","","0"
"129","Central Mich.","10/16/10","85","TORRES","MATTHEW","","","","","","","","","","","","0","0","2","6","0","","","","","","","","","","","","","","","","","","","","","","","","","","","0"
"129","Central Mich.","11/05/10","85","TORRES","MATTHEW","","","","","","","","","","","","0","0","3","57","0","","","","","","","","","","","","","","","","","","","","","","","","","","","0"
"129","Central Mich.","11/13/10","85","TORRES","MATTHEW","","","","","","","","","","","","0","0","3","36","0","","","","","","","","","","","","","","","","","","","","","","","","","","","0"
"129","Central Mich.","11/26/10","85","TORRES","MATTHEW","","","","","","","","","","","","0","0","1","0","0","","","","","","","","","","","","","","","","","","","","","","","","","","","0"
"129","Central Mich.","09/02/10","29","VOLNY","CARL","11","58","6","52","1","","","","","","","11","52","3","60","0","","","","","","","","","","","","","","","1","","","","","","","","","","","","6"
"129","Central Mich.","09/09/10","29","VOLNY","CARL","2","4","0","4","0","","","","","","","2","4","3","16","0","","","","","","","","","","","","","","","","","","","","","","","","","","","0"
"129","Central Mich.","09/18/10","29","VOLNY","CARL","4","6","3","3","0","","","","","","","4","3","","","","","","","","","","","","","","","","","","","","","","","","","","","","","","0"
"129","Central Mich.","09/25/10","29","VOLNY","CARL","8","32","1","31","1","","","","","","","8","31","6","74","1","","","","","","","","","","","","","","","2","","","","","","","","","","","","12"
"129","Central Mich.","10/02/10","29","VOLNY","CARL","2","14","0","14","0","","","","","","","2","14","","","","","","","","","","","","","","","","","","","","","","","","","","","","","","0"
"129","Central Mich.","10/09/10","29","VOLNY","CARL","2","21","0","21","0","","","","","","","2","21","2","7","0","","","","","","","","","","","","","","","","","","","","","","","","","","","0"
"129","Central Mich.","10/16/10","29","VOLNY","CARL","5","48","1","47","1","","","","","","","5","47","","","","","","","","","","","","","","","","","","1","","","","","","","","","","","","6"
"129","Central Mich.","10/23/10","29","VOLNY","CARL","11","75","1","74","0","","","","","","","11","74","2","10","0","","","","","","","","","","","","","","","","","","","","","","","","","","","0"
"129","Central Mich.","10/30/10","29","VOLNY","CARL","4","10","0","10","0","","","","","","","4","10","4","28","0","","","","","","","","","","","","1","35","0","","","","","","","","","","","","","0"
"129","Central Mich.","11/05/10","29","VOLNY","CARL","18","95","4","91","1","","","","","","","18","91","1","3","0","","","","","","","","","","","","1","12","0","1","","","","","","","","","","","","6"
"129","Central Mich.","11/13/10","29","VOLNY","CARL","4","16","2","14","0","","","","","","","4","14","4","32","0","","","","","","","","","","","","","","","","","","","","","","","","","","","0"
"129","Central Mich.","11/26/10","29","VOLNY","CARL","10","41","0","41","1","","","","","","","10","41","1","10","0","","","","","","","","","","","","1","16","0","1","","","","","","","","","","","","6"
"129","Central Mich.","11/13/10","12","WESTENDORP","A.J.","","","","","","","","","","","","0","0","2","18","0","","","","","","","","","","","","","","","","","","","","","","","","","","","0"
"129","Central Mich.","11/26/10","12","WESTENDORP","A.J.","","","","","","","","","","","","0","0","2","20","0","","","","","","","","","","","","","","","","","","","","","","","","","","","0"
"129","Central Mich.","11/26/10","2","WHITE","LORENZO","","","","","","","","","","","","0","0","","","","","","","","","","","","0","0","1","","","","1","","","","","","","","","","","","6"
"129","Central Mich.","09/02/10","11","WILSON","CODY","","","","","","","","","","","","0","0","4","47","1","","","","","","","","","2","28","0","1","81","0","1","","","","","","","","","","","","6"
"129","Central Mich.","09/09/10","11","WILSON","CODY","6","29","4","25","0","","","","","","","6","25","7","153","0","","","","","","","","","1","10","0","","","","","","","","","","","","","","","","0"
"129","Central Mich.","09/18/10","11","WILSON","CODY","","","","","","","","","","","","0","0","3","100","1","","","","","","","","","2","3","0","","","","1","","","","","","","","","","","","6"
"129","Central Mich.","09/25/10","11","WILSON","CODY","3","42","0","42","1","","","","","","","3","42","6","76","0","","","","","","","","","2","11","0","","","","1","","","","","","","","","","","","6"
"129","Central Mich.","10/02/10","11","WILSON","CODY","","","","","","","","","","","","0","0","5","84","1","","","","","","","","","2","2","0","","","","1","","","","","","","","","","","","6"
"129","Central Mich.","10/09/10","11","WILSON","CODY","","","","","","","","","","","","0","0","2","24","0","","","","","","","","","3","19","0","","","","","","","","","","","","","","","","0"
"129","Central Mich.","10/16/10","11","WILSON","CODY","1","3","0","3","0","","","","","","","1","3","8","97","0","","","","","","","","","2","33","0","","","","","","","","","","","","","","","","0"
"129","Central Mich.","10/23/10","11","WILSON","CODY","1","0","0","0","0","","","","","","","1","0","11","115","0","","","","","","","","","","","","","","","","","","","","","","","","","","","0"
"129","Central Mich.","10/30/10","11","WILSON","CODY","1","1","0","1","0","","","","","","","1","1","2","21","0","","","","","","","","","1","9","0","","","","","","","","","","","","","","","","0"
"129","Central Mich.","11/05/10","11","WILSON","CODY","1","12","0","12","0","","","","","","","1","12","12","185","1","","","","","","","","","","","","","","","1","","","","","","","","","","","","6"
"129","Central Mich.","11/13/10","11","WILSON","CODY","3","13","0","13","0","","","","","","","3","13","13","126","1","","","","","","","","","1","5","0","","","","1","","","","","","","","","","","","6"
"129","Central Mich.","11/26/10","11","WILSON","CODY","2","4","5","-1","0","","","","","","","2","-1","10","109","0","","","","","","","","","","","","","","","","","","","","","","","","","","","0"
"129","Central Mich.","09/02/10","87","WILSON","JEREMY","","","","","","","","","","","","0","0","1","14","0","","","","","","","","","","","","","","","","","","","","","","","","","","","0"
"129","Central Mich.","09/09/10","87","WILSON","JEREMY","","","","","","","","","","","","0","0","1","3","0","","","","","","","","","","","","","","","","","","","","","","","","","","","0"
"129","Central Mich.","10/02/10","47","ZELINSKY","KYLE","","","","","","","","","","","","0","0","","","","","","","","","","","","","","","1","3","0","","","","","","","","","","","","","0"
"129","Central Mich.","11/26/10","47","ZELINSKY","KYLE","","","","","","","","","","","","0","0","","","","","","","","","","","","1","23","0","","","","","","","","","","","","","","","","0"
"140","Cincinnati","10/09/10","14","ANDERSON","CHAZZ","3","27","9","18","0","4","1","0","9","0","","7","27","","","","","","","","","","","","","","","","","","","","","","","","","","","","","","0"
"140","Cincinnati","10/22/10","14","ANDERSON","CHAZZ","3","5","9","-4","0","8","4","0","49","0","","11","45","","","","","","","","","","","","","","","","","","","","","","","","","","","","","","0"
"140","Cincinnati","10/30/10","14","ANDERSON","CHAZZ","13","74","8","66","0","33","18","1","148","1","","46","214","","","","","","","","","","","","","","","","","","","","","","","","","","","","","","0"
"140","Cincinnati","09/16/10","85","BARNETT","MARCUS","","","","","","","","","","","","0","0","5","61","1","","","","","","","","","","","","","","","1","","","","","","","","","","","","6"
"140","Cincinnati","09/25/10","85","BARNETT","MARCUS","","","","","","","","","","","","0","0","2","18","0","","","","","","","","","","","","","","","","","","","","","","","","","","","0"
"140","Cincinnati","10/15/10","85","BARNETT","MARCUS","","","","","","","","","","","","0","0","1","8","0","","","","","","","","","","","","","","","","","","","","","","","","","","","0"
"140","Cincinnati","10/22/10","85","BARNETT","MARCUS","","","","","","","","","","","","0","0","9","174","1","","","","","","","","","","","","","","","1","","","","","","","","","","","","6"
"140","Cincinnati","10/30/10","85","BARNETT","MARCUS","","","","","","","","","","","","0","0","4","28","0","","","","","","","","","","","","1","30","0","","","","","","","","","","","","","0"
"140","Cincinnati","11/13/10","85","BARNETT","MARCUS","","","","","","","","","","","","0","0","1","3","0","","","","","","","","","","","","","","","","","","","","","","","","","","","0"
"140","Cincinnati","11/27/10","85","BARNETT","MARCUS","","","","","","","","","","","","0","0","3","41","0","","","","","","","","","","","","","","","","","","","","","","","","","","","0"
"140","Cincinnati","09/04/10","80","BINNS","ARMON","","","","","","","","","","","","0","0","7","55","0","","","","","","","","","","","","","","","","","","","","","","","","","","","0"
"140","Cincinnati","09/11/10","80","BINNS","ARMON","","","","","","","","","","","","0","0","3","59","2","","","","","","","","","","","","","","","2","","","","","","","","","","","","12"
"140","Cincinnati","09/16/10","80","BINNS","ARMON","","","","","","","","","","","","0","0","6","95","0","","","","","","","","","","","","","","","","","","","","","","","","","","","0"
"140","Cincinnati","09/25/10","80","BINNS","ARMON","","","","","","","","","","","","0","0","3","26","0","","","","","","","","","","","","","","","","","","","","","","","","","","","0"
"140","Cincinnati","10/09/10","80","BINNS","ARMON","","","","","","","","","","","","0","0","5","115","2","","","","","","","","","","","","","","","2","","","","","","","","","","","","12"
"140","Cincinnati","10/15/10","80","BINNS","ARMON","","","","","","","","","","","","0","0","8","175","3","","","","","","","","","","","","","","","3","","","","","","","","","","","","18"
"140","Cincinnati","10/22/10","80","BINNS","ARMON","","","","","","","","","","","","0","0","12","158","2","","","","","","","","","","","","","","","2","","","","","","","","","","","","12"
"140","Cincinnati","10/30/10","80","BINNS","ARMON","","","","","","","","","","","","0","0","3","28","0","","","","","","","","","","","","","","","","","","","","","","","","","","","0"
"140","Cincinnati","11/13/10","80","BINNS","ARMON","","","","","","","","","","","","0","0","10","115","0","","","","","","","","","","","","","","","","","","","","","","","","","","","0"
"140","Cincinnati","11/20/10","80","BINNS","ARMON","","","","","","","","","","","","0","0","6","139","0","","","","","","","","","","","","","","","","","","","","","","","","","","","0"
"140","Cincinnati","11/27/10","80","BINNS","ARMON","","","","","","","","","","","","0","0","9","107","1","","","","","","","","","","","","","","","1","","","","","","","","","","","","6"
"140","Cincinnati","12/04/10","80","BINNS","ARMON","","","","","","","","","","","","0","0","3","29","0","","","","","","","","","","","","","","","","","","","","","","","","","","","0"
"140","Cincinnati","12/04/10","21","CHEATHAM","CAMERRON","","","","","","","","","","","","0","0","","","","1","1","0","","","","","","","","","","","","","","","","","","","","","","","","0"
"140","Cincinnati","09/04/10","12","COLLAROS","ZACH","18","49","71","-22","1","41","24","0","219","1","","59","197","","","","","","","","","","","","","","","","","","1","","","","","","","","","","","","6"
"140","Cincinnati","09/11/10","12","COLLAROS","ZACH","11","57","25","32","1","17","11","0","130","2","","28","162","","","","","","","","","","","","","","","","","","1","","","","","","","","","","","","6"
"140","Cincinnati","09/16/10","12","COLLAROS","ZACH","22","80","48","32","0","31","19","0","310","3","0","53","342","","","","","","","","","","","","","","","","","","","","","2","0","","","","","","","","0"
"140","Cincinnati","09/25/10","12","COLLAROS","ZACH","9","11","28","-17","0","38","23","1","305","3","","47","288","","","","","","","","","","","","","","","","","","","","","","","","","","","","","","0"
"140","Cincinnati","10/09/10","12","COLLAROS","ZACH","1","0","4","-4","0","17","14","0","216","3","","18","212","","","","","","","","","","","","","","","","","","","","","","","","","","","","","","0"
"140","Cincinnati","10/15/10","12","COLLAROS","ZACH","7","33","1","32","0","28","18","2","275","5","","35","307","","","","","","","","","","","","","","","","","","","","","","","","","","","","","","0"
"140","Cincinnati","10/22/10","12","COLLAROS","ZACH","10","54","27","27","0","53","30","1","463","3","","63","490","","","","","","","","","","1","35","","","","","","","","","","","","","","","","","","","0"
"140","Cincinnati","11/13/10","12","COLLAROS","ZACH","7","6","32","-26","0","45","25","2","221","0","","52","195","","","","","","","","","","","","","","","","","","","","","","","","","","","","","","0"
"140","Cincinnati","11/20/10","12","COLLAROS","ZACH","7","29","12","17","1","39","23","1","366","4","","46","383","","","","","","","","","","","","","","","","","","1","","","","","","","","","","","","6"
"140","Cincinnati","11/27/10","12","COLLAROS","ZACH","15","97","13","84","1","50","26","4","288","1","","65","372","","","","","","","","","","","","","","","","","","1","","","","","","","","","","","","6"
"140","Cincinnati","12/04/10","12","COLLAROS","ZACH","14","64","17","47","0","24","12","3","109","1","","38","156","","","","","","","","","","","","","","","","","","","","","","","","","","","","","","0"
"140","Cincinnati","10/09/10","25","FEARING","","2","6","0","6","0","","","","","","","2","6","","","","","","","","","","","","","","","","","","","","","","","","","","","","","","0"
"140","Cincinnati","11/20/10","26","FREY","DREW","","","","","","","","","","","","0","0","","","","1","15","0","","","","","","","","","","","","","","","","","","","","","","","","0"
"140","Cincinnati","11/27/10","26","FREY","DREW","","","","","","","","","","","","0","0","","","","1","0","0","","","","","","","","","","","","","","","","","","","","","","","","0"
"140","Cincinnati","09/11/10","22","GOEBEL","JOHN","9","75","0","75","2","","","","","","","9","75","1","8","0","","","","","","","","","","","","1","15","0","2","","","","","","","","","","","","12"
"140","Cincinnati","09/16/10","22","GOEBEL","JOHN","3","19","0","19","0","","","","","","","3","19","","","","","","","","","","","","","","","","","","","","","","","","","","","","","","0"
"140","Cincinnati","09/25/10","22","GOEBEL","JOHN","1","4","0","4","0","","","","","","","1","4","1","4","1","","","","","","","","","","","","","","","1","","","","","","","","","","","","6"
"140","Cincinnati","10/09/10","22","GOEBEL","JOHN","10","69","1","68","1","","","","","","","10","68","","","","","","","","","","","","","","","","","","1","","","","","","","","","","","","6"
"140","Cincinnati","10/15/10","22","GOEBEL","JOHN","2","6","0","6","0","","","","","","","2","6","","","","","","","","","","","","","","","","","","","","","","","","","","","","","","0"
"140","Cincinnati","10/22/10","22","GOEBEL","JOHN","1","7","0","7","0","","","","","","","1","7","","","","","","","","","","","","","","","","","","","","","","","","","","","","","","0"
"140","Cincinnati","10/30/10","22","GOEBEL","JOHN","2","4","0","4","0","","","","","","","2","4","2","6","0","","","","","","","","","","","","","","","","","","","","","","","","","","","0"
"140","Cincinnati","11/13/10","22","GOEBEL","JOHN","1","8","0","8","0","","","","","","","1","8","1","-1","0","","","","","","","","","","","","","","","","","","","","","","","","","","","0"
"140","Cincinnati","11/20/10","22","GOEBEL","JOHN","1","0","1","-1","0","","","","","","","1","-1","","","","","","","","","","","","","","","2","26","0","","","","","","","","","","","","","0"
"140","Cincinnati","11/27/10","22","GOEBEL","JOHN","1","4","0","4","0","","","","","","","1","4","","","","","","","","","","","","","","","1","20","0","","","","","","","","","","","","","0"
"140","Cincinnati","12/04/10","22","GOEBEL","JOHN","2","2","0","2","0","","","","","","","2","2","","","","","","","","","","","","","","","","","","","","","","","","","","","","","","0"
"140","Cincinnati","09/04/10","19","GUIDUGLI","BEN","","","","","","","","","","","","0","0","1","1","0","","","","","","","","","","","","","","","","","","","","","","","","","","","0"
"140","Cincinnati","09/11/10","19","GUIDUGLI","BEN","","","","","","","","","","","","0","0","2","17","0","","","","","","","","","","","","","","","","","","","","","","","","","","","0"
"140","Cincinnati","09/16/10","19","GUIDUGLI","BEN","","","","","","","","","","","","0","0","1","3","0","","","","","","","","","","","","","","","","","","","","","","","","","","","0"
"140","Cincinnati","10/09/10","19","GUIDUGLI","BEN","","","","","","","","","","","","0","0","4","47","1","","","","","","","","","","","","","","","1","","","","","","","","","","","","6"
"140","Cincinnati","10/15/10","19","GUIDUGLI","BEN","","","","","","","","","","","","0","0","4","26","0","","","","","","","","","","","","","","","","","","","","","","","","","","","0"
"140","Cincinnati","10/22/10","19","GUIDUGLI","BEN","","","","","","","","","","","","0","0","2","16","0","","","","","","","","","","","","","","","","","","","","","","","","","","","0"
"140","Cincinnati","11/13/10","19","GUIDUGLI","BEN","","","","","","","","","","","","0","0","2","25","0","","","","","","","","","","","","","","","","","","","","","","","","","","","0"
"140","Cincinnati","11/20/10","19","GUIDUGLI","BEN","","","","","","","","","","","","0","0","2","19","1","","","","","","","","","","","","","","","1","","","","","","","","","","","","6"
"140","Cincinnati","11/27/10","19","GUIDUGLI","BEN","","","","","","","","","","","","0","0","5","40","0","","","","","","","","","","","","","","","","","","","","","","","","","","","0"
"140","Cincinnati","12/04/10","19","GUIDUGLI","BEN","","","","","","","","","","","","0","0","1","3","0","","","","","","","","","","","","","","","","","","","","","","","","","","","0"
"140","Cincinnati","09/04/10","7","HAZELTON","VIDAL","","","","","","","","","","","","0","0","6","63","0","","","","","","","","","","","","3","41","0","","","","","","","","","","","","","0"
"140","Cincinnati","10/30/10","5","JOHNSON","REUBEN","","","","","","","","","","","","0","0","","","","1","9","0","","","","","","","","","","","","","","","","","","","","","","","","0"
"140","Cincinnati","10/30/10","11","KAY","BRENDON","2","14","0","14","0","6","3","0","20","0","","8","34","","","","","","","","","","","","","","","","","","","","","","","","","","","","","","0"
"140","Cincinnati","09/04/10","13","LAMBERT","PATRICK","","","","","","","","","","","","0","0","","","","1","0","0","","","","","","","","","","","","","","","","","","","","","","","","0"
"140","Cincinnati","12/04/10","4L","LEGAUX","","","","","","","","","","","","","0","0","1","18","0","","","","","","","","","","","","","","","","","","","","","","","","","","","0"
"140","Cincinnati","09/25/10","17","MCCLUNG","ANTHONY","","","","","","","","","","","","0","0","4","58","0","","","","","","","","","","","","","","","","","","","","","","","","","","","0"
"140","Cincinnati","10/15/10","17","MCCLUNG","ANTHONY","","","","","","","","","","","","0","0","1","5","0","","","","","","","","","","","","1","18","0","","","","","","","","","","","","","0"
"140","Cincinnati","10/22/10","17","MCCLUNG","ANTHONY","","","","","","","","","","","","0","0","","","","","","","","","","","","","","","1","26","0","","","","","","","","","","","","","0"
"140","Cincinnati","10/30/10","17","MCCLUNG","ANTHONY","","","","","","","","","","","","0","0","","","","","","","","","","","","","","","1","28","0","","","","","","","","","","","","","0"
"140","Cincinnati","11/13/10","17","MCCLUNG","ANTHONY","","","","","","","","","","","","0","0","4","28","0","","","","","","","","","","","","","","","","","","","","","","","","","","","0"
"140","Cincinnati","11/20/10","17","MCCLUNG","ANTHONY","","","","","","","","","","","","0","0","4","36","1","","","","","","","","","1","6","0","","","","1","","","","","","","","","","","","6"
"140","Cincinnati","11/27/10","17","MCCLUNG","ANTHONY","","","","","","","","","","","","0","0","5","46","0","","","","","","","","","","","","5","81","0","","","","","","","","","","","","","0"
"140","Cincinnati","12/04/10","17","MCCLUNG","ANTHONY","","","","","","","","","","","","0","0","4","44","1","","","","","","","","","","","","3","45","0","1","","","","","","","","","","","","6"
"140","Cincinnati","09/04/10","34","O'DONNELL","PATRICK","","","","","","","","","","","","0","0","","","","","","","","","","8","304","","","","","","","","","","","","","","","","","","","0"
"140","Cincinnati","09/11/10","34","O'DONNELL","PATRICK","","","","","","","","","","","","0","0","","","","","","","","","","4","173","","","","","","","","","","","","","","","","","","","0"
"140","Cincinnati","09/16/10","34","O'DONNELL","PATRICK","","","","","","","","","","","","0","0","","","","","","","","","","6","243","","","","","","","","","","","","","","","","","","","0"
"140","Cincinnati","09/25/10","34","O'DONNELL","PATRICK","","","","","","","","","","","","0","0","","","","","","","","","","6","295","","","","","","","","","","","","","","","","","","","0"
"140","Cincinnati","10/09/10","34","O'DONNELL","PATRICK","","","","","","","","","","","","0","0","","","","","","","","","","3","132","","","","","","","","","","","","","","","","","","","0"
"140","Cincinnati","10/15/10","34","O'DONNELL","PATRICK","","","","","","","","","","","","0","0","","","","","","","","","","2","89","","","","","","","","","","","","","","","","","","","0"
"140","Cincinnati","10/22/10","34","O'DONNELL","PATRICK","","","","","","","","","","","","0","0","","","","","","","","","","1","41","","","","","","","","","","","","","","","","","","","0"
"140","Cincinnati","10/30/10","34","O'DONNELL","PATRICK","","","","","","","","","","","","0","0","","","","","","","","","","5","214","","","","","","","","","","","","","","","","","","","0"
"140","Cincinnati","11/13/10","34","O'DONNELL","PATRICK","","","","","","","","","","","","0","0","","","","","","","","","","8","326","","","","","","","","","","","","","","","","","","","0"
"140","Cincinnati","11/20/10","34","O'DONNELL","PATRICK","","","","","","","","","","","","0","0","","","","","","","","","","3","119","","","","","","","","","","","","","","","","","","","0"
"140","Cincinnati","11/27/10","34","O'DONNELL","PATRICK","","","","","","","","","","","","0","0","","","","","","","","","","2","86","","","","","","","","","","","","","","","","","","","0"
"140","Cincinnati","12/04/10","34","O'DONNELL","PATRICK","","","","","","","","","","","","0","0","","","","","","","","","","4","156","","","","","","","","","","","","","","","","","","","0"
"140","Cincinnati","09/04/10","23","PEAD","ISAIAH","10","36","0","36","0","","","","","","","10","36","4","28","0","","","","","","","","","","","","","","","","","","","","","","","","","","","0"
"140","Cincinnati","09/25/10","23","PEAD","ISAIAH","21","171","2","169","0","","","","","","","21","169","4","9","0","","","","","","","","","","","","","","","","","","","","","","","","","","","0"
"140","Cincinnati","10/09/10","23","PEAD","ISAIAH","10","199","2","197","1","","","","","","","10","197","","","","","","","","","","","","","","","","","","1","","","","","","","","","","","","6"
"140","Cincinnati","10/15/10","23","PEAD","ISAIAH","21","148","3","145","0","","","","","","","21","145","2","0","0","","","","","","","","","","","","","","","","","","","","","","","","","","","0"
"140","Cincinnati","10/22/10","23","PEAD","ISAIAH","15","52","4","48","0","","","","","","","15","48","2","27","0","","","","","","","","","","","","","","","","","","","","","","","","","","","0"
"140","Cincinnati","10/30/10","23","PEAD","ISAIAH","11","31","8","23","0","","","","","","","11","23","4","28","0","","","","","","","","","","","","","","","","","","","","","","","","","","","0"
"140","Cincinnati","11/13/10","23","PEAD","ISAIAH","8","78","0","78","1","","","","","","","8","78","4","19","0","","","","","","","","","","","","","","","1","","","","","","","","","","","","6"
"140","Cincinnati","11/20/10","23","PEAD","ISAIAH","31","222","9","213","4","","","","","","","31","213","2","36","1","","","","","","","","","","","","","","","5","","","","","","","","","","","","30"
"140","Cincinnati","11/27/10","23","PEAD","ISAIAH","11","25","2","23","0","","","","","","","11","23","2","36","0","","","","","","","","","","","","","","","","","","","","","","","","","","","0"
"140","Cincinnati","12/04/10","23","PEAD","ISAIAH","19","101","4","97","0","","","","","","","19","97","2","7","0","","","","","","","","","","","","","","","","","","","","","","","","","","","0"
"140","Cincinnati","11/20/10","24","RICHARDSON","WESLEY","","","","","","","","","","","","0","0","","","","1","0","0","","","","","","","","","","","","","","","","","","","","","","","","0"
"140","Cincinnati","09/25/10","88","ROBINSON","ADRIEN","","","","","","","","","","","","0","0","2","19","1","","","","","","","","","","","","","","","1","","","","","","","","","","","","6"
"140","Cincinnati","10/30/10","88","ROBINSON","ADRIEN","","","","","","","","","","","","0","0","1","7","0","","","","","","","","","","","","","","","","","","","","","","","","","","","0"
"140","Cincinnati","11/20/10","88","ROBINSON","ADRIEN","","","","","","","","","","","","0","0","3","39","0","","","","","","","","","","","","","","","","","","","","","","","","","","","0"
"140","Cincinnati","09/04/10","97","ROGERS","JACOB","","","","","","","","","","","","0","0","","","","","","","","","","","","","","","","","","","2","2","0","0","","","","","1","0","","2"
"140","Cincinnati","09/11/10","97","ROGERS","JACOB","","","","","","","","","","","","0","0","","","","","","","","","","","","","","","","","","","5","5","0","0","","","","","1","1","","8"
"140","Cincinnati","09/16/10","97","ROGERS","JACOB","","","","","","","","","","","","0","0","","","","","","","","","","","","","","","","","","","1","1","0","0","","","","","1","0","","1"
"140","Cincinnati","09/25/10","97","ROGERS","JACOB","","","","","","","","","","","","0","0","","","","","","","","","","","","","","","","","","","3","2","0","0","","","","","3","3","","11"
"140","Cincinnati","10/09/10","97","ROGERS","JACOB","","","","","","","","","","","","0","0","","","","","","","","","","","","","","","","","","","6","6","0","0","","","","","1","1","","9"
"140","Cincinnati","10/15/10","97","ROGERS","JACOB","","","","","","","","","","","","0","0","","","","","","","","","","","","","","","","","","","5","5","0","0","","","","","","","","5"
"140","Cincinnati","10/22/10","97","ROGERS","JACOB","","","","","","","","","","","","0","0","","","","","","","","","","","","","","","","","","","3","3","0","0","","","","","3","3","","12"
"140","Cincinnati","10/30/10","97","ROGERS","JACOB","","","","","","","","","","","","0","0","","","","","","","","","","","","","","","","","","","1","1","0","0","","","","","","","","1"
"140","Cincinnati","11/13/10","97","ROGERS","JACOB","","","","","","","","","","","","0","0","","","","","","","","","","","","","","","","","","","1","1","0","0","","","","","1","1","","4"
"140","Cincinnati","11/20/10","97","ROGERS","JACOB","","","","","","","","","","","","0","0","","","","","","","","","","","","","","","","","","","10","9","0","0","","","","","","","","9"
"140","Cincinnati","11/27/10","97","ROGERS","JACOB","","","","","","","","","","","","0","0","","","","","","","","","","","","","","","","","","","2","2","0","0","","","","","2","1","","5"
"140","Cincinnati","12/04/10","97","ROGERS","JACOB","","","","","","","","","","","","0","0","","","","","","","","","","","","","","","","","","","1","1","0","0","","","","","1","1","","4"
"140","Cincinnati","09/25/10","37","SCHAFFER","JK","","","","","","","","","","","","0","0","","","","1","0","0","","","","","","","","","","","","","","","","","","","","","","","","0"
"140","Cincinnati","09/04/10","10","WILLIAMS","DARRIN","1","3","0","3","0","","","","","","","1","3","","","","","","","","","","","","","","","","","","","","","","","","","","","","","","0"
"140","Cincinnati","09/11/10","10","WILLIAMS","DARRIN","13","118","1","117","0","","","","","","","13","117","","","","","","","","","","","","","","","1","17","0","","","","","","","","","","","","","0"
"140","Cincinnati","09/16/10","10","WILLIAMS","DARRIN","6","24","0","24","0","","","","","","","6","24","1","5","0","","","","","","","","","","","","6","104","0","","","","","","","","","","","","","0"
"140","Cincinnati","09/25/10","10","WILLIAMS","DARRIN","","","","","","","","","","","","0","0","","","","","","","","","","","","","","","1","12","0","","","","","","","","","","","","","0"
"140","Cincinnati","09/11/10","32","WINN","GEORGE","11","52","4","48","0","","","","","","","11","48","","","","","","","","","","","","","","","","","","","","","","","","","","","","","","0"
"140","Cincinnati","10/09/10","32","WINN","GEORGE","19","87","6","81","0","","","","","","","19","81","","","","","","","","","","","","","","","","","","","","","","","","","","","","","","0"
"140","Cincinnati","10/30/10","32","WINN","GEORGE","","","","","","","","","","","","0","0","1","6","0","","","","","","","","","","","","","","","","","","","","","","","","","","","0"
"140","Cincinnati","11/20/10","32","WINN","GEORGE","3","16","0","16","0","","","","","","","3","16","","","","","","","","","","","","","","","","","","","","","","","","","","","","","","0"
"140","Cincinnati","10/09/10","84","WOODARD","ORION","","","","","","","","","","","","0","0","1","9","0","","","","","","","","","","","","","","","","","","","","","","","","","","","0"
"140","Cincinnati","10/30/10","84","WOODARD","ORION","","","","","","","","","","","","0","0","1","9","0","","","","","","","","","","","","","","","","","","","","","","","","","","","0"
"140","Cincinnati","09/04/10","3","WOODS","DJ","2","12","4","8","0","","","","","","","2","8","6","72","1","","","","","","","","","1","0","0","1","37","0","1","","","","","","","","","","","","6"
"140","Cincinnati","09/11/10","3","WOODS","DJ","","","","","","","","","","","","0","0","5","46","0","","","","","","","","","3","32","0","1","18","0","","","","","","","","","","","","","0"
"140","Cincinnati","09/16/10","3","WOODS","DJ","","","","","","","","","","","","0","0","6","146","2","","","","","","","","","1","-2","0","","","","2","","","","","","","","","","","","12"
"140","Cincinnati","09/25/10","3","WOODS","DJ","1","0","0","0","0","","","","","","","1","0","7","171","1","","","","","","","","","3","39","0","4","73","0","1","","","","","","","","","","","","6"
"140","Cincinnati","10/09/10","3","WOODS","DJ","1","18","0","18","1","","","","","","","1","18","5","54","0","","","","","","","","","2","19","0","2","73","0","1","","","","","","","","","","","","6"
"140","Cincinnati","10/15/10","3","WOODS","DJ","1","0","1","-1","0","","","","","","","1","-1","2","61","2","","","","","","","","","","","","5","80","0","2","","","","","","","","","","","","12"
"140","Cincinnati","10/22/10","3","WOODS","DJ","","","","","","","","","","","","0","0","9","137","0","","","","","","","","","1","5","0","3","69","0","","","","","","","","","","","","","0"
"140","Cincinnati","10/30/10","3","WOODS","DJ","1","2","0","2","0","","","","","","","1","2","5","56","1","","","","","","","","","1","20","0","4","96","0","1","","","","","","","","","","","","6"
"140","Cincinnati","11/13/10","3","WOODS","DJ","","","","","","","","","","","","0","0","3","32","0","","","","","","","","","","","","6","135","0","","","","","","","","","","","","","0"
"140","Cincinnati","11/20/10","3","WOODS","DJ","4","57","7","50","1","","","","","","","4","50","6","97","1","","","","","","","","","3","16","0","5","128","0","2","","","","","","","","","","","","12"
"140","Cincinnati","11/27/10","3","WOODS","DJ","","","","","","","","","","","","0","0","2","18","0","","","","","","","","","3","17","0","","","","","","","","","","","","","","","","0"
"140","Cincinnati","12/04/10","3","WOODS","DJ","1","10","0","10","0","","","","","","","1","10","1","8","0","","","","","","","","","1","0","0","1","19","0","","","","","","","","","","","","","0"
"147","Clemson","09/04/10","83","ALLEN","DWAYNE","","","","","","","","","","","","0","0","1","24","0","","","","","","","","","","","","","","","","","","","","","","","","","","","0"
"147","Clemson","09/11/10","83","ALLEN","DWAYNE","","","","","","","","","","","","0","0","2","66","1","","","","","","","","","","","","","","","1","","","","","","","","","","","","6"
"147","Clemson","09/18/10","83","ALLEN","DWAYNE","","","","","","","","","","","","0","0","5","66","0","","","","","","","","","","","","","","","","","","","","","","","","","","","0"
"147","Clemson","10/02/10","83","ALLEN","DWAYNE","","","","","","","","","","","","0","0","3","24","0","","","","","","","","","","","","","","","","","","","","","","","","","","","0"
"147","Clemson","10/09/10","83","ALLEN","DWAYNE","","","","","","","","","","","","0","0","7","55","0","","","","","","","","","","","","","","","","","","","","","","","","","","","0"
"147","Clemson","10/16/10","83","ALLEN","DWAYNE","","","","","","","","","","","","0","0","1","24","0","","","","","","","","","","","","","","","","","","","","","","","","","","","0"
"147","Clemson","10/23/10","83","ALLEN","DWAYNE","","","","","","","","","","","","0","0","1","10","0","","","","","","","","","","","","","","","","","","","","","","","","","","","0"
"147","Clemson","10/30/10","83","ALLEN","DWAYNE","","","","","","","","","","","","0","0","7","57","0","","","","","","","","","","","","","","","","","","","","","","","","","","","0"
"147","Clemson","11/06/10","83","ALLEN","DWAYNE","","","","","","","","","","","","0","0","2","13","0","","","","","","","","","","","","","","","","","","","","","","","","","","","0"
"147","Clemson","11/13/10","83","ALLEN","DWAYNE","","","","","","","","","","","","0","0","1","11","0","","","","","","","","","","","","","","","","","","","","","","","","","","","0"
"147","Clemson","11/20/10","83","ALLEN","DWAYNE","","","","","","","","","","","","0","0","1","6","0","","","","","","","","","","","","","","","","","","","","","","","","","","","0"
"147","Clemson","12/31/10","83","ALLEN","DWAYNE","","","","","","","","","","","","0","0","2","17","0","","","","","","","","","","","","","","","","","","","","","","","","","","","0"
"147","Clemson","09/11/10","87","ASHE","TERRANCE","","","","","","","","","","","","0","0","1","43","0","","","","","","","","","","","","","","","","","","","","","","","","","","","0"
"147","Clemson","09/11/10","45","BARNES","DANIEL","11","79","0","79","0","","","","","","","11","79","1","11","1","","","","","","","","","","","","","","","1","","","","","","","","","","","","6"
"147","Clemson","11/20/10","45","BARNES","DANIEL","3","12","0","12","0","","","","","","","3","12","","","","","","","","","","","","","","","","","","","","","","","","","","","","","","0"
"147","Clemson","09/11/10","13","BENTON","SPENCER","","","","","","","","","","","","0","0","","","","","","","","","","","","","","","","","","","2","1","0","0","","","","","","","","1"
"147","Clemson","11/13/10","93","BOWERS","DA'QUAN","","","","","","","","","","","","0","0","","","","1","0","0","","","","","","","","","","","","","","","","","","","","","","","","0"
"147","Clemson","09/04/10","10","BOYD","TAJH","","","","","","4","1","0","7","0","","4","7","","","","","","","","","","","","","","","","","","","","","","","","","","","","","","0"
"147","Clemson","09/11/10","10","BOYD","TAJH","6","25","0","25","1","9","4","1","87","2","","15","112","","","","","","","","","","","","","","","","","","1","","","","","","","","","","","","6"
"147","Clemson","10/16/10","10","BOYD","TAJH","1","7","0","7","0","1","1","0","13","0","","2","20","","","","","","","","","","","","","","","","","","","","","","","","","","","","","","0"
"147","Clemson","11/06/10","10","BOYD","TAJH","2","5","0","5","0","","","","","","","2","5","","","","","","","","","","","","","","","","","","","","","","","","","","","","","","0"
"147","Clemson","11/20/10","10","BOYD","TAJH","3","19","6","13","0","8","4","1","37","0","","11","50","","","","","","","","","","","","","","","","","","","","","","","","","","","","","","0"
"147","Clemson","11/27/10","10","BOYD","TAJH","8","4","22","-18","0","18","10","0","73","0","","26","55","","","","","","","","","","","","","","","","","","","","","","","","","","","","","","0"
"147","Clemson","12/31/10","10","BOYD","TAJH","3","4","3","1","0","23","13","1","112","2","0","26","113","","","","","","","","","","","","","","","","","","","","","1","0","","","","","","","","0"
"147","Clemson","09/18/10","29","BREWER","XAVIER","","","","","","","","","","","","0","0","","","","1","0","0","","","","","","","","","","","","","","","","","","","","","","","","0"
"147","Clemson","10/16/10","29","BREWER","XAVIER","","","","","","","","","","","","0","0","","","","1","61","1","","","","","","","","","","","","1","","","","","","","","","","","","6"
"147","Clemson","09/04/10","18","BROWN","JARON","1","18","0","18","0","","","","","","","1","18","2","14","0","","","","","","","","","","","","","","","","","","","","","","","","","","","0"
"147","Clemson","09/11/10","18","BROWN","JARON","1","23","0","23","0","","","","","","","1","23","1","8","1","","","","","","","","","","","","","","","1","","","","","","","","","","","","6"
"147","Clemson","09/18/10","18","BROWN","JARON","1","6","0","6","0","","","","","","","1","6","1","4","0","","","","","","","","","","","","","","","","","","","","","","","","","","","0"
"147","Clemson","10/02/10","18","BROWN","JARON","","","","","","","","","","","","0","0","1","23","0","","","","","","","","","","","","","","","","","","","","","","","","","","","0"
"147","Clemson","10/09/10","18","BROWN","JARON","","","","","","","","","","","","0","0","4","107","1","","","","","","","","","","","","","","","1","","","","","","","","","","","","6"
"147","Clemson","10/16/10","18","BROWN","JARON","","","","","","","","","","","","0","0","1","20","0","","","","","","","","","3","52","0","","","","","","","","","","","","","","","","0"
"147","Clemson","10/23/10","18","BROWN","JARON","2","12","0","12","0","","","","","","","2","12","3","39","0","","","","","","","","","","","","","","","","","","","","","","","","","","","0"
"147","Clemson","10/30/10","18","BROWN","JARON","1","1","0","1","0","","","","","","","1","1","3","15","0","","","","","","","","","","","","","","","","","","","","","","","","","","","0"
"147","Clemson","11/13/10","18","BROWN","JARON","","","","","","","","","","","","0","0","4","33","0","","","","","","","","","","","","","","","","","","","","","","","","","","","0"
"147","Clemson","11/20/10","18","BROWN","JARON","1","4","0","4","0","","","","","","","1","4","5","93","1","","","","","","","","","","","","","","","1","","","","","","","","","","","","6"
"147","Clemson","11/27/10","18","BROWN","JARON","","","","","","","","","","","","0","0","3","28","0","","","","","","","","","","","","","","","","","","","","","","","","","","","0"
"147","Clemson","12/31/10","18","BROWN","JARON","1","0","1","-1","0","","","","","","","1","-1","4","21","0","","","","","","","","","","","","","","","","","","","","","","","","","","","0"
"147","Clemson","09/11/10","90","BROWN","KOURTNEI","","","","","","","","","","","","0","0","","","","","","","","","","","","1","9","0","","","","","","","","","","","","","","","","0"
"147","Clemson","09/04/10","39","CATANZARO","CHANDLER","","","","","","","","","","","","0","0","","","","","","","","","","","","","","","","","","","5","5","0","0","","","","","","","","5"
"147","Clemson","09/11/10","39","CATANZARO","CHANDLER","","","","","","","","","","","","0","0","","","","","","","","","","","","","","","","","","","6","6","0","0","","","","","1","1","","9"
"147","Clemson","09/18/10","39","CATANZARO","CHANDLER","","","","","","","","","","","","0","0","","","","","","","","","","","","","","","","","","","3","3","0","0","","","","","2","1","","6"
"147","Clemson","10/02/10","39","CATANZARO","CHANDLER","","","","","","","","","","","","0","0","","","","","","","","","","","","","","","","","","","3","3","0","0","","","","","","","","3"
"147","Clemson","10/09/10","39","CATANZARO","CHANDLER","","","","","","","","","","","","0","0","","","","","","","","","","","","","","","","","","","1","1","0","0","","","","","2","1","","4"
"147","Clemson","10/16/10","39","CATANZARO","CHANDLER","","","","","","","","","","","","0","0","","","","","","","","","","","","","","","","","","","4","4","0","0","","","","","1","1","","7"
"147","Clemson","10/23/10","39","CATANZARO","CHANDLER","","","","","","","","","","","","0","0","","","","","","","","","","","","","","","","","","","3","3","0","0","","","","","3","2","","9"
"147","Clemson","10/30/10","39","CATANZARO","CHANDLER","","","","","","","","","","","","0","0","","","","","","","","","","","","","","","","","","","1","1","0","0","","","","","3","1","","4"
"147","Clemson","11/06/10","39","CATANZARO","CHANDLER","","","","","","","","","","","","0","0","","","","","","","","","","","","","","","","","","","1","1","0","0","","","","","","","","1"
"147","Clemson","11/13/10","39","CATANZARO","CHANDLER","","","","","","","","","","","","0","0","","","","","","","","","","","","","","","","","","","1","1","0","0","","","","","4","2","","7"
"147","Clemson","11/20/10","39","CATANZARO","CHANDLER","","","","","","","","","","","","0","0","","","","","","","","","","","","","","","","","","","3","3","0","0","","","","","3","3","","12"
"147","Clemson","11/27/10","39","CATANZARO","CHANDLER","","","","","","","","","","","","0","0","","","","","","","","","","","","","","","","","","","1","1","0","0","","","","","","","","1"
"147","Clemson","12/31/10","39","CATANZARO","CHANDLER","","","","","","","","","","","","0","0","","","","","","","","","","","","","","","","","","","2","2","0","0","","","","","3","2","","8"
"147","Clemson","09/04/10","85","CLEAR","BRANDON","","","","","","","","","","","","0","0","1","70","1","","","","","","","","","","","","","","","1","","","","","","","","","","","","6"
"147","Clemson","09/11/10","85","CLEAR","BRANDON","","","","","","","","","","","","0","0","1","29","0","","","","","","","","","0","4","0","","","","","","","","","","","","","","","","0"
"147","Clemson","11/20/10","85","CLEAR","BRANDON","","","","","","","","","","","","0","0","1","7","0","","","","","","","","","","","","","","","","","","","","","","","","","","","0"
"147","Clemson","09/11/10","30","DIEHL","CHAD","1","3","0","3","0","","","","","","","1","3","","","","","","","","","","","","","","","","","","","","","","","","","","","","","","0"
"147","Clemson","10/02/10","30","DIEHL","CHAD","","","","","","","","","","","","0","0","","","","","","","","","","","","","","","1","13","0","","","","","","","","","","","","","0"
"147","Clemson","10/16/10","30","DIEHL","CHAD","1","1","0","1","0","","","","","","","1","1","","","","","","","","","","","","","","","","","","","","","","","","","","","","","","0"
"147","Clemson","10/23/10","30","DIEHL","CHAD","","","","","","","","","","","","0","0","2","8","0","","","","","","","","","","","","","","","","","","","","","","","","","","","0"
"147","Clemson","11/13/10","30","DIEHL","CHAD","","","","","","","","","","","","0","0","1","4","0","","","","","","","","","","","","","","","","","","","","","","","","","","","0"
"147","Clemson","11/27/10","30","DIEHL","CHAD","","","","","","","","","","","","0","0","1","1","0","","","","","","","","","","","","","","","","","","","","","","","","","","","0"
"147","Clemson","09/18/10","21","DYE","XAVIER","","","","","","","","","","","","0","0","2","27","0","","","","","","","","","","","","","","","","","","","","","","","","","","","0"
"147","Clemson","11/20/10","21","DYE","XAVIER","","","","","","","","","","","","0","0","1","18","0","","","","","","","","","","","","","","","","","","","","","","","","","","","0"
"147","Clemson","11/27/10","21","DYE","XAVIER","","","","","","","","","","","","0","0","1","6","0","","","","","","","","","","","","","","","","","","","","","","","","","","","0"
"147","Clemson","09/04/10","23","ELLINGTON","ANDRE","12","122","0","122","2","","","","","","","12","122","1","3","0","","","","","","","","","","","","","","","2","","","","","","","","","","","","12"
"147","Clemson","09/11/10","23","ELLINGTON","ANDRE","3","11","0","11","1","","","","","","","3","11","","","","","","","","","","","","","","","","","","1","","","","","","","","","","","","6"
"147","Clemson","09/18/10","23","ELLINGTON","ANDRE","22","141","1","140","1","","","","","","","22","140","4","48","0","","","","","","","","","","","","","","","1","","","","","","","","","","","","6"
"147","Clemson","10/02/10","23","ELLINGTON","ANDRE","17","120","13","107","3","","","","","","","17","107","3","39","0","","","","","","","","","","","","","","","3","","","","","","","","","","","","18"
"147","Clemson","10/09/10","23","ELLINGTON","ANDRE","12","55","0","55","0","","","","","","","12","55","1","-2","0","","","","","","","","","","","","","","","","","","","","","","","","","","","0"
"147","Clemson","10/16/10","23","ELLINGTON","ANDRE","16","46","5","41","1","","","","","","","16","41","","","","","","","","","","","","","","","2","122","1","2","","","","","","","","","","","","12"
"147","Clemson","10/23/10","23","ELLINGTON","ANDRE","20","170","4","166","2","","","","","","","20","166","2","12","1","","","","","","","","","","","","3","79","0","3","","","","","","","","","","","","18"
"147","Clemson","10/30/10","23","ELLINGTON","ANDRE","15","53","9","44","0","","","","","","","15","44","1","9","0","","","","","","","","","","","","2","37","0","","","","","","","","","","","","","0"
"147","Clemson","11/27/10","23","ELLINGTON","ANDRE","1","0","0","0","0","","","","","","","1","0","","","","","","","","","","","","","","","","","","","","","","","","","","","","","","0"
"147","Clemson","10/23/10","80","FORD","BRANDON","","","","","","","","","","","","0","0","1","5","0","","","","","","","","","","","","","","","","","","","","","","","","","","","0"
"147","Clemson","10/30/10","80","FORD","BRANDON","","","","","","","","","","","","0","0","2","14","0","","","","","","","","","","","","","","","","","","","","","","","","","","","0"
"147","Clemson","11/06/10","80","FORD","BRANDON","","","","","","","","","","","","0","0","1","7","0","","","","","","","","","","","","","","","","","","","","","","","","","","","0"
"147","Clemson","11/13/10","80","FORD","BRANDON","","","","","","","","","","","","0","0","1","5","0","","","","","","","","","","","","","","","","","","","","","","","","","","","0"
"147","Clemson","11/27/10","80","FORD","BRANDON","","","","","","","","","","","","0","0","1","2","0","","","","","","","","","","","","","","","","","","","","","","","","","","","0"
"147","Clemson","12/31/10","80","FORD","BRANDON","","","","","","","","","","","","0","0","4","45","2","","","","","","","","","","","","","","","2","","","","","","","","","","","","12"
"147","Clemson","09/04/10","12","GILCHRIST","MARCUS","","","","","","","","","","","","0","0","","","","","","","","","","","","2","41","0","2","58","0","","","","","","","","","","","","","0"
"147","Clemson","09/11/10","12","GILCHRIST","MARCUS","","","","","","","","","","","","0","0","","","","","","","","","","","","2","54","0","","","","","","","","","","","","","","","","0"
"147","Clemson","09/18/10","12","GILCHRIST","MARCUS","","","","","","","","","","","","0","0","","","","","","","","","","","","2","15","0","2","35","0","","","","","","","","","","","","","0"
"147","Clemson","10/02/10","12","GILCHRIST","MARCUS","","","","","","","","","","","","0","0","","","","1","0","0","","","","","","3","44","0","2","73","0","","","","","","","","","","","","","0"
"147","Clemson","10/09/10","12","GILCHRIST","MARCUS","","","","","","","","","","","","0","0","","","","","","","","","","","","3","2","0","2","32","0","","","","","","","","","","","","","0"
"147","Clemson","10/23/10","12","GILCHRIST","MARCUS","","","","","","","","","","","","0","0","","","","","","","","","","","","2","29","0","","","","","","","","","","","","","","","","0"
"147","Clemson","10/30/10","12","GILCHRIST","MARCUS","","","","","","","","","","","","0","0","","","","","","","","","","","","1","3","0","","","","","","","","","","","","","","","","0"
"147","Clemson","11/06/10","12","GILCHRIST","MARCUS","","","","","","","","","","","","0","0","","","","","","","","","","","","1","8","0","3","113","0","","","","","","","","","","","","","0"
"147","Clemson","11/13/10","12","GILCHRIST","MARCUS","","","","","","","","","","","","0","0","","","","","","","","","","","","2","9","0","2","34","0","","","","","","","","","","","","","0"
"147","Clemson","11/20/10","12","GILCHRIST","MARCUS","","","","","","","","","","","","0","0","","","","","","","","","","","","1","2","0","3","73","0","","","","","","","","","","","","","0"
"147","Clemson","11/27/10","12","GILCHRIST","MARCUS","","","","","","","","","","","","0","0","","","","","","","","","","","","4","26","0","6","139","0","","","","","","","","","","","","","0"
"147","Clemson","12/31/10","12","GILCHRIST","MARCUS","","","","","","","","","","","","0","0","","","","","","","","","","","","","","","5","82","0","","","","","","","","","","","","","0"
"147","Clemson","10/02/10","31","HALL","RASHARD","","","","","","","","","","","","0","0","","","","1","0","0","","","","","","","","","","","","","","","","","","","","","","","","0"
"147","Clemson","10/30/10","31","HALL","RASHARD","","","","","","","","","","","","0","0","","","","1","52","1","","","","","","","","","","","","1","","","","","","","","","","","","6"
"147","Clemson","09/04/10","8","HARPER","JAMIE","9","102","1","101","1","","","","","","","9","101","1","8","1","","","","","","","","","","","","","","","2","","","","","","","","","","","","12"
"147","Clemson","09/11/10","8","HARPER","JAMIE","3","9","0","9","0","","","","","","","3","9","1","3","0","","","","","","","","","","","","","","","","","","","","","","","","","","","0"
"147","Clemson","09/18/10","8","HARPER","JAMIE","19","60","16","44","0","","","","","","","19","44","3","48","2","","","","","","","","","","","","1","12","0","2","","","","","","","","","","","","12"
"147","Clemson","10/02/10","8","HARPER","JAMIE","18","59","2","57","0","","","","","","","18","57","4","26","0","","","","","","","","","","","","1","9","0","","","","","","","","","","","","","0"
"147","Clemson","10/09/10","8","HARPER","JAMIE","11","30","3","27","1","1","0","0","0","0","","12","27","1","1","0","","","","","","","","","","","","1","13","0","1","","","","","","","","","","","","6"
"147","Clemson","10/16/10","8","HARPER","JAMIE","8","14","6","8","1","","","","","","","8","8","1","40","0","","","","","","","","","","","","","","","1","","","","","","","","","","","","6"
"147","Clemson","10/23/10","8","HARPER","JAMIE","11","56","0","56","0","","","","","","","11","56","2","38","0","","","","","","","","","","","","","","","","","","","","","","","","","","","0"
"147","Clemson","10/30/10","8","HARPER","JAMIE","6","21","0","21","0","","","","","","","6","21","2","5","0","","","","","","","","","","","","1","0","0","","","","","","","","","","","","","0"
"147","Clemson","11/06/10","8","HARPER","JAMIE","25","70","10","60","1","","","","","","","25","60","3","34","0","","","","","","","","","","","","","","","1","","","","","","","","","","","","6"
"147","Clemson","11/13/10","8","HARPER","JAMIE","27","145","2","143","1","","","","","","","27","143","9","54","0","","","","","","","","","","","","","","","1","","","","","","","","","","","","6"
"147","Clemson","11/20/10","8","HARPER","JAMIE","24","152","10","142","1","","","","","","","24","142","3","39","0","","","","","","","","","","","","","","","1","","","","","","","","","","","","6"
"147","Clemson","11/27/10","8","HARPER","JAMIE","16","65","7","58","0","","","","","","","16","58","1","12","0","","","","","","","","","","","","","","","","","","","","","","","","","","","0"
"147","Clemson","12/31/10","8","HARPER","JAMIE","20","55","21","34","1","0","0","0","0","0","","20","34","4","20","0","","","","","","","","","","","","","","","1","","","","","","","","","","","","6"
"147","Clemson","09/04/10","6","HOPKINS","DEANDRE","","","","","","","","","","","","0","0","2","23","0","","","","","","","","","","","","","","","","","","","","","","","","","","","0"
"147","Clemson","09/11/10","6","HOPKINS","DEANDRE","","","","","","","","","","","","0","0","1","9","1","","","","","","","","","1","2","0","2","32","0","1","","","","","","","","","","","","6"
"147","Clemson","10/02/10","6","HOPKINS","DEANDRE","","","","","","","","","","","","0","0","3","37","0","","","","","","","","","","","","","","","","","","","","","","","","","","","0"
"147","Clemson","10/09/10","6","HOPKINS","DEANDRE","","","","","","","","","","","","0","0","7","46","0","","","","","","","","","1","31","0","","","","","","","","","","","","","","","","0"
"147","Clemson","10/23/10","6","HOPKINS","DEANDRE","","","","","","","","","","","","0","0","4","50","0","","","","","","","","","","","","","","","","","","","","","","","","","","","0"
"147","Clemson","10/30/10","6","HOPKINS","DEANDRE","","","","","","","","","","","","0","0","1","21","0","","","","","","","","","","","","","","","","","","","","","","","","","","","0"
"147","Clemson","11/06/10","6","HOPKINS","DEANDRE","","","","","","","","","","","","0","0","5","80","1","","","","","","","","","","","","","","","1","","","","","","","","","","","","6"
"147","Clemson","11/13/10","6","HOPKINS","DEANDRE","","","","","","","","","","","","0","0","8","106","0","","","","","","","","","","","","","","","","","","","","","","","","","","","0"
"147","Clemson","11/20/10","6","HOPKINS","DEANDRE","","","","","","","","","","","","0","0","5","36","1","","","","","","","","","","","","","","","1","","","","","","","","","","","","6"
"147","Clemson","11/27/10","6","HOPKINS","DEANDRE","","","","","","","","","","","","0","0","7","124","1","","","","","","","","","","","","","","","1","","","","","","","","","","","","6"
"147","Clemson","12/31/10","6","HOPKINS","DEANDRE","","","","","","","","","","","","0","0","9","105","0","","","","","","","","","","","","","","","","","","","","","","","","","","","0"
"147","Clemson","09/11/10","19","JACKSON","RICHARD","","","","","","","","","","","","0","0","","","","","","","","","","1","42","","","","","","","","","","","","","","","","","","","0"
"147","Clemson","11/06/10","19","JACKSON","RICHARD","","","","","","","","","","","","0","0","","","","","","","","","","","","","","","","","","","1","1","0","0","","","","","2","0","","1"
"147","Clemson","09/11/10","26","JONES","MARQUAN","","","","","","","","","","","","0","0","1","8","0","","","","","","","","","","","","2","31","0","","","","","","","","","","","","","0"
"147","Clemson","09/18/10","26","JONES","MARQUAN","","","","","","","","","","","","0","0","4","19","0","","","","","","","","","","","","","","","","","","","","","","","","","","","0"
"147","Clemson","10/16/10","26","JONES","MARQUAN","","","","","","","","","","","","0","0","2","10","0","","","","","","","","","","","","","","","","","","","","","","","","","","","0"
"147","Clemson","10/23/10","26","JONES","MARQUAN","","","","","","","","","","","","0","0","","","","","","","","","","","","","","","1","13","0","","","","","","","","","","","","","0"
"147","Clemson","10/30/10","26","JONES","MARQUAN","","","","","","","","","","","","0","0","1","12","0","","","","","","","","","","","","","","","","","","","","","","","","","","","0"
"147","Clemson","11/06/10","26","JONES","MARQUAN","","","","","","1","0","0","0","0","","1","0","6","47","0","","","","","","","","","","","","1","18","0","","","","","","","","","","","","","0"
"147","Clemson","11/13/10","26","JONES","MARQUAN","","","","","","","","","","","","0","0","1","5","0","","","","","","","","","","","","","","","","","","","","","","","","","","","0"
"147","Clemson","11/20/10","26","JONES","MARQUAN","","","","","","","","","","","","0","0","3","32","0","","","","","","","","","","","","","","","","","","","","","","","","","","","0"
"147","Clemson","11/27/10","26","JONES","MARQUAN","","","","","","","","","","","","0","0","2","13","0","","","","","","","","","","","","","","","","","","","","","","","","","","","0"
"147","Clemson","12/31/10","26","JONES","MARQUAN","","","","","","","","","","","","0","0","1","38","0","","","","","","","","","","","","","","","","","","","","","","","","","","","0"
"147","Clemson","09/04/10","36","MAXWELL","BYRON","","","","","","","","","","","","0","0","","","","1","0","0","","","","","","","","","","","","","","","","","","","","","","","","0"
"147","Clemson","12/31/10","36","MAXWELL","BYRON","","","","","","","","","","","","0","0","","","","1","0","0","","","","","","","","","","","","","","","","","","","","","","","","0"
"147","Clemson","09/18/10","2","MCDANIEL","DEANDRE","","","","","","","","","","","","0","0","","","","1","0","0","","","","","","","","","","","","","","","","","","","","","","","","0"
"147","Clemson","10/16/10","2","MCDANIEL","DEANDRE","","","","","","","","","","","","0","0","","","","1","33","0","","","","","","","","","","","","","","","","","","","","","","","","0"
"147","Clemson","10/23/10","2","MCDANIEL","DEANDRE","","","","","","","","","","","","0","0","","","","1","0","0","","","","","","","","","","","","","","","","","","","","","","","","0"
"147","Clemson","11/06/10","2","MCDANIEL","DEANDRE","","","","","","","","","","","","0","0","","","","1","0","0","","","","","","","","","","","","","","","","","","","","","","","","0"
"147","Clemson","09/04/10","25","MCDOWELL","RODERICK","2","5","0","5","0","","","","","","","2","5","","","","","","","","","","","","","","","","","","","","","","","","","","","","","","0"
"147","Clemson","09/11/10","25","MCDOWELL","RODERICK","9","86","0","86","1","","","","","","","9","86","","","","","","","","","","","","","","","","","","1","","","","","","","","","","","","6"
"147","Clemson","10/16/10","25","MCDOWELL","RODERICK","6","4","5","-1","0","","","","","","","6","-1","","","","","","","","","","","","","","","","","","","","","","","","","","","","","","0"
"147","Clemson","11/06/10","25","MCDOWELL","RODERICK","3","5","0","5","0","","","","","","","3","5","","","","","","","","","","","","","","","","","","","","","","","","","","","","","","0"
"147","Clemson","11/13/10","25","MCDOWELL","RODERICK","3","8","7","1","0","","","","","","","3","1","","","","","","","","","","","","","","","","","","","","","","","","","","","","","","0"
"147","Clemson","11/20/10","25","MCDOWELL","RODERICK","8","30","4","26","0","","","","","","","8","26","","","","","","","","","","","","","","","","","","","","","","","","","","","","","","0"
"147","Clemson","11/27/10","25","MCDOWELL","RODERICK","1","39","0","39","0","","","","","","","1","39","1","4","0","","","","","","","","","","","","","","","","","","","","","","","","","","","0"
"147","Clemson","09/11/10","14","MCELVEEN","DONNY","1","0","3","-3","0","1","1","0","1","1","","2","-2","","","","","","","","","","","","","","","","","","","","","","","","","","","","","","0"
"147","Clemson","09/04/10","7","MCNEAL","BRYCE","","","","","","","","","","","","0","0","2","34","0","","","","","","","","","","","","","","","","","","","","","","","","","","","0"
"147","Clemson","09/11/10","7","MCNEAL","BRYCE","1","3","0","3","0","","","","","","","1","3","1","24","0","","","","","","","","","1","0","0","","","","","","","","","","","","","","","","0"
"147","Clemson","09/18/10","7","MCNEAL","BRYCE","1","0","1","-1","0","","","","","","","1","-1","1","8","0","","","","","","","","","","","","","","","","","","","","","","","","","","","0"
"147","Clemson","10/09/10","7","MCNEAL","BRYCE","","","","","","","","","","","","0","0","1","7","0","","","","","","","","","","","","","","","","","","","","","","","","","","","0"
"147","Clemson","10/16/10","7","MCNEAL","BRYCE","","","","","","","","","","","","0","0","2","12","0","","","","","","","","","","","","","","","","","","","","","","","","","","","0"
"147","Clemson","10/23/10","7","MCNEAL","BRYCE","","","","","","","","","","","","0","0","2","5","0","","","","","","","","","","","","","","","","","","","","","","","","","","","0"
"147","Clemson","10/30/10","7","MCNEAL","BRYCE","","","","","","","","","","","","0","0","4","43","0","","","","","","","","","","","","","","","","","","","","","","","","","","","0"
"147","Clemson","11/06/10","7","MCNEAL","BRYCE","1","3","0","3","0","","","","","","","1","3","3","33","0","","","","","","","","","","","","","","","","","","","","","","","","","","","0"
"147","Clemson","11/13/10","7","MCNEAL","BRYCE","1","2","0","2","0","","","","","","","1","2","3","21","0","","","","","","","","","","","","","","","","","","","","","","","","","","","0"
"147","Clemson","09/11/10","5","MEEKS","JONATHAN","","","","","","","","","","","","0","0","","","","1","43","0","","","","","","","","","","","","","","","","","","","","","","","","0"
"147","Clemson","09/11/10","48","NOBLES","KASEY","","","","","","","","","","","","0","0","1","1","1","","","","","","","","","","","","","","","1","","","","","","","","","","","","6"
"147","Clemson","10/16/10","48","NOBLES","KASEY","","","","","","","","","","","","0","0","1","13","0","","","","","","","","","","","","","","","","","","","","","","","","","","","0"
"147","Clemson","09/11/10","1O","OGLE","TAYLOR","","","","","","1","0","0","0","0","","1","0","","","","","","","","","","","","","","","","","","","","","","","","","","","","","","0"
"147","Clemson","09/04/10","11","PARKER","KYLE","1","0","0","0","0","17","9","1","169","2","","18","169","","","","","","","","","","","","","","","","","","","","","","","","","","","","","","0"
"147","Clemson","09/11/10","11","PARKER","KYLE","1","0","22","-22","0","9","6","0","114","2","","10","92","","","","","","","","","","","","","","","","","","","","","","","","","","","","","","0"
"147","Clemson","09/18/10","11","PARKER","KYLE","4","7","9","-2","0","34","20","0","220","2","","38","218","","","","","","","","","","","","","","","","","","","","","","","","","","","","","","0"
"147","Clemson","10/02/10","11","PARKER","KYLE","4","7","8","-1","0","33","14","3","149","0","","37","148","","","","","","","","","","1","36","","","","","","","","","","","","","","","","","","","0"
"147","Clemson","10/09/10","11","PARKER","KYLE","4","10","1","9","0","38","21","0","214","1","0","42","223","","","","","","","","","","","","","","","","","","","","","1","0","","","","","","","","0"
"147","Clemson","10/16/10","11","PARKER","KYLE","12","44","6","38","0","20","7","0","106","0","","32","144","","","","","","","","","","","","","","","","","","","","","","","","","","","","","","0"
"147","Clemson","10/23/10","11","PARKER","KYLE","2","6","0","6","0","27","17","0","167","1","","29","173","","","","","","","","","","","","","","","","","","","","","","","","","","","","","","0"
"147","Clemson","10/30/10","11","PARKER","KYLE","2","22","0","22","0","39","21","2","176","0","","41","198","","","","","","","","","","","","","","","","","","","","","","","","","","","","","","0"
"147","Clemson","11/06/10","11","PARKER","KYLE","7","7","28","-21","0","29","20","1","214","1","","36","193","","","","","","","","","","","","","","","","","","","","","","","","","","","","","","0"
"147","Clemson","11/13/10","11","PARKER","KYLE","4","12","6","6","0","44","28","2","239","0","","48","245","","","","","","","","","","","","","","","","","","","","","","","","","","","","","","0"
"147","Clemson","11/20/10","11","PARKER","KYLE","4","2","17","-15","0","17","15","0","194","2","","21","179","","","","","","","","","","","","","","","","","","","","","","","","","","","","","","0"
"147","Clemson","11/27/10","11","PARKER","KYLE","","","","","","17","7","1","117","1","","17","117","","","","","","","","","","","","","","","","","","","","","","","","","","","","","","0"
"147","Clemson","12/31/10","11","PARKER","KYLE","2","8","0","8","0","17","11","1","134","0","","19","142","","","","","","","","","","","","","","","","","","","","","","","","","","","","","","0"
"147","Clemson","10/16/10","2R","ROBINSON","DARIUS","","","","","","","","","","","","0","0","","","","1","0","0","","","","","","","","","","","","","","","","","","","","","","","","0"
"147","Clemson","09/04/10","15","SENSABAUGH","COTY","","","","","","","","","","","","0","0","","","","1","0","0","","","","","","","","","","","","","","","","","","","","","","","","0"
"147","Clemson","12/31/10","16","WADE","MICHAEL","1","8","0","8","0","","","","","","","1","8","","","","","","","","","","","","","","","","","","","","","","","","","","","","","","0"
"147","Clemson","09/04/10","96","ZIMMERMAN","DAWSON","","","","","","","","","","","","0","0","","","","","","","","","","6","309","","","","","","","","","","","","","","","","","","","0"
"147","Clemson","09/11/10","96","ZIMMERMAN","DAWSON","","","","","","","","","","","","0","0","","","","","","","","","","3","139","","","","","","","","","","","","","","","","","","","0"
"147","Clemson","09/18/10","96","ZIMMERMAN","DAWSON","","","","","","","","","","","","0","0","","","","","","","","","","7","289","","","","","","","","","","","","","","","","","","","0"
"147","Clemson","10/02/10","96","ZIMMERMAN","DAWSON","","","","","","","","","","","","0","0","","","","","","","","","","6","287","","","","","","","","","","","","","","","","","","","0"
"147","Clemson","10/09/10","96","ZIMMERMAN","DAWSON","","","","","","","","","","","","0","0","","","","","","","","","","5","201","","","","","","","","","","","","","","","","","","","0"
"147","Clemson","10/16/10","96","ZIMMERMAN","DAWSON","","","","","","","","","","","","0","0","","","","","","","","","","7","272","","","","","","","","","","","","","","","","","","","0"
"147","Clemson","10/23/10","96","ZIMMERMAN","DAWSON","","","","","","","","","","","","0","0","","","","","","","","","","2","79","","","","","","","","","","","","","","","","","","","0"
"147","Clemson","10/30/10","96","ZIMMERMAN","DAWSON","","","","","","","","","","","","0","0","","","","","","","","","","2","108","","","","","","","","","","","","","","","","","","","0"
"147","Clemson","11/06/10","96","ZIMMERMAN","DAWSON","","","","","","","","","","","","0","0","","","","","","","","","","4","147","","","","","","","","","","","","","","","","","","","0"
"147","Clemson","11/13/10","96","ZIMMERMAN","DAWSON","","","","","","","","","","","","0","0","","","","","","","","","","3","121","","","","","","","","","","","","","","","","","","","0"
"147","Clemson","11/20/10","96","ZIMMERMAN","DAWSON","","","","","","","","","","","","0","0","","","","","","","","","","2","91","","","","","","","","","","","","","","","","","","","0"
"147","Clemson","11/27/10","96","ZIMMERMAN","DAWSON","","","","","","","","","","","","0","0","","","","","","","","","","9","345","","","","","","","","","","","","","","","","","","","0"
"147","Clemson","12/31/10","96","ZIMMERMAN","DAWSON","","","","","","","","","","","","0","0","","","","","","","","","","4","175","","","","","","","","","","","","","","","","","","","0"
"157","Colorado","10/09/10","58","AHLES","TYLER","","","","","","","","","","","","0","0","","","","","","","","","","","","","","","1","12","0","","","","","","","","","","","","","0"
"157","Colorado","09/11/10","43","BAHR","MATT","","","","","","","","","","","","0","0","1","3","0","","","","","","","","","","","","","","","","","","","","","","","","","","","0"
"157","Colorado","10/02/10","43","BAHR","MATT","","","","","","","","","","","","0","0","1","4","1","","","","","","","","","","","","","","","1","","","","","","","","","","","","6"
"157","Colorado","11/06/10","5D","BAKHTIARI","","0","7","0","7","0","","","","","","","0","7","","","","","","","","","","","","","","","","","","","","","","","","","","","","","","0"
"157","Colorado","09/04/10","23","BROWN","JALIL","","","","","","","","","","","","0","0","","","","1","0","0","","","","","","","","","","","","","","","","","","","","","","","","0"
"157","Colorado","10/02/10","23","BROWN","JALIL","","","","","","","","","","","","0","0","","","","1","0","0","","","","","","","","","","","","","","","","","","","","","","","","0"
"157","Colorado","10/09/10","23","BROWN","JALIL","","","","","","","","","","","","0","0","","","","","","","1","7","0","","","","","","","","","","","","","","","","","","","","","0"
"157","Colorado","10/16/10","23","BROWN","JALIL","","","","","","","","","","","","0","0","","","","","","","1","0","0","","","","","","","","","","","","","","","","","","","","","0"
"157","Colorado","10/23/10","23","BROWN","JALIL","","","","","","","","","","","","0","0","","","","1","0","0","","","","","","","","","","","","","","","","","","","","","","","","0"
"157","Colorado","10/09/10","40","CASTOR","JUSTIN","","","","","","","","","","","","0","0","","","","","","","","","","","","","","","","","","","","","","","","","","","1","0","","0"
"157","Colorado","09/04/10","35","CEFALO","KYLE","","","","","","","","","","","","0","0","2","16","0","","","","","","","","","","","","","","","","","","","","","","","","","","","0"
"157","Colorado","09/11/10","35","CEFALO","KYLE","","","","","","","","","","","","0","0","1","11","0","","","","","","","","","","","","","","","","","","","","","","","","","","","0"
"157","Colorado","10/09/10","35","CEFALO","KYLE","","","","","","","","","","","","0","0","1","4","0","","","","","","","","","","","","","","","","","","","","","","","","","","","0"
"157","Colorado","11/20/10","35","CEFALO","KYLE","","","","","","","","","","","","0","0","1","8","0","","","","","","","","","","","","","","","","","","","","","","","","","","","0"
"157","Colorado","09/04/10","17","CLEMONS","TONEY","1","10","0","10","0","","","","","","","1","10","3","25","0","","","","","","","","","","","","","","","","","","","","","","","","","","","0"
"157","Colorado","09/11/10","17","CLEMONS","TONEY","","","","","","","","","","","","0","0","3","36","0","","","","","","","","","","","","","","","","","","","","","","","","","","","0"
"157","Colorado","09/18/10","17","CLEMONS","TONEY","","","","","","","","","","","","0","0","3","85","1","","","","","","","","","","","","1","17","0","1","","","","","","","","","","","","6"
"157","Colorado","10/02/10","17","CLEMONS","TONEY","","","","","","","","","","","","0","0","1","10","0","","","","","","","","","","","","1","22","0","","","","","","","","","","","","","0"
"157","Colorado","10/09/10","17","CLEMONS","TONEY","","","","","","","","","","","","0","0","6","48","0","","","","","","","","","","","","3","105","0","","","","","","","","","","","","","0"
"157","Colorado","10/16/10","17","CLEMONS","TONEY","1","19","0","19","0","","","","","","","1","19","2","15","0","","","","","","","","","","","","2","47","0","","","","","","","","","","","","","0"
"157","Colorado","10/23/10","17","CLEMONS","TONEY","","","","","","","","","","","","0","0","8","98","0","","","","","","","","","","","","1","21","0","","","","","","","","","","","","","0"
"157","Colorado","10/30/10","17","CLEMONS","TONEY","","","","","","","","","","","","0","0","4","27","0","","","","","","","","","1","-1","0","2","43","0","","","","","","","","","","","","","0"
"157","Colorado","11/06/10","17","CLEMONS","TONEY","1","0","12","-12","0","","","","","","","1","-12","6","27","0","","","","","","","","","","","","","","","","","","","","","","","","","","","0"
"157","Colorado","11/13/10","17","CLEMONS","TONEY","","","","","","","","","","","","0","0","4","55","1","","","","","","","","","1","-4","0","","","","1","","","","","","","","","","","","6"
"157","Colorado","11/20/10","17","CLEMONS","TONEY","","","","","","","","","","","","0","0","3","56","1","","","","","","","","","","","","","","","1","","","","","","","","","","","","6"
"157","Colorado","11/26/10","17","CLEMONS","TONEY","","","","","","","","","","","","0","0","","","","","","","","","","","","1","11","0","","","","","","","","","","","","","","","","0"
"157","Colorado","09/11/10","34","DEEHAN","RYAN","","","","","","","","","","","","0","0","4","51","0","","","","","","","","","","","","","","","","","","","","","","","","","","","0"
"157","Colorado","09/18/10","34","DEEHAN","RYAN","","","","","","","","","","","","0","0","3","32","0","","","","","","","","","","","","","","","","","","","","","","","","","","","0"
"157","Colorado","10/02/10","34","DEEHAN","RYAN","","","","","","","","","","","","0","0","1","3","0","","","","","","","","","","","","","","","","","","0","1","","","","","","","","2"
"157","Colorado","10/09/10","34","DEEHAN","RYAN","","","","","","","","","","","","0","0","1","7","0","","","","","","","","","","","","","","","","","","","","","","","","","","","0"
"157","Colorado","10/16/10","34","DEEHAN","RYAN","","","","","","","","","","","","0","0","7","70","0","","","","","","","","","","","","","","","","","","","","","","","","","","","0"
"157","Colorado","10/23/10","34","DEEHAN","RYAN","","","","","","","","","","","","0","0","2","27","0","","","","","","","","","","","","","","","","","","","","","","","","","","","0"
"157","Colorado","10/30/10","34","DEEHAN","RYAN","","","","","","","","","","","","0","0","1","7","0","","","","","","","","","","","","","","","","","","","","","","","","","","","0"
"157","Colorado","11/06/10","34","DEEHAN","RYAN","","","","","","","","","","","","0","0","3","24","0","","","","","","","","","","","","","","","","","","","","","","","","","","","0"
"157","Colorado","11/13/10","34","DEEHAN","RYAN","","","","","","","","","","","","0","0","1","9","1","","","","","","","","","","","","","","","1","","","","","","","","","","","","6"
"157","Colorado","11/20/10","34","DEEHAN","RYAN","","","","","","","","","","","","0","0","2","19","0","","","","","","","","","","","","","","","","","","","","","","","","","","","0"
"157","Colorado","10/23/10","1A","ESPINOZA","JASON","","","","","","","","","","","","0","0","1","13","0","","","","","","","","","","","","","","","","","","","","","","","","","","","0"
"157","Colorado","09/04/10","13","GOODMAN","ARIC","","","","","","","","","","","","0","0","","","","","","","","","","","","","","","","","","","3","3","0","0","","","","","1","1","","6"
"157","Colorado","09/11/10","13","GOODMAN","ARIC","","","","","","","","","","","","0","0","","","","","","","","","","","","","","","","","","","1","1","0","0","","","","","1","0","","1"
"157","Colorado","09/18/10","13","GOODMAN","ARIC","","","","","","","","","","","","0","0","","","","","","","","","","","","","","","","","","","3","3","0","0","","","","","","","","3"
"157","Colorado","10/02/10","13","GOODMAN","ARIC","","","","","","","","","","","","0","0","","","","","","","","","","","","","","","","","","","3","3","0","0","","","","","1","0","","3"
"157","Colorado","10/09/10","13","GOODMAN","ARIC","","","","","","","","","","","","0","0","","","","","","","","","","","","","","","","","","","","","","","","","","","1","0","","0"
"157","Colorado","10/16/10","13","GOODMAN","ARIC","","","","","","","","","","","","0","0","","","","","","","","","","","","","","","","","","","1","1","0","0","","","","","2","2","","7"
"157","Colorado","10/23/10","13","GOODMAN","ARIC","","","","","","","","","","","","0","0","","","","","","","","","","","","","","","","","","","3","3","0","0","","","","","2","1","","6"
"157","Colorado","10/30/10","13","GOODMAN","ARIC","","","","","","","","","","","","0","0","","","","","","","","","","","","","","","","","","","1","1","0","0","","","","","1","1","","4"
"157","Colorado","11/06/10","13","GOODMAN","ARIC","","","","","","","","","","","","0","0","","","","","","","","","","","","","","","","","","","6","6","0","0","","","","","1","1","","9"
"157","Colorado","11/13/10","13","GOODMAN","ARIC","","","","","","","","","","","","0","0","","","","","","","","","","","","","","","","","","","4","4","0","0","","","","","2","2","","10"
"157","Colorado","11/20/10","13","GOODMAN","ARIC","","","","","","","","","","","","0","0","","","","","","","","","","","","","","","","","","","6","5","0","0","","","","","2","1","","8"
"157","Colorado","11/26/10","13","GOODMAN","ARIC","","","","","","","","","","","","0","0","","","","","","","","","","","","","","","","","","","2","2","0","0","","","","","1","1","","5"
"157","Colorado","09/04/10","15","GROSSNICKLE","ZACH","","","","","","","","","","","","0","0","","","","","","","","","","7","290","","","","","","","","","","","","","","","","","","","0"
"157","Colorado","09/11/10","15","GROSSNICKLE","ZACH","","","","","","","","","","","","0","0","","","","","","","","","","6","241","","","","","","","","","","","","","","","","","","","0"
"157","Colorado","09/18/10","15","GROSSNICKLE","ZACH","","","","","","","","","","","","0","0","","","","","","","","","","4","146","","","","","","","","","","","","","","","","","","","0"
"157","Colorado","10/02/10","15","GROSSNICKLE","ZACH","","","","","","","","","","","","0","0","","","","","","","","","","4","162","","","","","","","","","","","","","","","","","","","0"
"157","Colorado","10/09/10","15","GROSSNICKLE","ZACH","","","","","","","","","","","","0","0","","","","","","","","","","4","140","","","","","","","","","","","","","","","","","","","0"
"157","Colorado","10/16/10","15","GROSSNICKLE","ZACH","","","","","","","","","","","","0","0","","","","","","","","","","3","134","","","","","","","","","","","","","","","","","","","0"
"157","Colorado","10/23/10","15","GROSSNICKLE","ZACH","","","","","","","","","","","","0","0","","","","","","","","","","7","272","","","","","","","","","","","","","","","","","","","0"
"157","Colorado","10/30/10","15","GROSSNICKLE","ZACH","","","","","","","","","","","","0","0","","","","","","","","","","9","381","","","","","","","","","","","","","","","","","","","0"
"157","Colorado","11/06/10","15","GROSSNICKLE","ZACH","","","","","","","","","","","","0","0","","","","","","","","","","1","31","","","","","","","","","","","","","","","","","","","0"
"157","Colorado","11/13/10","15","GROSSNICKLE","ZACH","","","","","","","","","","","","0","0","","","","","","","","","","6","211","","","","","","","","","","","","","","","","","","","0"
"157","Colorado","11/20/10","15","GROSSNICKLE","ZACH","","","","","","","","","","","","0","0","","","","","","","","","","4","155","","","","","","","","","","","","","","","","","","","0"
"157","Colorado","11/26/10","15","GROSSNICKLE","ZACH","","","","","","","","","","","","0","0","","","","","","","","","","5","205","","","","","","","","","","","","","","","","","","","0"
"157","Colorado","09/04/10","9","HANSEN","TYLER","8","32","30","2","1","25","17","1","192","2","","33","194","","","","","","","","","","","","","","","","","","1","","","","","","","","","","","","6"
"157","Colorado","09/11/10","9","HANSEN","TYLER","11","37","46","-9","1","34","18","3","166","0","","45","157","","","","","","","","","","","","","","","","","","1","","","","","","","","","","","","6"
"157","Colorado","09/18/10","9","HANSEN","TYLER","5","21","0","21","0","26","19","0","200","2","1","31","221","","","","","","","","","","","","","","","","","","","","","1","0","","","","","","","","0"
"157","Colorado","10/02/10","9","HANSEN","TYLER","10","68","17","51","1","20","13","1","158","1","","30","209","","","","","","","","","","","","","","","","","","1","","","","","","","","","","","","6"
"157","Colorado","10/09/10","9","HANSEN","TYLER","4","1","16","-15","0","21","15","0","117","0","","25","102","","","","","","","","","","","","","","","","","","","","","","","","","","","","","","0"
"157","Colorado","10/16/10","9","HANSEN","TYLER","9","10","19","-9","0","28","21","1","207","1","","37","198","","","","","","","","","","","","","","","","","","","","","1","0","","","","","","","","0"
"157","Colorado","10/23/10","9","HANSEN","TYLER","4","8","8","0","1","10","9","0","62","0","","14","62","","","","","","","","","","","","","","","","","","1","","","","","","","","","","","","6"
"157","Colorado","10/09/10","55","HARTIGAN","JOSH","","","","","","","","","","","","0","0","","","","1","2","0","","","","","","","","","","","","","","","","","","","","","","","","0"
"157","Colorado","10/02/10","7","HAWKINS","CODY","","","","","","","","","","","1","0","0","","","","","","","","","","","","","","","","","","","","","1","0","","","","","","","","0"
"157","Colorado","10/09/10","7","HAWKINS","CODY","2","0","11","-11","0","25","16","1","133","0","","27","122","","","","","","","","","","","","","","","","","","","","","","","","","","","","","","0"
"157","Colorado","10/16/10","7","HAWKINS","CODY","","","","","","","","","","","0","0","0","","","","","","","","","","","","","","","","","","","","","1","0","","","","","","","","0"
"157","Colorado","10/23/10","7","HAWKINS","CODY","1","0","7","-7","0","43","22","0","274","2","","44","267","0","7","0","","","","","","","","","","","","","","","","","","","","","","","","","","","0"
"157","Colorado","10/30/10","7","HAWKINS","CODY","1","0","14","-14","0","44","17","0","187","1","","45","173","","","","","","","","","","","","","","","","","","","","","","","","","","","","","","0"
"157","Colorado","11/06/10","7","HAWKINS","CODY","1","0","13","-13","0","44","29","2","322","3","","45","309","","","","","","","","","","","","","","","","","","","","","","","","","","","","","","0"
"157","Colorado","11/13/10","7","HAWKINS","CODY","3","4","0","4","0","24","16","0","266","3","","27","270","","","","","","","","","","","","","","","","","","","","","","","","","","","","","","0"
"157","Colorado","11/20/10","7","HAWKINS","CODY","1","9","0","9","0","25","14","0","202","3","","26","211","","","","","","","","","","","","","","","","","","","","","","","","","","","","","","0"
"157","Colorado","11/26/10","7","HAWKINS","CODY","","","","","","26","10","2","163","2","","26","163","","","","","","","","","","","","","","","","","","","","","","","","","","","","","","0"
"157","Colorado","09/18/10","18","HAWKINS","JONATHAN","","","","","","","","","","","","0","0","","","","1","0","0","","","","","","","","","","","","","","","","","","","","","","","","0"
"157","Colorado","09/11/10","22","JAFFEE","ARTHUR","","","","","","","","","","","","0","0","","","","","","","","","","","","","","","2","37","0","","","","","","","","","","","","","0"
"157","Colorado","10/02/10","22","JAFFEE","ARTHUR","","","","","","","","","","","","0","0","","","","","","","","","","","","","","","1","16","0","","","","","","","","","","","","","0"
"157","Colorado","10/16/10","22","JAFFEE","ARTHUR","","","","","","","","","","","","0","0","","","","","","","","","","","","","","","1","43","0","","","","","","","","","","","","","0"
"157","Colorado","10/30/10","22","JAFFEE","ARTHUR","","","","","","","","","","","","0","0","","","","","","","","","","","","","","","2","28","0","","","","","","","","","","","","","0"
"157","Colorado","11/06/10","22","JAFFEE","ARTHUR","","","","","","","","","","","","0","0","","","","","","","","","","","","","","","3","51","0","","","","","","","","","","","","","0"
"157","Colorado","11/13/10","22","JAFFEE","ARTHUR","","","","","","","","","","","","0","0","","","","","","","","","","","","","","","1","89","0","","","","","","","","","","","","","0"
"157","Colorado","11/20/10","22","JAFFEE","ARTHUR","","","","","","","","","","","","0","0","","","","","","","","","","","","","","","2","37","0","","","","","","","","","","","","","0"
"157","Colorado","11/26/10","22","JAFFEE","ARTHUR","","","","","","","","","","","","0","0","","","","","","","","","","","","","","","2","35","0","","","","","","","","","","","","","0"
"157","Colorado","09/04/10","16","JEFFERSON","WILL","","","","","","","","","","","","0","0","1","5","0","","","","","","","","","","","","","","","","","","","","","","","","","","","0"
"157","Colorado","09/11/10","16","JEFFERSON","WILL","","","","","","","","","","","","0","0","2","11","0","","","","","","","","","","","","","","","","","","","","","","","","","","","0"
"157","Colorado","10/02/10","16","JEFFERSON","WILL","","","","","","","","","","","","0","0","1","46","0","","","","","","","","","","","","","","","","","","","","","","","","","","","0"
"157","Colorado","10/09/10","16","JEFFERSON","WILL","","","","","","","","","","","","0","0","2","12","0","","","","","","","","","","","","1","26","0","","","","","","","","","","","","","0"
"157","Colorado","10/16/10","16","JEFFERSON","WILL","4","36","0","36","0","","","","","","","4","36","1","8","0","","","","","","","","","","","","","","","","","","","","","","","","","","","0"
"157","Colorado","10/23/10","16","JEFFERSON","WILL","4","11","0","11","0","","","","","","","4","11","4","46","0","","","","","","","","","","","","","","","","","","","","","","","","","","","0"
"157","Colorado","10/30/10","16","JEFFERSON","WILL","4","8","3","5","0","","","","","","","4","5","2","20","0","","","","","","","","","","","","","","","","","","","","","","","","","","","0"
"157","Colorado","11/06/10","16","JEFFERSON","WILL","","","","","","","","","","","","0","0","","","","","","","","","","","","","","","1","25","0","","","","","","","","","","","","","0"
"157","Colorado","11/13/10","16","JEFFERSON","WILL","3","3","2","1","0","","","","","","","3","1","","","","","","","","","","","","","","","","","","","","","","","","","","","","","","0"
"157","Colorado","11/20/10","16","JEFFERSON","WILL","5","80","7","73","0","","","","","","","5","73","","","","","","","","","","","","","","","3","90","0","","","","","","","","","","","","","0"
"157","Colorado","11/26/10","16","JEFFERSON","WILL","3","11","0","11","0","","","","","","","3","11","1","29","1","","","","","","","","","","","","3","62","0","1","","","","","","","","","","","","6"
"157","Colorado","09/04/10","20","LOCKRIDGE","BRIAN","4","6","0","6","0","","","","","","","4","6","1","-2","0","","","","","","","","","","","","1","31","0","","","","","","","","","","","","","0"
"157","Colorado","09/11/10","20","LOCKRIDGE","BRIAN","1","0","5","-5","0","","","","","","","1","-5","","","","","","","","","","","","","","","6","133","0","","","","","","","","","","","","","0"
"157","Colorado","09/18/10","20","LOCKRIDGE","BRIAN","14","111","2","109","0","","","","","","","14","109","","","","","","","","","","","","","","","2","44","0","","","","","","","","","","","","","0"
"157","Colorado","10/02/10","20","LOCKRIDGE","BRIAN","16","42","6","36","1","","","","","","","16","36","1","35","0","","","","","","","","","","","","1","10","0","1","","","","","","","","","","","","6"
"157","Colorado","09/04/10","21","MCKNIGHT","SCOTTY","","","","","","","","","","","","0","0","6","78","1","","","","","","","","","","","","","","","1","","","","","","","","","","","","6"
"157","Colorado","09/11/10","21","MCKNIGHT","SCOTTY","","","","","","","","","","","","0","0","2","14","0","","","","","","","","","","","","","","","","","","","","","","","","","","","0"
"157","Colorado","09/18/10","21","MCKNIGHT","SCOTTY","","","","","","","","","","","","0","0","6","65","1","","","","","","","","","","","","","","","1","","","","","","","","","","","","6"
"157","Colorado","10/02/10","21","MCKNIGHT","SCOTTY","","","","","","","","","","","","0","0","2","21","0","","","","","","","","","","","","","","","","","","","","","","","","","","","0"
"157","Colorado","10/09/10","21","MCKNIGHT","SCOTTY","","","","","","","","","","","","0","0","5","72","0","","","","","","","","","","","","","","","","","","","","","","","","","","","0"
"157","Colorado","10/16/10","21","MCKNIGHT","SCOTTY","","","","","","","","","","","","0","0","5","38","1","","","","","","","","","","","","","","","1","","","","","","","","","","","","6"
"157","Colorado","10/23/10","21","MCKNIGHT","SCOTTY","","","","","","","","","","","","0","0","5","50","0","","","","","","","","","","","","","","","","","","","","","","","","","","","0"
"157","Colorado","10/30/10","21","MCKNIGHT","SCOTTY","","","","","","","","","","","","0","0","5","84","1","","","","","","","","","","","","","","","1","","","","","","","","","","","","6"
"157","Colorado","11/06/10","21","MCKNIGHT","SCOTTY","","","","","","","","","","","","0","0","4","59","0","","","","","","","","","","","","","","","","","","","","","","","","","","","0"
"157","Colorado","11/13/10","21","MCKNIGHT","SCOTTY","","","","","","","","","","","","0","0","3","56","1","","","","","","","","","","","","","","","1","","","","","","","","","","","","6"
"157","Colorado","11/20/10","21","MCKNIGHT","SCOTTY","","","","","","","","","","","","0","0","4","74","2","","","","","","","","","","","","","","","2","","","","","","","","","","","","12"
"157","Colorado","11/26/10","21","MCKNIGHT","SCOTTY","","","","","","1","0","0","0","0","","1","0","3","10","0","","","","","","","","","","","","","","","","","","","","","","","","","","","0"
"157","Colorado","09/04/10","2","PATTERSON","TRAVON","1","4","0","4","0","","","","","","","1","4","1","18","1","","","","","","","","","4","46","0","","","","1","","","","","","","","","","","","6"
"157","Colorado","09/11/10","2","PATTERSON","TRAVON","1","9","0","9","0","","","","","","","1","9","4","34","0","","","","","","","","","2","8","0","","","","","","","","","","","","","","","","0"
"157","Colorado","09/18/10","2","PATTERSON","TRAVON","1","2","0","2","0","","","","","","","1","2","1","4","0","","","","","","","","","2","-3","0","","","","","","","","","","","","","","","","0"
"157","Colorado","10/02/10","2","PATTERSON","TRAVON","1","1","0","1","0","","","","","","","1","1","2","-1","0","","","","","","","","","1","13","0","1","18","0","","","","","","","","","","","","","0"
"157","Colorado","10/09/10","2","PATTERSON","TRAVON","2","4","8","-4","0","","","","","","","2","-4","6","30","0","","","","","","","","","2","9","0","","","","","","","","","","","","","","","","0"
"157","Colorado","10/16/10","2","PATTERSON","TRAVON","2","9","5","4","0","","","","","","","2","4","1","35","0","","","","","","","","","","","","1","29","0","","","","","","","","","","","","","0"
"157","Colorado","10/23/10","2","PATTERSON","TRAVON","1","0","3","-3","0","","","","","","","1","-3","4","-5","0","","","","","","","","","3","53","0","1","19","0","","","","","","","","","","","","","0"
"157","Colorado","10/30/10","2","PATTERSON","TRAVON","","","","","","","","","","","","0","0","1","12","0","","","","","","","","","1","-1","0","4","74","0","","","","","","","","","","","","","0"
"157","Colorado","09/04/10","46","PERKINS","ANTHONY","","","","","","","","","","","","0","0","","","","1","9","0","","","","","","","","","","","","","","","","","","","","","","","","0"
"157","Colorado","09/18/10","46","PERKINS","ANTHONY","","","","","","","","","","","","0","0","","","","","","","1","0","0","","","","","","","","","","","","","","","","","","","","","0"
"157","Colorado","11/13/10","26","POLK","RAY","","","","","","","","","","","","0","0","","","","","","","1","0","0","","","","","","","","","","","","","","","","","","","","","0"
"157","Colorado","09/04/10","80","RICHARDSON","PAUL","","","","","","","","","","","","0","0","1","11","0","","","","","","","","","","","","","","","","","","","","","","","","","","","0"
"157","Colorado","09/18/10","80","RICHARDSON","PAUL","","","","","","","","","","","","0","0","3","9","0","","","","","","","","","","","","","","","","","","0","1","","","","","","","","2"
"157","Colorado","10/09/10","80","RICHARDSON","PAUL","","","","","","","","","","","","0","0","1","17","0","","","","","","","","","","","","","","","","","","","","","","","","","","","0"
"157","Colorado","10/16/10","80","RICHARDSON","PAUL","3","17","0","17","0","","","","","","","3","17","2","27","0","","","","","","","","","","","","","","","","","","","","","","","","","","","0"
"157","Colorado","10/23/10","80","RICHARDSON","PAUL","2","1","8","-7","0","","","","","","","2","-7","4","79","2","","","","","","","","","","","","","","","2","","","","","","","","","","","","12"
"157","Colorado","10/30/10","80","RICHARDSON","PAUL","","","","","","","","","","","","0","0","2","28","0","","","","","","","","","","","","","","","","","","","","","","","","","","","0"
"157","Colorado","11/06/10","80","RICHARDSON","PAUL","1","0","3","-3","0","","","","","","","1","-3","11","141","2","","","","","","","","","","","","","","","2","","","","","","","","","","","","12"
"157","Colorado","11/13/10","80","RICHARDSON","PAUL","","","","","","","","","","","","0","0","5","121","0","","","","","","","","","","","","","","","","","","","","","","","","","","","0"
"157","Colorado","11/20/10","80","RICHARDSON","PAUL","","","","","","","","","","","","0","0","3","19","1","","","","","","","","","","","","","","","1","","","","","","","","","","","","6"
"157","Colorado","11/26/10","80","RICHARDSON","PAUL","","","","","","","","","","","","0","0","2","62","1","","","","","","","","","","","","","","","1","","","","","","","","","","","","6"
"157","Colorado","09/04/10","19","SANDERSFELD","TRAVIS","","","","","","","","","","","","0","0","","","","1","0","0","","","","","","","","","","","","","","","","","","","","","","","","0"
"157","Colorado","11/06/10","19","SANDERSFELD","TRAVIS","","","","","","","","","","","","0","0","","","","1","16","0","","","","","","","","","","","","","","","","","","","","","","","","0"
"157","Colorado","10/16/10","10","SIPILI","MICHAEL","","","","","","","","","","","","0","0","","","","1","4","0","","","","","","","","","","","","","","","","","","","","","","","","0"
"157","Colorado","11/13/10","10","SIPILI","MICHAEL","","","","","","","","","","","","0","0","","","","","","","1","45","1","","","","","","","","","1","","","","","","","","","","","","6"
"157","Colorado","11/20/10","3","SMITH","JIMMY","","","","","","","","","","","","0","0","","","","","","","1","22","0","","","","","","","","","","","","","","","","","","","","","0"
"157","Colorado","11/06/10","41","SMITH","TERREL","","","","","","","","","","","","0","0","","","","1","0","0","","","","","","","","","","","","","","","","","","","","","","","","0"
"157","Colorado","09/04/10","5","STEWART","RODNEY","16","68","1","67","0","","","","","","","16","67","2","41","0","","","","","","","","","","","","","","","","","","","","","","","","","","","0"
"157","Colorado","09/11/10","5","STEWART","RODNEY","29","85","5","80","0","","","","","","","29","80","","","","","","","","","","","","","","","","","","","","","","","","","","","","","","0"
"157","Colorado","09/18/10","5","STEWART","RODNEY","22","107","1","106","2","","","","","","","22","106","2","9","0","","","","","","","","","","","","","","","2","","","","","","","","","","","","12"
"157","Colorado","10/02/10","5","STEWART","RODNEY","19","149","0","149","1","","","","","","","19","149","3","31","0","","","","","","","","","","","","","","","1","","","","","","","","","","","","6"
"157","Colorado","10/09/10","5","STEWART","RODNEY","18","94","3","91","0","","","","","","","18","91","6","34","0","","","","","","","","","","","","","","","","","","","","","","","","","","","0"
"157","Colorado","10/16/10","5","STEWART","RODNEY","30","126","1","125","2","","","","","","","30","125","2","8","0","","","","","","","","","","","","","","","2","","","","","","","","","","","","12"
"157","Colorado","10/23/10","5","STEWART","RODNEY","20","46","12","34","0","","","","","","","20","34","2","21","0","","","","","","","","","","","","","","","","","","","","","","","","","","","0"
"157","Colorado","10/30/10","5","STEWART","RODNEY","19","90","5","85","0","","","","","","","19","85","2","9","0","","","","","","","","","","","","","","","","","","","","","","","","","","","0"
"157","Colorado","11/06/10","5","STEWART","RODNEY","27","177","2","175","3","","","","","","","27","175","3","44","0","","","","","","","","","","","","","","","3","","","","","","","","","","","","18"
"157","Colorado","11/13/10","5","STEWART","RODNEY","36","127","4","123","0","","","","","","","36","123","3","25","0","","","","","","","","","","","","","","","","","","","","","","","","","","","0"
"157","Colorado","11/20/10","5","STEWART","RODNEY","34","201","6","195","2","1","1","0","23","1","","35","218","2","49","0","","","","","","","","","","","","","","","2","","","","","","","","","","","","12"
"157","Colorado","11/26/10","5","STEWART","RODNEY","20","94","6","88","0","","","","","","","20","88","2","19","0","","","","","","","","","","","","","","","","","","","","","","","","","","","0"
"157","Colorado","11/06/10","85","THORNTON","DAVAUGHN","","","","","","","","","","","","0","0","1","12","1","","","","","","","","","","","","","","","1","","","","","","","","","","","","6"
"157","Colorado","09/04/10","29","TORRES","JUSTIN","5","26","0","26","0","","","","","","","5","26","","","","","","","","","","","","","","","","","","","","","","","","","","","","","","0"
"157","Colorado","09/18/10","29","TORRES","JUSTIN","9","34","2","32","0","","","","","","","9","32","","","","","","","","","","","","","","","","","","","","","","","","","","","","","","0"
"157","Colorado","09/11/10","81","WALTERS","LUKE","","","","","","","","","","","","0","0","1","6","0","","","","","","","","","","","","","","","","","","","","","","","","","","","0"
"157","Colorado","10/02/10","81","WALTERS","LUKE","","","","","","","","","","","","0","0","1","9","0","","","","","","","","","","","","","","","","","","","","","","","","","","","0"
"157","Colorado","10/09/10","81","WALTERS","LUKE","","","","","","","","","","","","0","0","3","26","0","","","","","","","","","","","","","","","","","","","","","","","","","","","0"
"157","Colorado","10/16/10","81","WALTERS","LUKE","","","","","","","","","","","","0","0","1","6","0","","","","","","","","","","","","","","","","","","","","","","","","","","","0"
"157","Colorado","10/23/10","81","WALTERS","LUKE","","","","","","","","","","","","0","0","1","6","0","","","","","","","","","","","","","","","","","","","","","","","","","","","0"
"157","Colorado","11/06/10","81","WALTERS","LUKE","","","","","","","","","","","","0","0","1","15","0","","","","","","","","","","","","","","","","","","","","","","","","","","","0"
"157","Colorado","11/26/10","81","WALTERS","LUKE","","","","","","","","","","","","0","0","2","43","0","","","","","","","","","","","","","","","","","","","","","","","","","","","0"
"156","Colorado St.","10/23/10","1G","BORCKY","BOBBY","","","","","","","","","","","","0","0","1","10","0","","","","","","","","","","","","","","","","","","","","","","","","","","","0"
"156","Colorado St.","09/04/10","17","BORCKY","T.J.","2","3","0","3","0","","","","","","","2","3","3","17","0","","","","","","","","","","","","","","","","","","","","","","","","","","","0"
"156","Colorado St.","09/11/10","17","BORCKY","T.J.","","","","","","","","","","","","0","0","2","18","0","","","","","","","","","","","","","","","","","","","","","","","","","","","0"
"156","Colorado St.","09/18/10","17","BORCKY","T.J.","","","","","","","","","","","","0","0","3","40","0","","","","","","","","","","","","","","","","","","","","","","","","","","","0"
"156","Colorado St.","09/25/10","17","BORCKY","T.J.","","","","","","","","","","","","0","0","2","23","1","","","","","","","","","","","","","","","1","","","","","","","","","","","","6"
"156","Colorado St.","10/02/10","17","BORCKY","T.J.","1","4","0","4","0","","","","","","","1","4","2","19","0","","","","","","","","","","","","","","","","","","","","","","","","","","","0"
"156","Colorado St.","10/16/10","17","BORCKY","T.J.","","","","","","","","","","","","0","0","1","12","0","","","","","","","","","","","","","","","","","","","","","","","","","","","0"
"156","Colorado St.","10/30/10","17","BORCKY","T.J.","","","","","","","","","","","","0","0","1","13","0","","","","","","","","","","","","","","","","","","","","","","","","","","","0"
"156","Colorado St.","11/06/10","17","BORCKY","T.J.","","","","","","","","","","","","0","0","3","3","0","","","","","","","","","","","","","","","","","","","","","","","","","","","0"
"156","Colorado St.","11/20/10","17","BORCKY","T.J.","","","","","","","","","","","","0","0","1","12","0","","","","","","","","","","","","","","","","","","","","","","","","","","","0"
"156","Colorado St.","11/13/10","34","BROWN","JOE","","","","","","","","","","","","0","0","1","2","0","","","","","","","","","","","","","","","","","","","","","","","","","","","0"
"156","Colorado St.","09/04/10","20","CARTER","RAYMOND","11","18","8","10","0","","","","","","","11","10","2","8","0","","","","","","","","","","","","","","","","","","","","","","","","","","","0"
"156","Colorado St.","09/11/10","20","CARTER","RAYMOND","4","24","2","22","0","","","","","","","4","22","1","6","0","","","","","","","","","","","","","","","","","","","","","","","","","","","0"
"156","Colorado St.","09/18/10","20","CARTER","RAYMOND","10","20","13","7","0","","","","","","","10","7","2","2","0","","","","","","","","","","","","","","","","","","","","","","","","","","","0"
"156","Colorado St.","09/25/10","20","CARTER","RAYMOND","16","105","1","104","1","","","","","","","16","104","4","120","2","","","","","","","","","","","","","","","3","","","","","","","","","","","","18"
"156","Colorado St.","10/02/10","20","CARTER","RAYMOND","3","1","1","0","0","","","","","","","3","0","","","","","","","","","","","","","","","","","","","","","","","","","","","","","","0"
"156","Colorado St.","10/30/10","20","CARTER","RAYMOND","5","48","0","48","0","","","","","","","5","48","","","","","","","","","","","","","","","","","","","","","","","","","","","","","","0"
"156","Colorado St.","11/06/10","20","CARTER","RAYMOND","11","40","6","34","0","","","","","","","11","34","1","-3","0","","","","","","","","","","","","","","","","","","","","","","","","","","","0"
"156","Colorado St.","11/13/10","20","CARTER","RAYMOND","5","13","3","10","0","","","","","","","5","10","5","30","1","","","","","","","","","","","","","","","1","","","","","","","","","","","","6"
"156","Colorado St.","09/04/10","14","DELINE","BEN","","","","","","","","","","","","0","0","","","","","","","","","","","","","","","","","","","","","","","","","","","2","1","","3"
"156","Colorado St.","09/11/10","14","DELINE","BEN","","","","","","","","","","","","0","0","","","","","","","","","","","","","","","","","","","","","","","","","","","2","2","","6"
"156","Colorado St.","09/18/10","14","DELINE","BEN","","","","","","","","","","","","0","0","","","","","","","","","","","","","","","","","","","1","1","0","0","","","","","1","1","","4"
"156","Colorado St.","09/25/10","14","DELINE","BEN","","","","","","","","","","","","0","0","","","","","","","","","","","","","","","","","","","4","3","0","0","","","","","4","3","","12"
"156","Colorado St.","10/09/10","14","DELINE","BEN","","","","","","","","","","","","0","0","","","","","","","","","","","","","","","","","","","4","3","0","0","","","","","","","","3"
"156","Colorado St.","10/16/10","14","DELINE","BEN","","","","","","","","","","","","0","0","","","","","","","","","","","","","","","","","","","5","4","0","0","","","","","4","3","","13"
"156","Colorado St.","10/23/10","14","DELINE","BEN","","","","","","","","","","","","0","0","","","","","","","","","","","","","","","","","","","","","","","","","","","2","2","","6"
"156","Colorado St.","10/30/10","14","DELINE","BEN","","","","","","","","","","","","0","0","","","","","","","","","","","","","","","","","","","5","5","0","0","","","","","2","1","","8"
"156","Colorado St.","11/06/10","14","DELINE","BEN","","","","","","","","","","","","0","0","","","","","","","","","","","","","","","","","","","1","1","0","0","","","","","3","2","","7"
"156","Colorado St.","11/13/10","14","DELINE","BEN","","","","","","","","","","","","0","0","","","","","","","","","","","","","","","","","","","1","1","0","0","","","","","1","1","","4"
"156","Colorado St.","11/20/10","14","DELINE","BEN","","","","","","","","","","","","0","0","","","","","","","","","","","","","","","","","","","","","","","","","","","1","0","","0"
"156","Colorado St.","09/04/10","12","DRAKE","TONY","2","32","0","32","0","","","","","","","2","32","","","","","","","","","","","","","","","","","","","","","","","","","","","","","","0"
"156","Colorado St.","09/11/10","12","DRAKE","TONY","","","","","","","","","","","","0","0","","","","","","","","","","","","","","","9","242","0","","","","","","","","","","","","","0"
"156","Colorado St.","09/18/10","12","DRAKE","TONY","","","","","","","","","","","","0","0","","","","","","","","","","","","","","","2","41","0","","","","","","","","","","","","","0"
"156","Colorado St.","09/25/10","12","DRAKE","TONY","1","3","0","3","0","","","","","","","1","3","1","6","0","","","","","","","","","","","","4","107","0","","","","","","","","","","","","","0"
"156","Colorado St.","10/02/10","12","DRAKE","TONY","","","","","","","","","","","","0","0","","","","","","","","","","","","","","","5","123","0","","","","","","","","","","","","","0"
"156","Colorado St.","10/16/10","12","DRAKE","TONY","1","0","3","-3","0","","","","","","","1","-3","2","39","0","","","","","","","","","","","","","","","","","","","","","","","","","","","0"
"156","Colorado St.","10/23/10","12","DRAKE","TONY","","","","","","","","","","","","0","0","1","6","0","","","","","","","","","","","","2","38","0","","","","","","","","","","","","","0"
"156","Colorado St.","10/30/10","12","DRAKE","TONY","3","54","1","53","1","","","","","","","3","53","","","","","","","","","","","","1","1","0","","","","1","","","","","","","","","","","","6"
"156","Colorado St.","11/06/10","12","DRAKE","TONY","","","","","","","","","","","","0","0","0","4","0","","","","","","","","","","","","2","64","0","","","","","","","","","","","","","0"
"156","Colorado St.","11/13/10","12","DRAKE","TONY","","","","","","","","","","","","0","0","2","16","0","","","","","","","","","","","","3","46","0","","","","","","","","","","","","","0"
"156","Colorado St.","11/20/10","12","DRAKE","TONY","","","","","","","","","","","","0","0","","","","","","","","","","","","","","","2","43","0","","","","","","","","","","","","","0"
"156","Colorado St.","10/16/10","99","GILLMORE","CROCKETT","","","","","","","","","","","","0","0","","","","","","","1","3","0","","","","","","","","","","","","","","","","","","","","","0"
"156","Colorado St.","10/09/10","26","GOOD","DEREK","3","29","0","29","0","","","","","","","3","29","","","","","","","","","","","","","","","8","263","0","","","","","","","","","","","","","0"
"156","Colorado St.","10/16/10","26","GOOD","DEREK","7","20","2","18","0","","","","","","","7","18","","","","","","","","","","","","","","","1","74","0","","","","","","","","","","","","","0"
"156","Colorado St.","10/23/10","26","GOOD","DEREK","3","5","0","5","0","","","","","","","3","5","","","","","","","","","","","","","","","7","124","0","","","","","","","","","","","","","0"
"156","Colorado St.","10/30/10","26","GOOD","DEREK","","","","","","","","","","","","0","0","","","","","","","","","","","","","","","2","40","0","","","","","","","","","","","","","0"
"156","Colorado St.","11/06/10","26","GOOD","DEREK","","","","","","","","","","","","0","0","","","","","","","","","","","","","","","3","58","0","","","","","","","","","","","","","0"
"156","Colorado St.","11/20/10","26","GOOD","DEREK","","","","","","","","","","","","0","0","","","","","","","","","","","","","","","3","59","0","","","","","","","","","","","","","0"
"156","Colorado St.","09/04/10","1","GREENWOOD","LOU","1","0","1","-1","0","","","","","","","1","-1","","","","","","","","","","","","","","","","","","","","","","","","","","","","","","0"
"156","Colorado St.","09/11/10","1","GREENWOOD","LOU","1","0","0","0","0","","","","","","","1","0","2","24","0","","","","","","","","","","","","","","","","","","","","","","","","","","","0"
"156","Colorado St.","09/18/10","1","GREENWOOD","LOU","","","","","","","","","","","","0","0","2","31","0","","","","","","","","","","","","1","19","0","","","","","","","","","","","","","0"
"156","Colorado St.","09/25/10","1","GREENWOOD","LOU","3","9","2","7","0","","","","","","","3","7","3","30","0","","","","","","","","","","","","","","","","","","","","","","","","","","","0"
"156","Colorado St.","10/02/10","1","GREENWOOD","LOU","1","6","0","6","0","","","","","","","1","6","3","18","0","","","","","","","","","","","","","","","","","","","","","","","","","","","0"
"156","Colorado St.","10/09/10","1","GREENWOOD","LOU","2","31","0","31","1","","","","","","","2","31","4","24","0","","","","","","","","","","","","","","","1","","","","","","","","","","","","6"
"156","Colorado St.","10/16/10","1","GREENWOOD","LOU","2","12","0","12","0","","","","","","","2","12","2","128","1","","","","","","","","","","","","","","","1","","","","","","","","","","","","6"
"156","Colorado St.","10/23/10","1","GREENWOOD","LOU","","","","","","","","","","","","0","0","2","33","0","","","","","","","","","","","","","","","","","","","","","","","","","","","0"
"156","Colorado St.","10/30/10","1","GREENWOOD","LOU","2","20","1","19","0","","","","","","","2","19","2","54","1","","","","","","","","","","","","","","","1","","","","","","","","","","","","6"
"156","Colorado St.","11/06/10","1","GREENWOOD","LOU","1","0","12","-12","0","1","0","0","0","0","","2","-12","7","68","0","","","","","","","","","","","","","","","","","","","","","","","","","","","0"
"156","Colorado St.","11/13/10","1","GREENWOOD","LOU","2","2","6","-4","0","","","","","","","2","-4","5","54","0","","","","","","","","","","","","","","","","","","","","","","","","","","","0"
"156","Colorado St.","11/20/10","1","GREENWOOD","LOU","1","3","0","3","0","","","","","","","1","3","2","10","0","","","","","","","","","","","","","","","","","","","","","","","","","","","0"
"156","Colorado St.","10/09/10","35","HERD","IVORY","","","","","","","","","","","","0","0","","","","1","8","0","","","","","","","","","","","","","","","","","","","","","","","","0"
"156","Colorado St.","09/04/10","41","KONTODIAKOS","PETE","","","","","","","","","","","","0","0","","","","","","","","","","6","244","","","","","","","","","","","","","","","","","","","0"
"156","Colorado St.","09/11/10","41","KONTODIAKOS","PETE","","","","","","","","","","","","0","0","","","","","","","","","","2","79","","","","","","","","","","","","","","","","","","","0"
"156","Colorado St.","09/18/10","41","KONTODIAKOS","PETE","","","","","","","","","","","","0","0","","","","","","","","","","5","202","","","","","","","","","","","","","","","","","","","0"
"156","Colorado St.","09/25/10","41","KONTODIAKOS","PETE","","","","","","","","","","","","0","0","","","","","","","","","","2","103","","","","","","","","","","","","","","","","","","","0"
"156","Colorado St.","10/02/10","41","KONTODIAKOS","PETE","","","","","","","","","","","","0","0","","","","","","","","","","8","398","","","","","","","","","","","","","","","","","","","0"
"156","Colorado St.","10/09/10","41","KONTODIAKOS","PETE","","","","","","","","","","","","0","0","","","","","","","","","","4","136","","","","","","","","","","","","","","","","","","","0"
"156","Colorado St.","10/16/10","41","KONTODIAKOS","PETE","","","","","","","","","","","","0","0","","","","","","","","","","2","67","","","","","","","","","","","","","","","","","","","0"
"156","Colorado St.","10/23/10","41","KONTODIAKOS","PETE","","","","","","","","","","","","0","0","","","","","","","","","","5","233","","","","","","","","","","","","","","","","","","","0"
"156","Colorado St.","10/30/10","41","KONTODIAKOS","PETE","","","","","","","","","","","","0","0","","","","","","","","","","2","86","","","","","","","","","","","","","","","","","","","0"
"156","Colorado St.","11/06/10","41","KONTODIAKOS","PETE","","","","","","","","","","","","0","0","","","","","","","","","","3","135","","","","","","","","","","","","","","","","","","","0"
"156","Colorado St.","11/13/10","41","KONTODIAKOS","PETE","","","","","","","","","","","","0","0","","","","","","","","","","3","124","","","","","","","","","","","","","","","","","","","0"
"156","Colorado St.","11/20/10","41","KONTODIAKOS","PETE","","","","","","","","","","","","0","0","","","","","","","","","","9","424","","","","","","","","","","","","","","","","","","","0"
"156","Colorado St.","10/16/10","10","KUBIAK","KLAY","1","1","0","1","0","","","","","","","1","1","","","","","","","","","","","","","","","","","","","","","","","","","","","","","","0"
"156","Colorado St.","09/04/10","9","LAW","MARQUISE","","","","","","","","","","","","0","0","2","18","0","","","","","","","","","","","","","","","","","","","","","","","","","","","0"
"156","Colorado St.","09/18/10","9","LAW","MARQUISE","","","","","","","","","","","","0","0","2","23","0","","","","","","","","","","","","","","","","","","","","","","","","","","","0"
"156","Colorado St.","09/25/10","9","LAW","MARQUISE","","","","","","","","","","","","0","0","2","15","0","","","","","","","","","","","","","","","","","","","","","","","","","","","0"
"156","Colorado St.","10/02/10","9","LAW","MARQUISE","","","","","","","","","","","","0","0","1","9","0","","","","","","","","","","","","","","","","","","","","","","","","","","","0"
"156","Colorado St.","10/09/10","9","LAW","MARQUISE","","","","","","","","","","","","0","0","1","6","0","","","","","","","","","","","","","","","","","","","","","","","","","","","0"
"156","Colorado St.","10/23/10","9","LAW","MARQUISE","","","","","","","","","","","","0","0","1","19","0","","","","","","","","","","","","","","","","","","","","","","","","","","","0"
"156","Colorado St.","10/30/10","9","LAW","MARQUISE","","","","","","","","","","","","0","0","3","36","0","","","","","","","","","","","","","","","","","","","","","","","","","","","0"
"156","Colorado St.","11/06/10","9","LAW","MARQUISE","","","","","","","","","","","","0","0","2","30","0","","","","","","","","","","","","","","","","","","","","","","","","","","","0"
"156","Colorado St.","11/20/10","9","LAW","MARQUISE","","","","","","","","","","","","0","0","2","17","0","","","","","","","","","","","","","","","","","","","","","","","","","","","0"
"156","Colorado St.","10/09/10","37","LEVIN","JACOB","","","","","","","","","","","","0","0","1","1","0","","","","","","","","","","","","","","","","","","","","","","","","","","","0"
"156","Colorado St.","09/04/10","23","LIGGETT","TYSON","","","","","","","","","","","","0","0","3","27","0","","","","","","","","","","","","","","","","","","","","","","","","","","","0"
"156","Colorado St.","09/11/10","23","LIGGETT","TYSON","","","","","","","","","","","","0","0","7","46","0","","","","","","","","","","","","","","","","","","","","","","","","","","","0"
"156","Colorado St.","09/18/10","23","LIGGETT","TYSON","","","","","","","","","","","","0","0","3","20","0","","","","","","","","","","","","","","","","","","","","","","","","","","","0"
"156","Colorado St.","09/25/10","23","LIGGETT","TYSON","","","","","","","","","","","","0","0","4","51","0","","","","","","","","","","","","","","","","","","","","","","","","","","","0"
"156","Colorado St.","10/02/10","23","LIGGETT","TYSON","","","","","","","","","","","","0","0","3","20","0","","","","","","","","","3","5","0","","","","","","","","","","","","","","","","0"
"156","Colorado St.","10/09/10","23","LIGGETT","TYSON","","","","","","","","","","","","0","0","5","25","0","","","","","","","","","1","2","0","","","","","","","","","","","","","","","","0"
"156","Colorado St.","10/16/10","23","LIGGETT","TYSON","","","","","","","","","","","","0","0","2","10","0","","","","","","","","","1","4","0","","","","","","","","","","","","","","","","0"
"156","Colorado St.","10/30/10","23","LIGGETT","TYSON","","","","","","","","","","","","0","0","2","33","0","","","","","","","","","","","","","","","","","","","","","","","","","","","0"
"156","Colorado St.","11/06/10","23","LIGGETT","TYSON","","","","","","","","","","","","0","0","4","60","0","","","","","","","","","","","","","","","","","","","","","","","","","","","0"
"156","Colorado St.","11/13/10","23","LIGGETT","TYSON","1","14","0","14","0","","","","","","","1","14","5","62","0","","","","","","","","","","","","","","","","","","","","","","","","","","","0"
"156","Colorado St.","11/20/10","23","LIGGETT","TYSON","1","0","1","-1","0","","","","","","","1","-1","3","26","0","","","","","","","","","","","","","","","","","","","","","","","","","","","0"
"156","Colorado St.","09/11/10","2","MASON","LEONARD","8","33","0","33","0","","","","","","","8","33","2","19","0","","","","","","","","","","","","","","","","","","","","","","","","","","","0"
"156","Colorado St.","09/18/10","2","MASON","LEONARD","1","3","0","3","0","","","","","","","1","3","","","","","","","","","","","","","","","","","","","","","","","","","","","","","","0"
"156","Colorado St.","10/02/10","2","MASON","LEONARD","1","2","0","2","0","","","","","","","1","2","1","1","0","","","","","","","","","","","","","","","","","","","","","","","","","","","0"
"156","Colorado St.","10/09/10","2","MASON","LEONARD","22","140","1","139","1","","","","","","","22","139","","","","","","","","","","","","","","","","","","1","","","","","","","","","","","","6"
"156","Colorado St.","10/16/10","2","MASON","LEONARD","14","122","1","121","1","","","","","","","14","121","","","","","","","","","","","","","","","","","","1","","","","","","","","","","","","6"
"156","Colorado St.","10/30/10","2","MASON","LEONARD","15","124","0","124","3","","","","","","","15","124","1","4","0","","","","","","","","","","","","","","","3","","","","","","","","","","","","18"
"156","Colorado St.","11/06/10","2","MASON","LEONARD","10","20","9","11","0","","","","","","","10","11","","","","","","","","","","","","","","","","","","","","","","","","","","","","","","0"
"156","Colorado St.","11/13/10","2","MASON","LEONARD","11","63","4","59","0","","","","","","","11","59","1","7","0","","","","","","","","","","","","","","","","","","","","","","","","","","","0"
"156","Colorado St.","11/20/10","2","MASON","LEONARD","9","26","3","23","0","","","","","","","9","23","","","","","","","","","","","","","","","","","","","","","","","","","","","","","","0"
"156","Colorado St.","09/04/10","7","MOSURE","JOHN","","","","","","","","","","","","0","0","3","22","0","","","","","","","","","","","","2","34","0","","","","","","","","","","","","","0"
"156","Colorado St.","09/11/10","7","MOSURE","JOHN","2","15","0","15","0","","","","","","","2","15","2","13","0","","","","","","","","","","","","","","","","","","","","","","","","","","","0"
"156","Colorado St.","09/18/10","7","MOSURE","JOHN","3","7","0","7","0","","","","","","","3","7","","","","","","","","","","","","","","","3","69","0","","","","","","","","","","","","","0"
"156","Colorado St.","09/25/10","7","MOSURE","JOHN","4","26","0","26","0","","","","","","","4","26","","","","","","","","","","","","","","","","","","","","","","","","","","","","","","0"
"156","Colorado St.","10/02/10","7","MOSURE","JOHN","7","19","4","15","0","","","","","","","7","15","","","","","","","","","","","","","","","","","","","","","","","","","","","","","","0"
"156","Colorado St.","10/09/10","7","MOSURE","JOHN","3","20","0","20","0","","","","","","","3","20","1","2","0","","","","","","","","","","","","","","","","","","","","","","","","","","","0"
"156","Colorado St.","10/16/10","7","MOSURE","JOHN","3","14","3","11","1","","","","","","","3","11","","","","","","","","","","","","","","","","","","1","","","","","","","","","","","","6"
"156","Colorado St.","10/30/10","7","MOSURE","JOHN","","","","","","1","0","0","0","0","","1","0","2","17","0","","","","","","","","","","","","","","","","","","","","","","","","","","","0"
"156","Colorado St.","11/06/10","7","MOSURE","JOHN","3","5","3","2","0","","","","","","","3","2","","","","","","","","","","","","","","","","","","","","","","","","","","","","","","0"
"156","Colorado St.","11/13/10","7","MOSURE","JOHN","2","8","0","8","0","","","","","","","2","8","","","","","","","","","","","","","","","1","11","0","","","","","","","","","","","","","0"
"156","Colorado St.","11/20/10","7","MOSURE","JOHN","","","","","","","","","","","","0","0","","","","","","","","","","","","","","","1","27","0","","","","","","","","","","","","","0"
"156","Colorado St.","09/11/10","6","NWOKE","CHRIS","4","22","3","19","0","","","","","","","4","19","1","-2","0","","","","","","","","","","","","","","","","","","","","","","","","","","","0"
"156","Colorado St.","09/25/10","6","NWOKE","CHRIS","1","4","0","4","0","","","","","","","1","4","","","","","","","","","","","","","","","","","","","","","","","","","","","","","","0"
"156","Colorado St.","10/02/10","6","NWOKE","CHRIS","4","8","0","8","0","","","","","","","4","8","2","19","0","","","","","","","","","","","","","","","","","","","","","","","","","","","0"
"156","Colorado St.","10/09/10","6","NWOKE","CHRIS","12","42","0","42","1","","","","","","","12","42","2","0","0","","","","","","","","","","","","","","","1","","","","","","","","","","","","6"
"156","Colorado St.","10/16/10","6","NWOKE","CHRIS","8","79","4","75","0","","","","","","","8","75","","","","","","","","","","","","","","","","","","","","","","","","","","","","","","0"
"156","Colorado St.","10/23/10","6","NWOKE","CHRIS","15","53","5","48","0","","","","","","","15","48","8","49","0","","","","","","","","","","","","","","","","","","","","","","","","","","","0"
"156","Colorado St.","10/30/10","6","NWOKE","CHRIS","19","99","1","98","0","","","","","","","19","98","1","11","0","","","","","","","","","","","","","","","","","","","","","","","","","","","0"
"156","Colorado St.","11/20/10","6","NWOKE","CHRIS","11","70","7","63","0","","","","","","","11","63","3","-2","0","","","","","","","","","","","","","","","","","","","","","","","","","","","0"
"156","Colorado St.","09/04/10","36","PAUGA","ZAC","","","","","","","","","","","","0","0","2","4","0","","","","","","","","","","","","","","","","","","","","","","","","","","","0"
"156","Colorado St.","09/11/10","36","PAUGA","ZAC","","","","","","","","","","","","0","0","1","5","0","","","","","","","","","","","","","","","","","","","","","","","","","","","0"
"156","Colorado St.","09/18/10","36","PAUGA","ZAC","","","","","","","","","","","","0","0","3","15","0","","","","","","","","","","","","","","","","","","","","","","","","","","","0"
"156","Colorado St.","09/25/10","36","PAUGA","ZAC","1","3","0","3","0","","","","","","","1","3","5","60","0","","","","","","","","","","","","","","","","","","","","","","","","","","","0"
"156","Colorado St.","10/02/10","36","PAUGA","ZAC","3","8","0","8","0","","","","","","","3","8","3","23","0","","","","","","","","","","","","","","","","","","","","","","","","","","","0"
"156","Colorado St.","10/09/10","36","PAUGA","ZAC","2","11","0","11","0","","","","","","","2","11","3","28","0","","","","","","","","","","","","","","","","","","","","","","","","","","","0"
"156","Colorado St.","10/16/10","36","PAUGA","ZAC","1","21","0","21","0","","","","","","","1","21","1","1","0","","","","","","","","","","","","","","","","","","","","","","","","","","","0"
"156","Colorado St.","10/23/10","36","PAUGA","ZAC","1","3","0","3","0","","","","","","","1","3","3","38","0","","","","","","","","","","","","","","","","","","","","","","","","","","","0"
"156","Colorado St.","10/30/10","36","PAUGA","ZAC","2","0","2","-2","0","","","","","","","2","-2","3","34","0","","","","","","","","","","","","","","","","","","","","","","","","","","","0"
"156","Colorado St.","11/06/10","36","PAUGA","ZAC","1","7","0","7","0","","","","","","","1","7","3","47","1","","","","","","","","","","","","","","","1","","","","","","","","","","","","6"
"156","Colorado St.","11/13/10","36","PAUGA","ZAC","","","","","","","","","","","","0","0","4","43","0","","","","","","","","","","","","","","","","","","","","","","","","","","","0"
"156","Colorado St.","11/20/10","36","PAUGA","ZAC","1","2","0","2","0","","","","","","","1","2","2","10","0","","","","","","","","","","","","","","","","","","","","","","","","","","","0"
"156","Colorado St.","09/04/10","11","PEITZ","ERIC","","","","","","","","","","","","0","0","2","19","0","","","","","","","","","","","","","","","","","","","","","","","","","","","0"
"156","Colorado St.","09/11/10","11","PEITZ","ERIC","","","","","","","","","","","","0","0","1","14","0","","","","","","","","","","","","","","","","","","","","","","","","","","","0"
"156","Colorado St.","09/25/10","11","PEITZ","ERIC","","","","","","","","","","","","0","0","2","15","0","","","","","","","","","","","","","","","","","","","","","","","","","","","0"
"156","Colorado St.","10/02/10","11","PEITZ","ERIC","","","","","","","","","","","","0","0","1","4","0","","","","","","","","","","","","","","","","","","","","","","","","","","","0"
"156","Colorado St.","10/09/10","11","PEITZ","ERIC","","","","","","","","","","","","0","0","2","18","1","","","","","","","","","","","","","","","1","","","","","","","","","","","","6"
"156","Colorado St.","10/16/10","11","PEITZ","ERIC","","","","","","","","","","","","0","0","2","43","2","","","","","","","","","","","","","","","2","","","","","","","","","","","","12"
"156","Colorado St.","10/23/10","11","PEITZ","ERIC","","","","","","","","","","","","0","0","1","11","0","","","","","","","","","","","","","","","","","","","","","","","","","","","0"
"156","Colorado St.","10/30/10","11","PEITZ","ERIC","","","","","","","","","","","","0","0","1","32","0","","","","","","","","","","","","","","","","","","","","","","","","","","","0"
"156","Colorado St.","11/13/10","11","PEITZ","ERIC","","","","","","","","","","","","0","0","1","17","0","","","","","","","","","","","","","","","","","","","","","","","","","","","0"
"156","Colorado St.","11/20/10","11","PEITZ","ERIC","","","","","","","","","","","","0","0","2","14","0","","","","","","","","","","","","","","","","","","","","","","","","","","","0"
"156","Colorado St.","11/06/10","6A","SISSON","MYCHAL","","","","","","","","","","","","0","0","","","","1","0","0","1","88","1","","","","","","","","","1","","","","","","","","","","","","6"
"156","Colorado St.","11/06/10","22","SMITH","ELIJAH-BLU","","","","","","","","","","","","0","0","","","","","","","1","3","0","","","","","","","","","","","","","","","","","","","","","0"
"156","Colorado St.","09/04/10","8","STEELE","BYRON","","","","","","","","","","","","0","0","4","54","0","","","","","","","","","","","","","","","","","","","","","","","","","","","0"
"156","Colorado St.","09/11/10","8","STEELE","BYRON","","","","","","","","","","","","0","0","3","40","0","","","","","","","","","","","","","","","","","","","","","","","","","","","0"
"156","Colorado St.","09/18/10","8","STEELE","BYRON","","","","","","","","","","","","0","0","7","118","0","","","","","","","","","","","","","","","","","","","","","","","","","","","0"
"156","Colorado St.","10/23/10","8","STEELE","BYRON","","","","","","","","","","","","0","0","1","4","0","","","","","","","","","","","","","","","","","","","","","","","","","","","0"
"156","Colorado St.","11/06/10","8","STEELE","BYRON","","","","","","","","","","","","0","0","1","31","0","","","","","","","","","","","","","","","","","","","","","","","","","","","0"
"156","Colorado St.","11/13/10","8","STEELE","BYRON","","","","","","","","","","","","0","0","3","56","0","","","","","","","","","","","","","","","","","","","","","","","","","","","0"
"156","Colorado St.","11/20/10","8","STEELE","BYRON","","","","","","","","","","","","0","0","1","10","0","","","","","","","","","","","","","","","","","","","","","","","","","","","0"
"156","Colorado St.","09/04/10","5","THOMAS","MOMO","","","","","","","","","","","","0","0","","","","1","20","0","","","","","","5","38","0","","","","","","","","","","","","","","","","0"
"156","Colorado St.","09/18/10","5","THOMAS","MOMO","","","","","","","","","","","","0","0","","","","","","","","","","","","1","22","0","","","","","","","","","","","","","","","","0"
"156","Colorado St.","09/25/10","5","THOMAS","MOMO","","","","","","","","","","","","0","0","","","","","","","","","","","","1","20","0","","","","","","","","","","","","","","","","0"
"156","Colorado St.","09/04/10","4","THOMAS","PETE","8","24","17","7","0","33","24","3","196","0","","41","203","","","","","","","","","","","","","","","","","","","","","","","","","","","","","","0"
"156","Colorado St.","09/11/10","4","THOMAS","PETE","12","22","33","-11","0","36","23","1","194","0","","48","183","","","","","","","","","","","","","","","","","","","","","","","","","","","","","","0"
"156","Colorado St.","09/18/10","4","THOMAS","PETE","7","8","24","-16","0","40","26","2","305","1","","47","289","","","","","","","","","","","","","","","","","","","","","","","","","","","","","","0"
"156","Colorado St.","09/25/10","4","THOMAS","PETE","6","0","39","-39","0","36","29","1","386","3","","42","347","","","","","","","","","","","","","","","","","","","","","","","","","","","","","","0"
"156","Colorado St.","10/02/10","4","THOMAS","PETE","6","9","7","2","0","29","17","0","116","0","","35","118","","","","","","","","","","","","","","","","","","","","","","","","","","","","","","0"
"156","Colorado St.","10/09/10","4","THOMAS","PETE","6","19","6","13","0","35","22","1","136","1","","41","149","","","","","","","","","","","","","","","","","","","","","","","","","","","","","","0"
"156","Colorado St.","10/16/10","4","THOMAS","PETE","4","13","7","6","0","14","10","0","233","3","","18","239","","","","","","","","","","","","","","","","","","","","","","","","","","","","","","0"
"156","Colorado St.","10/23/10","4","THOMAS","PETE","5","0","28","-28","0","28","19","1","185","0","","33","157","","","","","","","","","","","","","","","","","","","","","","","","","","","","","","0"
"156","Colorado St.","10/30/10","4","THOMAS","PETE","2","0","7","-7","0","25","17","0","256","1","","27","249","","","","","","","","","","","","","","","","","","","","","","","","","","","","","","0"
"156","Colorado St.","11/06/10","4","THOMAS","PETE","8","28","43","-15","0","40","22","1","266","1","0","48","251","","","","","","","","","","","","","","","","","","","","","1","0","","","","","","","","0"
"156","Colorado St.","11/13/10","4","THOMAS","PETE","3","6","10","-4","0","42","28","2","292","1","","45","288","","","","","","","","","","","","","","","","","","","","","","","","","","","","","","0"
"156","Colorado St.","11/20/10","4","THOMAS","PETE","10","10","35","-25","0","33","16","1","97","0","","43","72","","","","","","","","","","","","","","","","","","","","","","","","","","","","","","0"
"156","Colorado St.","11/06/10","1F","VINSON","DOMINIQUE","","","","","","","","","","","","0","0","","","","1","0","0","","","","","","","","","","","","","","","","","","","","","","","","0"
"156","Colorado St.","11/20/10","1F","VINSON","DOMINIQUE","","","","","","","","","","","","0","0","","","","","","","","","","","","1","17","0","","","","","","","","","","","","","","","","0"
"156","Colorado St.","09/04/10","3","YEMM","MATT","","","","","","","","","","","","0","0","3","27","0","","","","","","","","","","","","","","","","","","","","","","","","","","","0"
"156","Colorado St.","09/11/10","3","YEMM","MATT","","","","","","","","","","","","0","0","1","11","0","","","","","","","","","","","","","","","","","","","","","","","","","","","0"
"156","Colorado St.","09/18/10","3","YEMM","MATT","","","","","","","","","","","","0","0","4","56","1","","","","","","","","","","","","","","","1","","","","","","","","","","","","6"
"156","Colorado St.","09/25/10","3","YEMM","MATT","","","","","","","","","","","","0","0","5","68","0","","","","","","","","","","","","","","","","","","","","","","","","","","","0"
"156","Colorado St.","10/02/10","3","YEMM","MATT","","","","","","","","","","","","0","0","1","3","0","","","","","","","","","","","","","","","","","","","","","","","","","","","0"
"156","Colorado St.","10/09/10","3","YEMM","MATT","","","","","","","","","","","","0","0","3","32","0","","","","","","","","","","","","","","","","","","","","","","","","","","","0"
"156","Colorado St.","10/23/10","3","YEMM","MATT","","","","","","","","","","","","0","0","1","15","0","","","","","","","","","","","","","","","","","","","","","","","","","","","0"
"156","Colorado St.","10/30/10","3","YEMM","MATT","1","0","2","-2","0","","","","","","","1","-2","1","22","0","","","","","","","","","","","","","","","","","","","","","","","","","","","0"
"156","Colorado St.","11/06/10","3","YEMM","MATT","","","","","","","","","","","","0","0","1","26","0","","","","","","","","","","","","","","","","","","","","","","","","","","","0"
"156","Colorado St.","11/13/10","3","YEMM","MATT","","","","","","","","","","","","0","0","1","5","0","","","","","","","","","","","","","","","","","","","","","","","","","","","0"
"164","Connecticut","09/11/10","1A","BOX","MICHAEL","1","0","9","-9","0","5","2","0","30","0","","6","21","","","","","","","","","","","","","","","","","","","","","","","","","","","","","","0"
"164","Connecticut","10/23/10","1A","BOX","MICHAEL","5","27","5","22","0","12","4","1","35","0","","17","57","","","","","","","","","","","","","","","","","","","","","","","","","","","","","","0"
"164","Connecticut","11/11/10","1A","BOX","MICHAEL","1","8","0","8","0","","","","","","","1","8","","","","","","","","","","","","","","","","","","","","","","","","","","","","","","0"
"164","Connecticut","09/11/10","13","CHRISTEN","CHAD","","","","","","","","","","","","0","0","","","","","","","","","","","","","","","","","","","1","1","0","0","","","","","","","","1"
"164","Connecticut","09/25/10","13","CHRISTEN","CHAD","","","","","","","","","","","","0","0","","","","","","","","","","","","","","","","","","","1","1","0","0","","","","","","","","1"
"164","Connecticut","09/04/10","89","DELAHUNT","JOHN","","","","","","","","","","","","0","0","2","17","0","","","","","","","","","","","","2","15","0","","","","","","","","","","","","","0"
"164","Connecticut","09/11/10","89","DELAHUNT","JOHN","","","","","","","","","","","","0","0","1","46","0","","","","","","","","","","","","1","16","0","","","","","","","","","","","","","0"
"164","Connecticut","10/02/10","89","DELAHUNT","JOHN","","","","","","","","","","","","0","0","2","12","0","","","","","","","","","","","","","","","","","","","","","","","","","","","0"
"164","Connecticut","09/11/10","1","DIFTON","DWAYNE","","","","","","","","","","","","0","0","1","27","0","","","","","","","","","","","","","","","","","","","","","","","","","","","0"
"164","Connecticut","09/25/10","1","DIFTON","DWAYNE","","","","","","","","","","","","0","0","3","25","0","","","","","","","","","","","","","","","","","","","","","","","","","","","0"
"164","Connecticut","10/02/10","1","DIFTON","DWAYNE","","","","","","","","","","","","0","0","6","58","0","","","","","","","","","","","","","","","","","","","","","","","","","","","0"
"164","Connecticut","10/08/10","1","DIFTON","DWAYNE","","","","","","","","","","","","0","0","3","19","0","","","","","","","","","","","","","","","","","","","","","","","","","","","0"
"164","Connecticut","11/27/10","1","DIFTON","DWAYNE","","","","","","","","","","","","0","0","1","21","0","","","","","","","","","","","","","","","","","","","","","","","","","","","0"
"164","Connecticut","09/25/10","12","ENDRES","CODY","1","1","0","1","0","11","7","0","139","2","","12","140","","","","","","","","","","","","","","","","","","","","","","","","","","","","","","0"
"164","Connecticut","10/02/10","12","ENDRES","CODY","1","0","0","0","0","30","21","1","179","2","","31","179","","","","","","","","","","","","","","","","","","","","","","","","","","","","","","0"
"164","Connecticut","10/08/10","12","ENDRES","CODY","","","","","","34","17","1","153","1","","34","153","","","","","","","","","","","","","","","","","","","","","","","","","","","","","","0"
"164","Connecticut","09/04/10","10","FRAZER","ZACH","2","13","4","9","0","37","18","0","205","0","","39","214","","","","","","","","","","","","","","","","","","","","","","","","","","","","","","0"
"164","Connecticut","09/11/10","10","FRAZER","ZACH","","","","","","9","6","0","104","2","","9","104","","","","","","","","","","","","","","","","","","","","","","","","","","","","","","0"
"164","Connecticut","09/18/10","10","FRAZER","ZACH","5","12","10","2","0","31","16","0","150","0","","36","152","","","","","","","","","","","","","","","","","","","","","","","","","","","","","","0"
"164","Connecticut","09/25/10","10","FRAZER","ZACH","2","0","12","-12","0","14","7","1","94","0","","16","82","","","","","","","","","","","","","","","","","","","","","","","","","","","","","","0"
"164","Connecticut","10/23/10","10","FRAZER","ZACH","","","","","","8","6","0","52","0","","8","52","","","","","","","","","","","","","","","","","","","","","","","","","","","","","","0"
"164","Connecticut","10/29/10","10","FRAZER","ZACH","7","16","17","-1","0","29","18","0","166","0","","36","165","","","","","","","","","","","","","","","","","","","","","","","","","","","","","","0"
"164","Connecticut","11/11/10","10","FRAZER","ZACH","1","1","0","1","0","20","9","1","100","2","","21","101","","","","","","","","","","","","","","","","","","","","","","","","","","","","","","0"
"164","Connecticut","11/20/10","10","FRAZER","ZACH","1","5","0","5","0","21","13","0","98","0","","22","103","","","","","","","","","","","","","","","","","","","","","","","","","","","","","","0"
"164","Connecticut","11/27/10","10","FRAZER","ZACH","4","28","12","16","0","24","11","1","121","1","","28","137","","","","","","","","","","","","","","","","","","","","","","","","","","","","","","0"
"164","Connecticut","12/04/10","10","FRAZER","ZACH","3","11","0","11","0","29","13","1","112","0","","32","123","","","","","","","","","","","","","","","","","","","","","","","","","","","","","","0"
"164","Connecticut","01/01/11","10","FRAZER","ZACH","4","2","19","-17","0","39","19","2","223","0","","43","206","","","","","","","","","","","","","","","","","","","","","","","","","","","","","","0"
"164","Connecticut","09/04/10","44","FREY","ROBBIE","4","12","0","12","0","","","","","","","4","12","1","0","0","","","","","","","","","","","","","","","","","","","","","","","","","","","0"
"164","Connecticut","09/11/10","44","FREY","ROBBIE","12","105","4","101","2","","","","","","","12","101","","","","","","","","","","","","","","","","","","2","","","","","","","","","","","","12"
"164","Connecticut","09/18/10","44","FREY","ROBBIE","10","47","3","44","0","","","","","","","10","44","","","","","","","","","","","","","","","5","69","0","","","","","","","","","","","","","0"
"164","Connecticut","09/25/10","44","FREY","ROBBIE","13","113","1","112","1","","","","","","","13","112","","","","","","","","","","","","","","","2","80","0","1","","","","","","","","","","","","6"
"164","Connecticut","10/29/10","44","FREY","ROBBIE","1","0","0","0","0","","","","","","","1","0","","","","","","","","","","","","","","","","","","","","","","","","","","","","","","0"
"164","Connecticut","11/11/10","44","FREY","ROBBIE","5","23","0","23","0","","","","","","","5","23","2","9","0","","","","","","","","","","","","","","","","","","","","","","","","","","","0"
"164","Connecticut","11/20/10","44","FREY","ROBBIE","8","35","10","25","0","","","","","","","8","25","","","","","","","","","","","","","","","1","25","0","","","","","","","","","","","","","0"
"164","Connecticut","11/27/10","44","FREY","ROBBIE","15","51","3","48","1","","","","","","","15","48","1","11","0","","","","","","","","","","","","1","42","0","1","","","","","","","","","","","","6"
"164","Connecticut","12/04/10","44","FREY","ROBBIE","2","16","0","16","0","","","","","","","2","16","1","18","0","","","","","","","","","","","","3","97","0","","","","","","","","","","","","","0"
"164","Connecticut","01/01/11","44","FREY","ROBBIE","5","12","4","8","0","","","","","","","5","8","1","0","0","","","","","","","","","","","","1","95","1","1","","","","","","","","","","","","6"
"164","Connecticut","11/11/10","1B","GRATZ","","","","","","","","","","","","","0","0","","","","1","37","0","","","","","","","","","","","","","","","","","","","","","","","","0"
"164","Connecticut","01/01/11","1B","GRATZ","","","","","","","","","","","","","0","0","","","","1","46","1","","","","","","","","","","","","1","","","","","","","","","","","","6"
"164","Connecticut","09/11/10","94","GRIFFIN","RYAN","","","","","","","","","","","","0","0","1","5","0","","","","","","","","","","","","","","","","","","","","","","","","","","","0"
"164","Connecticut","09/18/10","94","GRIFFIN","RYAN","","","","","","","","","","","","0","0","1","18","0","","","","","","","","","","","","","","","","","","","","","","","","","","","0"
"164","Connecticut","09/25/10","94","GRIFFIN","RYAN","","","","","","","","","","","","0","0","1","6","1","","","","","","","","","","","","","","","1","","","","","","","","","","","","6"
"164","Connecticut","10/02/10","94","GRIFFIN","RYAN","","","","","","","","","","","","0","0","4","14","0","","","","","","","","","","","","","","","","","","","","","","","","","","","0"
"164","Connecticut","10/08/10","94","GRIFFIN","RYAN","","","","","","","","","","","","0","0","4","26","0","","","","","","","","","","","","","","","","","","","","","","","","","","","0"
"164","Connecticut","10/23/10","94","GRIFFIN","RYAN","","","","","","","","","","","","0","0","4","40","0","","","","","","","","","","","","","","","","","","","","","","","","","","","0"
"164","Connecticut","10/29/10","94","GRIFFIN","RYAN","","","","","","","","","","","","0","0","3","17","0","","","","","","","","","","","","","","","","","","","","","","","","","","","0"
"164","Connecticut","11/11/10","94","GRIFFIN","RYAN","","","","","","","","","","","","0","0","1","9","0","","","","","","","","","","","","","","","","","","","","","","","","","","","0"
"164","Connecticut","11/20/10","94","GRIFFIN","RYAN","","","","","","","","","","","","0","0","3","25","0","","","","","","","","","","","","","","","","","","","","","","","","","","","0"
"164","Connecticut","11/27/10","94","GRIFFIN","RYAN","","","","","","","","","","","","0","0","2","16","0","","","","","","","","","","","","","","","","","","","","","","","","","","","0"
"164","Connecticut","12/04/10","94","GRIFFIN","RYAN","","","","","","","","","","","","0","0","3","21","0","","","","","","","","","","","","","","","","","","","","","","","","","","","0"
"164","Connecticut","01/01/11","94","GRIFFIN","RYAN","","","","","","","","","","","","0","0","4","48","0","","","","","","","","","","","","","","","","","","","","","","","","","","","0"
"164","Connecticut","10/02/10","45","HYPPOLITE","MARTIN","3","5","0","5","0","","","","","","","3","5","","","","","","","","","","","","","","","","","","","","","","","","","","","","","","0"
"164","Connecticut","09/11/10","28","JOHNSON","JORY","","","","","","","","","","","","0","0","","","","1","0","0","","","","","","","","","","","","","","","","","","","","","","","","0"
"164","Connecticut","09/25/10","15","JUNIOR","JEROME","","","","","","","","","","","","0","0","","","","2","42","1","","","","","","","","","","","","1","","","","","","","","","","","","6"
"164","Connecticut","11/11/10","15","JUNIOR","JEROME","","","","","","","","","","","","0","0","","","","1","17","0","","","","","","","","","","","","","","","","","","","","","","","","0"
"164","Connecticut","11/27/10","15","JUNIOR","JEROME","","","","","","","","","","","","0","0","","","","1","17","0","","","","","","","","","","","","","","","","","","","","","","","","0"
"164","Connecticut","09/04/10","14","KINNARD","LEON","1","2","0","2","0","","","","","","","1","2","","","","","","","","","","","","","","","","","","","","","","","","","","","","","","0"
"164","Connecticut","09/11/10","14","KINNARD","LEON","1","1","0","1","0","1","1","0","3","0","","2","4","","","","","","","","","","","","","","","","","","","","","","","","","","","","","","0"
"164","Connecticut","09/25/10","14","KINNARD","LEON","1","9","0","9","0","","","","","","","1","9","1","2","0","","","","","","","","","","","","","","","","","","","","","","","","","","","0"
"164","Connecticut","10/23/10","14","KINNARD","LEON","1","6","0","6","0","","","","","","","1","6","","","","","","","","","","","","","","","","","","","","","","","","","","","","","","0"
"164","Connecticut","10/29/10","14","KINNARD","LEON","","","","","","","","","","","","0","0","","","","","","","","","","","","","","","1","24","0","","","","","","","","","","","","","0"
"164","Connecticut","09/11/10","7","LANG","MIKE","","","","","","","","","","","","0","0","","","","","","","","","","","","","","","1","24","0","","","","","","","","","","","","","0"
"164","Connecticut","09/25/10","7","LANG","MIKE","","","","","","","","","","","","0","0","","","","","","","","","","","","","","","2","52","0","","","","","","","","","","","","","0"
"164","Connecticut","10/02/10","7","LANG","MIKE","","","","","","","","","","","","0","0","","","","1","23","0","","","","","","","","","3","67","0","","","","","","","","","","","","","0"
"164","Connecticut","10/08/10","7","LANG","MIKE","","","","","","","","","","","","0","0","","","","","","","","","","","","","","","1","5","0","","","","","","","","","","","","","0"
"164","Connecticut","10/23/10","7","LANG","MIKE","","","","","","","","","","","","0","0","","","","","","","","","","","","","","","1","8","0","","","","","","","","","","","","","0"
"164","Connecticut","11/27/10","7","LANG","MIKE","","","","","","","","","","","","0","0","","","","1","0","0","","","","","","","","","","","","","","","","","","","","","","","","0"
"164","Connecticut","09/11/10","95","LLOYD","GREG","","","","","","","","","","","","0","0","","","","1","2","0","","","","","","","","","","","","","","","","","","","","","","","","0"
"164","Connecticut","12/04/10","32","LUTRUS","SCOTT","","","","","","","","","","","","0","0","","","","1","0","0","","","","","","","","","","","","","","","","","","","","","","","","0"
"164","Connecticut","09/11/10","29","MACK","TAYLOR","","","","","","","","","","","","0","0","","","","1","0","0","","","","","","","","","","","","","","","","","","","","","","","","0"
"164","Connecticut","09/25/10","29","MACK","TAYLOR","","","","","","","","","","","","0","0","","","","","","","","","","","","4","73","0","","","","","","","","","","","","","","","","0"
"164","Connecticut","10/02/10","29","MACK","TAYLOR","","","","","","","","","","","","0","0","","","","","","","","","","","","2","13","0","","","","","","","","","","","","","","","","0"
"164","Connecticut","10/08/10","29","MACK","TAYLOR","","","","","","","","","","","","0","0","","","","","","","","","","","","4","44","0","","","","","","","","","","","","","","","","0"
"164","Connecticut","10/23/10","29","MACK","TAYLOR","","","","","","","","","","","","0","0","","","","","","","","","","","","1","1","0","","","","","","","","","","","","","","","","0"
"164","Connecticut","10/29/10","29","MACK","TAYLOR","","","","","","","","","","","","0","0","","","","","","","","","","","","1","0","0","","","","","","","","","","","","","","","","0"
"164","Connecticut","10/02/10","81","MANNING","COREY","","","","","","","","","","","","0","0","1","4","1","","","","","","","","","","","","","","","1","","","","","","","","","","","","6"
"164","Connecticut","09/04/10","83","MOORE","ISIAH","","","","","","","","","","","","0","0","3","19","0","","","","","","","","","","","","","","","","","","","","","","","","","","","0"
"164","Connecticut","09/18/10","83","MOORE","ISIAH","","","","","","","","","","","","0","0","1","14","0","","","","","","","","","","","","","","","","","","","","","","","","","","","0"
"164","Connecticut","10/29/10","83","MOORE","ISIAH","","","","","","","","","","","","0","0","1","3","0","","","","","","","","","","","","","","","","","","","","","","","","","","","0"
"164","Connecticut","11/11/10","83","MOORE","ISIAH","","","","","","","","","","","","0","0","2","29","1","","","","","","","","","","","","","","","1","","","","","","","","","","","","6"
"164","Connecticut","11/20/10","83","MOORE","ISIAH","","","","","","","","","","","","0","0","4","37","0","","","","","","","","","","","","","","","","","","","","","","","","","","","0"
"164","Connecticut","11/27/10","83","MOORE","ISIAH","","","","","","","","","","","","0","0","1","13","0","","","","","","","","","","","","","","","","","","","","","","","","","","","0"
"164","Connecticut","12/04/10","83","MOORE","ISIAH","","","","","","","","","","","","0","0","1","5","0","","","","","","","","","","","","","","","","","","","","","","","","","","","0"
"164","Connecticut","01/01/11","83","MOORE","ISIAH","","","","","","","","","","","","0","0","2","27","0","","","","","","","","","","","","","","","","","","","","","","","","","","","0"
"164","Connecticut","09/04/10","82","MOORE","KASHIF","","","","","","","","","","","","0","0","3","31","0","","","","","","","","","","","","","","","","","","","","","","","","","","","0"
"164","Connecticut","09/11/10","82","MOORE","KASHIF","","","","","","","","","","","","0","0","2","39","1","","","","","","","","","","","","","","","1","","","","","","","","","","","","6"
"164","Connecticut","09/18/10","82","MOORE","KASHIF","1","2","0","2","0","","","","","","","1","2","3","31","0","","","","","","","","","","","","","","","","","","","","","","","","","","","0"
"164","Connecticut","09/25/10","82","MOORE","KASHIF","","","","","","","","","","","","0","0","5","70","0","","","","","","","","","","","","","","","","","","","","","","","","","","","0"
"164","Connecticut","10/02/10","82","MOORE","KASHIF","","","","","","","","","","","","0","0","2","11","1","","","","","","","","","","","","","","","1","","","","","","","","","","","","6"
"164","Connecticut","10/08/10","82","MOORE","KASHIF","2","8","0","8","0","","","","","","","2","8","5","64","1","","","","","","","","","","","","","","","1","","","","","","","","","","","","6"
"164","Connecticut","10/23/10","82","MOORE","KASHIF","","","","","","","","","","","","0","0","4","22","0","","","","","","","","","","","","2","46","0","","","","","","","","","","","","","0"
"164","Connecticut","10/29/10","82","MOORE","KASHIF","","","","","","","","","","","","0","0","2","47","0","","","","","","","","","","","","3","69","0","","","","","","","","","","","","","0"
"164","Connecticut","11/11/10","82","MOORE","KASHIF","2","1","6","-5","0","","","","","","","2","-5","2","46","1","","","","","","","","","","","","3","54","0","1","","","","","","","","","","","","6"
"164","Connecticut","11/20/10","82","MOORE","KASHIF","","","","","","","","","","","","0","0","2","7","0","","","","","","","","","","","","","","","","","","","","","","","","","","","0"
"164","Connecticut","11/27/10","82","MOORE","KASHIF","","","","","","","","","","","","0","0","1","4","0","","","","","","","","","","","","","","","","","","","","","","","","","","","0"
"164","Connecticut","12/04/10","82","MOORE","KASHIF","","","","","","","","","","","","0","0","1","18","0","","","","","","","","","","","","","","","","","","","","","","","","","","","0"
"164","Connecticut","01/01/11","82","MOORE","KASHIF","","","","","","","","","","","","0","0","4","62","0","","","","","","","","","","","","","","","","","","","","","","","","","","","0"
"164","Connecticut","09/25/10","46","MOORE","SIO","","","","","","","","","","","","0","0","","","","1","13","0","","","","","","","","","","","","","","","","","","","","","","","","0"
"164","Connecticut","11/20/10","99","REYES","KENDALL","","","","","","","","","","","","0","0","","","","1","2","0","","","","","","","","","","","","","","","","","","","","","","","","0"
"164","Connecticut","11/27/10","99","REYES","KENDALL","","","","","","","","","","","","0","0","","","","1","79","0","","","","","","","","","","","","","","","","","","","","","","","","0"
"164","Connecticut","09/11/10","88","SHEPPARD","GERRARD","","","","","","","","","","","","0","0","1","3","0","","","","","","","","","","","","","","","","","","","","","","","","","","","0"
"164","Connecticut","09/04/10","49","SHERMAN","ANTHONY","","","","","","","","","","","","0","0","3","28","0","","","","","","","","","","","","1","6","0","","","","","","","","","","","","","0"
"164","Connecticut","10/02/10","49","SHERMAN","ANTHONY","4","3","2","1","0","","","","","","","4","1","1","5","0","","","","","","","","","","","","","","","","","","","","","","","","","","","0"
"164","Connecticut","10/29/10","49","SHERMAN","ANTHONY","","","","","","","","","","","","0","0","2","15","0","","","","","","","","","","","","","","","","","","","","","","","","","","","0"
"164","Connecticut","11/11/10","49","SHERMAN","ANTHONY","","","","","","","","","","","","0","0","1","0","0","","","","","","","","","","","","","","","","","","","","","","","","","","","0"
"164","Connecticut","11/27/10","49","SHERMAN","ANTHONY","","","","","","","","","","","","0","0","1","16","1","","","","","","","","","","","","","","","1","","","","","","","","","","","","6"
"164","Connecticut","01/01/11","49","SHERMAN","ANTHONY","","","","","","","","","","","","0","0","3","63","0","","","","","","","","","","","","2","38","0","","","","","","","","","","","","","0"
"164","Connecticut","09/04/10","24","SHOEMATE","D.J.","3","10","0","10","0","","","","","","","3","10","","","","","","","","","","","","","","","","","","","","","","","","","","","","","","0"
"164","Connecticut","09/11/10","24","SHOEMATE","D.J.","9","46","1","45","0","","","","","","","9","45","","","","","","","","","","","","","","","","","","","","","","","","","","","","","","0"
"164","Connecticut","09/18/10","24","SHOEMATE","D.J.","","","","","","","","","","","","0","0","2","12","0","","","","","","","","","","","","","","","","","","","","","","","","","","","0"
"164","Connecticut","09/25/10","24","SHOEMATE","D.J.","16","61","1","60","1","","","","","","","16","60","","","","","","","","","","","","","","","","","","1","","","","","","","","","","","","6"
"164","Connecticut","09/04/10","80","SMITH","MICHAEL","","","","","","","","","","","","0","0","3","87","0","","","","","","","","","","","","","","","","","","","","","","","","","","","0"
"164","Connecticut","09/11/10","80","SMITH","MICHAEL","","","","","","","","","","","","0","0","2","14","1","","","","","","","","","","","","","","","1","","","","","","","","","","","","6"
"164","Connecticut","09/18/10","80","SMITH","MICHAEL","","","","","","","","","","","","0","0","7","79","0","","","","","","","","","","","","","","","","","","","","","","","","","","","0"
"164","Connecticut","09/25/10","80","SMITH","MICHAEL","","","","","","","","","","","","0","0","4","130","1","","","","","","","","","","","","","","","1","","","","","","","","","","","","6"
"164","Connecticut","10/02/10","80","SMITH","MICHAEL","","","","","","","","","","","","0","0","4","63","0","","","","","","","","","","","","","","","","","","","","","","","","","","","0"
"164","Connecticut","10/08/10","80","SMITH","MICHAEL","","","","","","","","","","","","0","0","3","38","0","","","","","","","","","","","","","","","","","","","","","","","","","","","0"
"164","Connecticut","10/23/10","80","SMITH","MICHAEL","","","","","","","","","","","","0","0","1","3","0","","","","","","","","","","","","","","","","","","","","","","","","","","","0"
"164","Connecticut","10/29/10","80","SMITH","MICHAEL","","","","","","","","","","","","0","0","6","56","0","","","","","","","","","","","","","","","","","","","","","","","","","","","0"
"164","Connecticut","11/20/10","80","SMITH","MICHAEL","","","","","","","","","","","","0","0","3","29","0","","","","","","","","","","","","","","","","","","","","","","","","","","","0"
"164","Connecticut","11/27/10","80","SMITH","MICHAEL","","","","","","","","","","","","0","0","3","38","0","","","","","","","","","","","","","","","","","","","","","","","","","","","0"
"164","Connecticut","12/04/10","80","SMITH","MICHAEL","","","","","","","","","","","","0","0","6","58","0","","","","","","","","","","","","","","","","","","","","","","","","","","","0"
"164","Connecticut","01/01/11","80","SMITH","MICHAEL","","","","","","","","","","","","0","0","4","20","0","","","","","","","","","","","","","","","","","","","","","","","","","","","0"
"164","Connecticut","09/04/10","38","TEGGART","DAVE","","","","","","","","","","","","0","0","","","","","","","","","","","","","","","","","","","1","1","0","0","","","","","2","1","","4"
"164","Connecticut","09/11/10","38","TEGGART","DAVE","","","","","","","","","","","","0","0","","","","","","","","","","","","","","","","","","","7","7","0","0","","","","","2","2","","13"
"164","Connecticut","09/18/10","38","TEGGART","DAVE","","","","","","","","","","","","0","0","","","","","","","","","","","","","","","","","","","1","1","0","0","","","","","5","3","","10"
"164","Connecticut","09/25/10","38","TEGGART","DAVE","","","","","","","","","","","","0","0","","","","","","","","","","","","","","","","","","","5","5","0","0","","","","","2","1","","8"
"164","Connecticut","10/02/10","38","TEGGART","DAVE","","","","","","","","","","","","0","0","","","","","","","","","","","","","","","","","","","5","5","0","0","","","","","1","1","","8"
"164","Connecticut","10/08/10","38","TEGGART","DAVE","","","","","","","","","","","","0","0","","","","","","","","","","","","","","","","","","","3","3","0","0","","","","","1","1","","6"
"164","Connecticut","10/23/10","38","TEGGART","DAVE","","","","","","","","","","","","0","0","","","","","","","","","","","","","","","","","","","","","","","","","","","1","0","","0"
"164","Connecticut","10/29/10","38","TEGGART","DAVE","","","","","","","","","","","","0","0","","","","","","","","","","","","","","","","","","","1","1","0","0","","","","","3","3","","10"
"164","Connecticut","11/11/10","38","TEGGART","DAVE","","","","","","","","","","","","0","0","","","","","","","","","","","","","","","","","","","3","3","0","0","","","","","3","3","","12"
"164","Connecticut","11/20/10","38","TEGGART","DAVE","","","","","","","","","","","","0","0","","","","","","","","","","","","","","","","","","","2","2","0","0","","","","","4","3","","11"
"164","Connecticut","11/27/10","38","TEGGART","DAVE","","","","","","","","","","","","0","0","","","","","","","","","","","","","","","","","","","5","5","0","0","","","","","1","1","","8"
"164","Connecticut","12/04/10","38","TEGGART","DAVE","","","","","","","","","","","","0","0","","","","","","","","","","","","","","","","","","","1","1","0","0","","","","","4","4","","13"
"164","Connecticut","01/01/11","38","TEGGART","DAVE","","","","","","","","","","","","0","0","","","","","","","","","","","","","","","","","","","2","2","0","0","","","","","2","2","","8"
"164","Connecticut","09/04/10","23","TODMAN","JORDAN","20","109","4","105","1","","","","","","","20","105","3","23","0","","","","","","","","","","","","1","26","0","1","","","","","","","","","","","","6"
"164","Connecticut","09/11/10","23","TODMAN","JORDAN","15","151","0","151","3","","","","","","","15","151","1","3","0","","","","","","","","","","","","","","","3","","","","","","","","","","","","18"
"164","Connecticut","09/18/10","23","TODMAN","JORDAN","26","195","3","192","1","","","","","","","26","192","2","-4","0","","","","","","","","","","","","1","29","0","1","","","","","","","","","","","","6"
"164","Connecticut","10/02/10","23","TODMAN","JORDAN","37","195","5","190","2","","","","","","","37","190","1","12","0","","","","","","","","","","","","","","","2","","","","","","","","","","","","12"
"164","Connecticut","10/08/10","23","TODMAN","JORDAN","24","128","5","123","1","","","","","","","24","123","2","6","0","","","","","","","","","","","","","","","1","","","","","","","","","","","","6"
"164","Connecticut","10/23/10","23","TODMAN","JORDAN","19","90","10","80","0","","","","","","","19","80","1","22","0","","","","","","","","","","","","","","","","","","","","","","","","","","","0"
"164","Connecticut","10/29/10","23","TODMAN","JORDAN","33","116","3","113","1","","","","","","","33","113","4","28","0","","","","","","","","","","","","","","","1","","","","","","","","","","","","6"
"164","Connecticut","11/11/10","23","TODMAN","JORDAN","37","232","10","222","0","","","","","","","37","222","1","7","0","","","","","","","","","","","","","","","","","","","","","","","","","","","0"
"164","Connecticut","11/20/10","23","TODMAN","JORDAN","27","135","5","130","2","","","","","","","27","130","1","0","0","","","","","","","","","","","","","","","2","","","","","","","","","","","","12"
"164","Connecticut","11/27/10","23","TODMAN","JORDAN","31","179","4","175","3","","","","","","","31","175","1","2","0","","","","","","","","","","","","","","","3","","","","","","","","","","","","18"
"164","Connecticut","12/04/10","23","TODMAN","JORDAN","33","102","9","93","0","","","","","","","33","93","1","-8","0","","","","","","","","","","","","","","","","","","","","","","","","","","","0"
"164","Connecticut","01/01/11","23","TODMAN","JORDAN","32","126","5","121","0","","","","","","","32","121","1","3","0","","","","","","","","","","","","","","","","","","","","","","","","","","","0"
"164","Connecticut","09/04/10","86","WAGNER","COLE","","","","","","","","","","","","0","0","","","","","","","","","","3","98","","","","","","","","","","","","","","","","","","","0"
"164","Connecticut","09/11/10","86","WAGNER","COLE","","","","","","","","","","","","0","0","","","","","","","","","","4","165","","","","","","","","","","","","","","","","","","","0"
"164","Connecticut","09/18/10","86","WAGNER","COLE","","","","","","","","","","","","0","0","","","","","","","","","","8","320","","","","","","","","","","","","","","","","","","","0"
"164","Connecticut","09/25/10","86","WAGNER","COLE","","","","","","","","","","","","0","0","","","","","","","","","","4","149","","","","","","","","","","","","","","","","","","","0"
"164","Connecticut","10/02/10","86","WAGNER","COLE","","","","","","","","","","","","0","0","","","","","","","","","","8","292","","","","","","","","","","","","","","","","","","","0"
"164","Connecticut","10/08/10","86","WAGNER","COLE","","","","","","","","","","","","0","0","","","","","","","","","","11","444","","","","","","","","","","","","","","","","","","","0"
"164","Connecticut","10/23/10","86","WAGNER","COLE","","","","","","","","","","","","0","0","","","","","","","","","","5","214","","","","","","","","","","","","","","","","","","","0"
"164","Connecticut","10/29/10","86","WAGNER","COLE","","","","","","","","","","","","0","0","","","","","","","","","","9","382","","","","","","","","","","","","","","","","","","","0"
"164","Connecticut","11/11/10","86","WAGNER","COLE","","","","","","","","","","","","0","0","","","","","","","","","","5","196","","","","","","","","","","","","","","","","","","","0"
"164","Connecticut","11/20/10","86","WAGNER","COLE","","","","","","","","","","","","0","0","","","","","","","","","","4","198","","","","","","","","","","","","","","","","","","","0"
"164","Connecticut","11/27/10","86","WAGNER","COLE","","","","","","","","","","","","0","0","","","","","","","","","","5","155","","","","","","","","","","","","","","","","","","","0"
"164","Connecticut","12/04/10","86","WAGNER","COLE","","","","","","","","","","","","0","0","","","","","","","","","","6","319","","","","","","","","","","","","","","","","","","","0"
"164","Connecticut","01/01/11","86","WAGNER","COLE","","","","","","","","","","","","0","0","","","","","","","","","","7","328","","","","","","","","","","","","","","","","","","","0"
"164","Connecticut","09/11/10","21","WILBURN","GARY","","","","","","","","","","","","0","0","","","","","","","","","","","","3","13","0","","","","","","","","","","","","","","","","0"
"164","Connecticut","09/11/10","31","WILLIAMS","NICK","","","","","","","","","","","","0","0","","","","","","","","","","","","2","43","0","","","","","","","","","","","","","","","","0"
"164","Connecticut","10/02/10","31","WILLIAMS","NICK","","","","","","","","","","","","0","0","","","","","","","","","","","","","","","1","54","0","","","","","","","","","","","","","0"
"164","Connecticut","10/08/10","31","WILLIAMS","NICK","","","","","","","","","","","","0","0","","","","","","","","","","","","","","","2","136","1","1","","","","","","","","","","","","6"
"164","Connecticut","10/23/10","31","WILLIAMS","NICK","","","","","","","","","","","","0","0","","","","","","","","","","","","","","","3","72","0","","","","","","","","","","","","","0"
"164","Connecticut","11/11/10","31","WILLIAMS","NICK","","","","","","","","","","","","0","0","","","","","","","","","","","","","","","2","117","1","1","","","","","","","","","","","","6"
"164","Connecticut","11/20/10","31","WILLIAMS","NICK","","","","","","","","","","","","0","0","","","","","","","","","","","","3","31","0","1","35","0","","","","","","","","","","","","","0"
"164","Connecticut","11/27/10","31","WILLIAMS","NICK","","","","","","","","","","","","0","0","","","","","","","","","","","","1","12","0","2","49","0","","","","","","","","","","","","","0"
"164","Connecticut","12/04/10","31","WILLIAMS","NICK","","","","","","","","","","","","0","0","","","","","","","","","","","","1","8","0","","","","","","","","","","","","","","","","0"
"164","Connecticut","01/01/11","31","WILLIAMS","NICK","","","","","","","","","","","","0","0","","","","","","","","","","","","1","-1","0","6","137","0","","","","","","","","","","","","","0"
"164","Connecticut","12/04/10","8","WILSON","LAWRENCE","","","","","","","","","","","","0","0","","","","1","55","1","","","","","","","","","","","","1","","","","","","","","","","","","6"
"164","Connecticut","09/25/10","5","WREH-WILSON","BLIDI","","","","","","","","","","","","0","0","","","","1","46","1","","","","","","","","","","","","1","","","","","","","","","","","","6"
"164","Connecticut","10/02/10","5","WREH-WILSON","BLIDI","","","","","","","","","","","","0","0","","","","1","44","1","1","24","0","","","","","","","","","1","","","","","","","","","","","","6"
"164","Connecticut","11/27/10","5","WREH-WILSON","BLIDI","","","","","","","","","","","","0","0","","","","1","53","0","","","","","","","","","","","","","","","","","","","","","","","","0"
"164","Connecticut","12/04/10","5","WREH-WILSON","BLIDI","","","","","","","","","","","","0","0","","","","1","10","0","","","","","","","","","","","","","","","","","","","","","","","","0"
"164","Connecticut","09/11/10","22","WYLIE","MEME","4","19","1","18","1","","","","","","","4","18","","","","","","","","","","","","","","","","","","1","","","","","","","","","","","","6"
"193","Duke","11/06/10","84","ANUNIKE","KENNY","","","","","","","","","","","","0","0","","","","","","","","","","","","","","","1","10","0","","","","","","","","","","","","","0"
"193","Duke","09/04/10","5","BRAXTON","BRANDON","","","","","","","","","","","","0","0","1","3","0","","","","","","","","","","","","","","","","","","","","","","","","","","","0"
"193","Duke","09/25/10","5","BRAXTON","BRANDON","","","","","","","","","","","","0","0","1","21","1","","","","","","","","","","","","","","","1","","","","","","","","","","","","6"
"193","Duke","10/02/10","5","BRAXTON","BRANDON","","","","","","","","","","","","0","0","2","23","0","","","","","","","","","","","","","","","","","","","","","","","","","","","0"
"193","Duke","10/23/10","5","BRAXTON","BRANDON","","","","","","","","","","","","0","0","2","29","0","","","","","","","","","","","","","","","","","","","","","","","","","","","0"
"193","Duke","10/30/10","5","BRAXTON","BRANDON","","","","","","","","","","","","0","0","2","26","0","","","","","","","","","","","","","","","","","","","","","","","","","","","0"
"193","Duke","11/06/10","5","BRAXTON","BRANDON","","","","","","","","","","","","0","0","1","13","0","","","","","","","","","","","","","","","","","","","","","","","","","","","0"
"193","Duke","11/13/10","5","BRAXTON","BRANDON","","","","","","","","","","","","0","0","4","29","0","","","","","","","","","","","","","","","","","","","","","","","","","","","0"
"193","Duke","11/20/10","5","BRAXTON","BRANDON","","","","","","","","","","","","0","0","1","36","0","","","","","","","","","","","","","","","","","","","","","","","","","","","0"
"193","Duke","09/11/10","20","BUTLER","LEE","","","","","","","","","","","","0","0","","","","","","","","","","","","3","50","0","","","","","","","","","","","","","","","","0"
"193","Duke","09/18/10","20","BUTLER","LEE","","","","","","","","","","","","0","0","","","","1","0","0","","","","","","1","11","0","","","","","","","","","","","","","","","","0"
"193","Duke","09/25/10","20","BUTLER","LEE","","","","","","","","","","","","0","0","","","","","","","","","","","","3","10","0","","","","","","","","","","","","","","","","0"
"193","Duke","10/02/10","20","BUTLER","LEE","","","","","","","","","","","","0","0","","","","","","","","","","","","4","48","0","","","","","","","","","","","","","","","","0"
"193","Duke","11/06/10","20","BUTLER","LEE","","","","","","","","","","","","0","0","","","","","","","","","","","","1","26","0","","","","","","","","","","","","","","","","0"
"193","Duke","11/13/10","20","BUTLER","LEE","","","","","","","","","","","","0","0","","","","","","","","","","","","3","2","0","","","","","","","","","","","","","","","","0"
"193","Duke","11/20/10","20","BUTLER","LEE","","","","","","","","","","","","0","0","","","","","","","","","","","","1","24","0","","","","","","","","","","","","","","","","0"
"193","Duke","11/27/10","20","BUTLER","LEE","","","","","","","","","","","","0","0","","","","","","","","","","","","2","13","0","1","20","0","","","","","","","","","","","","","0"
"193","Duke","11/13/10","32","CAMPBELL","AUGUST","","","","","","","","","","","","0","0","","","","","","","1","95","1","","","","","","","","","1","","","","","","","","","","","","6"
"193","Duke","11/06/10","4","CANTY","WALT","","","","","","","","","","","","0","0","","","","1","20","0","","","","","","","","","","","","","","","","","","","","","","","","0"
"193","Duke","09/11/10","6","COCKRELL","ROSS","","","","","","","","","","","","0","0","","","","1","0","0","","","","","","","","","","","","","","","","","","","","","","","","0"
"193","Duke","11/06/10","6","COCKRELL","ROSS","","","","","","","","","","","","0","0","","","","2","15","0","","","","","","","","","","","","","","","","","","","","","","","","0"
"193","Duke","09/04/10","18","CONNETTE","BRANDON","1","48","0","48","0","","","","","","","1","48","","","","","","","","","","","","","","","","","","","","","","","","","","","","","","0"
"193","Duke","09/11/10","18","CONNETTE","BRANDON","6","15","0","15","1","","","","","","","6","15","","","","","","","","","","","","","","","","","","1","","","","","","","","","","","","6"
"193","Duke","09/18/10","18","CONNETTE","BRANDON","6","29","8","21","0","4","2","0","12","0","","10","33","","","","","","","","","","","","","","","","","","","","","","","","","","","","","","0"
"193","Duke","09/25/10","18","CONNETTE","BRANDON","6","26","2","24","1","","","","","","","6","24","","","","","","","","","","","","","","","","","","1","","","","","","","","","","","","6"
"193","Duke","10/02/10","18","CONNETTE","BRANDON","2","21","0","21","0","","","","","","","2","21","","","","","","","","","","","","","","","","","","","","","","","","","","","","","","0"
"193","Duke","10/16/10","18","CONNETTE","BRANDON","11","23","25","-2","1","6","4","0","30","0","","17","28","","","","","","","","","","","","","","","","","","1","","","","","","","","","","","","6"
"193","Duke","10/23/10","18","CONNETTE","BRANDON","8","43","0","43","0","4","0","1","0","0","","12","43","","","","","","","","","","","","","","","","","","","","","","","","","","","","","","0"
"193","Duke","10/30/10","18","CONNETTE","BRANDON","11","33","0","33","1","","","","","","","11","33","","","","","","","","","","","","","","","","","","1","","","","","","","","","","","","6"
"193","Duke","11/06/10","18","CONNETTE","BRANDON","12","81","3","78","2","1","1","0","40","0","","13","118","","","","","","","","","","","","","","","","","","2","","","2","1","","","","","","","","14"
"193","Duke","11/13/10","18","CONNETTE","BRANDON","5","3","11","-8","0","5","2","0","22","0","","10","14","","","","","","","","","","","","","","","","","","","","","","","","","","","","","","0"
"193","Duke","11/20/10","18","CONNETTE","BRANDON","4","32","0","32","1","1","0","1","0","0","","5","32","","","","","","","","","","","","","","","","","","1","","","","","","","","","","","","6"
"193","Duke","11/27/10","18","CONNETTE","BRANDON","6","16","0","16","1","1","1","0","21","0","","7","37","","","","","","","","","","","","","","","","","","1","","","","","","","","","","","","6"
"193","Duke","09/04/10","40","DANIELS","MATT","","","","","","","","","","","","0","0","","","","1","0","0","","","","","","","","","","","","","","","","","","","","","","","","0"
"193","Duke","09/18/10","80","FOSTER","TONY","","","","","","","","","","","","0","0","1","10","0","","","","","","","","","","","","","","","","","","","","","","","","","","","0"
"193","Duke","09/11/10","81","HELFET","COOPER","","","","","","","","","","","","0","0","2","17","1","","","","","","","","","","","","","","","1","","","","","","","","","","","","6"
"193","Duke","09/18/10","81","HELFET","COOPER","","","","","","","","","","","","0","0","1","5","0","","","","","","","","","","","","","","","","","","","","","","","","","","","0"
"193","Duke","10/16/10","81","HELFET","COOPER","","","","","","","","","","","","0","0","3","19","0","","","","","","","","","","","","","","","","","","","","","","","","","","","0"
"193","Duke","10/30/10","81","HELFET","COOPER","","","","","","","","","","","","0","0","7","69","0","","","","","","","","","","","","1","10","0","","","","","","","","","","","","","0"
"193","Duke","11/06/10","81","HELFET","COOPER","","","","","","","","","","","","0","0","7","122","1","","","","","","","","","","","","","","","1","","","","","","","","","","","","6"
"193","Duke","11/13/10","81","HELFET","COOPER","","","","","","","","","","","","0","0","4","28","0","","","","","","","","","","","","","","","","","","","","","","","","","","","0"
"193","Duke","11/20/10","81","HELFET","COOPER","","","","","","","","","","","","0","0","6","92","0","","","","","","","","","","","","","","","","","","","","","","","","","","","0"
"193","Duke","11/27/10","81","HELFET","COOPER","","","","","","","","","","","","0","0","4","28","0","","","","","","","","","","","","","","","","","","","","","","","","","","","0"
"193","Duke","09/04/10","27","HOLLINGSWORTH","JAY","10","16","6","10","1","","","","","","","10","10","","","","","","","","","","","","","","","","","","1","","","","","","","","","","","","6"
"193","Duke","09/11/10","27","HOLLINGSWORTH","JAY","1","8","0","8","0","","","","","","","1","8","","","","","","","","","","","","","","","","","","","","","","","","","","","","","","0"
"193","Duke","09/18/10","27","HOLLINGSWORTH","JAY","2","4","0","4","0","","","","","","","2","4","1","2","0","","","","","","","","","","","","","","","","","","","","","","","","","","","0"
"193","Duke","10/02/10","27","HOLLINGSWORTH","JAY","3","3","1","2","0","","","","","","","3","2","2","9","0","","","","","","","","","","","","","","","","","","","","","","","","","","","0"
"193","Duke","10/16/10","27","HOLLINGSWORTH","JAY","10","69","0","69","0","","","","","","","10","69","1","5","0","","","","","","","","","","","","","","","","","","","","","","","","","","","0"
"193","Duke","10/23/10","27","HOLLINGSWORTH","JAY","4","26","0","26","1","","","","","","","4","26","1","13","0","","","","","","","","","","","","","","","1","","","","","","","","","","","","6"
"193","Duke","10/30/10","27","HOLLINGSWORTH","JAY","7","22","1","21","0","","","","","","","7","21","","","","","","","","","","","","","","","","","","","","","","","","","","","","","","0"
"193","Duke","11/06/10","27","HOLLINGSWORTH","JAY","1","4","0","4","0","","","","","","","1","4","","","","","","","","","","","","","","","","","","","","","","","","","","","","","","0"
"193","Duke","11/13/10","27","HOLLINGSWORTH","JAY","2","1","1","0","0","","","","","","","2","0","","","","","","","","","","","","","","","","","","","","","","","","","","","","","","0"
"193","Duke","11/20/10","27","HOLLINGSWORTH","JAY","5","31","0","31","0","","","","","","","5","31","","","","","","","","","","","","","","","","","","","","","","","","","","","","","","0"
"193","Duke","09/04/10","87","HUFFMAN","BRETT","","","","","","","","","","","","0","0","2","17","0","","","","","","","","","","","","","","","","","","","","","","","","","","","0"
"193","Duke","09/11/10","87","HUFFMAN","BRETT","","","","","","","","","","","","0","0","1","5","0","","","","","","","","","","","","","","","","","","","","","","","","","","","0"
"193","Duke","09/04/10","49","JONES","KEVIN","","","","","","","","","","","","0","0","","","","","","","","","","2","64","","","","","","","","","","","","","","","","","","","0"
"193","Duke","09/04/10","83","KELLY","AUSTIN","","","","","","","","","","","","0","0","3","27","0","","","","","","","","","","","","","","","","","","","","","","","","","","","0"
"193","Duke","09/11/10","83","KELLY","AUSTIN","","","","","","","","","","","","0","0","10","73","1","","","","","","","","","","","","","","","1","","","","","","","","","","","","6"
"193","Duke","09/18/10","83","KELLY","AUSTIN","","","","","","","","","","","","0","0","4","46","1","","","","","","","","","","","","","","","1","","","","","","","","","","","","6"
"193","Duke","09/25/10","83","KELLY","AUSTIN","","","","","","","","","","","","0","0","2","63","0","","","","","","","","","","","","","","","","","","","","","","","","","","","0"
"193","Duke","10/02/10","83","KELLY","AUSTIN","","","","","","","","","","","","0","0","6","60","0","","","","","","","","","","","","","","","","","","","","","","","","","","","0"
"193","Duke","10/16/10","83","KELLY","AUSTIN","","","","","","","","","","","","0","0","6","60","0","","","","","","","","","","","","","","","","","","","","","","","","","","","0"
"193","Duke","10/30/10","83","KELLY","AUSTIN","","","","","","","","","","","","0","0","4","23","0","","","","","","","","","","","","","","","","","","","","","","","","","","","0"
"193","Duke","11/13/10","83","KELLY","AUSTIN","","","","","","","","","","","","0","0","3","22","0","","","","","","","","","","","","","","","","","","","","","","","","","","","0"
"193","Duke","11/20/10","83","KELLY","AUSTIN","","","","","","","","","","","","0","0","2","45","1","","","","","","","","","","","","","","","1","","","","","","","","","","","","6"
"193","Duke","11/27/10","83","KELLY","AUSTIN","","","","","","","","","","","","0","0","7","67","1","","","","","","","","","","","","","","","1","","","","","","","","","","","","6"
"193","Duke","09/11/10","36","KING","ALEX","","","","","","","","","","","","0","0","","","","","","","","","","4","195","","","","","","","","","","","","","","","","","","","0"
"193","Duke","09/18/10","36","KING","ALEX","","","","","","1","0","0","0","0","","1","0","","","","","","","","","","7","287","","","","","","","","","","","","","","","","","","","0"
"193","Duke","09/25/10","36","KING","ALEX","","","","","","","","","","","","0","0","","","","","","","","","","5","207","","","","","","","","","","","","","","","","","","","0"
"193","Duke","10/02/10","36","KING","ALEX","","","","","","","","","","","","0","0","","","","","","","","","","4","182","","","","","","","","","","","","","","","","","","","0"
"193","Duke","10/16/10","36","KING","ALEX","","","","","","","","","","","","0","0","","","","","","","","","","7","250","","","","","","","","","","","","","","","","","","","0"
"193","Duke","10/23/10","36","KING","ALEX","","","","","","","","","","","","0","0","","","","","","","","","","9","396","","","","","","","","","","","","","","","","","","","0"
"193","Duke","10/30/10","36","KING","ALEX","","","","","","","","","","","","0","0","","","","","","","","","","2","70","","","","","","","","","","","","","","","","","","","0"
"193","Duke","11/06/10","36","KING","ALEX","","","","","","","","","","","","0","0","","","","","","","","","","2","85","","","","","","","","","","","","","","","","","","","0"
"193","Duke","11/13/10","36","KING","ALEX","","","","","","","","","","","","0","0","","","","","","","","","","6","255","","","","","","","","","","","","","","","","","","","0"
"193","Duke","11/20/10","36","KING","ALEX","1","16","0","16","0","","","","","","","1","16","","","","","","","","","","4","130","","","","","","","","","","","","","","","","","","","0"
"193","Duke","11/27/10","36","KING","ALEX","","","","","","","","","","","","0","0","","","","","","","","","","5","205","","","","","","","","","","","","","","","","","","","0"
"193","Duke","09/04/10","22","KING","BRANDON","","","","","","","","","","","","0","0","5","36","1","","","","","","","","","","","","","","","1","","","","","","","","","","","","6"
"193","Duke","10/02/10","22","KING","BRANDON","","","","","","","","","","","","0","0","1","2","1","","","","","","","","","","","","","","","1","","","","","","","","","","","","6"
"193","Duke","09/04/10","8","KROMAH","ABRAHAM","","","","","","","","","","","","0","0","","","","1","0","0","","","","","","","","","","","","","","","","","","","","","","","","0"
"193","Duke","09/04/10","43","KURUNWUNE","PATRICK","1","4","0","4","0","","","","","","","1","4","","","","","","","","","","","","","","","2","38","0","","","","","","","","","","","","","0"
"193","Duke","09/11/10","43","KURUNWUNE","PATRICK","","","","","","","","","","","","0","0","","","","","","","","","","","","","","","1","36","0","","","","","","","","","","","","","0"
"193","Duke","09/18/10","43","KURUNWUNE","PATRICK","2","5","0","5","0","","","","","","","2","5","","","","","","","","","","","","","","","2","36","0","","","","","","","","","","","","","0"
"193","Duke","11/20/10","43","KURUNWUNE","PATRICK","","","","","","","","","","","","0","0","","","","","","","","","","","","","","","1","16","0","","","","","","","","","","","","","0"
"193","Duke","11/27/10","43","KURUNWUNE","PATRICK","","","","","","","","","","","","0","0","","","","","","","","","","","","","","","1","14","0","","","","","","","","","","","","","0"
"193","Duke","09/04/10","19","RENFREE","SEAN","2","6","7","-1","0","39","31","0","350","2","","41","349","","","","","","","","","","","","","","","","","","","","","","","","","","","","","","0"
"193","Duke","09/11/10","19","RENFREE","SEAN","3","1","6","-5","0","44","28","3","358","4","","47","353","","","","","","","","","","","","","","","","","","","","","","","","","","","","","","0"
"193","Duke","09/18/10","19","RENFREE","SEAN","1","0","1","-1","0","37","17","1","144","1","","38","143","","","","","","","","","","","","","","","","","","","","","","","","","","","","","","0"
"193","Duke","09/25/10","19","RENFREE","SEAN","3","9","5","4","0","30","17","3","261","2","","33","265","","","","","","","","","","","","","","","","","","","","","","","","","","","","","","0"
"193","Duke","10/02/10","19","RENFREE","SEAN","4","0","26","-26","0","56","28","2","351","1","","60","325","","","","","","","","","","","","","","","","","","","","","","","","","","","","","","0"
"193","Duke","10/16/10","19","RENFREE","SEAN","5","3","28","-25","0","38","18","5","157","0","","43","132","","","","","","","","","","","","","","","","","","","","","","","","","","","","","","0"
"193","Duke","10/23/10","19","RENFREE","SEAN","4","7","12","-5","0","32","12","1","116","0","","36","111","","","","","","","","","","","","","","","","","","","","","","","","","","","","","","0"
"193","Duke","10/30/10","19","RENFREE","SEAN","9","30","2","28","2","30","28","0","314","1","","39","342","","","","","","","","","","","","","","","","","","2","","","","","","","","","","","","12"
"193","Duke","11/06/10","19","RENFREE","SEAN","10","48","26","22","2","29","17","0","219","1","","39","241","","","","","","","","","","","","","","","","","","2","","","","","","","","","","","","12"
"193","Duke","11/13/10","19","RENFREE","SEAN","5","10","20","-10","0","49","35","0","285","0","","54","275","","","","","","","","","","","","","","","","","","","","","","","","","","","","","","0"
"193","Duke","11/20/10","19","RENFREE","SEAN","1","0","10","-10","0","41","30","0","334","1","","42","324","","","","","","","","","","","","","","","","","","","","","","","","","","","","","","0"
"193","Duke","11/27/10","19","RENFREE","SEAN","4","5","23","-18","0","39","24","2","242","1","","43","224","","","","","","","","","","","","","","","","","","","","","","","","","","","","","","0"
"193","Duke","09/11/10","16","RWABUKAMBA","CHRIS","","","","","","","","","","","","0","0","","","","1","28","0","","","","","","","","","","","","","","","","","","","","","","","","0"
"193","Duke","09/04/10","33","SCOTT","DESMOND","15","80","3","77","1","","","","","","","15","77","3","15","0","","","","","","","","","","","","3","55","0","1","","","","","","","","","","","","6"
"193","Duke","09/11/10","33","SCOTT","DESMOND","11","122","0","122","1","","","","","","","11","122","1","31","0","","","","","","","","","","","","2","33","0","1","","","","","","","","","","","","6"
"193","Duke","09/18/10","33","SCOTT","DESMOND","9","41","2","39","0","","","","","","","9","39","3","28","0","","","","","","","","","","","","4","59","0","","","","","","","","","","","","","0"
"193","Duke","09/25/10","33","SCOTT","DESMOND","7","34","0","34","0","","","","","","","7","34","3","19","0","","","","","","","","","","","","","","","","","","","","","","","","","","","0"
"193","Duke","10/02/10","33","SCOTT","DESMOND","9","20","1","19","0","","","","","","","9","19","2","5","0","","","","","","","","","","","","","","","","","","","","","","","","","","","0"
"193","Duke","10/16/10","33","SCOTT","DESMOND","7","36","2","34","0","","","","","","","7","34","2","16","0","","","","","","","","","","","","2","46","0","","","","","","","","","","","","","0"
"193","Duke","10/23/10","33","SCOTT","DESMOND","11","29","4","25","0","","","","","","","11","25","1","12","0","","","","","","","","","","","","2","58","0","","","","","","","","","","","","","0"
"193","Duke","10/30/10","33","SCOTT","DESMOND","13","42","0","42","0","","","","","","","13","42","5","49","0","","","","","","","","","","","","","","","","","","","","","","","","","","","0"
"193","Duke","11/06/10","33","SCOTT","DESMOND","17","98","1","97","1","","","","","","","17","97","2","33","0","","","","","","","","","","","","1","9","0","1","","","","","","","","","","","","6"
"193","Duke","11/13/10","33","SCOTT","DESMOND","10","26","6","20","0","","","","","","","10","20","6","29","0","","","","","","","","","","","","","","","","","","","","","","","","","","","0"
"193","Duke","11/20/10","33","SCOTT","DESMOND","7","18","0","18","0","","","","","","","7","18","5","22","0","","","","","","","","","","","","1","27","0","","","","","","","","","","","","","0"
"193","Duke","11/27/10","33","SCOTT","DESMOND","4","3","0","3","0","","","","","","","4","3","1","7","0","","","","","","","","","","","","","","","","","","","","","","","","","","","0"
"193","Duke","09/04/10","9","SNEAD","JOSH","7","29","0","29","1","","","","","","","7","29","","","","","","","","","","","","","","","","","","1","","","","","","","","","","","","6"
"193","Duke","09/11/10","9","SNEAD","JOSH","5","14","0","14","0","","","","","","","5","14","","","","","","","","","","","","","","","","","","","","","","","","","","","","","","0"
"193","Duke","09/18/10","9","SNEAD","JOSH","14","83","0","83","0","","","","","","","14","83","","","","","","","","","","","","","","","4","103","0","","","","","","","","","","","","","0"
"193","Duke","09/25/10","9","SNEAD","JOSH","5","32","0","32","0","","","","","","","5","32","","","","","","","","","","","","","","","3","71","0","","","","","","","","","","","","","0"
"193","Duke","10/02/10","9","SNEAD","JOSH","4","32","0","32","0","","","","","","","4","32","","","","","","","","","","","","","","","2","29","0","","","","","","","","","","","","","0"
"193","Duke","10/16/10","9","SNEAD","JOSH","7","29","1","28","0","","","","","","","7","28","","","","","","","","","","","","","","","1","25","0","","","","","","","","","","","","","0"
"193","Duke","10/23/10","9","SNEAD","JOSH","2","2","0","2","0","","","","","","","2","2","","","","","","","","","","","","","","","1","32","0","","","","","","","","","","","","","0"
"193","Duke","11/13/10","9","SNEAD","JOSH","","","","","","","","","","","","0","0","","","","","","","","","","","","","","","2","55","0","","","","","","","","","","","","","0"
"193","Duke","11/20/10","9","SNEAD","JOSH","1","1","0","1","0","","","","","","","1","1","","","","","","","","","","","","","","","5","60","0","","","","","","","","","","","","","0"
"193","Duke","11/27/10","9","SNEAD","JOSH","","","","","","","","","","","","0","0","","","","","","","","","","","","","","","4","108","0","","","","","","","","","","","","","0"
"193","Duke","09/04/10","96","SNYDERWINE","WILL","","","","","","","","","","","","0","0","","","","","","","","","","","","","","","","","","","5","5","0","0","","","","","3","2","","11"
"193","Duke","09/11/10","96","SNYDERWINE","WILL","","","","","","","","","","","","0","0","","","","","","","","","","","","","","","","","","","6","6","0","0","","","","","2","2","","12"
"193","Duke","09/18/10","96","SNYDERWINE","WILL","","","","","","","","","","","","0","0","","","","","","","","","","","","","","","","","","","1","1","0","0","","","","","2","2","","7"
"193","Duke","09/25/10","96","SNYDERWINE","WILL","","","","","","","","","","","","0","0","","","","","","","","","","","","","","","","","","","3","3","0","0","","","","","","","","3"
"193","Duke","10/02/10","96","SNYDERWINE","WILL","","","","","","","","","","","","0","0","","","","","","","","","","","","","","","","","","","1","1","0","0","","","","","3","3","","10"
"193","Duke","10/16/10","96","SNYDERWINE","WILL","","","","","","","","","","","","0","0","","","","","","","","","","","","","","","","","","","1","1","0","0","","","","","2","2","","7"
"193","Duke","10/23/10","96","SNYDERWINE","WILL","","","","","","","","","","","","0","0","","","","","","","","","","","","","","","","","","","1","1","0","0","","","","","","","","1"
"193","Duke","10/30/10","96","SNYDERWINE","WILL","","","","","","","","","","","","0","0","","","","","","","","","","","","","","","","","","","4","4","0","0","","","","","2","2","","10"
"193","Duke","11/06/10","96","SNYDERWINE","WILL","","","","","","","","","","","","0","0","","","","","","","","","","","","","","","","","","","5","5","0","0","","","","","2","2","","11"
"193","Duke","11/13/10","96","SNYDERWINE","WILL","","","","","","","","","","","","0","0","","","","","","","","","","","","","","","","","","","1","1","0","0","","","","","3","3","","10"
"193","Duke","11/20/10","96","SNYDERWINE","WILL","","","","","","","","","","","","0","0","","","","","","","","","","","","","","","","","","","2","2","0","0","","","","","4","2","","8"
"193","Duke","11/27/10","96","SNYDERWINE","WILL","","","","","","","","","","","","0","0","","","","","","","","","","","","","","","","","","","2","2","0","0","","","","","1","1","","5"
"193","Duke","09/04/10","23","THOMPSON","JUWAN","8","26","0","26","0","","","","","","","8","26","","","","","","","","","","","","","","","1","27","0","","","","","","","","","","","","","0"
"193","Duke","09/11/10","23","THOMPSON","JUWAN","2","2","1","1","0","","","","","","","2","1","","","","","","","","","","","","","","","6","153","0","","","","","","","","","","","","","0"
"193","Duke","09/25/10","23","THOMPSON","JUWAN","3","17","0","17","0","","","","","","","3","17","","","","","","","","","","","","","","","2","33","0","","","","","","","","","","","","","0"
"193","Duke","10/02/10","23","THOMPSON","JUWAN","1","0","0","0","0","","","","","","","1","0","","","","","","","","","","","","","","","2","31","0","","","","","","","","","","","","","0"
"193","Duke","10/16/10","23","THOMPSON","JUWAN","1","1","0","1","0","","","","","","","1","1","","","","","","","","","","","","","","","1","10","0","","","","","","","","","","","","","0"
"193","Duke","10/23/10","23","THOMPSON","JUWAN","1","1","0","1","0","","","","","","","1","1","","","","","","","","","","","","","","","2","45","0","","","","","","","","","","","","","0"
"193","Duke","10/30/10","23","THOMPSON","JUWAN","4","19","0","19","0","","","","","","","4","19","","","","","","","","","","","","","","","","","","","","","","","","","","","","","","0"
"193","Duke","11/06/10","23","THOMPSON","JUWAN","2","5","0","5","0","","","","","","","2","5","","","","","","","","","","","","","","","","","","","","","","","","","","","","","","0"
"193","Duke","11/13/10","23","THOMPSON","JUWAN","","","","","","","","","","","","0","0","1","19","0","","","","","","","","","","","","1","27","0","","","","","","","","","","","","","0"
"193","Duke","11/20/10","23","THOMPSON","JUWAN","1","6","0","6","0","","","","","","","1","6","","","","","","","","","","","","","","","","","","","","","","","","","","","","","","0"
"193","Duke","11/27/10","23","THOMPSON","JUWAN","2","11","0","11","0","","","","","","","2","11","2","22","0","","","","","","","","","","","","","","","","","","","","","","","","","","","0"
"193","Duke","10/02/10","86","TREZVANT","JOSH","","","","","","","","","","","","0","0","1","25","0","","","","","","","","","","","","","","","","","","","","","","","","","","","0"
"193","Duke","11/06/10","86","TREZVANT","JOSH","","","","","","","","","","","","0","0","1","7","0","","","","","","","","","","","","","","","","","","","","","","","","","","","0"
"193","Duke","11/13/10","86","TREZVANT","JOSH","","","","","","","","","","","","0","0","2","11","0","","","","","","","","","","","","","","","","","","","","","","","","","","","0"
"193","Duke","11/20/10","86","TREZVANT","JOSH","","","","","","","","","","","","0","0","2","10","0","","","","","","","","","","","","","","","","","","","","","","","","","","","0"
"193","Duke","11/27/10","86","TREZVANT","JOSH","","","","","","","","","","","","0","0","1","12","0","","","","","","","","","","","","","","","","","","","","","","","","","","","0"
"193","Duke","09/04/10","26","VARNER","DONOVAN","","","","","","","","","","","","0","0","7","123","1","","","","","","","","","","","","","","","1","","","","","","","","","","","","6"
"193","Duke","09/11/10","26","VARNER","DONOVAN","","","","","","","","","","","","0","0","6","51","0","","","","","","","","","","","","","","","","","","","","","","","","","","","0"
"193","Duke","09/18/10","26","VARNER","DONOVAN","2","0","5","-5","0","","","","","","","2","-5","7","55","0","","","","","","","","","","","","","","","","","","","","","","","","","","","0"
"193","Duke","09/25/10","26","VARNER","DONOVAN","","","","","","","","","","","","0","0","3","29","0","","","","","","","","","","","","","","","","","","","","","","","","","","","0"
"193","Duke","10/02/10","26","VARNER","DONOVAN","","","","","","","","","","","","0","0","8","128","0","","","","","","","","","","","","","","","","","","","","","","","","","","","0"
"193","Duke","10/16/10","26","VARNER","DONOVAN","","","","","","","","","","","","0","0","4","50","0","","","","","","","","","","","","","","","","","","","","","","","","","","","0"
"193","Duke","10/23/10","26","VARNER","DONOVAN","","","","","","","","","","","","0","0","2","18","0","","","","","","","","","","","","","","","","","","","","","","","","","","","0"
"193","Duke","10/30/10","26","VARNER","DONOVAN","","","","","","","","","","","","0","0","5","57","0","","","","","","","","","","","","","","","","","","","","","","","","","","","0"
"193","Duke","11/06/10","26","VARNER","DONOVAN","2","14","0","14","1","","","","","","","2","14","4","73","0","","","","","","","","","","","","","","","1","","","","","","","","","","","","6"
"193","Duke","11/13/10","26","VARNER","DONOVAN","1","0","1","-1","0","","","","","","","1","-1","3","23","0","","","","","","","","","","","","","","","","","","","","","","","","","","","0"
"193","Duke","11/20/10","26","VARNER","DONOVAN","1","0","6","-6","0","","","","","","","1","-6","7","62","0","","","","","","","","","","","","","","","","","","","","","","","","","","","0"
"193","Duke","11/27/10","26","VARNER","DONOVAN","","","","","","","","","","","","0","0","4","67","0","","","","","","","","","","","","","","","","","","","","","","","","","","","0"
"193","Duke","09/04/10","2","VERNON","CONNER","","","","","","","","","","","","0","0","10","129","0","","","","","","","","","","","","","","","","","","","","","","","","","","","0"
"193","Duke","09/11/10","2","VERNON","CONNER","","","","","","","","","","","","0","0","8","181","2","","","","","","","","","","","","","","","2","","","","","","","","","","","","12"
"193","Duke","09/18/10","2","VERNON","CONNER","","","","","","","","","","","","0","0","2","10","0","","","","","","","","","","","","","","","","","","","","","","","","","","","0"
"193","Duke","09/25/10","2","VERNON","CONNER","","","","","","","","","","","","0","0","8","129","1","","","","","","","","","","","","","","","1","","","","","","","","","","","","6"
"193","Duke","10/02/10","2","VERNON","CONNER","","","","","","","","","","","","0","0","6","99","0","","","","","","","","","","","","","","","","","","","","","","","","","","","0"
"193","Duke","10/16/10","2","VERNON","CONNER","","","","","","","","","","","","0","0","3","33","0","","","","","","","","","","","","","","","","","","","","","","","","","","","0"
"193","Duke","10/23/10","2","VERNON","CONNER","","","","","","","","","","","","0","0","6","44","0","","","","","","","","","","","","","","","","","","","","","","","","","","","0"
"193","Duke","10/30/10","2","VERNON","CONNER","","","","","","","","","","","","0","0","5","90","1","","","","","","","","","","","","2","37","0","1","","","","","","","","","","","","6"
"193","Duke","11/06/10","2","VERNON","CONNER","1","10","0","10","0","","","","","","","1","10","1","2","0","","","","","","","","","","","","4","106","0","","","","","","","","","","","","","0"
"193","Duke","11/13/10","2","VERNON","CONNER","1","3","0","3","0","","","","","","","1","3","12","134","0","","","","","","","","","","","","","","","","","","","","","","","","","","","0"
"193","Duke","11/20/10","2","VERNON","CONNER","3","27","0","27","0","1","0","0","0","0","","4","27","7","67","0","","","","","","","","","","","","","","","","","","","","","","","","","","","0"
"193","Duke","11/27/10","2","VERNON","CONNER","","","","","","","","","","","","0","0","5","55","0","","","","","","","","","","","","","","","","","","","","","","","","","","","0"
"193","Duke","10/16/10","17","WATKINS","TYREE","","","","","","","","","","","","0","0","2","8","0","","","","","","","","","","","","","","","","","","","","","","","","","","","0"
"193","Duke","11/06/10","17","WATKINS","TYREE","","","","","","","","","","","","0","0","2","9","0","","","","","","","","","","","","","","","","","","","","","","","","","","","0"
"193","Duke","11/13/10","17","WATKINS","TYREE","","","","","","","","","","","","0","0","2","12","0","","","","","","","","","","","","","","","","","","","","","","","","","","","0"
"193","Duke","11/27/10","17","WATKINS","TYREE","","","","","","","","","","","","0","0","1","5","0","","","","","","","","","","","","","","","","","","","","","","","","","","","0"
"193","Duke","10/23/10","3","WILLIAMS","JOHNNY","","","","","","","","","","","","0","0","","","","","","","","","","","","1","0","0","","","","","","","","","","","","","","","","0"
"193","Duke","10/30/10","3","WILLIAMS","JOHNNY","","","","","","","","","","","","0","0","","","","","","","","","","","","1","7","0","","","","","","","","","","","","","","","","0"
"196","East Carolina","09/05/10","12","ARRINGTON","DAYON","","","","","","","","","","","","0","0","","","","1","0","0","","","","","","","","","","","","","","","","","","","","","","","","0"
"196","East Carolina","09/11/10","12","ARRINGTON","DAYON","","","","","","","","","","","","0","0","1","9","0","","","","","","","","","","","","","","","","","","","","","","","","","","","0"
"196","East Carolina","09/18/10","12","ARRINGTON","DAYON","","","","","","","","","","","","0","0","2","34","0","","","","","","","","","","","","","","","","","","","","","","","","","","","0"
"196","East Carolina","10/02/10","12","ARRINGTON","DAYON","","","","","","","","","","","","0","0","1","9","0","","","","","","","","","","","","","","","","","","","","","","","","","","","0"
"196","East Carolina","10/09/10","12","ARRINGTON","DAYON","","","","","","","","","","","","0","0","1","15","0","","","","","","","","","","","","","","","","","","","","","","","","","","","0"
"196","East Carolina","10/16/10","12","ARRINGTON","DAYON","","","","","","","","","","","","0","0","2","11","0","","","","","","","","","","","","","","","","","","","","","","","","","","","0"
"196","East Carolina","10/23/10","12","ARRINGTON","DAYON","","","","","","","","","","","","0","0","2","17","0","","","","","","","","","","","","","","","","","","","","","","","","","","","0"
"196","East Carolina","11/11/10","12","ARRINGTON","DAYON","","","","","","","","","","","","0","0","1","7","0","","","","","","","","","","","","","","","","","","","","","","","","","","","0"
"196","East Carolina","12/29/10","12","ARRINGTON","DAYON","","","","","","","","","","","","0","0","1","8","0","","","","","","","","","","","","","","","","","","","","","","","","","","","0"
"196","East Carolina","09/05/10","39","BARBOUR","MICHAEL","","","","","","","","","","","","0","0","","","","","","","","","","","","","","","","","","","6","6","0","0","","","","","1","1","","9"
"196","East Carolina","09/11/10","39","BARBOUR","MICHAEL","","","","","","","","","","","","0","0","","","","","","","","","","","","","","","","","","","7","7","0","0","","","","","1","0","","7"
"196","East Carolina","09/18/10","39","BARBOUR","MICHAEL","","","","","","","","","","","","0","0","","","","","","","","","","","","","","","","","","","3","3","0","0","","","","","2","2","","9"
"196","East Carolina","10/02/10","39","BARBOUR","MICHAEL","","","","","","","","","","","","0","0","","","","","","","","","","","","","","","","","","","2","2","0","0","","","","","1","1","","5"
"196","East Carolina","10/09/10","39","BARBOUR","MICHAEL","","","","","","","","","","","","0","0","","","","","","","","","","","","","","","","","","","5","5","0","0","","","","","1","1","","8"
"196","East Carolina","10/16/10","39","BARBOUR","MICHAEL","","","","","","","","","","","","0","0","","","","","","","","","","","","","","","","","","","4","3","0","0","","","","","2","2","","9"
"196","East Carolina","10/23/10","39","BARBOUR","MICHAEL","","","","","","","","","","","","0","0","","","","","","","","","","","","","","","","","","","4","4","0","0","","","","","3","3","","13"
"196","East Carolina","10/30/10","39","BARBOUR","MICHAEL","","","","","","","","","","","","0","0","","","","","","","","","","","","","","","","","","","5","5","0","0","","","","","","","","5"
"196","East Carolina","11/06/10","39","BARBOUR","MICHAEL","","","","","","","","","","","","0","0","","","","","","","","","","","","","","","","","","","5","5","0","0","","","","","","","","5"
"196","East Carolina","11/11/10","39","BARBOUR","MICHAEL","","","","","","","","","","","","0","0","","","","","","","","","","","","","","","","","","","4","4","0","0","","","","","2","2","","10"
"196","East Carolina","11/20/10","39","BARBOUR","MICHAEL","","","","","","","","","","","","0","0","","","","","","","","","","","","","","","","","","","5","5","0","0","","","","","1","1","","8"
"196","East Carolina","11/26/10","39","BARBOUR","MICHAEL","","","","","","","","","","","","0","0","","","","","","","","","","","","","","","","","","","5","5","0","0","","","","","2","1","","8"
"196","East Carolina","12/29/10","39","BARBOUR","MICHAEL","","","","","","","","","","","","0","0","","","","","","","","","","","","","","","","","","","2","2","0","0","","","","","2","2","","8"
"196","East Carolina","09/11/10","26","BLACKNALL","DEREK","","","","","","","","","","","","0","0","","","","1","46","1","","","","","","","","","","","","1","","","","","","","","","","","","6"
"196","East Carolina","10/23/10","26","BLACKNALL","DEREK","","","","","","","","","","","","0","0","","","","1","4","0","","","","","","","","","","","","","","","","","","","","","","","","0"
"196","East Carolina","09/05/10","19","BODENHEIMER","ANDREW","","","","","","","","","","","","0","0","2","23","0","","","","","","","","","","","","","","","","","","","","","","","","","","","0"
"196","East Carolina","09/11/10","19","BODENHEIMER","ANDREW","","","","","","","","","","","","0","0","4","43","0","","","","","","","","","","","","","","","","","","","","","","","","","","","0"
"196","East Carolina","09/18/10","19","BODENHEIMER","ANDREW","","","","","","","","","","","","0","0","3","22","0","","","","","","","","","","","","","","","","","","","","","","","","","","","0"
"196","East Carolina","10/02/10","19","BODENHEIMER","ANDREW","","","","","","","","","","","","0","0","3","18","0","","","","","","","","","","","","","","","","","","","","","","","","","","","0"
"196","East Carolina","10/16/10","19","BODENHEIMER","ANDREW","","","","","","","","","","","","0","0","2","29","0","","","","","","","","","","","","","","","","","","","","","","","","","","","0"
"196","East Carolina","10/23/10","19","BODENHEIMER","ANDREW","","","","","","","","","","","","0","0","1","14","0","","","","","","","","","","","","","","","","","","","","","","","","","","","0"
"196","East Carolina","10/30/10","19","BODENHEIMER","ANDREW","","","","","","","","","","","","0","0","6","32","1","","","","","","","","","","","","","","","1","","","","","","","","","","","","6"
"196","East Carolina","11/06/10","19","BODENHEIMER","ANDREW","","","","","","","","","","","","0","0","4","41","0","","","","","","","","","","","","","","","","","","","","","","","","","","","0"
"196","East Carolina","11/11/10","19","BODENHEIMER","ANDREW","","","","","","","","","","","","0","0","4","58","1","","","","","","","","","","","","","","","1","","","","","","","","","","","","6"
"196","East Carolina","11/20/10","19","BODENHEIMER","ANDREW","","","","","","","","","","","","0","0","1","8","0","","","","","","","","","","","","","","","","","","","","","","","","","","","0"
"196","East Carolina","11/26/10","19","BODENHEIMER","ANDREW","","","","","","","","","","","","0","0","5","39","0","","","","","","","","","","","","","","","","","","","","","","","","","","","0"
"196","East Carolina","12/29/10","19","BODENHEIMER","ANDREW","","","","","","","","","","","","0","0","5","43","0","","","","","","","","","","","","","","","","","","","","","","","","","","","0"
"196","East Carolina","09/05/10","22","BOWMAN","MICHAEL","","","","","","","","","","","","0","0","3","26","0","","","","","","","","","","","","","","","","","","","","","","","","","","","0"
"196","East Carolina","09/11/10","22","BOWMAN","MICHAEL","","","","","","","","","","","","0","0","5","35","1","","","","","","","","","","","","","","","1","","","","","","","","","","","","6"
"196","East Carolina","09/18/10","22","BOWMAN","MICHAEL","","","","","","","","","","","","0","0","2","1","0","","","","","","","","","","","","1","29","0","","","","","","","","","","","","","0"
"196","East Carolina","10/02/10","22","BOWMAN","MICHAEL","1","14","0","14","0","","","","","","","1","14","5","35","0","","","","","","","","","","","","1","28","0","","","","","","","","","","","","","0"
"196","East Carolina","10/09/10","22","BOWMAN","MICHAEL","","","","","","","","","","","","0","0","2","52","1","","","","","","","","","","","","1","56","0","1","","","","","","","","","","","","6"
"196","East Carolina","10/16/10","22","BOWMAN","MICHAEL","","","","","","","","","","","","0","0","5","93","0","","","","","","","","","","","","","","","","","","","","","","","","","","","0"
"196","East Carolina","10/23/10","22","BOWMAN","MICHAEL","","","","","","","","","","","","0","0","4","33","0","","","","","","","","","","","","","","","","","","","","","","","","","","","0"
"196","East Carolina","10/30/10","22","BOWMAN","MICHAEL","","","","","","","","","","","","0","0","4","28","0","","","","","","","","","","","","2","51","0","","","","","","","","","","","","","0"
"196","East Carolina","11/06/10","22","BOWMAN","MICHAEL","","","","","","","","","","","","0","0","5","50","0","","","","","","","","","","","","6","104","0","","","","","","","","","","","","","0"
"196","East Carolina","11/11/10","22","BOWMAN","MICHAEL","","","","","","","","","","","","0","0","3","17","1","","","","","","","","","","","","","","","1","","","","","","","","","","","","6"
"196","East Carolina","11/20/10","22","BOWMAN","MICHAEL","1","7","0","7","0","","","","","","","1","7","3","30","0","","","","","","","","","","","","","","","","","","","","","","","","","","","0"
"196","East Carolina","11/26/10","22","BOWMAN","MICHAEL","","","","","","","","","","","","0","0","4","35","0","","","","","","","","","","","","","","","","","","","","","","","","","","","0"
"196","East Carolina","12/29/10","22","BOWMAN","MICHAEL","1","4","0","4","0","","","","","","","1","4","2","-1","0","","","","","","","","","","","","","","","","","","","","","","","","","","","0"
"196","East Carolina","10/23/10","92","BROOKS","MICHAEL","","","","","","","","","","","","0","0","","","","1","14","0","","","","","","","","","","","","","","","","","","","","","","","","0"
"196","East Carolina","10/23/10","85","BRUMSEY","JAVON","","","","","","","","","","","","0","0","1","4","0","","","","","","","","","","","","","","","","","","","","","","","","","","","0"
"196","East Carolina","11/06/10","86","BYRD","MICHAEL","","","","","","","","","","","","0","0","1","1","1","","","","","","","","","","","","","","","1","","","","","","","","","","","","6"
"196","East Carolina","09/05/10","4","DAVIS","DOMINIQUE","11","48","19","29","1","46","27","1","383","5","","57","412","","","","","","","","","","","","","","","","","","1","","","","","","","","","","","","6"
"196","East Carolina","09/11/10","4","DAVIS","DOMINIQUE","13","23","13","10","2","39","28","0","256","3","","52","266","","","","","","","","","","","","","","","","","","2","","","","","","","","","","","","12"
"196","East Carolina","09/18/10","4","DAVIS","DOMINIQUE","11","61","27","34","0","44","30","2","251","1","","55","285","","","","","","","","","","","","","","","","","","","","","","","","","","","","","","0"
"196","East Carolina","10/02/10","4","DAVIS","DOMINIQUE","3","8","0","8","0","51","33","3","244","1","","54","252","","","","","","","","","","","","","","","","","","","","","","","","","","","","","","0"
"196","East Carolina","10/09/10","4","DAVIS","DOMINIQUE","4","3","11","-8","0","36","18","3","305","4","0","40","297","","","","","","","","","","","","","","","","","","","","","1","0","","","","","","","","0"
"196","East Carolina","10/16/10","4","DAVIS","DOMINIQUE","5","31","12","19","1","53","37","0","376","2","","58","395","","","","","","","","","","","","","","","","","","1","","","","","","","","","","","","6"
"196","East Carolina","10/23/10","4","DAVIS","DOMINIQUE","4","33","7","26","1","39","23","1","208","2","","43","234","","","","","","","","","","","","","","","","","","1","","","","","","","","","","","","6"
"196","East Carolina","10/30/10","4","DAVIS","DOMINIQUE","8","20","26","-6","2","54","39","1","310","3","","62","304","","","","","","","","","","","","","","","","","","2","","","","","","","","","","","","12"
"196","East Carolina","11/06/10","4","DAVIS","DOMINIQUE","4","20","0","20","0","65","43","0","413","5","","69","433","1","-6","0","","","","","","","","","","","","","","","","","","","","","","","","","","","0"
"196","East Carolina","11/11/10","4","DAVIS","DOMINIQUE","2","7","0","7","0","41","26","0","331","5","0","43","338","","","","","","","","","","","","","","","","","","","","","3","1","","","","","","","","2"
"196","East Carolina","11/20/10","4","DAVIS","DOMINIQUE","3","14","0","14","1","39","21","2","308","3","","42","322","","","","","","","","","","","","","","","","","","1","","","","","","","","","","","","6"
"196","East Carolina","11/26/10","4","DAVIS","DOMINIQUE","6","18","29","-11","1","45","33","1","314","2","","51","303","","","","","","","","","","","","","","","","","","1","","","","","","","","","","","","6"
"196","East Carolina","12/29/10","4","DAVIS","DOMINIQUE","5","14","15","-1","0","57","35","2","268","1","","62","267","","","","","","","","","","","","","","","","","","","","","","","","","","","","","","0"
"196","East Carolina","10/16/10","38","DAVIS","EMANUEL","","","","","","","","","","","","0","0","","","","1","0","0","","","","","","","","","","","","","","","","","","","","","","","","0"
"196","East Carolina","12/29/10","38","DAVIS","EMANUEL","","","","","","","","","","","","0","0","","","","1","0","0","","","","","","","","","","","","","","","","","","","","","","","","0"
"196","East Carolina","11/06/10","81","DAVIS","JEREMY","","","","","","","","","","","","0","0","3","12","0","","","","","","","","","","","","","","","","","","","","","","","","","","","0"
"196","East Carolina","11/20/10","81","DAVIS","JEREMY","","","","","","","","","","","","0","0","1","13","0","","","","","","","","","","","","","","","","","","","","","","","","","","","0"
"196","East Carolina","12/29/10","81","DAVIS","JEREMY","","","","","","","","","","","","0","0","1","0","0","","","","","","","","","","","","","","","","","","","","","","","","","","","0"
"196","East Carolina","09/11/10","35","DOBSON","MICHAEL","2","19","0","19","0","","","","","","","2","19","","","","","","","","","","","","","","","","","","","","","","","","","","","","","","0"
"196","East Carolina","10/02/10","35","DOBSON","MICHAEL","","","","","","","","","","","","0","0","","","","","","","","","","","","","","","1","7","0","","","","","","","","","","","","","0"
"196","East Carolina","10/16/10","35","DOBSON","MICHAEL","","","","","","","","","","","","0","0","","","","","","","","","","","","","","","1","4","0","","","","","","","","","","","","","0"
"196","East Carolina","10/23/10","35","DOBSON","MICHAEL","3","21","0","21","0","","","","","","","3","21","1","4","0","","","","","","","","","","","","1","5","0","","","","","","","","","","","","","0"
"196","East Carolina","11/06/10","35","DOBSON","MICHAEL","5","18","0","18","0","","","","","","","5","18","","","","","","","","","","","","","","","2","34","0","","","","","","","","","","","","","0"
"196","East Carolina","11/11/10","35","DOBSON","MICHAEL","","","","","","","","","","","","0","0","","","","","","","","","","","","","","","3","55","0","","","","","","","","","","","","","0"
"196","East Carolina","12/29/10","35","DOBSON","MICHAEL","1","4","0","4","0","","","","","","","1","4","","","","","","","","","","","","","","","","","","","","","","","","","","","","","","0"
"196","East Carolina","09/05/10","17","HARRIS","DWAYNE","2","6","0","6","0","","","","","","","2","6","7","121","2","","","","","","","","","2","7","0","2","40","0","2","","","","","","","","","","","","12"
"196","East Carolina","09/11/10","17","HARRIS","DWAYNE","","","","","","","","","","","","0","0","6","54","1","","","","","","","","","","","","3","79","0","1","","","","","","","","","","","","6"
"196","East Carolina","09/18/10","17","HARRIS","DWAYNE","1","2","0","2","0","","","","","","","1","2","10","119","1","","","","","","","","","","","","","","","1","","","","","","","","","","","","6"
"196","East Carolina","10/02/10","17","HARRIS","DWAYNE","","","","","","1","1","0","39","1","","1","39","8","64","0","","","","","","","","","2","6","0","3","64","0","","","","","","","","","","","","","0"
"196","East Carolina","10/09/10","17","HARRIS","DWAYNE","","","","","","","","","","","","0","0","9","99","1","","","","","","","","","3","30","0","6","101","0","1","","","","","","","","","","","","6"
"196","East Carolina","10/16/10","17","HARRIS","DWAYNE","1","0","1","-1","0","","","","","","","1","-1","9","91","0","","","","","","","","","3","75","0","4","95","0","","","","","","","","","","","","","0"
"196","East Carolina","10/23/10","17","HARRIS","DWAYNE","1","5","0","5","0","1","0","0","0","0","","2","5","5","56","0","","","","","","","","","1","-6","0","1","16","0","","","","","","","","","","","","","0"
"196","East Carolina","10/30/10","17","HARRIS","DWAYNE","2","49","5","44","0","","","","","","","2","44","9","146","1","","","","","","","","","","","","5","99","0","1","","","","","","","","","","","","6"
"196","East Carolina","11/06/10","17","HARRIS","DWAYNE","2","18","0","18","0","","","","","","","2","18","7","73","2","","","","","","","","","1","-1","0","2","23","0","2","","","","","","","","","","","","12"
"196","East Carolina","11/11/10","17","HARRIS","DWAYNE","3","21","0","21","0","1","1","0","-1","0","","4","20","6","56","1","","","","","","","","","2","64","0","","","","1","","","","","","","","","","","","6"
"196","East Carolina","11/20/10","17","HARRIS","DWAYNE","2","11","0","11","0","","","","","","","2","11","7","119","1","","","","","","","","","1","0","0","2","54","0","1","","","","","","","","","","","","6"
"196","East Carolina","11/26/10","17","HARRIS","DWAYNE","1","5","0","5","0","","","","","","","1","5","10","57","0","","","","","","","","","3","11","0","6","129","0","","","","","","","","","","","","","0"
"196","East Carolina","12/29/10","17","HARRIS","DWAYNE","1","0","7","-7","0","","","","","","","1","-7","8","68","0","","","","","","","","","1","36","0","7","139","0","","","","","","","","","","","","","0"
"196","East Carolina","10/23/10","34","HUNT","TORRANCE","","","","","","","","","","","","0","0","1","26","0","","","","","","","","","","","","","","","","","","","","","","","","","","","0"
"196","East Carolina","10/16/10","3","JACOBS","BRADLEY","","","","","","","","","","","","0","0","","","","1","0","0","","","","","","","","","","","","","","","","","","","","","","","","0"
"196","East Carolina","10/23/10","3","JACOBS","BRADLEY","","","","","","","","","","","","0","0","","","","1","40","0","","","","","","","","","","","","","","","","","","","","","","","","0"
"196","East Carolina","11/11/10","3","JACOBS","BRADLEY","","","","","","","","","","","","0","0","","","","1","14","0","","","","","","","","","","","","","","","","","","","","","","","","0"
"196","East Carolina","12/29/10","3","JACOBS","BRADLEY","","","","","","","","","","","","0","0","","","","1","0","0","","","","","","","","","","","","","","","","","","","","","","","","0"
"196","East Carolina","11/20/10","8","JENKINS","JACOBI","","","","","","","","","","","","0","0","","","","","","","","","","","","","","","","","","","","","0","0","1","0","","","","","","0"
"196","East Carolina","09/05/10","84","JONES","JUSTIN","","","","","","","","","","","","0","0","4","55","1","","","","","","","","","","","","","","","1","","","","","","","","","","","","6"
"196","East Carolina","09/18/10","84","JONES","JUSTIN","","","","","","","","","","","","0","0","1","11","0","","","","","","","","","","","","","","","","","","","","","","","","","","","0"
"196","East Carolina","10/09/10","84","JONES","JUSTIN","","","","","","","","","","","","0","0","1","9","0","","","","","","","","","","","","","","","","","","","","","","","","","","","0"
"196","East Carolina","10/16/10","84","JONES","JUSTIN","","","","","","","","","","","","0","0","1","3","1","","","","","","","","","","","","","","","1","","","","","","","","","","","","6"
"196","East Carolina","10/30/10","84","JONES","JUSTIN","","","","","","","","","","","","0","0","4","16","1","","","","","","","","","","","","","","","1","","","","","","","","","","","","6"
"196","East Carolina","11/06/10","84","JONES","JUSTIN","","","","","","","","","","","","0","0","1","5","0","","","","","","","","","","","","","","","","","","","","","","","","","","","0"
"196","East Carolina","11/11/10","84","JONES","JUSTIN","","","","","","","","","","","","0","0","3","40","0","","","","","","","","","","","","","","","","","","","","","","","","","","","0"
"196","East Carolina","11/20/10","84","JONES","JUSTIN","","","","","","","","","","","","0","0","2","12","1","","","","","","","","","","","","","","","1","","","","","","","","","","","","6"
"196","East Carolina","12/29/10","84","JONES","JUSTIN","","","","","","","","","","","","0","0","4","60","1","","","","","","","","","","","","","","","1","","","","","","","","","","","","6"
"196","East Carolina","09/05/10","88","LEWIS","LANCE","","","","","","","","","","","","0","0","6","105","2","","","","","","","","","","","","","","","2","","","","","","","","","","","","12"
"196","East Carolina","09/11/10","88","LEWIS","LANCE","","","","","","","","","","","","0","0","3","26","0","","","","","","","","","","","","","","","","","","","","","","","","","","","0"
"196","East Carolina","09/18/10","88","LEWIS","LANCE","","","","","","","","","","","","0","0","3","22","0","","","","","","","","","","","","","","","","","","","","","","","","","","","0"
"196","East Carolina","10/02/10","88","LEWIS","LANCE","","","","","","","","","","","","0","0","9","68","1","","","","","","","","","","","","","","","1","","","","","","","","","","","","6"
"196","East Carolina","10/09/10","88","LEWIS","LANCE","","","","","","","","","","","","0","0","2","92","2","","","","","","","","","","","","","","","2","","","","","","","","","","","","12"
"196","East Carolina","10/16/10","88","LEWIS","LANCE","","","","","","","","","","","","0","0","8","87","1","","","","","","","","","","","","","","","1","","","","","","","","","","","","6"
"196","East Carolina","10/23/10","88","LEWIS","LANCE","","","","","","","","","","","","0","0","6","55","1","","","","","","","","","","","","","","","1","","","","","","","","","","","","6"
"196","East Carolina","10/30/10","88","LEWIS","LANCE","","","","","","","","","","","","0","0","11","64","0","","","","","","","","","","","","","","","","","","","","","","","","","","","0"
"196","East Carolina","11/06/10","88","LEWIS","LANCE","","","","","","","","","","","","0","0","9","118","2","","","","","","","","","","","","","","","2","","","","","","","","","","","","12"
"196","East Carolina","11/11/10","88","LEWIS","LANCE","","","","","","","","","","","","0","0","6","62","1","","","","","","","","","","","","","","","1","","","","","","","","","","","","6"
"196","East Carolina","11/20/10","88","LEWIS","LANCE","","","","","","","","","","","","0","0","7","126","1","","","","","","","","","","","","","","","1","","","","","","","","","","","","6"
"196","East Carolina","11/26/10","88","LEWIS","LANCE","","","","","","","","","","","","0","0","8","154","2","","","","","","","","","","","","","","","2","","","","","","","","","","","","12"
"196","East Carolina","12/29/10","88","LEWIS","LANCE","","","","","","","","","","","","0","0","11","137","1","","","","","","","","","","","","","","","1","","","","","","","","","","","","6"
"196","East Carolina","09/05/10","47","LINEBACK","DUSTIN","","","","","","","","","","","","0","0","","","","","","","","","","","","","","","2","14","0","","","","","","","","","","","","","0"
"196","East Carolina","10/16/10","11","MAGAZU","DAMON","","","","","","","","","","","","0","0","","","","1","2","0","","","","","","","","","","","","","","","","","","","","","","","","0"
"196","East Carolina","11/20/10","98","MILNER","MATT","","","","","","","","","","","","0","0","","","","","","","1","50","0","","","","","","","","","","","","","","","","","","","","","0"
"196","East Carolina","09/05/10","87","PASUT","ZICO","","","","","","","","","","","","0","0","","","","","","","","","","","","","","","2","17","0","","","","","","","","","","","","","0"
"196","East Carolina","09/11/10","14","PRICE","MIKE","","","","","","","","","","","","0","0","1","8","0","","","","","","","","","","","","","","","","","","","","","","","","","","","0"
"196","East Carolina","10/02/10","14","PRICE","MIKE","","","","","","","","","","","","0","0","1","7","0","","","","","","","","","","","","","","","","","","","","","","","","","","","0"
"196","East Carolina","10/16/10","14","PRICE","MIKE","","","","","","","","","","","","0","0","1","4","0","","","","","","","","","","","","","","","","","","","","","","","","","","","0"
"196","East Carolina","10/23/10","14","PRICE","MIKE","","","","","","","","","","","","0","0","2","21","1","","","","","","","","","","","","","","","1","","","","","","","","","","","","6"
"196","East Carolina","11/06/10","14","PRICE","MIKE","","","","","","","","","","","","0","0","1","4","0","","","","","","","","","","","","","","","","","","","","","","","","","","","0"
"196","East Carolina","09/05/10","1","RUFFIN","GIAVANNI","6","28","0","28","0","","","","","","","6","28","1","9","0","","","","","","","","","","","","","","","","","","","","","","","","","","","0"
"196","East Carolina","09/11/10","1","RUFFIN","GIAVANNI","4","23","0","23","0","","","","","","","4","23","2","32","1","","","","","","","","","","","","","","","1","","","","","","","","","","","","6"
"196","East Carolina","09/18/10","1","RUFFIN","GIAVANNI","1","2","0","2","0","","","","","","","1","2","1","5","0","","","","","","","","","","","","","","","","","","","","","","","","","","","0"
"196","East Carolina","10/02/10","1","RUFFIN","GIAVANNI","4","11","2","9","0","","","","","","","4","9","2","5","0","","","","","","","","","","","","","","","","","","","","","","","","","","","0"
"196","East Carolina","10/09/10","1","RUFFIN","GIAVANNI","5","21","1","20","1","","","","","","","5","20","1","13","0","","","","","","","","","","","","","","","1","","","","","","","","","","","","6"
"196","East Carolina","10/16/10","1","RUFFIN","GIAVANNI","15","74","0","74","0","","","","","","","15","74","3","14","0","","","","","","","","","","","","","","","","","","","","","","","","","","","0"
"196","East Carolina","10/23/10","1","RUFFIN","GIAVANNI","7","33","1","32","0","","","","","","","7","32","","","","","","","","","","","","","","","","","","","","","","","","","","","","","","0"
"196","East Carolina","10/30/10","1","RUFFIN","GIAVANNI","11","63","0","63","0","","","","","","","11","63","2","5","0","","","","","","","","","","","","","","","","","","","","","","","","","","","0"
"196","East Carolina","11/06/10","1","RUFFIN","GIAVANNI","1","4","0","4","0","","","","","","","1","4","5","40","0","","","","","","","","","","","","","","","","","","","","","","","","","","","0"
"196","East Carolina","11/11/10","1","RUFFIN","GIAVANNI","6","17","0","17","1","","","","","","","6","17","2","9","0","","","","","","","","","","","","","","","1","","","","","","","","","","","","6"
"196","East Carolina","11/20/10","1","RUFFIN","GIAVANNI","3","14","0","14","0","","","","","","","3","14","","","","","","","","","","","","","","","2","18","0","","","","","","","","","","","","","0"
"196","East Carolina","11/26/10","1","RUFFIN","GIAVANNI","11","71","0","71","0","","","","","","","11","71","3","21","0","","","","","","","","","","","","1","7","0","","","","","","","","","","","","","0"
"196","East Carolina","12/29/10","1","RUFFIN","GIAVANNI","11","28","1","27","0","","","","","","","11","27","3","4","0","","","","","","","","","","","","","","","","","","","","","","","","","","","0"
"196","East Carolina","09/05/10","2A","RYAN","BEN","","","","","","","","","","","","0","0","","","","","","","","","","5","215","","","","","","","","","","","","","","","","","","","0"
"196","East Carolina","09/11/10","2A","RYAN","BEN","","","","","","","","","","","","0","0","","","","","","","","","","5","199","","","","","","","","","","","","","","","","","","","0"
"196","East Carolina","09/18/10","2A","RYAN","BEN","","","","","","","","","","","","0","0","","","","","","","","","","5","200","","","","","","","","","","","","","","","","","","","0"
"196","East Carolina","10/02/10","2A","RYAN","BEN","","","","","","","","","","","","0","0","","","","","","","","","","6","246","","","","","","","","","","","","","","","","","","","0"
"196","East Carolina","10/09/10","2A","RYAN","BEN","","","","","","","","","","","","0","0","","","","","","","","","","4","138","","","","","","","","","","","","","","","","","","","0"
"196","East Carolina","10/16/10","2A","RYAN","BEN","","","","","","","","","","","","0","0","","","","","","","","","","5","214","","","","","","","","","","","","","","","","","","","0"
"196","East Carolina","10/23/10","2A","RYAN","BEN","","","","","","","","","","","","0","0","","","","","","","","","","3","126","","","","","","","","","","","","","","","","","","","0"
"196","East Carolina","10/30/10","2A","RYAN","BEN","","","","","","","","","","","","0","0","","","","","","","","","","3","116","","","","","","","","","","","","","","","","","","","0"
"196","East Carolina","11/06/10","2A","RYAN","BEN","","","","","","","","","","","","0","0","","","","","","","","","","2","72","","","","","","","","","","","","","","","","","","","0"
"196","East Carolina","11/11/10","2A","RYAN","BEN","","","","","","","","","","","","0","0","","","","","","","","","","4","161","","","","","","","","","","","","","","","","","","","0"
"196","East Carolina","11/20/10","2A","RYAN","BEN","","","","","","","","","","","","0","0","","","","","","","","","","3","113","","","","","","","","","","","","","","","","","","","0"
"196","East Carolina","11/26/10","2A","RYAN","BEN","","","","","","","","","","","","0","0","","","","","","","","","","4","149","","","","","","","","","","","","","","","","","","","0"
"196","East Carolina","12/29/10","2A","RYAN","BEN","","","","","","","","","","","","0","0","","","","","","","","","","4","141","","","","","","","","","","","","","","","","","","","0"
"196","East Carolina","09/18/10","13","SIMMONS","TRAVIS","","","","","","","","","","","","0","0","","","","","","","","","","","","1","6","0","","","","","","","","","","","","","","","","0"
"196","East Carolina","10/23/10","83","TERRELL","T.J.","","","","","","","","","","","","0","0","1","9","0","","","","","","","","","","","","","","","","","","","","","","","","","","","0"
"196","East Carolina","10/09/10","3A","WHITLEY","NORMAN","","","","","","","","","","","","0","0","","","","","","","","","","","","","","","1","19","0","","","","","","","","","","","","","0"
"196","East Carolina","10/23/10","3A","WHITLEY","NORMAN","1","0","1","-1","0","","","","","","","1","-1","","","","","","","","","","","","","","","","","","","","","","","","","","","","","","0"
"196","East Carolina","10/30/10","3A","WHITLEY","NORMAN","","","","","","","","","","","","0","0","","","","","","","","","","","","","","","1","7","0","","","","","","","","","","","","","0"
"196","East Carolina","12/29/10","3A","WHITLEY","NORMAN","1","4","0","4","0","","","","","","","1","4","","","","","","","","","","","","","","","","","","","","","","","","","","","","","","0"
"196","East Carolina","09/05/10","2","WILLIAMS","JON","15","95","3","92","1","","","","","","","15","92","2","6","0","","","","","","","","","","","","2","39","0","1","","","","","","","","","","","","6"
"196","East Carolina","09/11/10","2","WILLIAMS","JON","17","111","2","109","1","","","","","","","17","109","6","50","0","","","","","","","","","","","","","","","1","","","","","","","","","","","","6"
"196","East Carolina","09/18/10","2","WILLIAMS","JON","17","80","8","72","2","","","","","","","17","72","7","37","0","","","","","","","","","","","","","","","2","","","","","","","","","","","","12"
"196","East Carolina","10/02/10","2","WILLIAMS","JON","8","35","2","33","0","","","","","","","8","33","4","38","0","","","","","","","","","","","","2","43","0","","","","","","","","","","","","","0"
"196","East Carolina","10/09/10","2","WILLIAMS","JON","13","29","4","25","0","","","","","","","13","25","2","25","0","","","","","","","","","","","","1","127","1","1","","","","","","","","","","","","6"
"196","East Carolina","10/16/10","2","WILLIAMS","JON","11","41","10","31","1","","","","","","","11","31","6","44","0","","","","","","","","","","","","","","","1","","","","","","","","","","","","6"
"196","East Carolina","10/23/10","2","WILLIAMS","JON","10","112","1","111","1","","","","","","","10","111","4","22","0","","","","","","","","","","","","","","","1","","","","","","","","","","","","6"
"196","East Carolina","10/30/10","2","WILLIAMS","JON","5","13","3","10","0","","","","","","","5","10","3","19","0","","","","","","","","","","","","","","","","","","","","","","","","","","","0"
"196","East Carolina","11/06/10","2","WILLIAMS","JON","12","94","0","94","0","","","","","","","12","94","6","75","0","","","","","","","","","","","","2","37","0","","","","","","","","","","","","","0"
"196","East Carolina","11/11/10","2","WILLIAMS","JON","14","83","1","82","1","","","","","","","14","82","5","115","1","","","","","","","","","","","","4","94","0","2","","","","","","","","","","","","12"
"196","East Carolina","11/20/10","2","WILLIAMS","JON","17","100","0","100","1","","","","","","","17","100","","","","","","","","","","","","","","","2","19","0","1","","","","","","","","","","","","6"
"196","East Carolina","11/26/10","2","WILLIAMS","JON","14","89","2","87","2","","","","","","","14","87","3","8","0","","","","","","","","","","","","","","","2","","","","","","","","","","","","12"
"196","East Carolina","12/29/10","2","WILLIAMS","JON","1","1","0","1","0","","","","","","","1","1","4","-8","0","","","","","","","","","","","","","","","","","","","","","","","","","","","0"
"196","East Carolina","09/05/10","82","WOMACK","JOE","","","","","","","","","","","","0","0","2","38","0","","","","","","","","","","","","","","","","","","","","","","","","","","","0"
"196","East Carolina","09/11/10","82","WOMACK","JOE","","","","","","","","","","","","0","0","1","7","0","","","","","","","","","","","","","","","","","","","","","","","","","","","0"
"196","East Carolina","09/18/10","82","WOMACK","JOE","","","","","","","","","","","","0","0","1","0","0","","","","","","","","","","","","","","","","","","","","","","","","","","","0"
"196","East Carolina","10/02/10","82","WOMACK","JOE","","","","","","","","","","","","0","0","1","39","1","","","","","","","","","","","","","","","1","","","","","","","","","","","","6"
"196","East Carolina","09/11/10","9A","WORNICK","BRAD","","","","","","2","1","0","8","0","","2","8","","","","","","","","","","","","","","","","","","","","","","","","","","","","","","0"
"196","East Carolina","10/23/10","9A","WORNICK","BRAD","","","","","","7","5","0","53","0","","7","53","","","","","","","","","","","","","","","","","","","","","","","","","","","","","","0"
"196","East Carolina","11/11/10","9A","WORNICK","BRAD","1","7","0","7","0","5","3","0","34","0","","6","41","","","","","","","","","","","","","","","","","","","","","","","","","","","","","","0"
"196","East Carolina","12/29/10","9A","WORNICK","BRAD","","","","","","5","4","0","43","1","","5","43","","","","","","","","","","","","","","","","","","","","","","","","","","","","","","0"
"204","Eastern Mich.","09/11/10","9","BURKE","TYRONE","","","","","","","","","","","","0","0","1","9","0","","","","","","","","","","","","","","","","","","","","","","","","","","","0"
"204","Eastern Mich.","09/18/10","9","BURKE","TYRONE","1","1","0","1","0","","","","","","","1","1","6","47","0","","","","","","","","","","","","","","","","","","","","","","","","","","","0"
"204","Eastern Mich.","09/25/10","9","BURKE","TYRONE","","","","","","","","","","","","0","0","2","8","0","","","","","","","","","","","","","","","","","","","","","","","","","","","0"
"204","Eastern Mich.","10/02/10","9","BURKE","TYRONE","","","","","","","","","","","","0","0","2","6","0","","","","","","","","","","","","","","","","","","","","","","","","","","","0"
"204","Eastern Mich.","10/09/10","9","BURKE","TYRONE","","","","","","","","","","","","0","0","4","45","0","","","","","","","","","","","","","","","","","","","","","","","","","","","0"
"204","Eastern Mich.","10/23/10","9","BURKE","TYRONE","","","","","","","","","","","","0","0","2","22","0","","","","","","","","","","","","","","","","","","","","","","","","","","","0"
"204","Eastern Mich.","11/13/10","9","BURKE","TYRONE","","","","","","","","","","","","0","0","2","45","1","","","","","","","","","","","","","","","1","","","","","","","","","","","","6"
"204","Eastern Mich.","11/13/10","6","CARDWELL","MARTAVIUS","","","","","","","","","","","","0","0","","","","","","","1","7","0","","","","","","","","","","","","","","","","","","","","","0"
"204","Eastern Mich.","09/11/10","44","DEMASTER","KYLE","","","","","","","","","","","","0","0","1","15","0","","","","","","","","","","","","","","","","","","","","","","","","","","","0"
"204","Eastern Mich.","09/18/10","44","DEMASTER","KYLE","","","","","","","","","","","","0","0","2","4","0","","","","","","","","","","","","","","","","","","","","","","","","","","","0"
"204","Eastern Mich.","09/25/10","10","DOWNARD","RYAN","","","","","","","","","","","","0","0","","","","","","","","","","","","1","27","0","","","","","","","","","","","","","","","","0"
"204","Eastern Mich.","10/09/10","10","DOWNARD","RYAN","","","","","","","","","","","","0","0","","","","","","","","","","","","1","4","0","","","","","","","","","","","","","","","","0"
"204","Eastern Mich.","11/20/10","10","DOWNARD","RYAN","","","","","","","","","","","","0","0","","","","","","","","","","","","3","-1","0","","","","","","","","","","","","","","","","0"
"204","Eastern Mich.","09/18/10","23","FLEMING","JOE","1","2","0","2","0","","","","","","","1","2","","","","","","","","","","","","","","","","","","","","","","","","","","","","","","0"
"204","Eastern Mich.","10/02/10","57","FORT","TIM","","","","","","","","","","","","0","0","","","","","","","","","","","","","","","1","8","0","","","","","","","","","","","","","0"
"204","Eastern Mich.","10/23/10","34","FULKERSON","KODY","","","","","","","","","","","","0","0","","","","","","","","","","","","","","","","","","","3","3","0","0","","","","","1","0","","3"
"204","Eastern Mich.","10/30/10","34","FULKERSON","KODY","","","","","","","","","","","","0","0","","","","","","","","","","","","","","","","","","","1","1","0","0","","","","","","","","1"
"204","Eastern Mich.","09/04/10","8","GILLETT","ALEX","18","134","8","126","1","9","4","1","31","1","","27","157","","","","","","","","","","","","","","","","","","1","","","","","","","","","","","","6"
"204","Eastern Mich.","09/11/10","8","GILLETT","ALEX","14","43","6","37","0","30","18","2","171","2","","44","208","","","","","","","","","","","","","","","","","","","","","","","","","","","","","","0"
"204","Eastern Mich.","09/18/10","8","GILLETT","ALEX","7","19","10","9","0","20","12","0","148","1","","27","157","","","","","","","","","","","","","","","","","","","","","","","","","","","","","","0"
"204","Eastern Mich.","09/25/10","8","GILLETT","ALEX","5","16","14","2","0","22","13","0","200","2","","27","202","","","","","","","","","","","","","","","","","","","","","","","","","","","","","","0"
"204","Eastern Mich.","10/02/10","8","GILLETT","ALEX","12","30","23","7","0","30","15","1","208","1","","42","215","","","","","","","","","","","","","","","","","","","","","","","","","","","","","","0"
"204","Eastern Mich.","10/09/10","8","GILLETT","ALEX","6","23","17","6","0","20","10","1","99","0","","26","105","","","","","","","","","","","","","","","","","","","","","","","","","","","","","","0"
"204","Eastern Mich.","10/16/10","8","GILLETT","ALEX","35","209","20","189","2","18","10","1","225","3","","53","414","","","","","","","","","","","","","","","","","","2","","","","","","","","","","","","12"
"204","Eastern Mich.","10/23/10","8","GILLETT","ALEX","13","101","15","86","1","12","7","1","64","0","","25","150","","","","","","","","","","","","","","","","","","1","","","","","","","","","","","","6"
"204","Eastern Mich.","10/30/10","8","GILLETT","ALEX","17","75","25","50","0","26","15","2","170","0","","43","220","","","","","","","","","","","","","","","","","","","","","","","","","","","","","","0"
"204","Eastern Mich.","11/13/10","8","GILLETT","ALEX","22","192","33","159","1","24","13","2","214","3","","46","373","","","","","","","","","","","","","","","","","","1","","","","","","","","","","","","6"
"204","Eastern Mich.","11/20/10","8","GILLETT","ALEX","16","60","4","56","0","9","6","2","92","0","","25","148","","","","","","","","","","","","","","","","","","","","","","","","","","","","","","0"
"204","Eastern Mich.","11/26/10","8","GILLETT","ALEX","14","53","14","39","0","9","4","0","11","0","","23","50","","","","","","","","","","","","","","","","","","","","","","","","","","","","","","0"
"204","Eastern Mich.","09/04/10","27","GOODWIN","KELIP","","","","","","","","","","","","0","0","","","","","","","","","","","","","","","3","55","0","","","","","","","","","","","","","0"
"204","Eastern Mich.","10/09/10","27","GOODWIN","KELIP","","","","","","","","","","","","0","0","","","","","","","","","","","","","","","1","7","0","","","","","","","","","","","","","0"
"204","Eastern Mich.","11/20/10","27","GOODWIN","KELIP","","","","","","","","","","","","0","0","","","","","","","","","","","","","","","1","9","0","","","","","","","","","","","","","0"
"204","Eastern Mich.","10/30/10","82","GOURDINE","TERRANCE","","","","","","","","","","","","0","0","1","18","0","","","","","","","","","","","","","","","","","","","","","","","","","","","0"
"204","Eastern Mich.","09/04/10","97","GRAHAM","SEAN","","","","","","","","","","","","0","0","","","","","","","","","","","","","","","","","","","3","3","0","0","","","","","","","","3"
"204","Eastern Mich.","09/11/10","97","GRAHAM","SEAN","","","","","","","","","","","","0","0","","","","","","","","","","","","","","","","","","","3","3","0","0","","","","","","","","3"
"204","Eastern Mich.","09/18/10","97","GRAHAM","SEAN","","","","","","","","","","","","0","0","","","","","","","","","","","","","","","","","","","2","2","0","0","","","","","","","","2"
"204","Eastern Mich.","09/25/10","97","GRAHAM","SEAN","","","","","","","","","","","","0","0","","","","","","","","","","","","","","","","","","","3","2","0","0","","","","","","","","2"
"204","Eastern Mich.","10/02/10","97","GRAHAM","SEAN","","","","","","","","","","","","0","0","","","","","","","","","","","","","","","","","","","2","2","0","0","","","","","1","1","","5"
"204","Eastern Mich.","10/09/10","97","GRAHAM","SEAN","","","","","","","","","","","","0","0","","","","","","","","","","","","","","","","","","","","","","","","","","","2","2","","6"
"204","Eastern Mich.","10/16/10","97","GRAHAM","SEAN","","","","","","","","","","","","0","0","","","","","","","","","","","","","","","","","","","5","5","0","0","","","","","2","0","","5"
"204","Eastern Mich.","11/13/10","97","GRAHAM","SEAN","","","","","","","","","","","","0","0","","","","","","","","","","","","","","","","","","","4","3","0","0","","","","","1","1","","6"
"204","Eastern Mich.","11/20/10","97","GRAHAM","SEAN","","","","","","","","","","","","0","0","","","","","","","","","","","","","","","","","","","3","3","0","0","","","","","1","0","","3"
"204","Eastern Mich.","11/26/10","97","GRAHAM","SEAN","","","","","","","","","","","","0","0","","","","","","","","","","","","","","","","","","","","","","","","","","","1","1","","3"
"204","Eastern Mich.","09/25/10","32","GREENE","JAVONTI","14","24","1","23","0","","","","","","","14","23","1","4","0","","","","","","","","","","","","","","","","","","","","","","","","","","","0"
"204","Eastern Mich.","10/02/10","32","GREENE","JAVONTI","2","7","0","7","0","","","","","","","2","7","","","","","","","","","","","","","","","","","","","","","","","","","","","","","","0"
"204","Eastern Mich.","10/09/10","32","GREENE","JAVONTI","12","48","3","45","0","","","","","","","12","45","1","11","0","","","","","","","","","","","","","","","","","","","","","","","","","","","0"
"204","Eastern Mich.","10/16/10","32","GREENE","JAVONTI","3","20","0","20","0","","","","","","","3","20","","","","","","","","","","","","","","","","","","","","","","","","","","","","","","0"
"204","Eastern Mich.","10/23/10","32","GREENE","JAVONTI","8","157","2","155","2","","","","","","","8","155","2","13","0","","","","","","","","","","","","","","","2","","","","","","","","","","","","12"
"204","Eastern Mich.","10/30/10","32","GREENE","JAVONTI","3","8","2","6","0","","","","","","","3","6","4","24","0","","","","","","","","","","","","","","","","","","","","","","","","","","","0"
"204","Eastern Mich.","11/13/10","32","GREENE","JAVONTI","3","8","1","7","0","","","","","","","3","7","","","","","","","","","","","","","","","","","","","","","","","","","","","","","","0"
"204","Eastern Mich.","11/20/10","32","GREENE","JAVONTI","3","9","0","9","0","","","","","","","3","9","","","","","","","","","","","","","","","","","","","","","","","","","","","","","","0"
"204","Eastern Mich.","11/26/10","32","GREENE","JAVONTI","2","9","4","5","0","","","","","","","2","5","1","0","0","","","","","","","","","","","","","","","","","","","","","","","","","","","0"
"204","Eastern Mich.","10/02/10","19","HICKS","ARRINGTON","","","","","","","","","","","","0","0","","","","","","","1","14","0","","","","","","","","","","","","","","","","","","","","","0"
"204","Eastern Mich.","11/13/10","19","HICKS","ARRINGTON","","","","","","","","","","","","0","0","","","","","","","1","2","0","","","","","","","","","","","","","","","","","","","","","0"
"204","Eastern Mich.","10/02/10","85","HOSKINS","GARRETT","","","","","","","","","","","","0","0","2","34","0","","","","","","","","","","","","","","","","","","","","","","","","","","","0"
"204","Eastern Mich.","10/09/10","85","HOSKINS","GARRETT","","","","","","","","","","","","0","0","2","41","0","","","","","","","","","","","","","","","","","","","","","","","","","","","0"
"204","Eastern Mich.","10/16/10","85","HOSKINS","GARRETT","","","","","","","","","","","","0","0","1","73","1","","","","","","","","","","","","","","","1","","","","","","","","","","","","6"
"204","Eastern Mich.","10/23/10","85","HOSKINS","GARRETT","","","","","","","","","","","","0","0","1","22","0","","","","","","","","","","","","","","","","","","","","","","","","","","","0"
"204","Eastern Mich.","10/30/10","85","HOSKINS","GARRETT","","","","","","","","","","","","0","0","1","15","0","","","","","","","","","","","","","","","","","","","","","","","","","","","0"
"204","Eastern Mich.","11/13/10","85","HOSKINS","GARRETT","","","","","","","","","","","","0","0","1","32","1","","","","","","","","","","","","","","","1","","","","","","","","","","","","6"
"204","Eastern Mich.","09/11/10","84","HUNTER","TREY","","","","","","","","","","","","0","0","2","17","0","","","","","","","","","","","","","","","","","","","","","","","","","","","0"
"204","Eastern Mich.","09/18/10","84","HUNTER","TREY","","","","","","","","","","","","0","0","4","26","0","","","","","","","","","","","","","","","","","","","","","","","","","","","0"
"204","Eastern Mich.","10/02/10","84","HUNTER","TREY","","","","","","","","","","","","0","0","1","49","0","","","","","","","","","","","","","","","","","","","","","","","","","","","0"
"204","Eastern Mich.","11/26/10","84","HUNTER","TREY","","","","","","","","","","","","0","0","1","8","0","","","","","","","","","","","","","","","","","","","","","","","","","","","0"
"204","Eastern Mich.","09/04/10","37","KARUTZ","JAY","","","","","","","","","","","","0","0","","","","","","","","","","1","40","","","","","","","","1","0","0","0","","","","","","","","0"
"204","Eastern Mich.","09/11/10","37","KARUTZ","JAY","","","","","","","","","","","","0","0","","","","","","","","","","4","198","","","","","","","","","","","","","","","","","","","0"
"204","Eastern Mich.","09/18/10","37","KARUTZ","JAY","","","","","","","","","","","","0","0","","","","","","","","","","8","335","","","","","","","","","","","","","","","","","","","0"
"204","Eastern Mich.","09/25/10","37","KARUTZ","JAY","","","","","","","","","","","","0","0","","","","","","","","","","10","374","","","","","","","","","","","","","","","","","","","0"
"204","Eastern Mich.","10/02/10","37","KARUTZ","JAY","1","3","0","3","0","","","","","","","1","3","","","","","","","","","","3","109","","","","","","","","","","","","","","","","","","","0"
"204","Eastern Mich.","10/09/10","37","KARUTZ","JAY","","","","","","","","","","","","0","0","","","","","","","","","","9","353","","","","","","","","","","","","","","","","","","","0"
"204","Eastern Mich.","10/16/10","37","KARUTZ","JAY","","","","","","","","","","","","0","0","","","","","","","","","","1","47","","","","","","","","","","","","","","","","","","","0"
"204","Eastern Mich.","10/23/10","37","KARUTZ","JAY","","","","","","","","","","","","0","0","","","","","","","","","","7","280","","","","","","","","","","","","","","","","","","","0"
"204","Eastern Mich.","10/30/10","37","KARUTZ","JAY","","","","","","","","","","","","0","0","","","","","","","","","","9","319","","","","","","","","","","","","","","","","","","","0"
"204","Eastern Mich.","11/13/10","37","KARUTZ","JAY","","","","","","","","","","","","0","0","","","","","","","","","","3","118","","","","","","","","","","","","","","","","","","","0"
"204","Eastern Mich.","11/20/10","37","KARUTZ","JAY","","","","","","","","","","","","0","0","","","","","","","","","","4","143","","","","","","","","","","","","","","","","","","","0"
"204","Eastern Mich.","11/26/10","37","KARUTZ","JAY","","","","","","","","","","","","0","0","","","","","","","","","","9","316","","","","","","","","","","","","","","","","","","","0"
"204","Eastern Mich.","10/30/10","95","KASHAMA","KALONJI","","","","","","","","","","","","0","0","","","","","","","","","","","","","","","1","11","0","","","","","","","","","","","","","0"
"204","Eastern Mich.","09/11/10","89","LEDUC","JOSH","","","","","","1","1","0","71","1","","1","71","7","45","1","","","","","","","","","","","","","","","1","","","","","","","","","","","","6"
"204","Eastern Mich.","09/18/10","89","LEDUC","JOSH","","","","","","","","","","","","0","0","2","13","0","","","","","","","","","","","","","","","","","","","","","","","","","","","0"
"204","Eastern Mich.","10/02/10","89","LEDUC","JOSH","","","","","","","","","","","","0","0","3","41","0","","","","","","","","","","","","","","","","","","","","","","","","","","","0"
"204","Eastern Mich.","10/09/10","89","LEDUC","JOSH","","","","","","","","","","","","0","0","1","6","0","","","","","","","","","","","","","","","","","","","","","","","","","","","0"
"204","Eastern Mich.","10/30/10","89","LEDUC","JOSH","","","","","","","","","","","","0","0","3","47","0","","","","","","","","","","","","","","","","","","","","","","","","","","","0"
"204","Eastern Mich.","11/26/10","89","LEDUC","JOSH","","","","","","","","","","","","0","0","1","3","0","","","","","","","","","","","","","","","","","","","","","","","","","","","0"
"204","Eastern Mich.","09/18/10","24","MANNS","COREY","","","","","","","","","","","","0","0","1","4","0","","","","","","","","","","","","","","","","","","","","","","","","","","","0"
"204","Eastern Mich.","09/04/10","29","MITCHELL","CHAZ","5","24","5","19","0","","","","","","","5","19","","","","","","","","","","","","","","","","","","","","","","","","","","","","","","0"
"204","Eastern Mich.","09/11/10","29","MITCHELL","CHAZ","1","0","1","-1","0","","","","","","","1","-1","","","","","","","","","","","","","","","","","","","","","","","","","","","","","","0"
"204","Eastern Mich.","09/18/10","29","MITCHELL","CHAZ","1","0","0","0","0","","","","","","","1","0","","","","","","","","","","","","","","","","","","","","","","","","","","","","","","0"
"204","Eastern Mich.","10/09/10","29","MITCHELL","CHAZ","","","","","","","","","","","","0","0","1","-2","0","","","","","","","","","","","","1","23","0","","","","","","","","","","","","","0"
"204","Eastern Mich.","10/16/10","29","MITCHELL","CHAZ","7","32","2","30","0","","","","","","","7","30","","","","","","","","","","","","","","","","","","","","","","","","","","","","","","0"
"204","Eastern Mich.","10/23/10","29","MITCHELL","CHAZ","4","8","3","5","0","","","","","","","4","5","1","2","0","","","","","","","","","","","","","","","","","","","","","","","","","","","0"
"204","Eastern Mich.","10/30/10","29","MITCHELL","CHAZ","3","10","2","8","0","","","","","","","3","8","","","","","","","","","","","","","","","","","","","","","","","","","","","","","","0"
"204","Eastern Mich.","11/13/10","29","MITCHELL","CHAZ","","","","","","","","","","","","0","0","1","29","1","","","","","","","","","","","","","","","1","","","","","","","","","","","","6"
"204","Eastern Mich.","09/11/10","4","PAYNE","DEVONTAE","","","","","","3","1","1","14","0","","3","14","","","","","","","","","","","","","","","","","","","","","","","","","","","","","","0"
"204","Eastern Mich.","09/18/10","4","PAYNE","DEVONTAE","1","2","0","2","0","24","13","0","134","0","","25","136","","","","","","","","","","","","","","","","","","","","","","","","","","","","","","0"
"204","Eastern Mich.","09/25/10","4","PAYNE","DEVONTAE","1","0","9","-9","0","6","1","0","8","0","","7","-1","","","","","","","","","","","","","","","","","","","","","","","","","","","","","","0"
"204","Eastern Mich.","10/09/10","4","PAYNE","DEVONTAE","","","","","","5","1","0","5","0","","5","5","","","","","","","","","","","","","","","","","","","","","","","","","","","","","","0"
"204","Eastern Mich.","10/23/10","4","PAYNE","DEVONTAE","","","","","","1","0","0","0","0","","1","0","","","","","","","","","","","","","","","","","","","","","","","","","","","","","","0"
"204","Eastern Mich.","10/30/10","4","PAYNE","DEVONTAE","","","","","","13","6","0","56","0","","13","56","","","","","","","","","","","","","","","","","","","","","","","","","","","","","","0"
"204","Eastern Mich.","09/11/10","14","PRATT","BRANDON","","","","","","","","","","","","0","0","","","","","","","","","","","","","","","1","20","0","","","","","","","","","","","","","0"
"204","Eastern Mich.","09/18/10","14","PRATT","BRANDON","","","","","","","","","","","","0","0","","","","","","","","","","","","","","","2","30","0","","","","","","","","","","","","","0"
"204","Eastern Mich.","09/25/10","14","PRATT","BRANDON","","","","","","","","","","","","0","0","","","","","","","","","","","","","","","2","25","0","","","","","","","","","","","","","0"
"204","Eastern Mich.","10/02/10","14","PRATT","BRANDON","","","","","","","","","","","","0","0","","","","","","","","","","","","","","","2","33","0","","","","","","","","","","","","","0"
"204","Eastern Mich.","09/04/10","22","PRIEST","DWAYNE","26","144","2","142","2","","","","","","","26","142","","","","","","","","","","","","","","","","","","2","","","","","","","","","","","","12"
"204","Eastern Mich.","09/11/10","22","PRIEST","DWAYNE","8","12","4","8","0","","","","","","","8","8","","","","","","","","","","","","","","","","","","","","","","","","","","","","","","0"
"204","Eastern Mich.","09/18/10","22","PRIEST","DWAYNE","16","54","5","49","1","","","","","","","16","49","2","8","0","","","","","","","","","","","","","","","1","","","","","","","","","","","","6"
"204","Eastern Mich.","09/25/10","22","PRIEST","DWAYNE","9","24","0","24","1","","","","","","","9","24","","","","","","","","","","","","","","","","","","1","","","","","","","","","","","","6"
"204","Eastern Mich.","10/02/10","22","PRIEST","DWAYNE","19","117","0","117","1","","","","","","","19","117","","","","","","","","","","","","","","","","","","1","","","","","","","","","","","","6"
"204","Eastern Mich.","10/23/10","22","PRIEST","DWAYNE","8","40","2","38","0","","","","","","","8","38","","","","","","","","","","","","","","","","","","","","","","","","","","","","","","0"
"204","Eastern Mich.","11/13/10","22","PRIEST","DWAYNE","26","94","7","87","0","","","","","","","26","87","","","","","","","","","","","","","","","","","","","","","","","","","","","","","","0"
"204","Eastern Mich.","11/20/10","22","PRIEST","DWAYNE","35","199","7","192","3","","","","","","","35","192","2","13","0","","","","","","","","","","","","","","","3","","","","","","","","","","","","18"
"204","Eastern Mich.","11/26/10","22","PRIEST","DWAYNE","21","65","6","59","0","","","","","","","21","59","","","","","","","","","","","","","","","","","","","","","","","","","","","","","","0"
"204","Eastern Mich.","10/02/10","31","ROSE","MARCELL","","","","","","","","","","","","0","0","","","","1","27","0","","","","","","","","","","","","","","","","","","","","","","","","0"
"204","Eastern Mich.","09/04/10","17","SCOTT","DONALD","1","0","1","-1","0","","","","","","","1","-1","1","8","0","","","","","","","","","","","","","","","","","","","","","","","","","","","0"
"204","Eastern Mich.","09/11/10","17","SCOTT","DONALD","2","4","0","4","0","","","","","","","2","4","","","","","","","","","","","","","","","","","","","","","","","","","","","","","","0"
"204","Eastern Mich.","09/18/10","17","SCOTT","DONALD","1","7","0","7","0","","","","","","","1","7","2","64","1","","","","","","","","","","","","1","17","0","1","","","","","","","","","","","","6"
"204","Eastern Mich.","09/25/10","17","SCOTT","DONALD","","","","","","","","","","","","0","0","3","56","1","","","","","","","","","","","","","","","1","","","","","","","","","","","","6"
"204","Eastern Mich.","10/02/10","17","SCOTT","DONALD","","","","","","","","","","","","0","0","2","21","0","","","","","","","","","","","","","","","","","","","","","","","","","","","0"
"204","Eastern Mich.","11/13/10","17","SCOTT","DONALD","","","","","","","","","","","","0","0","4","50","0","","","","","","","","","","","","","","","","","","","","","","","","","","","0"
"204","Eastern Mich.","10/16/10","25","SHERRER","DOMINIQUE","2","2","0","2","0","","","","","","","2","2","","","","","","","","","","","","","","","5","106","0","","","","","","","","","","","","","0"
"204","Eastern Mich.","10/23/10","25","SHERRER","DOMINIQUE","3","6","0","6","0","","","","","","","3","6","","","","","","","","","","","","","","","2","50","0","","","","","","","","","","","","","0"
"204","Eastern Mich.","10/30/10","25","SHERRER","DOMINIQUE","5","12","0","12","0","","","","","","","5","12","1","6","0","","","","","","","","","","","","4","91","0","","","","","","","","","","","","","0"
"204","Eastern Mich.","11/13/10","25","SHERRER","DOMINIQUE","1","4","0","4","0","","","","","","","1","4","","","","","","","","","","","","","","","3","62","0","","","","","","","","","","","","","0"
"204","Eastern Mich.","11/20/10","25","SHERRER","DOMINIQUE","1","4","0","4","0","","","","","","","1","4","","","","","","","","","","","","","","","1","36","0","","","","","","","","","","","","","0"
"204","Eastern Mich.","11/26/10","25","SHERRER","DOMINIQUE","8","23","4","19","0","","","","","","","8","19","","","","","","","","","","","","","","","5","99","0","","","","","","","","","","","","","0"
"204","Eastern Mich.","09/04/10","81","THAYER","BEN","","","","","","","","","","","","0","0","3","23","1","","","","","","","","","","","","","","","1","","","","","","","","","","","","6"
"204","Eastern Mich.","09/11/10","81","THAYER","BEN","","","","","","","","","","","","0","0","5","37","0","","","","","","","","","","","","","","","","","","","","","","","","","","","0"
"204","Eastern Mich.","09/18/10","81","THAYER","BEN","","","","","","","","","","","","0","0","2","49","0","","","","","","","","","","","","","","","","","","","","","","","","","","","0"
"204","Eastern Mich.","09/25/10","81","THAYER","BEN","","","","","","","","","","","","0","0","5","75","0","","","","","","","","","","","","","","","","","","","","","","","","","","","0"
"204","Eastern Mich.","10/02/10","81","THAYER","BEN","1","32","0","32","0","","","","","","","1","32","","","","","","","","","","","","","","","","","","","","","","","","","","","","","","0"
"204","Eastern Mich.","10/09/10","81","THAYER","BEN","","","","","","","","","","","","0","0","1","5","0","","","","","","","","","","","","","","","","","","","","","","","","","","","0"
"204","Eastern Mich.","10/16/10","81","THAYER","BEN","","","","","","","","","","","","0","0","3","65","2","","","","","","","","","","","","","","","2","","","","","","","","","","","","12"
"204","Eastern Mich.","10/23/10","81","THAYER","BEN","","","","","","","","","","","","0","0","1","5","0","","","","","","","","","","","","","","","","","","","","","","","","","","","0"
"204","Eastern Mich.","10/30/10","81","THAYER","BEN","","","","","","","","","","","","0","0","4","33","0","","","","","","","","","","","","","","","","","","","","","","","","","","","0"
"204","Eastern Mich.","11/13/10","81","THAYER","BEN","","","","","","","","","","","","0","0","2","21","0","","","","","","","","","","","","","","","","","","","","","","","","","","","0"
"204","Eastern Mich.","11/20/10","81","THAYER","BEN","","","","","","","","","","","","0","0","3","73","0","","","","","","","","","","","","","","","","","","","","","","","","","","","0"
"204","Eastern Mich.","11/26/10","81","THAYER","BEN","","","","","","","","","","","","0","0","1","0","0","","","","","","","","","","","","","","","","","","","","","","","","","","","0"
"204","Eastern Mich.","09/11/10","1","THOMAS","KINSMAN","","","","","","","","","","","","0","0","4","133","2","","","","","","","","","","","","","","","2","","","","","","","","","","","","12"
"204","Eastern Mich.","09/18/10","1","THOMAS","KINSMAN","","","","","","","","","","","","0","0","2","64","0","","","","","","","","","","","","","","","","","","","","","","","","","","","0"
"204","Eastern Mich.","09/25/10","1","THOMAS","KINSMAN","","","","","","","","","","","","0","0","3","65","1","","","","","","","","","","","","","","","1","","","","","","","","","","","","6"
"204","Eastern Mich.","10/02/10","1","THOMAS","KINSMAN","","","","","","","","","","","","0","0","5","57","1","","","","","","","","","","","","","","","1","","","","","","","","","","","","6"
"204","Eastern Mich.","10/16/10","1","THOMAS","KINSMAN","","","","","","","","","","","","0","0","6","87","0","","","","","","","","","","","","","","","","","","","","","","","","","","","0"
"204","Eastern Mich.","10/30/10","1","THOMAS","KINSMAN","","","","","","","","","","","","0","0","3","38","0","","","","","","","","","","","","","","","","","","","","","","","","","","","0"
"204","Eastern Mich.","11/13/10","1","THOMAS","KINSMAN","","","","","","","","","","","","0","0","2","23","0","","","","","","","","","","","","","","","","","","","","","","","","","","","0"
"204","Eastern Mich.","11/20/10","1","THOMAS","KINSMAN","","","","","","","","","","","","0","0","1","6","0","","","","","","","","","","","","","","","","","","","","","","","","","","","0"
"204","Eastern Mich.","11/26/10","51","WAITS","HERB","","","","","","","","","","","","0","0","","","","","","","","","","","","","","","1","11","0","","","","","","","","","","","","","0"
"204","Eastern Mich.","09/11/10","35","WEINGRAD","COLIN","","","","","","","","","","","","0","0","","","","1","7","0","","","","","","","","","","","","","","","","","","","","","","","","0"
"204","Eastern Mich.","10/23/10","35","WEINGRAD","COLIN","","","","","","","","","","","","0","0","","","","","","","","","","","","","","","1","12","0","","","","","","","","","","","","","0"
"204","Eastern Mich.","11/26/10","35","WEINGRAD","COLIN","","","","","","","","","","","","0","0","","","","","","","","","","","","","","","1","10","0","","","","","","","","","","","","","0"
"204","Eastern Mich.","09/04/10","26","WELCH","COREY","","","","","","","","","","","","0","0","","","","","","","","","","","","","","","3","61","0","","","","","","","","","","","","","0"
"204","Eastern Mich.","09/11/10","26","WELCH","COREY","7","19","1","18","0","","","","","","","7","18","","","","","","","","","","","","","","","4","94","0","","","","","","","","","","","","","0"
"204","Eastern Mich.","09/18/10","26","WELCH","COREY","4","6","0","6","0","","","","","","","4","6","2","3","0","","","","","","","","","","","","4","81","0","","","","","","","","","","","","","0"
"204","Eastern Mich.","09/25/10","26","WELCH","COREY","","","","","","","","","","","","0","0","","","","","","","","","","","","","","","7","143","0","","","","","","","","","","","","","0"
"204","Eastern Mich.","10/02/10","26","WELCH","COREY","","","","","","","","","","","","0","0","","","","","","","","","","","","","","","3","69","0","","","","","","","","","","","","","0"
"204","Eastern Mich.","10/09/10","26","WELCH","COREY","18","63","8","55","0","","","","","","","18","55","1","-2","0","","","","","","","","","","","","5","112","0","","","","","","","","","","","","","0"
"204","Eastern Mich.","10/16/10","26","WELCH","COREY","7","26","0","26","1","","","","","","","7","26","","","","","","","","","","","","1","-3","0","1","19","0","1","","","","","","","","","","","","6"
"204","Eastern Mich.","10/23/10","26","WELCH","COREY","3","19","0","19","0","","","","","","","3","19","","","","","","","","","","","","1","4","0","1","26","0","","","","","","","","","","","","","0"
"204","Eastern Mich.","10/30/10","26","WELCH","COREY","5","24","0","24","1","","","","","","","5","24","4","45","0","","","","","","","","","","","","","","","1","","","","","","","","","","","","6"
"204","Eastern Mich.","11/13/10","26","WELCH","COREY","4","20","0","20","0","","","","","","","4","20","1","14","0","","","","","","","","","","","","","","","","","","","","","","","","","","","0"
"204","Eastern Mich.","11/26/10","26","WELCH","COREY","10","33","6","27","0","","","","","","","10","27","","","","","","","","","","","","","","","5","83","0","","","","","","","","","","","","","0"
"231","FIU","09/11/10","15","ANDERSON","COLT","","","","","","","","","","","","0","0","","","","","","","","","","","","","","","1","2","0","","","","","","","","","","","","","0"
"231","FIU","11/06/10","15","ANDERSON","COLT","","","","","","","","","","","","0","0","","","","","","","","","","","","","","","1","4","0","","","","","","","","","","","","","0"
"231","FIU","11/13/10","15","ANDERSON","COLT","","","","","","","","","","","","0","0","1","6","0","","","","","","","","","","","","","","","","","","","","","","","","","","","0"
"231","FIU","11/20/10","15","ANDERSON","COLT","","","","","","","","","","","","0","0","1","7","0","","","","","","","","","","","","1","12","0","","","","","","","","","","","","","0"
"231","FIU","11/27/10","15","ANDERSON","COLT","","","","","","","","","","","","0","0","","","","","","","","","","","","","","","1","9","0","","","","","","","","","","","","","0"
"231","FIU","12/04/10","15","ANDERSON","COLT","","","","","","","","","","","","0","0","1","27","0","","","","","","","","","","","","","","","","","","","","","","","","","","","0"
"231","FIU","09/11/10","40","BRISK","JOSH","","","","","","","","","","","","0","0","","","","","","","","","","4","185","","","","","","","","","","","","","","","","","","","0"
"231","FIU","09/18/10","40","BRISK","JOSH","","","","","","","","","","","","0","0","","","","","","","","","","10","359","","","","","","","","","","","","","","","","","","","0"
"231","FIU","09/25/10","40","BRISK","JOSH","","","","","","","","","","","","0","0","","","","","","","","","","7","334","","","","","","","","","","","","","","","","","","","0"
"231","FIU","10/02/10","40","BRISK","JOSH","","","","","","","","","","","","0","0","","","","","","","","","","5","173","","","","","","","","","","","","","","","","","","","0"
"231","FIU","10/09/10","40","BRISK","JOSH","","","","","","","","","","","","0","0","","","","","","","","","","6","202","","","","","","","","","","","","","","","","","","","0"
"231","FIU","10/16/10","40","BRISK","JOSH","","","","","","","","","","","","0","0","","","","","","","","","","6","228","","","","","","","","","","","","","","","","","","","0"
"231","FIU","10/30/10","40","BRISK","JOSH","","","","","","","","","","","","0","0","","","","","","","","","","3","130","","","","","","","","","","","","","","","","","","","0"
"231","FIU","11/06/10","40","BRISK","JOSH","","","","","","","","","","","","0","0","","","","","","","","","","3","122","","","","","","","","","","","","","","","","","","","0"
"231","FIU","11/13/10","40","BRISK","JOSH","","","","","","","","","","","","0","0","","","","","","","","","","5","197","","","","","","","","","","","","","","","","","","","0"
"231","FIU","11/20/10","40","BRISK","JOSH","","","","","","","","","","","","0","0","","","","","","","","","","4","165","","","","","","","","","","","","","","","","","","","0"
"231","FIU","11/27/10","40","BRISK","JOSH","","","","","","","","","","","","0","0","","","","","","","","","","2","76","","","","","","","","","","","","","","","","","","","0"
"231","FIU","12/04/10","40","BRISK","JOSH","","","","","","","","","","","","0","0","","","","","","","","","","6","222","","","","","","","","","","","","","","","","","","","0"
"231","FIU","12/26/10","40","BRISK","JOSH","","","","","","","","","","","","0","0","","","","","","","","","","6","243","","","","","","","","","","","","","","","","","","","0"
"231","FIU","12/26/10","18","BROWN","KREG","","","","","","","","","","","","0","0","","","","2","27","0","","","","","","","","","","","","","","","","","","","","","","","","0"
"231","FIU","09/11/10","13","CARROLL","WESLEY","4","4","0","4","0","22","12","2","166","2","","26","170","","","","","","","","","","","","","","","","","","","","","","","","","","","","","","0"
"231","FIU","09/18/10","13","CARROLL","WESLEY","3","7","0","7","0","33","14","1","117","0","","36","124","","","","","","","","","","1","32","","","","","","","","","","","","","","","","","","","0"
"231","FIU","09/25/10","13","CARROLL","WESLEY","6","32","0","32","0","58","35","2","355","2","","64","387","","","","","","","","","","","","","","","","","","","","","","","","","","","","","","0"
"231","FIU","10/02/10","13","CARROLL","WESLEY","5","8","23","-15","0","38","23","0","223","0","","43","208","","","","","","","","","","","","","","","","","","","","","","","","","","","","","","0"
"231","FIU","10/09/10","13","CARROLL","WESLEY","1","1","0","1","1","19","12","1","108","0","","20","109","","","","","","","","","","","","","","","","","","1","","","","","","","","","","","","6"
"231","FIU","10/16/10","13","CARROLL","WESLEY","6","15","44","-29","0","31","17","0","288","2","","37","259","","","","","","","","","","","","","","","","","","","","","","","","","","","","","","0"
"231","FIU","10/30/10","13","CARROLL","WESLEY","6","16","16","0","0","32","20","3","210","0","","38","210","","","","","","","","","","","","","","","","","","","","","","","","","","","","","","0"
"231","FIU","11/06/10","13","CARROLL","WESLEY","5","13","18","-5","0","27","17","2","227","3","","32","222","","","","","","","","","","","","","","","","","","","","","","","","","","","","","","0"
"231","FIU","11/13/10","13","CARROLL","WESLEY","2","0","13","-13","0","15","8","1","220","3","","17","207","","","","","","","","","","1","34","","","","","","","","","","","","","","","","","","","0"
"231","FIU","11/20/10","13","CARROLL","WESLEY","3","0","7","-7","0","19","16","0","162","1","","22","155","","","","","","","","","","","","","","","","","","","","","","","","","","","","","","0"
"231","FIU","11/27/10","13","CARROLL","WESLEY","5","12","13","-1","0","27","21","1","266","1","","32","265","","","","","","","","","","","","","","","","","","","","","","","","","","","","","","0"
"231","FIU","12/04/10","13","CARROLL","WESLEY","5","30","8","22","0","19","15","0","141","1","","24","163","","","","","","","","","","","","","","","","","","","","","","","","","","","","","","0"
"231","FIU","12/26/10","13","CARROLL","WESLEY","6","20","24","-4","0","27","16","1","140","1","","33","136","","","","","","","","","","","","","","","","","","","","","","","","","","","","","","0"
"231","FIU","09/11/10","27","CHEESEBOROUGH","","","","","","","","","","","","","0","0","","","","","","","1","4","0","","","","","","","","","","","","","","","","","","","","","0"
"231","FIU","11/13/10","10","COLEMAN","","","","","","","","","","","","","0","0","","","","","","","","","","","","","","","1","21","0","","","","","","","","","","","","","0"
"231","FIU","12/04/10","10","COLEMAN","","","","","","","","","","","","","0","0","1","8","0","","","","","","","","","","","","","","","","","","","","","","","","","","","0"
"231","FIU","11/13/10","25","CYPRIEN","JONATHAN","","","","","","","","","","","","0","0","","","","1","0","0","","","","","","","","","","","","","","","","","","","","","","","","0"
"231","FIU","11/13/10","45","DAVIS","AARON","","","","","","","","","","","","0","0","","","","","","","","","","","","","","","1","1","0","","","","","","","","","","","","","0"
"231","FIU","09/11/10","82","ELLINGSON","GREG","","","","","","","","","","","","0","0","2","66","0","","","","","","","","","","","","","","","","","","","","","","","","","","","0"
"231","FIU","09/25/10","82","ELLINGSON","GREG","","","","","","","","","","","","0","0","6","93","1","","","","","","","","","","","","","","","1","","","","","","","","","","","","6"
"231","FIU","10/02/10","82","ELLINGSON","GREG","","","","","","","","","","","","0","0","6","78","0","","","","","","","","","","","","","","","","","","","","","","","","","","","0"
"231","FIU","10/09/10","82","ELLINGSON","GREG","","","","","","","","","","","","0","0","2","23","0","","","","","","","","","","","","","","","","","","","","","","","","","","","0"
"231","FIU","10/16/10","82","ELLINGSON","GREG","","","","","","","","","","","","0","0","3","80","1","","","","","","","","","","","","","","","1","","","","","","","","","","","","6"
"231","FIU","10/30/10","82","ELLINGSON","GREG","","","","","","","","","","","","0","0","4","23","0","","","","","","","","","","","","","","","","","","","","","","","","","","","0"
"231","FIU","11/06/10","82","ELLINGSON","GREG","","","","","","","","","","","","0","0","4","47","1","","","","","","","","","","","","","","","1","","","","","","","","","","","","6"
"231","FIU","11/13/10","82","ELLINGSON","GREG","","","","","","","","","","","","0","0","2","62","1","","","","","","","","","","","","","","","1","","","","","","","","","","","","6"
"231","FIU","11/20/10","82","ELLINGSON","GREG","","","","","","","","","","","","0","0","2","21","0","","","","","","","","","","","","","","","","","","","","","","","","","","","0"
"231","FIU","11/27/10","82","ELLINGSON","GREG","","","","","","","","","","","","0","0","2","36","0","","","","","","","","","","","","","","","","","","","","","","","","","","","0"
"231","FIU","12/04/10","82","ELLINGSON","GREG","","","","","","","","","","","","0","0","3","17","1","","","","","","","","","","","","","","","1","","","","","","","","","","","","6"
"231","FIU","12/26/10","82","ELLINGSON","GREG","","","","","","","","","","","","0","0","7","66","0","","","","","","","","","","","","1","27","0","","","","","","","","","","","","","0"
"231","FIU","09/25/10","30","FAUCHER","JONATHAN","","","","","","","","","","","","0","0","3","28","1","","","","","","","","","","","","","","","1","","","","","","","","","","","","6"
"231","FIU","10/09/10","30","FAUCHER","JONATHAN","","","","","","","","","","","","0","0","1","2","0","","","","","","","","","","","","","","","","","","","","","","","","","","","0"
"231","FIU","10/16/10","30","FAUCHER","JONATHAN","","","","","","","","","","","","0","0","2","33","0","","","","","","","","","","","","","","","","","","","","","","","","","","","0"
"231","FIU","11/13/10","30","FAUCHER","JONATHAN","","","","","","","","","","","","0","0","1","23","1","","","","","","","","","","","","","","","1","","","","","","","","","","","","6"
"231","FIU","11/20/10","30","FAUCHER","JONATHAN","","","","","","","","","","","","0","0","2","14","1","","","","","","","","","","","","","","","1","","","","","","","","","","","","6"
"231","FIU","12/26/10","30","FAUCHER","JONATHAN","","","","","","","","","","","","0","0","","","","","","","","","","","","0","11","0","","","","","","","","","","","","","","","","0"
"231","FIU","11/06/10","34","FRASER","WINSTON","","","","","","","","","","","","0","0","","","","1","14","0","","","","","","","","","","","","","","","","","","","","","","","","0"
"231","FIU","09/11/10","80","FRIERSON","JASON","","","","","","","","","","","","0","0","1","2","0","","","","","","","","","1","16","0","","","","","","","","","","","","","","","","0"
"231","FIU","09/18/10","80","FRIERSON","JASON","","","","","","","","","","","","0","0","","","","","","","","","","","","1","0","0","","","","","","","","","","","","","","","","0"
"231","FIU","09/25/10","80","FRIERSON","JASON","","","","","","","","","","","","0","0","2","33","0","","","","","","","","","1","6","0","","","","","","","","","","","","","","","","0"
"231","FIU","10/09/10","80","FRIERSON","JASON","","","","","","","","","","","","0","0","","","","","","","","","","","","2","3","0","1","12","0","","","","","","","","","","","","","0"
"231","FIU","10/16/10","80","FRIERSON","JASON","","","","","","","","","","","","0","0","","","","","","","","","","","","2","3","0","","","","","","","","","","","","","","","","0"
"231","FIU","11/06/10","80","FRIERSON","JASON","","","","","","","","","","","","0","0","1","8","0","","","","","","","","","1","11","0","","","","","","","","","","","","","","","","0"
"231","FIU","11/27/10","80","FRIERSON","JASON","","","","","","","","","","","","0","0","3","29","0","","","","","","","","","","","","","","","","","","","","","","","","","","","0"
"231","FIU","12/04/10","80","FRIERSON","JASON","","","","","","","","","","","","0","0","1","8","0","","","","","","","","","","","","","","","","","","","","","","","","","","","0"
"231","FIU","09/11/10","7","GAITOR","ANTHONY","","","","","","","","","","","","0","0","","","","1","27","0","","","","","","","","","","","","","","","","","","","","","","","","0"
"231","FIU","09/18/10","7","GAITOR","ANTHONY","","","","","","","","","","","","0","0","","","","1","54","1","","","","","","","","","","","","1","","","","","","","","","","","","6"
"231","FIU","11/20/10","21","GRACE","CHUCK","","","","","","","","","","","","0","0","","","","1","0","0","","","","","","","","","","","","","","","","","","","","","","","","0"
"231","FIU","09/11/10","38","GRIFFIN","JACK","","","","","","","","","","","","0","0","","","","","","","","","","","","","","","","","","","2","2","0","0","","","","","1","0","","2"
"231","FIU","09/18/10","38","GRIFFIN","JACK","","","","","","","","","","","","0","0","","","","","","","","","","","","","","","","","","","2","2","0","0","","","","","2","2","","8"
"231","FIU","09/25/10","38","GRIFFIN","JACK","","","","","","","","","","","","0","0","","","","","","","","","","","","","","","","","","","4","4","0","0","","","","","","","","4"
"231","FIU","10/02/10","38","GRIFFIN","JACK","","","","","","","","","","","","0","0","","","","","","","","","","","","","","","","","","","2","2","0","0","","","","","1","1","","5"
"231","FIU","10/09/10","38","GRIFFIN","JACK","","","","","","","","","","","","0","0","","","","","","","","","","","","","","","","","","","4","4","0","0","","","","","","","","4"
"231","FIU","10/16/10","38","GRIFFIN","JACK","","","","","","","","","","","","0","0","","","","","","","","","","","","","","","","","","","4","4","0","0","","","","","2","2","","10"
"231","FIU","10/30/10","38","GRIFFIN","JACK","","","","","","","","","","","","0","0","","","","","","","","","","","","","","","","","","","","","","","","","","","3","3","","9"
"231","FIU","11/06/10","38","GRIFFIN","JACK","","","","","","","","","","","","0","0","","","","","","","","","","","","","","","","","","","6","6","0","0","","","","","1","0","","6"
"231","FIU","11/13/10","38","GRIFFIN","JACK","","","","","","","","","","","","0","0","","","","","","","","","","","","","","","","","","","7","7","0","0","","","","","2","1","","10"
"231","FIU","11/20/10","38","GRIFFIN","JACK","","","","","","","","","","","","0","0","","","","","","","","","","","","","","","","","","","5","5","0","0","","","","","1","1","","8"
"231","FIU","11/27/10","38","GRIFFIN","JACK","","","","","","","","","","","","0","0","","","","","","","","","","","","","","","","","","","2","2","0","0","","","","","3","3","","11"
"231","FIU","12/04/10","38","GRIFFIN","JACK","","","","","","","","","","","","0","0","","","","","","","","","","","","","","","","","","","3","3","0","0","","","","","2","2","","9"
"231","FIU","12/26/10","38","GRIFFIN","JACK","","","","","","","","","","","","0","0","","","","","","","","","","","","","","","","","","","4","4","0","0","","","","","2","2","","10"
"231","FIU","09/11/10","6","HARDEN","JEREMIAH","15","90","2","88","0","","","","","","","15","88","3","26","1","","","","","","","","","","","","","","","1","","","","","","","","","","","","6"
"231","FIU","09/18/10","6","HARDEN","JEREMIAH","22","71","14","57","0","","","","","","","22","57","2","11","0","","","","","","","","","","","","","","","","","","","","","","","","","","","0"
"231","FIU","09/25/10","6","HARDEN","JEREMIAH","17","52","6","46","1","","","","","","","17","46","3","11","0","","","","","","","","","","","","1","22","0","1","","","","","","","","","","","","6"
"231","FIU","10/02/10","6","HARDEN","JEREMIAH","12","35","0","35","0","","","","","","","12","35","2","7","0","","","","","","","","","","","","","","","","","","","","","","","","","","","0"
"231","FIU","10/30/10","6","HARDEN","JEREMIAH","5","17","1","16","0","","","","","","","5","16","1","2","0","","","","","","","","","","","","","","","","","","","","","","","","","","","0"
"231","FIU","11/06/10","6","HARDEN","JEREMIAH","5","59","0","59","0","","","","","","","5","59","1","0","0","","","","","","","","","","","","","","","","","","","","","","","","","","","0"
"231","FIU","12/26/10","6","HARDEN","JEREMIAH","7","27","1","26","0","","","","","","","7","26","1","2","0","","","","","","","","","","","","","","","","","","","","","","","","","","","0"
"231","FIU","09/11/10","4","HILTON","T.Y.","3","23","0","23","0","","","","","","","3","23","6","49","0","","","","","","","","","1","14","0","2","24","0","","","","","","","","","","","","","0"
"231","FIU","09/18/10","4","HILTON","T.Y.","1","3","0","3","0","","","","","","","1","3","3","47","0","","","","","","","","","1","9","0","5","115","0","","","","","","","","","","","","","0"
"231","FIU","09/25/10","4","HILTON","T.Y.","3","9","0","9","0","","","","","","","3","9","7","72","0","","","","","","","","","3","8","0","2","76","0","","","","","","","","","","","","","0"
"231","FIU","10/02/10","4","HILTON","T.Y.","","","","","","","","","","","","0","0","3","31","0","","","","","","","","","","","","3","65","0","","","","","","","","","","","","","0"
"231","FIU","10/09/10","4","HILTON","T.Y.","3","18","0","18","1","","","","","","","3","18","3","36","0","","","","","","","","","2","15","0","","","","1","","","","","","","","","","","","6"
"231","FIU","10/16/10","4","HILTON","T.Y.","","","","","","","","","","","","0","0","4","65","1","","","","","","","","","4","36","0","","","","1","","","","","","","","","","","","6"
"231","FIU","10/30/10","4","HILTON","T.Y.","1","6","0","6","0","","","","","","","1","6","8","124","0","","","","","","","","","2","22","0","","","","","","","","","","","","","","","","0"
"231","FIU","11/06/10","4","HILTON","T.Y.","2","25","1","24","1","","","","","","","2","24","4","96","2","","","","","","","","","1","3","0","4","168","1","4","","","","","","","","","","","","24"
"231","FIU","11/13/10","4","HILTON","T.Y.","6","166","8","158","2","","","","","","","6","158","2","75","0","","","","","","","","","","","","1","28","0","2","","","","","","","","","","","","12"
"231","FIU","11/20/10","4","HILTON","T.Y.","2","5","4","1","0","","","","","","","2","1","4","73","0","","","","","","","","","","","","","","","","","","","","","","","","","","","0"
"231","FIU","11/27/10","4","HILTON","T.Y.","1","8","0","8","0","","","","","","","1","8","11","140","1","","","","","","","","","2","-3","0","3","92","0","1","","","","","","","","","","","","6"
"231","FIU","12/04/10","4","HILTON","T.Y.","4","28","0","28","0","","","","","","","4","28","1","8","0","","","","","","","","","3","22","0","4","91","0","","","","","","","","","","","","","0"
"231","FIU","12/26/10","4","HILTON","T.Y.","4","9","5","4","0","","","","","","","4","4","3","32","1","","","","","","","","","1","0","0","5","174","1","2","","","","","","","","","","","","12"
"231","FIU","09/18/10","29","JOHNSON","","","","","","","","","","","","","0","0","","","","1","1","0","","","","","","","","","","","","","","","","","","","","","","","","0"
"231","FIU","09/11/10","26","MALLARY","DARRIAN","6","30","0","30","0","","","","","","","6","30","3","12","0","","","","","","","","","","","","","","","","","","","","","","","","","","","0"
"231","FIU","09/18/10","26","MALLARY","DARRIAN","7","11","7","4","0","","","","","","","7","4","1","12","0","","","","","","","","","","","","","","","","","","","","","","","","","","","0"
"231","FIU","09/25/10","26","MALLARY","DARRIAN","4","10","6","4","0","","","","","","","4","4","1","12","0","","","","","","","","","","","","","","","","","","","","","","","","","","","0"
"231","FIU","10/02/10","26","MALLARY","DARRIAN","5","39","4","35","0","","","","","","","5","35","3","30","0","","","","","","","","","","","","","","","","","","","","","","","","","","","0"
"231","FIU","10/09/10","26","MALLARY","DARRIAN","9","97","0","97","1","","","","","","","9","97","1","2","0","","","","","","","","","","","","","","","1","","","","","","","","","","","","6"
"231","FIU","10/16/10","26","MALLARY","DARRIAN","8","52","2","50","0","","","","","","","8","50","2","16","0","","","","","","","","","","","","","","","","","","","","","","","","","","","0"
"231","FIU","10/30/10","26","MALLARY","DARRIAN","3","4","0","4","0","","","","","","","3","4","","","","","","","","","","","","","","","","","","","","","","","","","","","","","","0"
"231","FIU","11/06/10","26","MALLARY","DARRIAN","9","56","0","56","0","","","","","","","9","56","1","9","0","","","","","","","","","","","","","","","","","","","","","","","","","","","0"
"231","FIU","11/13/10","26","MALLARY","DARRIAN","18","118","0","118","1","","","","","","","18","118","2","54","1","","","","","","","","","","","","","","","2","","","","","","","","","","","","12"
"231","FIU","11/20/10","26","MALLARY","DARRIAN","15","85","1","84","0","","","","","","","15","84","2","18","0","","","","","","","","","","","","","","","","","","","","","","","","","","","0"
"231","FIU","11/27/10","26","MALLARY","DARRIAN","19","86","3","83","0","","","","","","","19","83","1","5","0","","","","","","","","","","","","","","","","","","","","","","","","","","","0"
"231","FIU","12/04/10","26","MALLARY","DARRIAN","15","114","10","104","0","","","","","","","15","104","5","8","0","","","","","","","","","","","","","","","","","","","","","","","","","","","0"
"231","FIU","12/26/10","26","MALLARY","DARRIAN","4","10","0","10","0","","","","","","","4","10","","","","","","","","","","","","","","","","","","","","","","","","","","","","","","0"
"231","FIU","09/11/10","2","MERTILE","JUNIOR","","","","","","","","","","","","0","0","","","","","","","","","","","","","","","1","3","0","","","","","","","","","","","","","0"
"231","FIU","09/18/10","2","MERTILE","JUNIOR","1","0","1","-1","0","","","","","","","1","-1","2","16","0","","","","","","","","","","","","1","23","0","","","","","","","","","","","","","0"
"231","FIU","09/25/10","2","MERTILE","JUNIOR","","","","","","","","","","","","0","0","3","26","0","","","","","","","","","","","","3","23","0","","","","","","","","","","","","","0"
"231","FIU","10/02/10","2","MERTILE","JUNIOR","","","","","","","","","","","","0","0","1","4","0","","","","","","","","","","","","","","","","","","","","","","","","","","","0"
"231","FIU","10/30/10","2","MERTILE","JUNIOR","","","","","","","","","","","","0","0","1","8","0","","","","","","","","","","","","","","","","","","","","","","","","","","","0"
"231","FIU","11/20/10","2","MERTILE","JUNIOR","","","","","","","","","","","","0","0","","","","1","26","1","","","","","","","","","","","","1","","","","","","","","","","","","6"
"231","FIU","12/04/10","2","MERTILE","JUNIOR","","","","","","","","","","","","0","0","","","","1","6","0","","","","","","","","","","","","","","","","","","","","","","","","0"
"231","FIU","12/26/10","2","MERTILE","JUNIOR","","","","","","","","","","","","0","0","","","","1","6","0","","","","","","","","","","","","","","","","","","","","","","","","0"
"231","FIU","09/18/10","11","PARKER","ASHLYN","","","","","","","","","","","","0","0","","","","1","4","0","","","","","","","","","","","","","","","","","","","","","","","","0"
"231","FIU","11/13/10","11","PARKER","ASHLYN","","","","","","","","","","","","0","0","","","","1","0","0","","","","","","","","","","","","","","","","","","","","","","","","0"
"231","FIU","09/11/10","28","PERRY","DARRIET","2","7","0","7","0","","","","","","","2","7","","","","","","","","","","","","","","","","","","","","","","","","","","","","","","0"
"231","FIU","09/18/10","28","PERRY","DARRIET","3","4","0","4","1","","","","","","","3","4","","","","","","","","","","","","","","","","","","1","","","","","","","","","","","","6"
"231","FIU","09/25/10","28","PERRY","DARRIET","8","25","3","22","1","","","","","","","8","22","1","13","0","","","","","","","","","","","","","","","1","","","","","","","","","","","","6"
"231","FIU","10/02/10","28","PERRY","DARRIET","9","32","4","28","2","","","","","","","9","28","","","","","","","","","","","","","","","","","","2","","","","","","","","","","","","12"
"231","FIU","10/09/10","28","PERRY","DARRIET","14","65","1","64","1","","","","","","","14","64","1","9","0","","","","","","","","","","","","","","","1","","","","","","","","","","","","6"
"231","FIU","10/16/10","28","PERRY","DARRIET","18","99","1","98","0","","","","","","","18","98","2","20","0","","","","","","","","","","","","","","","","","","","","","","","","","","","0"
"231","FIU","10/30/10","28","PERRY","DARRIET","5","18","5","13","0","","","","","","","5","13","","","","","","","","","","","","","","","","","","","","","","","","","","","","","","0"
"231","FIU","11/06/10","28","PERRY","DARRIET","20","115","3","112","1","","","","","","","20","112","2","13","0","","","","","","","","","","","","","","","1","","","","","","","","","","","","6"
"231","FIU","11/13/10","28","PERRY","DARRIET","27","187","1","186","1","","","","","","","27","186","","","","","","","","","","","","","","","","","","1","","","","","","","","","","","","6"
"231","FIU","11/20/10","28","PERRY","DARRIET","20","79","2","77","3","","","","","","","20","77","3","24","0","","","","","","","","","","","","","","","3","","","","","","","","","","","","18"
"231","FIU","11/27/10","28","PERRY","DARRIET","12","43","0","43","2","","","","","","","12","43","2","28","0","","","","","","","","","","","","","","","2","","","","","","","","","","","","12"
"231","FIU","12/04/10","28","PERRY","DARRIET","16","56","3","53","2","","","","","","","16","53","1","30","0","","","","","","","","","","","","","","","2","","","","","","","","","","","","12"
"231","FIU","12/26/10","28","PERRY","DARRIET","16","135","3","132","2","","","","","","","16","132","","","","","","","","","","","","","","","","","","2","","","","","","","","","","","","12"
"231","FIU","09/18/10","9","RHODES","","2","41","0","41","0","","","","","","","2","41","1","-4","0","","","","","","","","","","","","","","","","","","","","","","","","","","","0"
"231","FIU","09/25/10","9","RHODES","","2","4","0","4","0","","","","","","","2","4","2","7","0","","","","","","","","","","","","","","","","","","","","","","","","","","","0"
"231","FIU","10/02/10","9","RHODES","","","","","","","","","","","","","0","0","2","19","0","","","","","","","","","","","","","","","","","","","","","","","","","","","0"
"231","FIU","10/09/10","9","RHODES","","6","59","2","57","0","","","","","","","6","57","1","15","0","","","","","","","","","","","","1","27","0","","","","","","","","","","","","","0"
"231","FIU","10/16/10","9","RHODES","","10","59","1","58","1","","","","","","","10","58","","","","","","","","","","","","","","","1","27","0","1","","","","","","","","","","","","6"
"231","FIU","10/30/10","9","RHODES","","14","100","0","100","0","","","","","","","14","100","1","4","0","","","","","","","","","","","","","","","","","","","","","","","","","","","0"
"231","FIU","11/27/10","9","RHODES","","2","4","0","4","0","","","","","","","2","4","","","","","","","","","","","","","","","","","","","","","","","","","","","","","","0"
"231","FIU","12/04/10","9","RHODES","","4","32","3","29","0","","","","","","","4","29","1","15","0","","","","","","","","","","","","","","","","","","","","","","","","","","","0"
"231","FIU","09/11/10","1","ROLLE","MARQUIS","","","","","","","","","","","","0","0","","","","","","","","","","","","","","","1","13","0","","","","","","","","","","","","","0"
"231","FIU","11/20/10","1","ROLLE","MARQUIS","","","","","","","","","","","","0","0","","","","","","","","","","","","","","","1","18","0","","","","","","","","","","","","","0"
"231","FIU","10/09/10","1B","SMITH","TORONTO","","","","","","","","","","","","0","0","","","","","","","1","2","0","","","","","","","","","","","","","","","","","","","","","0"
"231","FIU","11/20/10","1B","SMITH","TORONTO","","","","","","","","","","","","0","0","","","","1","5","0","","","","","","","","","","","","","","","","","","","","","","","","0"
"231","FIU","09/18/10","24","SOUARIN","EMMANUEL","","","","","","","","","","","","0","0","","","","1","18","0","","","","","","","","","","","","","","","","","","","","","","","","0"
"231","FIU","09/11/10","5","TIMES","WAYNE","","","","","","","","","","","","0","0","1","28","1","","","","","","","","","","","","","","","1","","","","","","","","","","","","6"
"231","FIU","09/18/10","5","TIMES","WAYNE","","","","","","","","","","","","0","0","1","5","0","","","","","","","","","","","","","","","","","","","","","","","","","","","0"
"231","FIU","09/25/10","5","TIMES","WAYNE","","","","","","","","","","","","0","0","5","44","0","","","","","","","","","","","","1","17","0","","","","","","","","","","","","","0"
"231","FIU","10/02/10","5","TIMES","WAYNE","1","10","0","10","0","","","","","","","1","10","3","25","0","","","","","","","","","","","","3","39","0","","","","","","","","","","","","","0"
"231","FIU","10/09/10","5","TIMES","WAYNE","","","","","","","","","","","","0","0","3","21","0","","","","","","","","","","","","1","22","0","","","","","","","","","","","","","0"
"231","FIU","10/16/10","5","TIMES","WAYNE","1","10","0","10","1","","","","","","","1","10","2","55","0","","","","","","","","","","","","1","20","0","1","","","","","","","","","","","","6"
"231","FIU","10/30/10","5","TIMES","WAYNE","3","11","0","11","0","2","0","0","0","0","","5","11","3","24","0","","","","","","","","","","","","1","25","0","","","","","","","","","","","","","0"
"231","FIU","11/06/10","5","TIMES","WAYNE","","","","","","","","","","","","0","0","3","40","0","","","","","","","","","","","","1","10","0","","","","","","","","","","","","","0"
"231","FIU","11/13/10","5","TIMES","WAYNE","","","","","","","","","","","","0","0","","","","","","","","","","","","","","","2","48","0","","","","","","","","","","","","","0"
"231","FIU","11/20/10","5","TIMES","WAYNE","","","","","","","","","","","","0","0","1","5","0","","","","","","","","","","","","2","42","0","","","","","","","","","","","","","0"
"231","FIU","11/27/10","5","TIMES","WAYNE","","","","","","1","0","0","0","0","","1","0","2","28","0","","","","","","","","","","","","","","","","","","1","1","","","","","","","","2"
"231","FIU","12/04/10","5","TIMES","WAYNE","","","","","","","","","","","","0","0","2","45","0","","","","","","","","","","","","1","34","0","","","","","","","","","","","","","0"
"231","FIU","12/26/10","5","TIMES","WAYNE","","","","","","","","","","","","0","0","2","21","0","","","","","","","","","1","7","0","","","","","","","","","","","","","","","","0"
"231","FIU","09/18/10","20","WILLIAMS","JAIRUS","","","","","","","","","","","","0","0","1","7","0","","","","","","","","","","","","","","","","","","","","","","","","","","","0"
"231","FIU","09/25/10","20","WILLIAMS","JAIRUS","","","","","","","","","","","","0","0","1","8","0","","","","","","","","","","","","","","","","","","","","","","","","","","","0"
"231","FIU","10/02/10","20","WILLIAMS","JAIRUS","","","","","","","","","","","","0","0","1","7","0","","","","","","","","","","","","","","","","","","","","","","","","","","","0"
"231","FIU","12/04/10","1A","WRIGHT","","","","","","","","","","","","","0","0","2","12","0","","","","","","","","","","","","","","","","","","","","","","","","","","","0"
"231","FIU","09/11/10","88","YOUNGER","JACOB","","","","","","","","","","","","0","0","1","21","0","","","","","","","","","","","","","","","","","","","","","","","","","","","0"
"231","FIU","09/18/10","88","YOUNGER","JACOB","","","","","","","","","","","","0","0","3","23","0","","","","","","","","","","","","","","","","","","","","","","","","","","","0"
"231","FIU","09/25/10","88","YOUNGER","JACOB","","","","","","","","","","","","0","0","1","8","0","","","","","","","","","","","","","","","","","","","","","","","","","","","0"
"231","FIU","10/02/10","88","YOUNGER","JACOB","","","","","","","","","","","","0","0","2","22","0","","","","","","","","","","","","","","","","","","","","","","","","","","","0"
"231","FIU","10/16/10","88","YOUNGER","JACOB","","","","","","","","","","","","0","0","2","19","0","","","","","","","","","","","","","","","","","","","","","","","","","","","0"
"231","FIU","10/30/10","88","YOUNGER","JACOB","","","","","","","","","","","","0","0","2","25","0","","","","","","","","","","","","","","","","","","","","","","","","","","","0"
"231","FIU","11/06/10","88","YOUNGER","JACOB","","","","","","","","","","","","0","0","1","14","0","","","","","","","","","","","","","","","","","","","","","","","","","","","0"
"231","FIU","11/20/10","88","YOUNGER","JACOB","","","","","","","","","","","","0","0","1","0","0","","","","","","","","","","","","","","","","","","","","","","","","","","","0"
"231","FIU","12/26/10","88","YOUNGER","JACOB","","","","","","1","0","0","0","0","","1","0","3","19","0","","","","","","","","","","","","","","","","","","","","","","","","","","","0"
"231","FIU","09/11/10","14","YOUNGER","WAYNE","6","25","10","15","0","10","5","0","38","0","","16","53","","","","","","","","","","","","","","","","","","","","","","","","","","","","","","0"
"231","FIU","10/16/10","14","YOUNGER","WAYNE","1","4","0","4","0","","","","","","","1","4","","","","","","","","","","","","","","","","","","","","","","","","","","","","","","0"
"231","FIU","12/04/10","14","YOUNGER","WAYNE","","","","","","3","3","0","37","0","","3","37","","","","","","","","","","","","","","","","","","","","","","","","","","","","","","0"
"229","Fla. Atlantic","10/30/10","38","ALEXANDER","ED","","","","","","","","","","","","0","0","","","","1","27","0","","","","","","","","","","","","","","","","","","","","","","","","0"
"229","Fla. Atlantic","10/30/10","27","BARTELS","MARCUS","","","","","","","","","","","","0","0","","","","2","37","0","","","","","","","","","","","","","","","","","","","","","","","","0"
"229","Fla. Atlantic","11/06/10","27","BARTELS","MARCUS","","","","","","","","","","","","0","0","","","","0","19","0","","","","","","","","","","","","","","","","","","","","","","","","0"
"229","Fla. Atlantic","09/02/10","4","BLANCHARD","JEFF","2","8","0","8","0","","","","","","","2","8","","","","","","","","","","","","","","","6","114","0","","","","","","","","","","","","","0"
"229","Fla. Atlantic","09/11/10","4","BLANCHARD","JEFF","3","7","0","7","0","","","","","","","3","7","1","9","0","","","","","","","","","","","","2","32","0","","","","","","","","","","","","","0"
"229","Fla. Atlantic","09/25/10","4","BLANCHARD","JEFF","2","14","0","14","0","","","","","","","2","14","","","","","","","","","","","","","","","1","25","0","","","","","","","","","","","","","0"
"229","Fla. Atlantic","10/02/10","4","BLANCHARD","JEFF","2","8","1","7","0","","","","","","","2","7","","","","","","","","","","","","","","","","","","","","","","","","","","","","","","0"
"229","Fla. Atlantic","10/23/10","4","BLANCHARD","JEFF","","","","","","","","","","","","0","0","1","2","0","","","","","","","","","","","","","","","","","","","","","","","","","","","0"
"229","Fla. Atlantic","10/30/10","4","BLANCHARD","JEFF","","","","","","","","","","","","0","0","2","9","0","","","","","","","","","","","","1","23","0","","","","","","","","","","","","","0"
"229","Fla. Atlantic","11/06/10","4","BLANCHARD","JEFF","1","5","9","-4","0","","","","","","","1","-4","","","","","","","","","","","","","","","","","","","","","","","","","","","","","","0"
"229","Fla. Atlantic","11/13/10","4","BLANCHARD","JEFF","1","2","0","2","0","","","","","","","1","2","","","","","","","","","","","","","","","","","","","","","","","","","","","","","","0"
"229","Fla. Atlantic","11/20/10","4","BLANCHARD","JEFF","2","0","0","0","0","","","","","","","2","0","","","","","","","","","","","","","","","","","","","","","","","","","","","","","","0"
"229","Fla. Atlantic","11/27/10","4","BLANCHARD","JEFF","1","0","0","0","0","","","","","","","1","0","","","","","","","","","","","","","","","1","32","0","","","","","","","","","","","","","0"
"229","Fla. Atlantic","12/04/10","4","BLANCHARD","JEFF","5","22","0","22","0","","","","","","","5","22","2","9","0","","","","","","","","","","","","1","18","0","","","","","","","","","","","","","0"
"229","Fla. Atlantic","10/23/10","58","COX","DINO","","","","","","","","","","","","0","0","","","","1","0","0","","","","","","","","","","","","","","","","","","","","","","","","0"
"229","Fla. Atlantic","09/11/10","86","DORVILUS","NEXON","","","","","","","","","","","","0","0","1","8","0","","","","","","","","","","","","","","","","","","","","","","","","","","","0"
"229","Fla. Atlantic","10/30/10","86","DORVILUS","NEXON","","","","","","","","","","","","0","0","1","3","0","","","","","","","","","","","","","","","","","","","","","","","","","","","0"
"229","Fla. Atlantic","11/20/10","86","DORVILUS","NEXON","","","","","","","","","","","","0","0","2","26","0","","","","","","","","","","","","","","","","","","","","","","","","","","","0"
"229","Fla. Atlantic","12/04/10","86","DORVILUS","NEXON","","","","","","","","","","","","0","0","1","4","0","","","","","","","","","","","","","","","","","","","","","","","","","","","0"
"229","Fla. Atlantic","09/02/10","28","FLOYD","WILLIE","2","6","2","4","0","","","","","","","2","4","1","43","1","","","","","","","","","","","","","","","1","","","","","","","","","","","","6"
"229","Fla. Atlantic","09/11/10","28","FLOYD","WILLIE","1","0","6","-6","0","","","","","","","1","-6","1","15","0","","","","","","","","","","","","4","83","0","","","","","","","","","","","","","0"
"229","Fla. Atlantic","09/25/10","28","FLOYD","WILLIE","1","14","0","14","0","","","","","","","1","14","","","","","","","","","","","","","","","2","46","0","","","","","","","","","","","","","0"
"229","Fla. Atlantic","10/02/10","28","FLOYD","WILLIE","7","60","0","60","0","","","","","","","7","60","1","9","0","","","","","","","","","","","","4","81","0","","","","","","","","","","","","","0"
"229","Fla. Atlantic","10/09/10","28","FLOYD","WILLIE","","","","","","","","","","","","0","0","1","17","0","","","","","","","","","","","","3","46","0","","","","","","","","","","","","","0"
"229","Fla. Atlantic","10/23/10","28","FLOYD","WILLIE","2","5","0","5","0","","","","","","","2","5","2","12","0","","","","","","","","","","","","","","","","","","","","","","","","","","","0"
"229","Fla. Atlantic","10/30/10","28","FLOYD","WILLIE","9","88","0","88","1","","","","","","","9","88","1","4","0","","","","","","","","","","","","3","67","0","1","","","","","","","","","","","","6"
"229","Fla. Atlantic","11/06/10","28","FLOYD","WILLIE","2","11","0","11","0","","","","","","","2","11","1","-2","0","","","","","","","","","","","","3","62","0","","","","","","","","","","","","","0"
"229","Fla. Atlantic","11/13/10","28","FLOYD","WILLIE","5","25","0","25","0","","","","","","","5","25","","","","","","","","","","","","","","","3","67","0","","","","","","","","","","","","","0"
"229","Fla. Atlantic","11/20/10","28","FLOYD","WILLIE","3","19","0","19","0","","","","","","","3","19","","","","","","","","","","","","","","","4","101","0","","","","","","","","","","","","","0"
"229","Fla. Atlantic","11/27/10","28","FLOYD","WILLIE","5","20","0","20","0","","","","","","","5","20","1","4","0","","","","","","","","","","","","5","99","0","","","","","","","","","","","","","0"
"229","Fla. Atlantic","12/04/10","28","FLOYD","WILLIE","3","19","3","16","0","","","","","","","3","16","3","39","0","","","","","","","","","","","","3","86","0","","","","","","","","","","","","","0"
"229","Fla. Atlantic","10/02/10","22","FORTNER","DAMIAN","","","","","","","","","","","","0","0","","","","","","","","","","","","","","","1","23","0","","","","","","","","","","","","","0"
"229","Fla. Atlantic","10/09/10","22","FORTNER","DAMIAN","","","","","","","","","","","","0","0","","","","","","","","","","","","","","","1","25","0","","","","","","","","","","","","","0"
"229","Fla. Atlantic","10/23/10","22","FORTNER","DAMIAN","","","","","","","","","","","","0","0","","","","","","","","","","","","","","","1","15","0","","","","","","","","","","","","","0"
"229","Fla. Atlantic","11/20/10","22","FORTNER","DAMIAN","2","8","0","8","0","","","","","","","2","8","","","","","","","","","","","","","","","","","","","","","","","","","","","","","","0"
"229","Fla. Atlantic","12/04/10","22","FORTNER","DAMIAN","","","","","","","","","","","","0","0","","","","","","","","","","","","","","","1","6","0","","","","","","","","","","","","","0"
"229","Fla. Atlantic","09/02/10","20","GORNALL","ROSS","","","","","","","","","","","","0","0","","","","","","","","","","","","","","","","","","","3","2","0","0","","","","","","","","2"
"229","Fla. Atlantic","09/11/10","20","GORNALL","ROSS","","","","","","","","","","","","0","0","","","","","","","","","","","","","","","","","","","2","2","0","0","","","","","1","1","","5"
"229","Fla. Atlantic","09/25/10","20","GORNALL","ROSS","","","","","","","","","","","","0","0","","","","","","","","","","","","","","","","","","","2","2","0","0","","","","","2","1","","5"
"229","Fla. Atlantic","10/02/10","20","GORNALL","ROSS","","","","","","","","","","","","0","0","","","","","","","","","","","","","","","","","","","","","","","","","","","1","1","","3"
"229","Fla. Atlantic","10/09/10","20","GORNALL","ROSS","","","","","","","","","","","","0","0","","","","","","","","","","","","","","","","","","","2","2","0","0","","","","","1","1","","5"
"229","Fla. Atlantic","10/23/10","20","GORNALL","ROSS","","","","","","","","","","","","0","0","","","","","","","","","","","","","","","","","","","2","1","0","0","","","","","2","1","","4"
"229","Fla. Atlantic","10/30/10","20","GORNALL","ROSS","","","","","","","","","","","","0","0","","","","","","","","","","","","","","","","","","","3","3","0","0","","","","","1","0","","3"
"229","Fla. Atlantic","11/06/10","20","GORNALL","ROSS","","","","","","","","","","","","0","0","","","","","","","","","","","","","","","","","","","2","2","0","0","","","","","1","1","","5"
"229","Fla. Atlantic","11/13/10","20","GORNALL","ROSS","","","","","","","","","","","","0","0","","","","","","","","","","","","","","","","","","","3","3","0","0","","","","","1","1","","6"
"229","Fla. Atlantic","11/20/10","20","GORNALL","ROSS","","","","","","","","","","","","0","0","","","","","","","","","","","","","","","","","","","2","2","0","0","","","","","2","1","","5"
"229","Fla. Atlantic","11/27/10","20","GORNALL","ROSS","","","","","","","","","","","","0","0","","","","","","","","","","","","","","","","","","","2","2","0","0","","","","","1","0","","2"
"229","Fla. Atlantic","12/04/10","20","GORNALL","ROSS","","","","","","","","","","","","0","0","","","","","","","","","","","","","","","","","","","1","1","0","0","","","","","","","","1"
"229","Fla. Atlantic","09/02/10","17","GROODY","MICKEY","","","","","","","","","","","","0","0","","","","","","","","","","8","348","","","","","","","","","","","","","","","","","","","0"
"229","Fla. Atlantic","09/11/10","17","GROODY","MICKEY","","","","","","","","","","","","0","0","","","","","","","","","","6","274","","","","","","","","","","","","","","","","","","","0"
"229","Fla. Atlantic","09/25/10","17","GROODY","MICKEY","","","","","","","","","","","","0","0","","","","","","","","","","3","158","","","","","","","","","","","","","","","","","","","0"
"229","Fla. Atlantic","10/02/10","17","GROODY","MICKEY","","","","","","","","","","","","0","0","","","","","","","","","","5","225","","","","","","","","","","","","","","","","","","","0"
"229","Fla. Atlantic","10/09/10","17","GROODY","MICKEY","","","","","","","","","","","","0","0","","","","","","","","","","4","150","","","","","","","","","","","","","","","","","","","0"
"229","Fla. Atlantic","10/23/10","17","GROODY","MICKEY","","","","","","","","","","","","0","0","","","","","","","","","","7","319","","","","","","","","","","","","","","","","","","","0"
"229","Fla. Atlantic","10/30/10","17","GROODY","MICKEY","","","","","","","","","","","","0","0","","","","","","","","","","6","280","","","","","","","","","","","","","","","","","","","0"
"229","Fla. Atlantic","11/06/10","17","GROODY","MICKEY","","","","","","","","","","","","0","0","","","","","","","","","","7","298","","","","","","","","","","","","","","","","","","","0"
"229","Fla. Atlantic","11/13/10","17","GROODY","MICKEY","","","","","","","","","","","","0","0","","","","","","","","","","6","256","","","","","","","","","","","","","","","","","","","0"
"229","Fla. Atlantic","11/20/10","17","GROODY","MICKEY","","","","","","","","","","","","0","0","","","","","","","","","","5","256","","","","","","","","","","","","","","","","","","","0"
"229","Fla. Atlantic","11/27/10","17","GROODY","MICKEY","","","","","","","","","","","","0","0","","","","","","","","","","7","316","","","","","","","","","","","","","","","","","","","0"
"229","Fla. Atlantic","12/04/10","17","GROODY","MICKEY","","","","","","","","","","","","0","0","","","","","","","","","","7","372","","","","","","","","","","","","","","","","","","","0"
"229","Fla. Atlantic","09/02/10","24","HARSTAD","BRENTLEY","","","","","","","","","","","","0","0","","","","1","38","1","","","","","","","","","","","","1","","","","","","","","","","","","6"
"229","Fla. Atlantic","09/11/10","9","HILL","TARVORIS","","","","","","","","","","","","0","0","","","","1","0","0","","","","","","","","","","","","","","","","","","","","","","","","0"
"229","Fla. Atlantic","09/25/10","9","HILL","TARVORIS","","","","","","","","","","","","0","0","","","","1","0","0","","","","","","","","","","","","","","","","","","","","","","","","0"
"229","Fla. Atlantic","09/02/10","1","HOLLEY","AVERY","1","3","0","3","0","","","","","","","1","3","1","3","0","","","","","","","","","1","1","0","","","","","","","","","","","","","","","","0"
"229","Fla. Atlantic","09/11/10","1","HOLLEY","AVERY","1","0","11","-11","0","","","","","","","1","-11","3","23","0","","","","","","","","","","","","","","","","","","","","","","","","","","","0"
"229","Fla. Atlantic","09/25/10","1","HOLLEY","AVERY","","","","","","","","","","","","0","0","1","5","0","","","","","","","","","1","10","0","","","","","","","","","","","","","","","","0"
"229","Fla. Atlantic","10/02/10","1","HOLLEY","AVERY","","","","","","","","","","","","0","0","4","29","0","","","","","","","","","","","","","","","","","","","","","","","","","","","0"
"229","Fla. Atlantic","10/09/10","1","HOLLEY","AVERY","","","","","","","","","","","","0","0","2","10","0","","","","","","","","","1","9","0","","","","","","","","","","","","","","","","0"
"229","Fla. Atlantic","10/30/10","1","HOLLEY","AVERY","","","","","","","","","","","","0","0","1","6","0","","","","","","","","","","","","","","","","","","","","","","","","","","","0"
"229","Fla. Atlantic","11/06/10","1","HOLLEY","AVERY","","","","","","","","","","","","0","0","3","32","0","","","","","","","","","","","","","","","","","","","","","","","","","","","0"
"229","Fla. Atlantic","11/13/10","1","HOLLEY","AVERY","","","","","","","","","","","","0","0","1","17","0","","","","","","","","","","","","","","","","","","","","","","","","","","","0"
"229","Fla. Atlantic","11/20/10","1","HOLLEY","AVERY","","","","","","","","","","","","0","0","1","11","0","","","","","","","","","","","","","","","","","","","","","","","","","","","0"
"229","Fla. Atlantic","11/27/10","1","HOLLEY","AVERY","1","28","0","28","0","","","","","","","1","28","4","28","0","","","","","","","","","","","","","","","","","","","","","","","","","","","0"
"229","Fla. Atlantic","12/04/10","1","HOLLEY","AVERY","","","","","","","","","","","","0","0","4","129","1","","","","","","","","","","","","","","","1","","","","","","","","","","","","6"
"229","Fla. Atlantic","09/02/10","81","HOUSLER","ROB","","","","","","","","","","","","0","0","2","29","0","","","","","","","","","","","","","","","","","","","","","","","","","","","0"
"229","Fla. Atlantic","09/11/10","81","HOUSLER","ROB","","","","","","","","","","","","0","0","7","75","0","","","","","","","","","","","","","","","","","","","","","","","","","","","0"
"229","Fla. Atlantic","09/25/10","81","HOUSLER","ROB","","","","","","","","","","","","0","0","4","94","1","","","","","","","","","","","","","","","1","","","","","","","","","","","","6"
"229","Fla. Atlantic","10/02/10","81","HOUSLER","ROB","","","","","","","","","","","","0","0","3","18","0","","","","","","","","","","","","","","","","","","","","","","","","","","","0"
"229","Fla. Atlantic","10/09/10","81","HOUSLER","ROB","","","","","","","","","","","","0","0","6","78","0","","","","","","","","","","","","","","","","","","","","","","","","","","","0"
"229","Fla. Atlantic","10/23/10","81","HOUSLER","ROB","1","38","9","29","0","","","","","","","1","29","2","63","1","","","","","","","","","","","","","","","1","","","","","","","","","","","","6"
"229","Fla. Atlantic","10/30/10","81","HOUSLER","ROB","","","","","","","","","","","","0","0","2","10","0","","","","","","","","","","","","","","","","","","","","","","","","","","","0"
"229","Fla. Atlantic","11/06/10","81","HOUSLER","ROB","","","","","","","","","","","","0","0","2","31","0","","","","","","","","","","","","","","","","","","","","","","","","","","","0"
"229","Fla. Atlantic","11/13/10","81","HOUSLER","ROB","","","","","","","","","","","","0","0","3","73","0","","","","","","","","","","","","","","","","","","","","","","","","","","","0"
"229","Fla. Atlantic","11/20/10","81","HOUSLER","ROB","","","","","","","","","","","","0","0","2","64","2","","","","","","","","","","","","","","","2","","","","","","","","","","","","12"
"229","Fla. Atlantic","11/27/10","81","HOUSLER","ROB","","","","","","","","","","","","0","0","3","42","0","","","","","","","","","","","","","","","","","","","","","","","","","","","0"
"229","Fla. Atlantic","12/04/10","81","HOUSLER","ROB","","","","","","","","","","","","0","0","3","52","0","","","","","","","","","","","","","","","","","","","","","","","","","","","0"
"229","Fla. Atlantic","11/13/10","19","HOWARD","TREON","","","","","","","","","","","","0","0","","","","","","","","","","","","1","9","0","","","","","","","","","","","","","","","","0"
"229","Fla. Atlantic","09/02/10","3","JEAN","LESTER","1","0","12","-12","0","0","0","0","0","0","","1","-12","9","164","2","","","","","","","","","","","","","","","2","","","","","","","","","","","","12"
"229","Fla. Atlantic","09/11/10","3","JEAN","LESTER","","","","","","","","","","","","0","0","6","99","0","","","","","","","","","","","","","","","","","","","","","","","","","","","0"
"229","Fla. Atlantic","09/25/10","3","JEAN","LESTER","","","","","","","","","","","","0","0","7","54","0","","","","","","","","","","","","","","","","","","","","","","","","","","","0"
"229","Fla. Atlantic","10/02/10","3","JEAN","LESTER","","","","","","","","","","","","0","0","7","58","0","","","","","","","","","","","","","","","","","","","","","","","","","","","0"
"229","Fla. Atlantic","10/09/10","3","JEAN","LESTER","","","","","","","","","","","","0","0","3","38","0","","","","","","","","","","","","","","","","","","","","","","","","","","","0"
"229","Fla. Atlantic","10/23/10","3","JEAN","LESTER","","","","","","","","","","","","0","0","2","99","1","","","","","","","","","","","","","","","1","","","","","","","","","","","","6"
"229","Fla. Atlantic","10/30/10","3","JEAN","LESTER","","","","","","","","","","","","0","0","8","114","1","","","","","","","","","","","","","","","1","","","","","","","","","","","","6"
"229","Fla. Atlantic","11/06/10","3","JEAN","LESTER","1","0","4","-4","0","","","","","","","1","-4","3","79","1","","","","","","","","","","","","","","","1","","","","","","","","","","","","6"
"229","Fla. Atlantic","11/13/10","3","JEAN","LESTER","","","","","","","","","","","","0","0","1","45","1","","","","","","","","","","","","","","","1","","","","","","","","","","","","6"
"229","Fla. Atlantic","11/20/10","3","JEAN","LESTER","","","","","","","","","","","","0","0","4","86","0","","","","","","","","","","","","","","","","","","","","","","","","","","","0"
"229","Fla. Atlantic","11/27/10","3","JEAN","LESTER","","","","","","","","","","","","0","0","8","100","2","","","","","","","","","","","","","","","2","","","","","","","","","","","","12"
"229","Fla. Atlantic","12/04/10","3","JEAN","LESTER","","","","","","","","","","","","0","0","6","52","0","","","","","","","","","1","1","0","","","","","","","","","","","","","","","","0"
"229","Fla. Atlantic","09/11/10","25","JONES","TRAVIS","","","","","","","","","","","","0","0","","","","","","","","","","","","1","6","0","","","","","","","","","","","","","","","","0"
"229","Fla. Atlantic","10/02/10","25","JONES","TRAVIS","2","1","0","1","0","","","","","","","2","1","","","","","","","","","","","","","","","1","16","0","","","","","","","","","","","","","0"
"229","Fla. Atlantic","10/23/10","25","JONES","TRAVIS","","","","","","","","","","","","0","0","","","","","","","","","","","","2","29","0","","","","","","","","","","","","","","","","0"
"229","Fla. Atlantic","10/30/10","25","JONES","TRAVIS","","","","","","","","","","","","0","0","","","","","","","","","","","","2","12","0","","","","","","","","","","","","","","","","0"
"229","Fla. Atlantic","11/06/10","25","JONES","TRAVIS","","","","","","","","","","","","0","0","","","","","","","","","","","","4","36","0","","","","","","","","","","","","","","","","0"
"229","Fla. Atlantic","11/27/10","25","JONES","TRAVIS","","","","","","","","","","","","0","0","","","","","","","","","","","","2","21","0","","","","","","","","","","","","","","","","0"
"229","Fla. Atlantic","12/04/10","25","JONES","TRAVIS","","","","","","","","","","","","0","0","","","","","","","","","","","","2","7","0","1","13","0","","","","","","","","","","","","","0"
"229","Fla. Atlantic","10/23/10","7","KOOI","DAVID","1","5","0","5","0","1","0","0","0","0","","2","5","","","","","","","","","","","","","","","","","","","","","","","","","","","","","","0"
"229","Fla. Atlantic","11/20/10","7","KOOI","DAVID","","","","","","1","0","0","0","0","","1","0","","","","","","","","","","","","","","","","","","","","","","","","","","","","","","0"
"229","Fla. Atlantic","11/27/10","48","MORGAN","YOURHIGHNESS","","","","","","","","","","","","0","0","","","","1","0","0","","","","","","","","","","","","","","","","","","","","","","","","0"
"229","Fla. Atlantic","09/02/10","32","MORRIS","ALFRED","16","106","3","103","1","","","","","","","16","103","1","11","0","","","","","","","","","","","","","","","1","","","","","","","","","","","","6"
"229","Fla. Atlantic","09/11/10","32","MORRIS","ALFRED","20","62","8","54","1","","","","","","","20","54","","","","","","","","","","","","","","","","","","1","","","","","","","","","","","","6"
"229","Fla. Atlantic","09/25/10","32","MORRIS","ALFRED","17","55","1","54","1","","","","","","","17","54","1","2","0","","","","","","","","","","","","","","","1","","","","","","","","","","","","6"
"229","Fla. Atlantic","10/02/10","32","MORRIS","ALFRED","12","26","4","22","0","","","","","","","12","22","","","","","","","","","","","","","","","","","","","","","","","","","","","","","","0"
"229","Fla. Atlantic","10/09/10","32","MORRIS","ALFRED","30","158","5","153","2","","","","","","","30","153","1","-2","0","","","","","","","","","","","","","","","2","","","","","","","","","","","","12"
"229","Fla. Atlantic","10/23/10","32","MORRIS","ALFRED","16","69","0","69","0","","","","","","","16","69","1","8","0","","","","","","","","","","","","","","","","","","","","","","","","","","","0"
"229","Fla. Atlantic","10/30/10","32","MORRIS","ALFRED","20","108","12","96","1","","","","","","","20","96","","","","","","","","","","","","","","","","","","1","","","","","","","","","","","","6"
"229","Fla. Atlantic","11/06/10","32","MORRIS","ALFRED","24","84","16","68","1","","","","","","","24","68","","","","","","","","","","","","","","","","","","1","","","","","","","","","","","","6"
"229","Fla. Atlantic","11/13/10","32","MORRIS","ALFRED","22","145","2","143","0","","","","","","","22","143","2","19","1","","","","","","","","","","","","1","9","0","1","","","","","","","","","","","","6"
"229","Fla. Atlantic","11/20/10","32","MORRIS","ALFRED","18","80","0","80","0","","","","","","","18","80","","","","","","","","","","","","","","","","","","","","","","","","","","","","","","0"
"229","Fla. Atlantic","11/27/10","32","MORRIS","ALFRED","19","44","4","40","0","","","","","","","19","40","2","9","0","","","","","","","","","","","","","","","","","","","","","","","","","","","0"
"229","Fla. Atlantic","12/04/10","32","MORRIS","ALFRED","13","46","0","46","0","","","","","","","13","46","","","","","","","","","","","","","","","","","","","","","","","","","","","","","","0"
"229","Fla. Atlantic","10/02/10","36","MUNIZ","DAVID","1","0","0","0","0","","","","","","","1","0","1","8","0","","","","","","","","","","","","","","","","","","","","","","","","","","","0"
"229","Fla. Atlantic","10/23/10","36","MUNIZ","DAVID","1","2","0","2","0","","","","","","","1","2","","","","","","","","","","","","","","","","","","","","","","","","","","","","","","0"
"229","Fla. Atlantic","11/20/10","36","MUNIZ","DAVID","1","0","0","0","0","","","","","","","1","0","","","","","","","","","","","","","","","2","25","0","","","","","","","","","","","","","0"
"229","Fla. Atlantic","12/04/10","36","MUNIZ","DAVID","1","4","0","4","0","","","","","","","1","4","","","","","","","","","","","","","","","","","","","","","","","","","","","","","","0"
"229","Fla. Atlantic","10/09/10","5","POLO","TAVIOUS","","","","","","","","","","","","0","0","","","","1","0","0","","","","","","","","","","","","","","","","","","","","","","","","0"
"229","Fla. Atlantic","11/06/10","5","POLO","TAVIOUS","","","","","","","","","","","","0","0","","","","1","14","0","","","","","","2","5","0","","","","","","","","","","","","","","","","0"
"229","Fla. Atlantic","11/13/10","5","POLO","TAVIOUS","","","","","","","","","","","","0","0","","","","","","","","","","","","1","7","0","","","","","","","","","","","","","","","","0"
"229","Fla. Atlantic","11/13/10","34","REASER","KEITH","","","","","","","","","","","","0","0","","","","1","20","0","","","","","","","","","","","","","","","","","","","","","","","","0"
"229","Fla. Atlantic","09/11/10","2","RICHARDSON","DEANDRE","","","","","","","","","","","","0","0","1","6","0","","","","","","","","","","","","","","","","","","","","","","","","","","","0"
"229","Fla. Atlantic","09/25/10","2","RICHARDSON","DEANDRE","","","","","","","","","","","","0","0","1","15","0","","","","","","","","","","","","","","","","","","","","","","","","","","","0"
"229","Fla. Atlantic","10/23/10","2","RICHARDSON","DEANDRE","","","","","","","","","","","","0","0","3","28","0","","","","","","","","","","","","","","","","","","","","","","","","","","","0"
"229","Fla. Atlantic","10/30/10","2","RICHARDSON","DEANDRE","","","","","","","","","","","","0","0","2","16","0","","","","","","","","","","","","","","","","","","","","","","","","","","","0"
"229","Fla. Atlantic","11/13/10","2","RICHARDSON","DEANDRE","","","","","","","","","","","","0","0","1","14","0","","","","","","","","","","","","","","","","","","","","","","","","","","","0"
"229","Fla. Atlantic","11/27/10","2","RICHARDSON","DEANDRE","","","","","","","","","","","","0","0","2","18","0","","","","","","","","","","","","","","","","","","","","","","","","","","","0"
"229","Fla. Atlantic","12/04/10","2","RICHARDSON","DEANDRE","","","","","","","","","","","","0","0","2","17","0","","","","","","","","","","","","","","","","","","","","","","","","","","","0"
"229","Fla. Atlantic","09/02/10","8","STINSON","XAVIER","2","0","4","-4","0","","","","","","","2","-4","1","7","0","","","","","","","","","","","","","","","","","","","","","","","","","","","0"
"229","Fla. Atlantic","09/11/10","8","STINSON","XAVIER","4","22","0","22","0","","","","","","","4","22","2","9","1","","","","","","","","","","","","","","","1","","","","","","","","","","","","6"
"229","Fla. Atlantic","09/25/10","8","STINSON","XAVIER","1","2","0","2","0","","","","","","","1","2","3","47","0","","","","","","","","","","","","","","","","","","","","","","","","","","","0"
"229","Fla. Atlantic","10/02/10","8","STINSON","XAVIER","4","19","0","19","0","","","","","","","4","19","","","","","","","","","","","","","","","","","","","","","","","","","","","","","","0"
"229","Fla. Atlantic","10/09/10","8","STINSON","XAVIER","2","15","0","15","0","","","","","","","2","15","","","","","","","","","","","","","","","","","","","","","","","","","","","","","","0"
"229","Fla. Atlantic","10/23/10","8","STINSON","XAVIER","3","11","0","11","0","","","","","","","3","11","2","15","0","","","","","","","","","","","","1","2","0","","","","","","","","","","","","","0"
"229","Fla. Atlantic","10/30/10","8","STINSON","XAVIER","","","","","","","","","","","","0","0","1","7","0","","","","","","","","","","","","","","","","","","","","","","","","","","","0"
"229","Fla. Atlantic","11/06/10","8","STINSON","XAVIER","5","16","3","13","0","","","","","","","5","13","","","","","","","","","","","","","","","","","","","","","","","","","","","","","","0"
"229","Fla. Atlantic","11/13/10","8","STINSON","XAVIER","1","4","0","4","0","","","","","","","1","4","3","15","1","","","","","","","","","","","","","","","1","","","","","","","","","","","","6"
"229","Fla. Atlantic","11/20/10","8","STINSON","XAVIER","2","1","0","1","0","","","","","","","2","1","","","","","","","","","","","","","","","","","","","","","","","","","","","","","","0"
"229","Fla. Atlantic","11/27/10","8","STINSON","XAVIER","2","16","0","16","0","","","","","","","2","16","","","","","","","","","","","","","","","","","","","","","","","","","","","","","","0"
"229","Fla. Atlantic","12/04/10","8","STINSON","XAVIER","3","0","4","-4","0","","","","","","","3","-4","","","","","","","","","","","","","","","","","","","","","","","","","","","","","","0"
"229","Fla. Atlantic","09/02/10","12","VAN CAMP","JEFF","2","0","10","-10","0","25","15","1","257","3","0","27","247","","","","","","","","","","","","","","","","","","","","","2","0","","","","","","","","0"
"229","Fla. Atlantic","09/11/10","12","VAN CAMP","JEFF","5","3","24","-21","0","35","23","0","215","1","","40","194","","","","","","","","","","","","","","","","","","","","","","","","","","","","","","0"
"229","Fla. Atlantic","09/25/10","12","VAN CAMP","JEFF","3","8","8","0","0","31","20","1","273","1","","34","273","","","","","","","","","","","","","","","","","","","","","","","","","","","","","","0"
"229","Fla. Atlantic","10/02/10","12","VAN CAMP","JEFF","11","38","75","-37","0","22","17","1","136","0","","33","99","","","","","","","","","","","","","","","","","","","","","","","","","","","","","","0"
"229","Fla. Atlantic","10/09/10","12","VAN CAMP","JEFF","3","0","8","-8","0","26","13","1","141","0","","29","133","","","","","","","","","","","","","","","","","","","","","","","","","","","","","","0"
"229","Fla. Atlantic","10/23/10","12","VAN CAMP","JEFF","6","9","38","-29","0","27","13","2","227","2","","33","198","","","","","","","","","","","","","","","","","","","","","","","","","","","","","","0"
"229","Fla. Atlantic","10/30/10","12","VAN CAMP","JEFF","3","7","7","0","0","27","19","0","174","1","","30","174","","","","","","","","","","","","","","","","","","","","","","","","","","","","","","0"
"229","Fla. Atlantic","11/06/10","12","VAN CAMP","JEFF","1","1","0","1","0","22","9","1","140","1","","23","141","","","","","","","","","","","","","","","","","","","","","","","","","","","","","","0"
"229","Fla. Atlantic","11/13/10","12","VAN CAMP","JEFF","5","0","27","-27","0","18","11","0","183","3","","23","156","","","","","","","","","","","","","","","","","","","","","","","","","","","","","","0"
"229","Fla. Atlantic","11/20/10","12","VAN CAMP","JEFF","5","32","33","-1","0","26","11","2","210","2","","31","209","","","","","","","","","","","","","","","","","","","","","","","","","","","","","","0"
"229","Fla. Atlantic","11/27/10","12","VAN CAMP","JEFF","4","0","42","-42","0","35","20","3","201","2","","39","159","","","","","","","","","","","","","","","","","","","","","","","","","","","","","","0"
"229","Fla. Atlantic","12/04/10","12","VAN CAMP","JEFF","7","18","33","-15","0","41","21","1","302","1","","48","287","","","","","","","","","","","","","","","","","","","","","","","","","","","","","","0"
"229","Fla. Atlantic","09/11/10","14","WILBERT","GRAHAM","","","","","","2","1","0","41","0","","2","41","","","","","","","","","","","","","","","","","","","","","","","","","","","","","","0"
"229","Fla. Atlantic","10/02/10","14","WILBERT","GRAHAM","","","","","","3","0","1","0","0","","3","0","","","","","","","","","","","","","","","","","","","","","","","","","","","","","","0"
"229","Fla. Atlantic","09/11/10","85","WILLIAMS","DARIAN","","","","","","","","","","","","0","0","2","12","0","","","","","","","","","","","","","","","","","","","","","","","","","","","0"
"229","Fla. Atlantic","09/25/10","85","WILLIAMS","DARIAN","","","","","","","","","","","","0","0","3","56","0","","","","","","","","","","","","","","","","","","","","","","","","","","","0"
"229","Fla. Atlantic","10/02/10","85","WILLIAMS","DARIAN","","","","","","","","","","","","0","0","1","14","0","","","","","","","","","","","","","","","","","","","","","","","","","","","0"
"229","Fla. Atlantic","10/30/10","85","WILLIAMS","DARIAN","","","","","","","","","","","","0","0","1","5","0","","","","","","","","","","","","","","","","","","","","","","","","","","","0"
"229","Fla. Atlantic","11/20/10","85","WILLIAMS","DARIAN","","","","","","","","","","","","0","0","2","23","0","","","","","","","","","","","","","","","","","","","","","","","","","","","0"
"235","Florida","10/02/10","89","ALLI","STEPHEN","","","","","","","","","","","","0","0","1","2","0","","","","","","","","","","","","","","","","","","","","","","","","","","","0"
"235","Florida","11/06/10","89","ALLI","STEPHEN","","","","","","","","","","","","0","0","1","6","0","","","","","","","","","","","","","","","","","","","","","","","","","","","0"
"235","Florida","11/20/10","89","ALLI","STEPHEN","","","","","","","","","","","","0","0","1","9","0","","","","","","","","","","","","","","","","","","","","","","","","","","","0"
"235","Florida","11/20/10","61","BEEMER","GARY","3","4","0","4","1","","","","","","","3","4","","","","","","","","","","","","","","","","","","1","","","","","","","","","","","","6"
"235","Florida","09/04/10","35","BLACK","AHMAD","","","","","","","","","","","","0","0","","","","1","40","0","","","","","","","","","","","","","","","","","","","","","","","","0"
"235","Florida","09/11/10","35","BLACK","AHMAD","","","","","","","","","","","","0","0","","","","2","2","0","","","","","","","","","","","","","","","","","","","","","","","","0"
"235","Florida","11/20/10","35","BLACK","AHMAD","","","","","","","","","","","","0","0","","","","","","","1","3","0","","","","","","","","","","","","","","","","","","","","","0"
"235","Florida","01/01/11","35","BLACK","AHMAD","","","","","","","","","","","","0","0","","","","2","129","1","","","","","","","","","","","","1","","","","","","","","","","","","6"
"235","Florida","09/18/10","52","BOSTIC","JONATHAN","","","","","","","","","","","","0","0","","","","1","0","0","","","","","","","","","","","","","","","","","","","","","","","","0"
"235","Florida","09/25/10","52","BOSTIC","JONATHAN","","","","","","","","","","","","0","0","","","","1","10","0","","","","","","","","","","","","","","","","","","","","","","","","0"
"235","Florida","09/04/10","12","BRANTLEY","JOHN","3","3","12","-9","0","25","17","0","113","2","","28","104","","","","","","","","","","","","","","","","","","","","","","","","","","","","","","0"
"235","Florida","09/11/10","12","BRANTLEY","JOHN","2","0","16","-16","0","31","18","0","172","2","","33","156","","","","","","","","","","","","","","","","","","","","","","","","","","","","","","0"
"235","Florida","09/18/10","12","BRANTLEY","JOHN","4","19","10","9","0","23","14","0","167","1","","27","176","","","","","","","","","","","","","","","","","","","","","","","","","","","","","","0"
"235","Florida","09/25/10","12","BRANTLEY","JOHN","4","5","4","1","0","35","24","1","248","1","","39","249","","","","","","","","","","","","","","","","","","","","","","","","","","","","","","0"
"235","Florida","10/02/10","12","BRANTLEY","JOHN","8","20","21","-1","0","31","16","2","202","0","","39","201","","","","","","","","","","","","","","","","","","","","","","","","","","","","","","0"
"235","Florida","10/09/10","12","BRANTLEY","JOHN","5","5","24","-19","0","24","16","1","154","0","1","29","135","","","","","","","","","","","","","","","","","","","","","1","1","","","","","","","","2"
"235","Florida","10/16/10","12","BRANTLEY","JOHN","9","10","27","-17","0","39","24","1","210","0","","48","193","","","","","","","","","","","","","","","","","","","","","","","","","","","","","","0"
"235","Florida","10/30/10","12","BRANTLEY","JOHN","4","3","21","-18","0","25","16","1","193","0","","29","175","","","","","","","","","","","","","","","","","","","","","","","","","","","","","","0"
"235","Florida","11/06/10","12","BRANTLEY","JOHN","3","0","21","-21","0","18","11","0","157","2","","21","136","","","","","","","","","","","","","","","","","","","","","","","","","","","","","","0"
"235","Florida","11/13/10","12","BRANTLEY","JOHN","3","3","13","-10","0","31","16","1","130","0","","34","120","1","-10","0","","","","","","","","","","","","","","","","","","","","","","","","","","","0"
"235","Florida","11/20/10","12","BRANTLEY","JOHN","3","5","5","0","0","22","16","1","222","0","","25","222","1","5","1","","","","","","","","","","","","","","","1","","","","","","","","","","","","6"
"235","Florida","11/27/10","12","BRANTLEY","JOHN","3","0","6","-6","0","12","6","1","52","1","","15","46","","","","","","","","","","","","","","","","","","","","","","","","","","","","","","0"
"235","Florida","01/01/11","12","BRANTLEY","JOHN","1","0","4","-4","0","13","6","1","41","0","","14","37","","","","","","","","","","","","","","","","","","","","","","","","","","","","","","0"
"235","Florida","09/04/10","8B","BROWN","JEREMY","","","","","","","","","","","","0","0","","","","1","0","0","","","","","","","","","","","","","","","","","","","","","","","","0"
"235","Florida","09/18/10","8B","BROWN","JEREMY","2","4","","4","1","","","","","","","2","4","","","","","","","","","","","","","","","","","","1","","","","","","","","","","","","6"
"235","Florida","09/18/10","8B","BROWN","JEREMY","","","","","","","","","","","","0","0","","","","1","4","0","","","","","","","","","","","","","","","","","","","","","","","","0"
"235","Florida","09/25/10","8B","BROWN","JEREMY","5","40","0","40","5","1","1","0","42","0","","6","82","5","37","1","","","","","","","","","","","","","","","6","","","","","","","","","","","","36"
"235","Florida","09/25/10","8B","BROWN","JEREMY","","","","","","","","","","","","0","0","","","","1","52","1","","","","","","","","","","","","1","","","","","","","","","","","","6"
"235","Florida","10/02/10","8B","BROWN","JEREMY","4","6","1","5","0","1","0","1","0","0","","5","5","4","33","0","","","","","","","","","","","","","","","","","","","","","","","","","","","0"
"235","Florida","10/16/10","8B","BROWN","JEREMY","8","45","2","43","0","","","","","","","8","43","5","37","0","","","","","","","","","","","","","","","","","","","","","","","","","","","0"
"235","Florida","10/30/10","8B","BROWN","JEREMY","17","112","2","110","2","2","2","0","26","0","","19","136","5","35","0","","","","","","","","","","","","","","","2","","","","","","","","","","","","12"
"235","Florida","11/06/10","8B","BROWN","JEREMY","6","30","0","30","0","","","","","","","6","30","","","","","","","","","","","","","","","","","","","","","","","","","","","","","","0"
"235","Florida","09/11/10","33","BROWN","MACK","3","23","0","23","0","","","","","","","3","23","","","","","","","","","","","","","","","","","","","","","","","","","","","","","","0"
"235","Florida","11/20/10","98","BRUST","ZACHARY","","","","","","","","","","","","0","0","","","","","","","","","","","","","","","","","","","1","0","0","0","","","","","","","","0"
"235","Florida","09/04/10","8","BURTON","TREY","2","4","0","4","1","","","","","","","2","4","1","2","0","","","","","","","","","","","","","","","1","","","","","","","","","","","","6"
"235","Florida","09/11/10","8","BURTON","TREY","2","7","0","7","0","","","","","","","2","7","2","5","0","","","","","","","","","","","","","","","","","","","","","","","","","","","0"
"235","Florida","10/09/10","8","BURTON","TREY","9","36","1","35","1","","","","","","","9","35","3","1","0","","","","","","","","","","","","","","","1","","","","","","","","","","","","6"
"235","Florida","11/13/10","8","BURTON","TREY","1","1","0","1","0","1","1","0","15","0","","2","16","3","29","0","","","","","","","","","","","","","","","","","","","","","","","","","","","0"
"235","Florida","11/20/10","8","BURTON","TREY","8","37","0","37","1","","","","","","","8","37","1","3","0","","","","","","","","","","","","","","","1","","","","","","","","","","","","6"
"235","Florida","11/27/10","8","BURTON","TREY","9","31","0","31","0","","","","","","","9","31","1","6","0","","","","","","","","","","","","","","","","","","","","","","","","","","","0"
"235","Florida","01/01/11","8","BURTON","TREY","2","3","1","2","0","1","0","0","0","0","","3","2","2","22","0","","","","","","","","","","","","","","","","","","","","","","","","","","","0"
"235","Florida","09/11/10","81","CLARK","ROBERT","","","","","","","","","","","","0","0","1","15","0","","","","","","","","","","","","","","","","","","","","","","","","","","","0"
"235","Florida","09/18/10","81","CLARK","ROBERT","","","","","","","","","","","","0","0","1","8","0","","","","","","","","","","","","","","","","","","","","","","","","","","","0"
"235","Florida","09/25/10","81","CLARK","ROBERT","","","","","","","","","","","","0","0","1","4","0","","","","","","","","","","","","","","","","","","","","","","","","","","","0"
"235","Florida","10/16/10","81","CLARK","ROBERT","1","0","2","-2","0","","","","","","","1","-2","2","21","0","","","","","","","","","","","","","","","","","","","","","","","","","","","0"
"235","Florida","11/27/10","81","CLARK","ROBERT","","","","","","","","","","","","0","0","1","20","1","","","","","","","","","","","","","","","1","","","","","","","","","","","","6"
"235","Florida","01/01/11","81","CLARK","ROBERT","","","","","","","","","","","","0","0","1","1","0","","","","","","","","","","","","","","","","","","","","","","","","","","","0"
"235","Florida","09/25/10","4","DEBOSE","ANDRE","","","","","","","","","","","","0","0","4","36","0","","","","","","","","","","","","","","","","","","","","","","","","","","","0"
"235","Florida","10/02/10","4","DEBOSE","ANDRE","","","","","","","","","","","","0","0","2","30","0","","","","","","","","","","","","2","45","0","","","","","","","","","","","","","0"
"235","Florida","10/09/10","4","DEBOSE","ANDRE","1","9","0","9","0","","","","","","","1","9","","","","","","","","","","","","","","","5","154","1","1","","","","","","","","","","","","6"
"235","Florida","10/16/10","4","DEBOSE","ANDRE","","","","","","","","","","","","0","0","1","3","0","","","","","","","","","","","","3","63","0","","","","","","","","","","","","","0"
"235","Florida","11/06/10","4","DEBOSE","ANDRE","","","","","","","","","","","","0","0","1","14","0","","","","","","","","","1","4","0","1","18","0","","","","","","","","","","","","","0"
"235","Florida","11/13/10","4","DEBOSE","ANDRE","","","","","","","","","","","","0","0","2","13","0","","","","","","","","","","","","4","159","1","1","","","","","","","","","","","","6"
"235","Florida","11/27/10","4","DEBOSE","ANDRE","","","","","","","","","","","","0","0","","","","","","","","","","","","","","","4","125","0","","","","","","","","","","","","","0"
"235","Florida","01/01/11","4","DEBOSE","ANDRE","","","","","","","","","","","","0","0","","","","","","","","","","","","","","","2","23","0","","","","","","","","","","","","","0"
"235","Florida","09/04/10","2","DEMPS","JEFF","8","102","4","98","1","","","","","","","8","98","4","4","0","","","","","","","","","","","","2","56","0","1","","","","","","","","","","","","6"
"235","Florida","09/11/10","2","DEMPS","JEFF","11","144","5","139","1","","","","","","","11","139","1","21","0","","","","","","","","","","","","2","95","0","1","","","","","","","","","","","","6"
"235","Florida","09/18/10","2","DEMPS","JEFF","26","94","21","73","0","","","","","","","26","73","3","34","0","","","","","","","","","","","","2","70","0","","","","","","","","","","","","","0"
"235","Florida","09/25/10","2","DEMPS","JEFF","8","57","0","57","0","","","","","","","8","57","3","2","0","","","","","","","","","","","","2","39","0","","","","","","","","","","","","","0"
"235","Florida","10/02/10","2","DEMPS","JEFF","11","49","2","47","0","","","","","","","11","47","","","","","","","","","","","","","","","","","","","","","","","","","","","","","","0"
"235","Florida","10/16/10","2","DEMPS","JEFF","5","36","0","36","0","","","","","","","5","36","3","7","0","","","","","","","","","","","","","","","","","","","","","","","","","","","0"
"235","Florida","10/30/10","2","DEMPS","JEFF","9","38","0","38","1","","","","","","","9","38","2","43","0","","","","","","","","","","","","","","","1","","","","","","","","","","","","6"
"235","Florida","11/13/10","2","DEMPS","JEFF","2","5","6","-1","0","","","","","","","2","-1","","","","","","","","","","","","","","","","","","","","","","","","","","","","","","0"
"235","Florida","11/27/10","2","DEMPS","JEFF","9","46","2","44","0","","","","","","","9","44","","","","","","","","","","","","","","","","","","","","","","","","","","","","","","0"
"235","Florida","01/01/11","2","DEMPS","JEFF","3","20","0","20","0","","","","","","","3","20","2","5","0","","","","","","","","","","","","","","","","","","","","","","","","","","","0"
"235","Florida","09/04/10","22","ELAM","MATT","","","","","","","","","","","","0","0","","","","","","","","","","","","1","0","0","","","","","","","","","","","","","","","","0"
"235","Florida","11/06/10","24","EVANS","JOSH","","","","","","","","","","","","0","0","","","","1","36","0","","","","","","","","","","","","","","","","","","","","","","","","0"
"235","Florida","09/04/10","23","GILLISLEE","MIKE","6","55","0","55","0","","","","","","","6","55","","","","","","","","","","","","","","","2","65","0","","","","","","","","","","","","","0"
"235","Florida","09/11/10","23","GILLISLEE","MIKE","4","29","0","29","1","","","","","","","4","29","","","","","","","","","","","","","","","","","","1","","","","","","","","","","","","6"
"235","Florida","09/18/10","23","GILLISLEE","MIKE","8","27","0","27","2","","","","","","","8","27","","","","","","","","","","","","","","","","","","2","","","","","","","","","","","","12"
"235","Florida","09/25/10","23","GILLISLEE","MIKE","6","32","0","32","0","","","","","","","6","32","1","-2","0","","","","","","","","","","","","","","","","","","","","","","","","","","","0"
"235","Florida","10/02/10","23","GILLISLEE","MIKE","1","6","0","6","0","","","","","","","1","6","","","","","","","","","","","","","","","2","49","0","","","","","","","","","","","","","0"
"235","Florida","10/09/10","23","GILLISLEE","MIKE","6","20","0","20","1","","","","","","","6","20","3","17","0","","","","","","","","","","","","","","","1","","","","","","","","","","","","6"
"235","Florida","10/16/10","23","GILLISLEE","MIKE","6","33","0","33","0","","","","","","","6","33","2","2","0","","","","","","","","","","","","","","","","","","","","","","","","","","","0"
"235","Florida","11/06/10","23","GILLISLEE","MIKE","9","61","4","57","2","","","","","","","9","57","","","","","","","","","","","","","","","","","","2","","","","","","","","","","","","12"
"235","Florida","11/13/10","23","GILLISLEE","MIKE","","","","","","","","","","","","0","0","","","","","","","","","","","","","","","1","14","0","","","","","","","","","","","","","0"
"235","Florida","11/20/10","23","GILLISLEE","MIKE","8","56","0","56","0","","","","","","","8","56","","","","","","","","","","","","","","","1","20","0","","","","","","","","","","","","","0"
"235","Florida","01/01/11","23","GILLISLEE","MIKE","4","10","0","10","1","","","","","","","4","10","","","","","","","","","","","","","","","","","","1","","","","","","","","","","","","6"
"235","Florida","09/04/10","96","GREEN","WILLIAM","","","","","","","","","","","","0","0","","","","","","","","","","","","","","","1","8","0","","","","","","","","","","","","","0"
"235","Florida","10/09/10","96","GREEN","WILLIAM","","","","","","","","","","","","0","0","","","","","","","","","","","","","","","1","0","0","","","","","","","","","","","","","0"
"235","Florida","11/06/10","96","GREEN","WILLIAM","","","","","","","","","","","","0","0","","","","","","","","","","","","","","","1","11","0","","","","","","","","","","","","","0"
"235","Florida","09/18/10","85","HAMMOND, JR.","FRANKIE","","","","","","","","","","","","0","0","1","7","1","","","","","","","","","","","","","","","1","","","","","","","","","","","","6"
"235","Florida","10/02/10","85","HAMMOND, JR.","FRANKIE","","","","","","","","","","","","0","0","2","28","0","","","","","","","","","","","","","","","","","","","","","","","","","","","0"
"235","Florida","10/16/10","85","HAMMOND, JR.","FRANKIE","","","","","","","","","","","","0","0","5","69","0","","","","","","","","","","","","","","","","","","","","","","","","","","","0"
"235","Florida","10/30/10","85","HAMMOND, JR.","FRANKIE","","","","","","","","","","","","0","0","3","46","0","","","","","","","","","","","","","","","","","","","","","","","","","","","0"
"235","Florida","11/06/10","85","HAMMOND, JR.","FRANKIE","","","","","","","","","","","","0","0","3","49","1","","","","","","","","","","","","","","","1","","","","","","","","","","","","6"
"235","Florida","11/13/10","85","HAMMOND, JR.","FRANKIE","","","","","","","","","","","","0","0","3","37","0","","","","","","","","","","","","","","","","","","","","","","","","","","","0"
"235","Florida","11/20/10","85","HAMMOND, JR.","FRANKIE","","","","","","","","","","","","0","0","2","25","0","","","","","","","","","1","0","0","","","","","","","","","","","","","","","","0"
"235","Florida","11/27/10","85","HAMMOND, JR.","FRANKIE","","","","","","","","","","","","0","0","1","9","0","","","","","","","","","","","","","","","","","","","","","","","","","","","0"
"235","Florida","01/01/11","85","HAMMOND, JR.","FRANKIE","","","","","","","","","","","","0","0","2","6","0","","","","","","","","","1","0","0","","","","","","","","","","","","","","","","0"
"235","Florida","09/04/10","17","HENRY","CHAS","","","","","","","","","","","","0","0","","","","","","","","","","1","27","","","","","","","","","","","","","","","","","","","0"
"235","Florida","09/11/10","17","HENRY","CHAS","","","","","","","","","","","","0","0","","","","","","","","","","4","174","","","","","","","","","","","","","","","","","","","0"
"235","Florida","09/18/10","17","HENRY","CHAS","","","","","","","","","","","","0","0","","","","","","","","","","3","131","","","","","","","","","","","","","","","","","","","0"
"235","Florida","09/25/10","17","HENRY","CHAS","","","","","","","","","","","","0","0","","","","","","","","","","3","168","","","","","","","","","","","","","","","","","","","0"
"235","Florida","10/02/10","17","HENRY","CHAS","","","","","","","","","","","","0","0","","","","","","","","","","3","187","","","","","","","","","","","","","","","","2","2","","6"
"235","Florida","10/09/10","17","HENRY","CHAS","","","","","","","","","","","","0","0","","","","","","","","","","4","210","","","","","","","","3","3","0","0","","","","","1","0","","3"
"235","Florida","10/16/10","17","HENRY","CHAS","","","","","","","","","","","","0","0","","","","","","","","","","4","188","","","","","","","","1","1","0","0","","","","","2","0","","1"
"235","Florida","10/30/10","17","HENRY","CHAS","","","","","","","","","","","","0","0","","","","","","","","","","6","281","","","","","","","","4","4","0","0","","","","","3","2","","10"
"235","Florida","11/06/10","17","HENRY","CHAS","","","","","","","","","","","","0","0","","","","","","","","","","5","224","","","","","","","","8","7","0","0","","","","","","","","7"
"235","Florida","11/13/10","17","HENRY","CHAS","","","","","","","","","","","","0","0","","","","","","","","","","6","260","","","","","","","","2","2","0","0","","","","","","","","2"
"235","Florida","11/20/10","17","HENRY","CHAS","","","","","","","","","","","","0","0","","","","","","","","","","1","42","","","","","","","","6","6","0","0","","","","","","","","6"
"235","Florida","11/27/10","17","HENRY","CHAS","1","4","0","4","0","","","","","","","1","4","","","","","","","","","","4","150","","","","","","","","1","1","0","0","","","","","","","","1"
"235","Florida","01/01/11","17","HENRY","CHAS","1","4","0","4","0","","","","","","","1","4","","","","","","","","","","6","211","","","","","","","","4","4","0","0","","","","","3","3","","13"
"235","Florida","01/01/11","40","HICKS","BRANDON","","","","","","","","","","","","0","0","","","","1","14","0","","","","","","","","","","","","","","","","","","","","","","","","0"
"235","Florida","10/30/10","10","HILL","WILL","","","","","","","","","","","","0","0","","","","2","102","0","","","","","","","","","","","","","","","","","","","","","","","","0"
"235","Florida","09/04/10","82","HINES","OMARIUS","","","","","","","","","","","","0","0","3","49","1","","","","","","","","","","","","","","","1","","","","","","","","","","","","6"
"235","Florida","09/11/10","82","HINES","OMARIUS","","","","","","","","","","","","0","0","2","6","0","","","","","","","","","","","","","","","","","","","","","","","","","","","0"
"235","Florida","09/18/10","82","HINES","OMARIUS","1","36","0","36","0","","","","","","","1","36","2","15","0","","","","","","","","","","","","","","","","","","","","","","","","","","","0"
"235","Florida","09/25/10","82","HINES","OMARIUS","","","","","","","","","","","","0","0","2","55","0","","","","","","","","","","","","","","","","","","","","","","","","","","","0"
"235","Florida","10/02/10","82","HINES","OMARIUS","1","19","0","19","0","","","","","","","1","19","1","4","0","","","","","","","","","","","","","","","","","","","","","","","","","","","0"
"235","Florida","10/09/10","82","HINES","OMARIUS","1","10","0","10","0","","","","","","","1","10","","","","","","","","","","","","","","","","","","","","","","","","","","","","","","0"
"235","Florida","10/16/10","82","HINES","OMARIUS","6","58","0","58","1","","","","","","","6","58","","","","","","","","","","","","","","","","","","1","","","","","","","","","","","","6"
"235","Florida","10/30/10","82","HINES","OMARIUS","1","0","2","-2","0","","","","","","","1","-2","4","50","0","","","","","","","","","","","","","","","","","","","","","","","","","","","0"
"235","Florida","11/13/10","82","HINES","OMARIUS","","","","","","","","","","","","0","0","3","38","0","","","","","","","","","","","","","","","","","","","","","","","","","","","0"
"235","Florida","11/20/10","82","HINES","OMARIUS","","","","","","","","","","","","0","0","1","37","0","","","","","","","","","","","","","","","","","","","","","","","","","","","0"
"235","Florida","01/01/11","82","HINES","OMARIUS","2","31","0","31","1","","","","","","","2","31","2","27","0","","","","","","","","","","","","","","","1","","","","","","","","","","","","6"
"235","Florida","09/04/10","1","JENKINS","JANORIS","","","","","","","","","","","","0","0","","","","1","67","1","","","","","","","","","","","","1","","","","","","","","","","","","6"
"235","Florida","09/11/10","1","JENKINS","JANORIS","","","","","","","","","","","","0","0","","","","1","1","0","","","","","","1","30","0","","","","","","","","","","","","","","","","0"
"235","Florida","09/18/10","1","JENKINS","JANORIS","","","","","","","","","","","","0","0","","","","","","","","","","","","2","6","0","","","","","","","","","","","","","","","","0"
"235","Florida","09/25/10","1","JENKINS","JANORIS","","","","","","","","","","","","0","0","","","","","","","","","","","","3","38","0","","","","","","","","","","","","","","","","0"
"235","Florida","10/02/10","1","JENKINS","JANORIS","","","","","","","","","","","","0","0","","","","","","","","","","","","2","6","0","","","","","","","","","","","","","","","","0"
"235","Florida","10/09/10","1","JENKINS","JANORIS","","","","","","","","","","","","0","0","","","","","","","","","","","","2","10","0","","","","","","","","","","","","","","","","0"
"235","Florida","10/16/10","1","JENKINS","JANORIS","","","","","","","","","","","","0","0","","","","","","","","","","","","1","5","0","","","","","","","","","","","","","","","","0"
"235","Florida","10/30/10","1","JENKINS","JANORIS","","","","","","","","","","","","0","0","","","","1","0","0","","","","","","1","0","0","","","","","","","","","","","","","","","","0"
"235","Florida","11/06/10","1","JENKINS","JANORIS","","","","","","","","","","","","0","0","","","","","","","","","","","","2","13","0","","","","","","","","","","","","","","","","0"
"235","Florida","11/13/10","1","JENKINS","JANORIS","","","","","","","","","","","","0","0","","","","","","","","","","","","2","17","0","","","","","","","","","","","","","","","","0"
"235","Florida","11/20/10","1","JENKINS","JANORIS","","","","","","","","","","","","0","0","","","","","","","","","","","","2","25","0","","","","","","","","","","","","","","","","0"
"235","Florida","10/09/10","43","JENKINS","JELANI","","","","","","","","","","","","0","0","","","","1","47","0","","","","","","","","","","","","","","","","","","","","","","","","0"
"235","Florida","10/30/10","43","JENKINS","JELANI","","","","","","","","","","","","0","0","","","","","","","1","10","0","","","","","","","","","","","","","","","","","","","","","0"
"235","Florida","01/01/11","36","JENKINS","MOSES","","","","","","","","","","","","0","0","","","","1","0","0","","","","","","","","","","","","","","","","","","","","","","","","0"
"235","Florida","01/01/11","34","MCCRAY","LERENTEE","","","","","","","","","","","","0","0","","","","","","","","","","","","0","27","1","","","","1","","","","","","","","","","","","6"
"235","Florida","09/04/10","21","MOODY","EMMANUEL","5","16","11","5","0","","","","","","","5","5","","","","","","","","","","","","","","","","","","","","","","","","","","","","","","0"
"235","Florida","09/11/10","21","MOODY","EMMANUEL","14","56","2","54","0","","","","","","","14","54","","","","","","","","","","","","","","","","","","","","","","","","","","","","","","0"
"235","Florida","09/18/10","21","MOODY","EMMANUEL","5","20","0","20","0","","","","","","","5","20","","","","","","","","","","","","","","","","","","","","","","","","","","","","","","0"
"235","Florida","09/25/10","21","MOODY","EMMANUEL","10","48","2","46","0","","","","","","","10","46","","","","","","","","","","","","","","","","","","","","","","","","","","","","","","0"
"235","Florida","10/02/10","21","MOODY","EMMANUEL","6","8","5","3","0","","","","","","","6","3","","","","","","","","","","","","","","","","","","","","","","","","","","","","","","0"
"235","Florida","10/09/10","21","MOODY","EMMANUEL","8","35","1","34","0","","","","","","","8","34","3","9","0","","","","","","","","","","","","","","","","","","","","","","","","","","","0"
"235","Florida","11/06/10","21","MOODY","EMMANUEL","13","50","4","46","0","","","","","","","13","46","","","","","","","","","","","","","","","","","","","","","","","","","","","","","","0"
"235","Florida","11/13/10","21","MOODY","EMMANUEL","1","1","0","1","0","","","","","","","1","1","","","","","","","","","","","","","","","","","","","","","","","","","","","","","","0"
"235","Florida","11/20/10","21","MOODY","EMMANUEL","4","56","0","56","0","","","","","","","4","56","","","","","","","","","","","","","","","","","","","","","","","","","","","","","","0"
"235","Florida","09/11/10","9","MOORE","CARL","","","","","","","","","","","","0","0","5","40","1","","","","","","","","","","","","","","","1","","","","","","","","","","","","6"
"235","Florida","09/18/10","9","MOORE","CARL","","","","","","","","","","","","0","0","2","26","0","","","","","","","","","","","","","","","","","","","","","","","","","","","0"
"235","Florida","09/25/10","9","MOORE","CARL","","","","","","","","","","","","0","0","4","72","0","","","","","","","","","","","","","","","","","","","","","","","","","","","0"
"235","Florida","10/02/10","9","MOORE","CARL","","","","","","","","","","","","0","0","2","28","0","","","","","","","","","","","","","","","","","","","","","","","","","","","0"
"235","Florida","10/09/10","9","MOORE","CARL","","","","","","","","","","","","0","0","4","95","0","","","","","","","","","","","","","","","","","","","","","","","","","","","0"
"235","Florida","10/16/10","9","MOORE","CARL","","","","","","","","","","","","0","0","3","35","0","","","","","","","","","","","","","","","","","","","","","","","","","","","0"
"235","Florida","11/06/10","9","MOORE","CARL","","","","","","","","","","","","0","0","4","32","0","","","","","","","","","","","","","","","","","","","","","","","","","","","0"
"235","Florida","11/13/10","9","MOORE","CARL","","","","","","","","","","","","0","0","2","17","0","","","","","","","","","","","","","","","","","","","","","","","","","","","0"
"235","Florida","11/27/10","9","MOORE","CARL","","","","","","","","","","","","0","0","1","4","0","","","","","","","","","","","","","","","","","","","","","","","","","","","0"
"235","Florida","10/02/10","83","PATTON","SOLOMON","","","","","","","","","","","","0","0","","","","","","","","","","","","","","","1","23","0","","","","","","","","","","","","","0"
"235","Florida","11/06/10","83","PATTON","SOLOMON","","","","","","","","","","","","0","0","4","27","0","","","","","","","","","0","42","1","","","","1","","","","","","","","","","","","6"
"235","Florida","11/13/10","83","PATTON","SOLOMON","","","","","","","","","","","","0","0","","","","","","","","","","","","","","","1","20","0","","","","","","","","","","","","","0"
"235","Florida","11/20/10","83","PATTON","SOLOMON","","","","","","","","","","","","0","0","","","","","","","","","","","","","","","2","71","0","","","","","","","","","","","","","0"
"235","Florida","01/01/11","83","PATTON","SOLOMON","","","","","","","","","","","","0","0","","","","","","","","","","","","1","14","0","3","82","0","","","","","","","","","","","","","0"
"235","Florida","11/06/10","87","POSTELL","JOSH","","","","","","","","","","","","0","0","2","16","0","","","","","","","","","","","","","","","","","","","","","","","","","","","0"
"235","Florida","11/13/10","7P","POWELL","RONALD","","","","","","","","","","","","0","0","","","","","","","","","","","","","","","1","20","0","","","","","","","","","","","","","0"
"235","Florida","09/04/10","3","RAINEY","CHRIS","3","6","5","1","0","","","","","","","3","1","6","34","1","","","","","","","","","1","15","0","","","","1","","","","","","","","","","","","6"
"235","Florida","09/11/10","3","RAINEY","CHRIS","1","15","0","15","0","","","","","","","1","15","","","","","","","","","","","","2","2","0","","","","","","","","","","","","","","","","0"
"235","Florida","10/30/10","3","RAINEY","CHRIS","16","89","5","84","1","","","","","","","16","84","2","9","0","","","","","","","","","","","","6","148","0","1","","","","","","","","","","","","6"
"235","Florida","11/06/10","3","RAINEY","CHRIS","3","13","5","8","0","","","","","","","3","8","4","75","1","","","","","","","","","2","39","0","1","14","0","1","","","","","","","","","","","","6"
"235","Florida","11/13/10","3","RAINEY","CHRIS","5","34","2","32","0","","","","","","","5","32","4","32","1","","","","","","","","","2","2","0","","","","1","","","","","","","","","","","","6"
"235","Florida","11/20/10","3","RAINEY","CHRIS","6","87","0","87","1","","","","","","","6","87","2","23","0","","","","","","","","","","","","","","","1","","","","","","","","","","","","6"
"235","Florida","11/27/10","3","RAINEY","CHRIS","11","74","1","73","0","","","","","","","11","73","4","25","0","","","","","","","","","","","","","","","","","","","","","","","","","","","0"
"235","Florida","01/01/11","3","RAINEY","CHRIS","6","66","0","66","0","","","","","","","6","66","3","18","0","","","","","","","","","2","9","0","","","","","","","","","","","","","","","","0"
"235","Florida","09/11/10","11","REED","JORDAN","","","","","","","","","","","","0","0","1","2","1","","","","","","","","","","","","","","","1","","","","","","","","","","","","6"
"235","Florida","09/18/10","11","REED","JORDAN","","","","","","","","","","","","0","0","1","22","0","","","","","","","","","","","","","","","","","","","","","","","","","","","0"
"235","Florida","10/02/10","11","REED","JORDAN","","","","","","","","","","","","0","0","1","17","0","","","","","","","","","","","","","","","","","","","","","","","","","","","0"
"235","Florida","10/09/10","11","REED","JORDAN","2","1","1","0","1","","","","","","","2","0","1","12","0","","","","","","","","","","","","","","","1","","","","","","","","","","","","6"
"235","Florida","10/16/10","11","REED","JORDAN","","","","","","","","","","","","0","0","1","11","0","","","","","","","","","","","","","","","","","","","","","","","","","","","0"
"235","Florida","10/30/10","11","REED","JORDAN","3","19","0","19","0","","","","","","","3","19","","","","","","","","","","","","","","","","","","","","","","","","","","","","","","0"
"235","Florida","11/06/10","11","REED","JORDAN","16","92","8","84","1","19","11","1","120","1","","35","204","","","","","","","","","","","","","","","","","","1","","","","","","","","","","","","6"
"235","Florida","11/13/10","11","REED","JORDAN","8","22","10","12","0","7","3","0","46","1","","15","58","1","15","0","","","","","","","","","","","","","","","","","","","","","","","","","","","0"
"235","Florida","11/20/10","11","REED","JORDAN","11","71","0","71","3","3","2","0","14","1","","14","85","","","","","","","","","","","","","","","","","","3","","","","","","","","","","","","18"
"235","Florida","11/27/10","11","REED","JORDAN","13","79","5","74","0","4","2","0","12","0","","17","86","","","","","","","","","","","","","","","","","","","","","","","","","","","","","","0"
"235","Florida","01/01/11","11","REED","JORDAN","24","75","7","68","0","13","8","0","60","0","","37","128","","","","","","","","","","","","","","","","","","","","","","","","","","","","","","0"
"235","Florida","01/01/11","31","RIGGS","CODY","","","","","","","","","","","","0","0","","","","1","0","0","","","","","","","","","","","","","","","","","","","","","","","","0"
"235","Florida","11/06/10","92","SANDERS","TERRON","","","","","","","","","","","","0","0","","","","","","","1","45","1","","","","","","","","","1","","","","","","","","","","","","6"
"235","Florida","09/04/10","19","STURGIS","CALEB","","","","","","","","","","","","0","0","","","","","","","","","","","","","","","","","","","5","4","0","0","","","","","1","0","","4"
"235","Florida","09/11/10","19","STURGIS","CALEB","","","","","","","","","","","","0","0","","","","","","","","","","","","","","","","","","","5","5","0","0","","","","","2","1","","8"
"235","Florida","09/18/10","19","STURGIS","CALEB","","","","","","","","","","","","0","0","","","","","","","","","","","","","","","","","","","4","4","0","0","","","","","1","1","","7"
"235","Florida","09/25/10","19","STURGIS","CALEB","","","","","","","","","","","","0","0","","","","","","","","","","","","","","","","","","","7","6","0","0","","","","","","","","6"
"235","Florida","09/04/10","6","THOMPSON","DEONTE","","","","","","","","","","","","0","0","3","24","0","","","","","","","","","","","","","","","","","","","","","","","","","","","0"
"235","Florida","09/11/10","6","THOMPSON","DEONTE","","","","","","","","","","","","0","0","6","83","0","","","","","","","","","","","","","","","","","","","","","","","","","","","0"
"235","Florida","09/18/10","6","THOMPSON","DEONTE","","","","","","","","","","","","0","0","4","55","0","","","","","","","","","","","","","","","","","","","","","","","","","","","0"
"235","Florida","09/25/10","6","THOMPSON","DEONTE","","","","","","","","","","","","0","0","5","86","0","","","","","","","","","","","","","","","","","","","","","","","","","","","0"
"235","Florida","10/02/10","6","THOMPSON","DEONTE","","","","","","","","","","","","0","0","3","60","0","","","","","","","","","","","","","","","","","","","","","","","","","","","0"
"235","Florida","10/09/10","6","THOMPSON","DEONTE","","","","","","","","","","","","0","0","2","20","0","","","","","","","","","","","","","","","","","","","","","","","","","","","0"
"235","Florida","10/16/10","6","THOMPSON","DEONTE","","","","","","","","","","","","0","0","2","25","0","","","","","","","","","","","","","","","","","","","","","","","","","","","0"
"235","Florida","10/30/10","6","THOMPSON","DEONTE","","","","","","","","","","","","0","0","2","36","0","","","","","","","","","","","","","","","","","","","","","","","","","","","0"
"235","Florida","11/06/10","6","THOMPSON","DEONTE","","","","","","","","","","","","0","0","2","39","1","","","","","","","","","","","","","","","1","","","","","","","","","","","","6"
"235","Florida","11/13/10","6","THOMPSON","DEONTE","","","","","","","","","","","","0","0","1","20","0","","","","","","","","","","","","","","","","","","","","","","","","","","","0"
"235","Florida","11/20/10","6","THOMPSON","DEONTE","","","","","","","","","","","","0","0","6","100","0","","","","","","","","","","","","","","","","","","","","","","","","","","","0"
"235","Florida","01/01/11","6","THOMPSON","DEONTE","","","","","","","","","","","","0","0","2","22","0","","","","","","","","","","","","","","","","","","","","","","","","","","","0"
"235","Florida","09/11/10","94","TRATTOU","JUSTIN","","","","","","","","","","","","0","0","","","","1","35","1","","","","","","","","","","","","1","","","","","","","","","","","","6"
"235","Florida","11/06/10","7","WILLIAMS","JUSTIN","","","","","","","","","","","","0","0","1","19","0","","","","","","","","","","","","","","","","","","","","","","","","","","","0"
"235","Florida","11/20/10","7","WILLIAMS","JUSTIN","","","","","","","","","","","","0","0","4","34","0","","","","","","","","","","","","","","","","","","","","","","","","","","","0"
"234","Florida St.","09/25/10","26","ALEXANDER","A.J.","","","","","","","","","","","","0","0","1","18","0","","","","","","","","","","","","","","","","","","","","","","","","","","","0"
"234","Florida St.","10/02/10","26","ALEXANDER","A.J.","2","18","0","18","0","","","","","","","2","18","1","-3","0","","","","","","","","","","","","","","","","","","","","","","","","","","","0"
"234","Florida St.","11/20/10","16","ALEXANDER","MISTER","","","","","","","","","","","","0","0","","","","","","","1","11","0","","","","","","","","","","","","","","","","","","","","","0"
"234","Florida St.","12/04/10","13","BRADHAM","NIGEL","","","","","","","","","","","","0","0","","","","","","","","","","","","","","","","","","","","","0","0","1","1","","","","","","2"
"234","Florida St.","10/16/10","35","DENT","GREG","","","","","","","","","","","","0","0","1","12","0","","","","","","","","","","","","","","","","","","","","","","","","","","","0"
"234","Florida St.","10/09/10","40","DUNHAM","MATTHEW","1","5","0","5","0","","","","","","","1","5","","","","","","","","","","","","","","","","","","","","","","","","","","","","","","0"
"234","Florida St.","09/04/10","8","EASTERLING","TAIWAN","","","","","","","","","","","","0","0","4","56","1","","","","","","","","","","","","","","","1","","","","","","","","","","","","6"
"234","Florida St.","09/11/10","8","EASTERLING","TAIWAN","","","","","","","","","","","","0","0","3","64","1","","","","","","","","","","","","","","","1","","","","","","","","","","","","6"
"234","Florida St.","09/18/10","8","EASTERLING","TAIWAN","","","","","","","","","","","","0","0","1","6","0","","","","","","","","","","","","","","","","","","","","","","","","","","","0"
"234","Florida St.","09/25/10","8","EASTERLING","TAIWAN","","","","","","","","","","","","0","0","6","112","0","","","","","","","","","","","","","","","","","","","","","","","","","","","0"
"234","Florida St.","10/02/10","8","EASTERLING","TAIWAN","","","","","","","","","","","","0","0","1","7","0","","","","","","","","","","","","","","","","","","","","","","","","","","","0"
"234","Florida St.","10/09/10","8","EASTERLING","TAIWAN","1","0","8","-8","0","","","","","","","1","-8","4","53","0","","","","","","","","","","","","","","","","","","","","","","","","","","","0"
"234","Florida St.","10/16/10","8","EASTERLING","TAIWAN","","","","","","","","","","","","0","0","3","42","0","","","","","","","","","","","","","","","","","","","","","","","","","","","0"
"234","Florida St.","10/28/10","8","EASTERLING","TAIWAN","","","","","","","","","","","","0","0","1","29","0","","","","","","","","","","","","","","","","","","","","","","","","","","","0"
"234","Florida St.","11/06/10","8","EASTERLING","TAIWAN","","","","","","","","","","","","0","0","6","33","1","","","","","","","","","","","","","","","1","","","","","","","","","","","","6"
"234","Florida St.","11/13/10","8","EASTERLING","TAIWAN","","","","","","","","","","","","0","0","2","22","0","","","","","","","","","","","","","","","","","","","","","","","","","","","0"
"234","Florida St.","11/20/10","8","EASTERLING","TAIWAN","","","","","","","","","","","","0","0","1","3","0","","","","","","","","","","","","","","","","","","","","","","","","","","","0"
"234","Florida St.","11/27/10","8","EASTERLING","TAIWAN","","","","","","","","","","","","0","0","3","35","1","","","","","","","","","","","","","","","1","","","","","","","","","","","","6"
"234","Florida St.","12/04/10","8","EASTERLING","TAIWAN","","","","","","","","","","","","0","0","6","79","0","","","","","","","","","","","","","","","","","","","","","","","","","","","0"
"234","Florida St.","12/31/10","8","EASTERLING","TAIWAN","","","","","","","","","","","","0","0","2","10","1","","","","","","","","","","","","","","","1","","","","","","","","","","","","6"
"234","Florida St.","09/11/10","19","GEHRES","JOSH","","","","","","","","","","","","0","0","2","24","0","","","","","","","","","","","","","","","","","","","","","","","","","","","0"
"234","Florida St.","11/20/10","19","GEHRES","JOSH","","","","","","","","","","","","0","0","1","2","0","","","","","","","","","","","","","","","","","","","","","","","","","","","0"
"234","Florida St.","09/04/10","36","HAGGINS","JARRED","","","","","","","","","","","","0","0","1","4","0","","","","","","","","","","","","","","","","","","","","","","","","","","","0"
"234","Florida St.","09/04/10","1","HARRIS","MIKE","","","","","","","","","","","","0","0","","","","1","10","0","","","","","","","","","","","","","","","","","","","","","","","","0"
"234","Florida St.","11/13/10","1","HARRIS","MIKE","","","","","","","","","","","","0","0","","","","1","1","0","","","","","","","","","","","","","","","","","","","","","","","","0"
"234","Florida St.","11/20/10","1","HARRIS","MIKE","","","","","","","","","","","","0","0","1","33","0","","","","","","","","","","","","","","","","","","","","","","","","","","","0"
"234","Florida St.","11/27/10","1","HARRIS","MIKE","","","","","","","","","","","","0","0","","","","1","1","0","","","","","","","","","","","","","","","","","","","","","","","","0"
"234","Florida St.","12/31/10","1","HARRIS","MIKE","","","","","","","","","","","","0","0","","","","1","0","0","","","","","","","","","","","","","","","","","","","","","","","","0"
"234","Florida St.","09/04/10","82","HAULSTEAD","WILLIE","","","","","","","","","","","","0","0","2","40","0","","","","","","","","","","","","","","","","","","","","","","","","","","","0"
"234","Florida St.","09/11/10","82","HAULSTEAD","WILLIE","0","6","0","6","0","","","","","","","0","6","1","38","0","","","","","","","","","","","","","","","","","","","","","","","","","","","0"
"234","Florida St.","09/18/10","82","HAULSTEAD","WILLIE","","","","","","","","","","","","0","0","1","34","0","","","","","","","","","","","","","","","","","","","","","","","","","","","0"
"234","Florida St.","09/25/10","82","HAULSTEAD","WILLIE","","","","","","","","","","","","0","0","5","44","2","","","","","","","","","","","","","","","2","","","","","","","","","","","","12"
"234","Florida St.","10/02/10","82","HAULSTEAD","WILLIE","","","","","","","","","","","","0","0","5","79","1","","","","","","","","","","","","","","","1","","","","","","","","","","","","6"
"234","Florida St.","10/09/10","82","HAULSTEAD","WILLIE","","","","","","","","","","","","0","0","1","20","0","","","","","","","","","","","","","","","","","","","","","","","","","","","0"
"234","Florida St.","10/16/10","82","HAULSTEAD","WILLIE","","","","","","","","","","","","0","0","3","19","0","","","","","","","","","","","","","","","","","","","","","","","","","","","0"
"234","Florida St.","10/28/10","82","HAULSTEAD","WILLIE","","","","","","","","","","","","0","0","4","43","1","","","","","","","","","","","","","","","1","","","","","","","","","","","","6"
"234","Florida St.","11/06/10","82","HAULSTEAD","WILLIE","","","","","","","","","","","","0","0","10","154","1","","","","","","","","","","","","","","","1","","","","","","","","","","","","6"
"234","Florida St.","11/27/10","82","HAULSTEAD","WILLIE","","","","","","","","","","","","0","0","1","29","1","","","","","","","","","","","","","","","1","","","","","","","","","","","","6"
"234","Florida St.","12/04/10","82","HAULSTEAD","WILLIE","","","","","","","","","","","","0","0","3","73","0","","","","","","","","","","","","","","","","","","","","","","","","","","","0"
"234","Florida St.","12/31/10","82","HAULSTEAD","WILLIE","","","","","","","","","","","","0","0","2","14","0","","","","","","","","","","","","","","","","","","","","","","","","","","","0"
"234","Florida St.","09/04/10","18","HOPKINS","DUSTIN","","","","","","","","","","","","0","0","","","","","","","","","","","","","","","","","","","8","8","0","0","","","","","1","1","","11"
"234","Florida St.","09/11/10","18","HOPKINS","DUSTIN","","","","","","","","","","","","0","0","","","","","","","","","","","","","","","","","","","2","2","0","0","","","","","1","1","","5"
"234","Florida St.","09/18/10","18","HOPKINS","DUSTIN","","","","","","","","","","","","0","0","","","","","","","","","","","","","","","","","","","4","4","0","0","","","","","3","2","","10"
"234","Florida St.","09/25/10","18","HOPKINS","DUSTIN","","","","","","","","","","","","0","0","","","","","","","","","","","","","","","","","","","4","4","0","0","","","","","2","1","","7"
"234","Florida St.","10/02/10","18","HOPKINS","DUSTIN","","","","","","","","","","","","0","0","","","","","","","","","","","","","","","","","","","4","4","0","0","","","","","2","2","","10"
"234","Florida St.","10/09/10","18","HOPKINS","DUSTIN","","","","","","","","","","","","0","0","","","","","","","","","","","","","","","","","","","6","6","0","0","","","","","1","1","","9"
"234","Florida St.","10/16/10","18","HOPKINS","DUSTIN","","","","","","","","","","","","0","0","","","","","","","","","","","","","","","","","","","3","3","0","0","","","","","1","1","","6"
"234","Florida St.","10/28/10","18","HOPKINS","DUSTIN","","","","","","","","","","","","0","0","","","","","","","","","","","","","","","","","","","3","3","0","0","","","","","1","1","","6"
"234","Florida St.","11/06/10","18","HOPKINS","DUSTIN","","","","","","","","","","","","0","0","","","","","","","","","","","","","","","","","","","5","5","0","0","","","","","2","0","","5"
"234","Florida St.","11/13/10","18","HOPKINS","DUSTIN","","","","","","","","","","","","0","0","","","","","","","","","","","","","","","","","","","1","1","0","0","","","","","3","3","","10"
"234","Florida St.","11/20/10","18","HOPKINS","DUSTIN","","","","","","","","","","","","0","0","","","","","","","","","","","","","","","","","","","3","3","0","0","","","","","5","3","","12"
"234","Florida St.","11/27/10","18","HOPKINS","DUSTIN","","","","","","","","","","","","0","0","","","","","","","","","","","","","","","","","","","4","4","0","0","","","","","1","1","","7"
"234","Florida St.","12/04/10","18","HOPKINS","DUSTIN","","","","","","","","","","","","0","0","","","","","","","","","","","","","","","","","","","4","4","0","0","","","","","1","1","","7"
"234","Florida St.","12/31/10","18","HOPKINS","DUSTIN","","","","","","","","","","","","0","0","","","","","","","","","","","","","","","","","","","2","2","0","0","","","","","4","4","","14"
"234","Florida St.","09/04/10","33","JONES","TY","8","107","0","107","1","","","","","","","8","107","","","","","","","","","","","","","","","","","","1","","","","","","","","","","","","6"
"234","Florida St.","09/11/10","33","JONES","TY","4","17","0","17","0","","","","","","","4","17","1","2","0","","","","","","","","","","","","","","","","","","","","","","","","","","","0"
"234","Florida St.","09/18/10","33","JONES","TY","15","95","0","95","1","","","","","","","15","95","1","2","1","","","","","","","","","","","","","","","2","","","","","","","","","","","","12"
"234","Florida St.","09/25/10","33","JONES","TY","9","64","0","64","0","","","","","","","9","64","1","13","0","","","","","","","","","","","","","","","","","","","","","","","","","","","0"
"234","Florida St.","10/16/10","33","JONES","TY","10","36","1","35","0","","","","","","","10","35","","","","","","","","","","","","","","","","","","","","","","","","","","","","","","0"
"234","Florida St.","10/28/10","33","JONES","TY","10","109","1","108","0","","","","","","","10","108","","","","","","","","","","","","","","","","","","","","","","","","","","","","","","0"
"234","Florida St.","11/13/10","33","JONES","TY","6","18","0","18","0","","","","","","","6","18","2","21","0","","","","","","","","","","","","","","","","","","","","","","","","","","","0"
"234","Florida St.","11/20/10","33","JONES","TY","10","42","5","37","0","","","","","","","10","37","2","7","0","","","","","","","","","","","","","","","","","","","","","","","","","","","0"
"234","Florida St.","11/27/10","33","JONES","TY","5","17","2","15","0","","","","","","","5","15","","","","","","","","","","","","","","","","","","","","","","","","","","","","","","0"
"234","Florida St.","12/04/10","33","JONES","TY","6","24","0","24","3","","","","","","","6","24","","","","","","","","","","","","","","","","","","3","","","","","","","","","","","","18"
"234","Florida St.","12/31/10","33","JONES","TY","4","12","5","7","0","","","","","","","4","7","","","","","","","","","","","","","","","","","","","","","","","","","","","","","","0"
"234","Florida St.","09/11/10","20","JOYNER","LAMARCUS","","","","","","","","","","","","0","0","","","","","","","","","","","","","","","5","74","0","","","","","","","","","","","","","0"
"234","Florida St.","09/25/10","20","JOYNER","LAMARCUS","","","","","","","","","","","","0","0","","","","","","","","","","","","","","","1","22","0","","","","","","","","","","","","","0"
"234","Florida St.","10/02/10","20","JOYNER","LAMARCUS","","","","","","","","","","","","0","0","","","","","","","","","","","","","","","2","29","0","","","","","","","","","","","","","0"
"234","Florida St.","10/09/10","20","JOYNER","LAMARCUS","","","","","","","","","","","","0","0","","","","1","5","0","","","","","","","","","","","","","","","","","","","","","","","","0"
"234","Florida St.","11/20/10","20","JOYNER","LAMARCUS","","","","","","","","","","","","0","0","","","","","","","","","","","","","","","2","48","0","","","","","","","","","","","","","0"
"234","Florida St.","12/04/10","20","JOYNER","LAMARCUS","","","","","","","","","","","","0","0","","","","","","","","","","","","","","","4","112","0","","","","","","","","","","","","","0"
"234","Florida St.","12/31/10","20","JOYNER","LAMARCUS","","","","","","","","","","","","0","0","","","","","","","","","","","","","","","2","44","0","","","","","","","","","","","","","0"
"234","Florida St.","12/31/10","85","LITTLE","JA'BARIS","","","","","","","","","","","","0","0","1","5","0","","","","","","","","","","","","","","","","","","","","","","","","","","","0"
"234","Florida St.","09/04/10","3","MANUEL","E.J.","1","8","0","8","0","13","10","1","129","0","","14","137","","","","","","","","","","","","","","","","","","","","","","","","","","","","","","0"
"234","Florida St.","09/11/10","3","MANUEL","E.J.","1","5","0","5","0","8","4","0","109","1","","9","114","","","","","","","","","","","","","","","","","","","","","","","","","","","","","","0"
"234","Florida St.","09/25/10","3","MANUEL","E.J.","1","4","0","4","0","2","2","0","41","1","","3","45","","","","","","","","","","","","","","","","","","","","","","","","","","","","","","0"
"234","Florida St.","11/13/10","3","MANUEL","E.J.","15","92","21","71","1","24","15","1","210","0","","39","281","","","","","","","","","","","","","","","","","","1","","","","","","","","","","","","6"
"234","Florida St.","11/27/10","3","MANUEL","E.J.","5","27","0","27","0","","","","","","","5","27","","","","","","","","","","","","","","","","","","","","","","","","","","","","","","0"
"234","Florida St.","12/04/10","3","MANUEL","E.J.","11","29","20","9","0","31","23","2","288","1","","42","297","","","","","","","","","","","","","","","","","","","","","","","","","","","","","","0"
"234","Florida St.","12/31/10","3","MANUEL","E.J.","7","53","7","46","0","15","11","0","84","1","","22","130","","","","","","","","","","","","","","","","","","","","","","","","","","","","","","0"
"234","Florida St.","09/25/10","99","MCDANIEL","JACOBBI","","","","","","","","","","","","0","0","","","","1","0","0","","","","","","","","","","","","","","","","","","","","","","","","0"
"234","Florida St.","10/09/10","10","MOODY","NICK","","","","","","","","","","","","0","0","","","","","","","1","36","0","","","","","","","","","","","","","","","","","","","","","0"
"234","Florida St.","11/20/10","10","MOODY","NICK","","","","","","","","","","","","0","0","","","","1","96","1","","","","","","","","","","","","1","","","","","","","","","","","","6"
"234","Florida St.","09/04/10","7","PONDER","CHRISTIAN","2","11","4","7","0","14","12","1","167","4","","16","174","","","","","","","","","","","","","","","","","","","","","","","","","","","","","","0"
"234","Florida St.","09/11/10","7","PONDER","CHRISTIAN","9","42","19","23","0","28","11","2","113","0","","37","136","","","","","","","","","","","","","","","","","","","","","","","","","","","","","","0"
"234","Florida St.","09/18/10","7","PONDER","CHRISTIAN","13","66","16","50","1","21","14","0","149","1","","34","199","","","","","","","","","","","","","","","","","","1","","","","","","","","","","","","6"
"234","Florida St.","09/25/10","7","PONDER","CHRISTIAN","11","31","20","11","1","37","24","0","243","2","","48","254","","","","","","","","","","","","","","","","","","1","","","","","","","","","","","","6"
"234","Florida St.","10/02/10","7","PONDER","CHRISTIAN","10","47","30","17","0","29","17","0","172","1","","39","189","","","","","","","","","","","","","","","","","","","","","","","","","","","","","","0"
"234","Florida St.","10/09/10","7","PONDER","CHRISTIAN","4","17","2","15","0","22","13","1","173","2","","26","188","","","","","","","","","","","","","","","","","","","","","","","","","","","","","","0"
"234","Florida St.","10/16/10","7","PONDER","CHRISTIAN","8","20","25","-5","0","31","19","3","170","2","","39","165","","","","","","","","","","","","","","","","","","","","","","","","","","","","","","0"
"234","Florida St.","10/28/10","7","PONDER","CHRISTIAN","11","35","14","21","2","28","17","0","196","1","","39","217","","","","","","","","","","","","","","","","","","2","","","","","","","","","","","","12"
"234","Florida St.","11/06/10","7","PONDER","CHRISTIAN","11","36","23","13","0","34","24","0","264","3","","45","277","","","","","","","","","","","","","","","","","","","","","","","","","","","","","","0"
"234","Florida St.","11/20/10","7","PONDER","CHRISTIAN","9","19","12","7","0","26","16","1","170","1","","35","177","","","","","","","","","","","","","","","","","","","","","","","","","","","","","","0"
"234","Florida St.","11/27/10","7","PONDER","CHRISTIAN","7","20","2","18","0","24","16","0","221","3","","31","239","","","","","","","","","","","","","","","","","","","","","","","","","","","","","","0"
"234","Florida St.","12/31/10","7","PONDER","CHRISTIAN","5","23","20","3","0","5","1","0","6","0","","10","9","","","","","","","","","","","","","","","","","","","","","","","","","","","","","","0"
"234","Florida St.","09/11/10","45","POWELL","SHAWN","","","","","","","","","","","","0","0","","","","","","","","","","7","297","","","","","","","","","","","","","","","","","","","0"
"234","Florida St.","09/18/10","45","POWELL","SHAWN","","","","","","","","","","","","0","0","","","","","","","","","","3","141","","","","","","","","","","","","","","","","","","","0"
"234","Florida St.","09/25/10","45","POWELL","SHAWN","","","","","","","","","","","","0","0","","","","","","","","","","1","26","","","","","","","","","","","","","","","","","","","0"
"234","Florida St.","10/02/10","45","POWELL","SHAWN","","","","","","","","","","","","0","0","","","","","","","","","","4","192","","","","","","","","","","","","","","","","","","","0"
"234","Florida St.","10/09/10","45","POWELL","SHAWN","","","","","","","","","","","","0","0","","","","","","","","","","4","165","","","","","","","","","","","","","","","","","","","0"
"234","Florida St.","10/16/10","45","POWELL","SHAWN","","","","","","","","","","","","0","0","","","","","","","","","","5","254","","","","","","","","","","","","","","","","","","","0"
"234","Florida St.","10/28/10","45","POWELL","SHAWN","","","","","","","","","","","","0","0","","","","","","","","","","5","215","","","","","","","","","","","","","","","","","","","0"
"234","Florida St.","11/06/10","45","POWELL","SHAWN","","","","","","","","","","","","0","0","","","","","","","","","","6","292","","","","","","","","","","","","","","","","","","","0"
"234","Florida St.","11/13/10","45","POWELL","SHAWN","","","","","","","","","","","","0","0","","","","","","","","","","4","179","","","","","","","","","","","","","","","","","","","0"
"234","Florida St.","11/20/10","45","POWELL","SHAWN","","","","","","1","1","0","33","0","","1","33","","","","","","","","","","2","55","","","","","","","","","","","","","","","","","","","0"
"234","Florida St.","11/27/10","45","POWELL","SHAWN","","","","","","","","","","","","0","0","","","","","","","","","","4","161","","","","","","","","","","","","","","","","","","","0"
"234","Florida St.","12/04/10","45","POWELL","SHAWN","","","","","","","","","","","","0","0","","","","","","","","","","2","84","","","","","","","","","","","","","","","","","","","0"
"234","Florida St.","12/31/10","45","POWELL","SHAWN","","","","","","","","","","","","0","0","","","","","","","","","","3","153","","","","","","","","","","","","","","","","","","","0"
"234","Florida St.","09/04/10","24","PRYOR","LONNIE","","","","","","","","","","","","0","0","3","23","2","","","","","","","","","","","","","","","2","","","","","","","","","","","","12"
"234","Florida St.","09/18/10","24","PRYOR","LONNIE","1","5","0","5","0","","","","","","","1","5","","","","","","","","","","","","","","","1","3","0","","","","","","","","","","","","","0"
"234","Florida St.","10/02/10","24","PRYOR","LONNIE","1","4","0","4","0","","","","","","","1","4","","","","","","","","","","","","","","","","","","","","","","","","","","","","","","0"
"234","Florida St.","10/09/10","24","PRYOR","LONNIE","3","45","0","45","1","","","","","","","3","45","1","3","0","","","","","","","","","","","","","","","1","","","","","","","","","","","","6"
"234","Florida St.","10/16/10","24","PRYOR","LONNIE","2","4","0","4","0","","","","","","","2","4","1","3","1","","","","","","","","","","","","4","26","0","1","","","","","","","","","","","","6"
"234","Florida St.","10/28/10","24","PRYOR","LONNIE","1","0","1","-1","0","","","","","","","1","-1","2","13","0","","","","","","","","","","","","","","","","","","","","","","","","","","","0"
"234","Florida St.","11/06/10","24","PRYOR","LONNIE","4","16","0","16","2","","","","","","","4","16","","","","","","","","","","","","","","","","","","2","","","","","","","","","","","","12"
"234","Florida St.","11/13/10","24","PRYOR","LONNIE","1","5","0","5","0","","","","","","","1","5","1","3","0","","","","","","","","","","","","","","","","","","","","","","","","","","","0"
"234","Florida St.","11/20/10","24","PRYOR","LONNIE","3","12","0","12","0","","","","","","","3","12","","","","","","","","","","","","","","","","","","","","","","","","","","","","","","0"
"234","Florida St.","11/27/10","24","PRYOR","LONNIE","5","12","0","12","1","","","","","","","5","12","1","3","0","","","","","","","","","","","","","","","1","","","","","","","","","","","","6"
"234","Florida St.","12/04/10","24","PRYOR","LONNIE","","","","","","","","","","","","0","0","1","14","0","","","","","","","","","","","","1","14","0","","","","","","","","","","","","","0"
"234","Florida St.","12/31/10","24","PRYOR","LONNIE","2","11","1","10","0","","","","","","","2","10","2","7","0","","","","","","","","","","","","","","","","","","","","","","","","","","","0"
"234","Florida St.","09/04/10","83","REED","BERT","1","0","2","-2","0","","","","","","","1","-2","5","50","1","","","","","","","","","","","","","","","1","","","","","","","","","","","","6"
"234","Florida St.","09/11/10","83","REED","BERT","1","0","2","-2","0","","","","","","","1","-2","3","31","0","","","","","","","","","","","","","","","","","","","","","","","","","","","0"
"234","Florida St.","09/18/10","83","REED","BERT","","","","","","","","","","","","0","0","9","89","0","","","","","","","","","","","","","","","","","","","","","","","","","","","0"
"234","Florida St.","09/25/10","83","REED","BERT","","","","","","","","","","","","0","0","6","39","0","","","","","","","","","","","","","","","","","","","","","","","","","","","0"
"234","Florida St.","10/02/10","83","REED","BERT","","","","","","","","","","","","0","0","5","42","0","","","","","","","","","","","","1","12","0","","","","","","","","","","","","","0"
"234","Florida St.","10/09/10","83","REED","BERT","1","5","0","5","0","","","","","","","1","5","2","18","0","","","","","","","","","","","","","","","","","","","","","","","","","","","0"
"234","Florida St.","10/16/10","83","REED","BERT","1","42","0","42","1","","","","","","","1","42","4","35","0","","","","","","","","","","","","","","","1","","","","","","","","","","","","6"
"234","Florida St.","10/28/10","83","REED","BERT","","","","","","","","","","","","0","0","6","87","0","","","","","","","","","","","","","","","","","","","","","","","","","","","0"
"234","Florida St.","11/06/10","83","REED","BERT","","","","","","","","","","","","0","0","4","30","0","","","","","","","","","","","","","","","","","","","","","","","","","","","0"
"234","Florida St.","11/20/10","83","REED","BERT","","","","","","","","","","","","0","0","6","93","1","","","","","","","","","","","","","","","1","","","","","","","","","","","","6"
"234","Florida St.","11/27/10","83","REED","BERT","","","","","","","","","","","","0","0","3","33","0","","","","","","","","","","","","","","","","","","","","","","","","","","","0"
"234","Florida St.","12/04/10","83","REED","BERT","2","10","0","10","0","","","","","","","2","10","3","42","0","","","","","","","","","","","","","","","","","","","","","","","","","","","0"
"234","Florida St.","12/31/10","83","REED","BERT","","","","","","1","0","1","0","0","","1","0","2","25","0","","","","","","","","","","","","","","","","","","","","","","","","","","","0"
"234","Florida St.","09/04/10","5","REID","GREG","1","8","0","8","0","","","","","","","1","8","","","","","","","","","","","","1","74","1","","","","1","","","","","","","","","","","","6"
"234","Florida St.","09/11/10","5","REID","GREG","1","6","0","6","0","","","","","","","1","6","","","","","","","","","","","","2","1","0","3","36","0","","","","","","","","","","","","","0"
"234","Florida St.","09/18/10","5","REID","GREG","","","","","","","","","","","","0","0","","","","","","","","","","","","3","18","0","1","15","0","","","","","","","","","","","","","0"
"234","Florida St.","09/25/10","5","REID","GREG","","","","","","","","","","","","0","0","","","","","","","","","","","","5","25","0","","","","","","","","","","","","","","","","0"
"234","Florida St.","10/02/10","5","REID","GREG","","","","","","","","","","","","0","0","","","","2","28","0","","","","","","4","62","0","","","","","","","","","","","","","","","","0"
"234","Florida St.","10/09/10","5","REID","GREG","","","","","","","","","","","","0","0","","","","","","","","","","","","2","16","0","4","145","0","","","","","","","","","","","","","0"
"234","Florida St.","10/16/10","5","REID","GREG","","","","","","","","","","","","0","0","","","","","","","","","","","","3","17","0","2","47","0","","","","","","","","","","","","","0"
"234","Florida St.","10/28/10","5","REID","GREG","","","","","","","","","","","","0","0","","","","","","","","","","","","2","46","0","3","51","0","","","","","","","","","","","","","0"
"234","Florida St.","11/06/10","5","REID","GREG","","","","","","","","","","","","0","0","","","","","","","","","","","","5","2","0","7","193","0","","","","","","","","","","","","","0"
"234","Florida St.","11/13/10","5","REID","GREG","","","","","","","","","","","","0","0","","","","","","","","","","","","1","0","0","4","82","0","","","","","","","","","","","","","0"
"234","Florida St.","11/20/10","5","REID","GREG","","","","","","","","","","","","0","0","","","","1","0","0","","","","","","1","0","0","2","50","0","","","","","","","","","","","","","0"
"234","Florida St.","11/27/10","5","REID","GREG","","","","","","","","","","","","0","0","","","","","","","","","","","","","","","2","48","0","","","","","","","","","","","","","0"
"234","Florida St.","12/04/10","5","REID","GREG","","","","","","","","","","","","0","0","","","","","","","","","","","","","","","2","57","0","","","","","","","","","","","","","0"
"234","Florida St.","12/31/10","5","REID","GREG","","","","","","","","","","","","0","0","","","","","","","","","","","","2","53","0","1","18","0","","","","","","","","","","","","","0"
"234","Florida St.","09/11/10","88","RELIFORD","BEAU","","","","","","","","","","","","0","0","1","9","0","","","","","","","","","","","","","","","","","","","","","","","","","","","0"
"234","Florida St.","09/25/10","88","RELIFORD","BEAU","","","","","","","","","","","","0","0","1","7","0","","","","","","","","","","","","","","","","","","","","","","","","","","","0"
"234","Florida St.","10/02/10","88","RELIFORD","BEAU","","","","","","","","","","","","0","0","2","32","0","","","","","","","","","","","","","","","","","","","","","","","","","","","0"
"234","Florida St.","10/09/10","88","RELIFORD","BEAU","","","","","","","","","","","","0","0","2","27","0","","","","","","","","","","","","","","","","","","","","","","","","","","","0"
"234","Florida St.","10/16/10","88","RELIFORD","BEAU","","","","","","","","","","","","0","0","1","10","1","","","","","","","","","","","","","","","1","","","","","","","","","","","","6"
"234","Florida St.","10/28/10","88","RELIFORD","BEAU","","","","","","","","","","","","0","0","1","5","0","","","","","","","","","","","","","","","","","","","","","","","","","","","0"
"234","Florida St.","11/13/10","88","RELIFORD","BEAU","","","","","","","","","","","","0","0","4","35","0","","","","","","","","","","","","","","","","","","","","","","","","","","","0"
"234","Florida St.","11/20/10","88","RELIFORD","BEAU","","","","","","","","","","","","0","0","1","16","0","","","","","","","","","","","","","","","","","","","","","","","","","","","0"
"234","Florida St.","11/27/10","88","RELIFORD","BEAU","","","","","","","","","","","","0","0","2","30","0","","","","","","","","","","","","","","","","","","","","","","","","","","","0"
"234","Florida St.","12/04/10","88","RELIFORD","BEAU","","","","","","","","","","","","0","0","2","27","0","","","","","","","","","","","","","","","","","","","","","","","","","","","0"
"234","Florida St.","09/18/10","27","RHODES","XAVIER","","","","","","","","","","","","0","0","","","","1","2","0","","","","","","","","","","","","","","","","","","","","","","","","0"
"234","Florida St.","10/28/10","27","RHODES","XAVIER","","","","","","","","","","","","0","0","","","","1","23","0","","","","","","","","","","","","","","","","","","","","","","","","0"
"234","Florida St.","11/13/10","27","RHODES","XAVIER","","","","","","","","","","","","0","0","","","","1","15","0","","","","","","","","","","","","","","","","","","","","","","","","0"
"234","Florida St.","12/31/10","27","RHODES","XAVIER","","","","","","","","","","","","0","0","","","","1","0","0","","","","","","","","","","","","","","","","","","","","","","","","0"
"234","Florida St.","09/25/10","81","SHAW","KENNY","","","","","","","","","","","","0","0","2","28","1","","","","","","","","","","","","","","","1","","","","","","","","","","","","6"
"234","Florida St.","11/13/10","81","SHAW","KENNY","","","","","","","","","","","","0","0","1","8","0","","","","","","","","","","","","","","","","","","","","","","","","","","","0"
"234","Florida St.","09/04/10","21","SMILEY","DEBRALE","2","9","0","9","0","","","","","","","2","9","1","6","0","","","","","","","","","","","","","","","","","","","","","","","","","","","0"
"234","Florida St.","10/02/10","21","SMILEY","DEBRALE","3","19","0","19","0","","","","","","","3","19","","","","","","","","","","","","","","","","","","","","","","","","","","","","","","0"
"234","Florida St.","12/31/10","29","SMITH","KENDALL","","","","","","","","","","","","0","0","","","","1","4","0","1","46","0","","","","","","","","","","","","","","","","","","","","","0"
"234","Florida St.","09/04/10","84","SMITH","RODNEY","","","","","","","","","","","","0","0","1","42","0","","","","","","","","","","","","","","","","","","","","","","","","","","","0"
"234","Florida St.","09/18/10","84","SMITH","RODNEY","","","","","","","","","","","","0","0","2","18","0","","","","","","","","","","","","","","","","","","","","","","","","","","","0"
"234","Florida St.","09/25/10","84","SMITH","RODNEY","","","","","","","","","","","","0","0","2","9","0","","","","","","","","","","","","","","","","","","","","","","","","","","","0"
"234","Florida St.","10/02/10","84","SMITH","RODNEY","","","","","","","","","","","","0","0","2","10","0","","","","","","","","","","","","","","","","","","","","","","","","","","","0"
"234","Florida St.","10/09/10","84","SMITH","RODNEY","","","","","","","","","","","","0","0","1","18","1","","","","","","","","","","","","","","","1","","","","","","","","","","","","6"
"234","Florida St.","10/16/10","84","SMITH","RODNEY","","","","","","","","","","","","0","0","6","49","0","","","","","","","","","","","","","","","","","","","","","","","","","","","0"
"234","Florida St.","10/28/10","84","SMITH","RODNEY","","","","","","","","","","","","0","0","1","5","0","","","","","","","","","","","","","","","","","","","","","","","","","","","0"
"234","Florida St.","11/06/10","84","SMITH","RODNEY","","","","","","","","","","","","0","0","2","33","1","","","","","","","","","","","","","","","1","","","","","","","","","","","","6"
"234","Florida St.","11/13/10","84","SMITH","RODNEY","","","","","","","","","","","","0","0","4","121","0","","","","","","","","","","","","","","","","","","","","","","","","","","","0"
"234","Florida St.","11/20/10","84","SMITH","RODNEY","","","","","","","","","","","","0","0","2","24","0","","","","","","","","","","","","","","","","","","","","","","","","","","","0"
"234","Florida St.","11/27/10","84","SMITH","RODNEY","","","","","","","","","","","","0","0","4","79","1","","","","","","","","","","","","","","","1","","","","","","","","","","","","6"
"234","Florida St.","12/04/10","84","SMITH","RODNEY","","","","","","","","","","","","0","0","3","28","0","","","","","","","","","","","","","","","","","","","","","","","","","","","0"
"234","Florida St.","12/31/10","84","SMITH","RODNEY","","","","","","","","","","","","0","0","1","12","0","","","","","","","","","","","","","","","","","","","","","","","","","","","0"
"234","Florida St.","09/04/10","38","THOMAS","JERMAINE","8","31","0","31","1","","","","","","","8","31","1","21","0","","","","","","","","","","","","","","","1","","","","","","","","","","","","6"
"234","Florida St.","09/11/10","38","THOMAS","JERMAINE","11","66","8","58","1","","","","","","","11","58","2","35","0","","","","","","","","","","","","","","","1","","","","","","","","","","","","6"
"234","Florida St.","09/18/10","38","THOMAS","JERMAINE","4","13","4","9","0","","","","","","","4","9","","","","","","","","","","","","","","","","","","","","","","","","","","","","","","0"
"234","Florida St.","09/25/10","38","THOMAS","JERMAINE","10","93","5","88","0","","","","","","","10","88","1","11","0","","","","","","","","","","","","","","","","","","","","","","","","","","","0"
"234","Florida St.","10/02/10","38","THOMAS","JERMAINE","16","132","10","122","2","","","","","","","16","122","1","5","0","","","","","","","","","","","","","","","2","","","","","","","","","","","","12"
"234","Florida St.","10/09/10","38","THOMAS","JERMAINE","16","84","6","78","2","","","","","","","16","78","2","34","1","","","","","","","","","","","","","","","3","","","","","","","","","","","","18"
"234","Florida St.","10/16/10","38","THOMAS","JERMAINE","5","47","3","44","0","","","","","","","5","44","","","","","","","","","","","","","","","","","","","","","","","","","","","","","","0"
"234","Florida St.","10/28/10","38","THOMAS","JERMAINE","4","16","0","16","0","","","","","","","4","16","2","14","0","","","","","","","","","","","","","","","","","","","","","","","","","","","0"
"234","Florida St.","11/06/10","38","THOMAS","JERMAINE","8","35","1","34","0","","","","","","","8","34","2","14","0","","","","","","","","","","","","","","","","","","","","","","","","","","","0"
"234","Florida St.","11/13/10","38","THOMAS","JERMAINE","3","5","1","4","0","","","","","","","3","4","1","0","0","","","","","","","","","","","","","","","","","","","","","","","","","","","0"
"234","Florida St.","12/31/10","38","THOMAS","JERMAINE","1","6","0","6","0","","","","","","","1","6","","","","","","","","","","","","","","","","","","","","","","","","","","","","","","0"
"234","Florida St.","09/04/10","23","THOMPSON","CHRIS","3","17","0","17","1","","","","","","","3","17","4","54","0","","","","","","","","","1","4","0","","","","1","","","","","","","","","","","","6"
"234","Florida St.","09/11/10","23","THOMPSON","CHRIS","5","10","0","10","0","","","","","","","5","10","2","19","0","","","","","","","","","","","","","","","","","","","","","","","","","","","0"
"234","Florida St.","09/18/10","23","THOMPSON","CHRIS","9","128","5","123","1","","","","","","","9","123","","","","","","","","","","","","","","","","","","1","","","","","","","","","","","","6"
"234","Florida St.","09/25/10","23","THOMPSON","CHRIS","7","37","1","36","0","","","","","","","7","36","1","3","0","","","","","","","","","","","","","","","","","","","","","","","","","","","0"
"234","Florida St.","10/02/10","23","THOMPSON","CHRIS","10","76","0","76","1","","","","","","","10","76","","","","","","","","","","","","","","","","","","1","","","","","","","","","","","","6"
"234","Florida St.","10/09/10","23","THOMPSON","CHRIS","14","165","7","158","1","","","","","","","14","158","","","","","","","","","","","","","","","","","","1","","","","","","","","","","","","6"
"234","Florida St.","10/16/10","23","THOMPSON","CHRIS","10","25","0","25","0","","","","","","","10","25","","","","","","","","","","","","","","","","","","","","","","","","","","","","","","0"
"234","Florida St.","10/28/10","23","THOMPSON","CHRIS","6","39","0","39","0","","","","","","","6","39","","","","","","","","","","","","","","","2","33","0","","","","","","","","","","","","","0"
"234","Florida St.","11/06/10","23","THOMPSON","CHRIS","9","49","0","49","0","","","","","","","9","49","","","","","","","","","","","","","","","","","","","","","","","","","","","","","","0"
"234","Florida St.","11/13/10","23","THOMPSON","CHRIS","3","16","0","16","0","","","","","","","3","16","","","","","","","","","","","","","","","","","","","","","","","","","","","","","","0"
"234","Florida St.","11/20/10","23","THOMPSON","CHRIS","8","97","2","95","1","","","","","","","8","95","3","25","0","","","","","","","","","","","","","","","1","","","","","","","","","","","","6"
"234","Florida St.","11/27/10","23","THOMPSON","CHRIS","17","49","7","42","0","","","","","","","17","42","2","12","0","","","","","","","","","","","","","","","","","","","","","","","","","","","0"
"234","Florida St.","12/04/10","23","THOMPSON","CHRIS","8","15","3","12","0","","","","","","","8","12","5","25","1","","","","","","","","","","","","","","","1","","","","","","","","","","","","6"
"234","Florida St.","12/31/10","23","THOMPSON","CHRIS","25","148","1","147","1","","","","","","","25","147","2","17","0","","","","","","","","","","","","","","","1","","","","","","","","","","","","6"
"234","Florida St.","09/04/10","11","WILLIAMS","VINCE","","","","","","","","","","","","0","0","","","","","","","","","","","","","","","1","10","0","","","","","","","","","","","","","0"
"96","Fresno St.","11/13/10","20","BELL","LORNE","","","","","","","","","","","","0","0","","","","1","0","0","","","","","","","","","","","","","","","","","","","","","","","","0"
"96","Fresno St.","11/27/10","9","BROWN","TRAVIS","","","","","","","","","","","","0","0","","","","1","30","1","","","","","","","","","","","","1","","","","","","","","","","","","6"
"96","Fresno St.","09/25/10","1","BURSE","ISAIAH","1","14","0","14","0","","","","","","","1","14","1","9","0","","","","","","","","","","","","","","","","","","","","","","","","","","","0"
"96","Fresno St.","10/02/10","1","BURSE","ISAIAH","4","24","0","24","0","","","","","","","4","24","2","63","1","","","","","","","","","","","","","","","1","","","","","","","","","","","","6"
"96","Fresno St.","10/09/10","1","BURSE","ISAIAH","1","0","1","-1","0","","","","","","","1","-1","2","30","0","","","","","","","","","","","","","","","","","","","","","","","","","","","0"
"96","Fresno St.","10/16/10","1","BURSE","ISAIAH","1","30","0","30","1","","","","","","","1","30","2","21","0","","","","","","","","","","","","","","","1","","","","","","","","","","","","6"
"96","Fresno St.","10/23/10","1","BURSE","ISAIAH","","","","","","1","1","0","43","1","","1","43","1","5","0","","","","","","","","","","","","","","","","","","","","","","","","","","","0"
"96","Fresno St.","11/06/10","1","BURSE","ISAIAH","","","","","","","","","","","","0","0","1","10","0","","","","","","","","","","","","","","","","","","","","","","","","","","","0"
"96","Fresno St.","11/13/10","1","BURSE","ISAIAH","","","","","","","","","","","","0","0","1","26","1","","","","","","","","","","","","","","","1","","","","","","","","","","","","6"
"96","Fresno St.","11/19/10","1","BURSE","ISAIAH","2","5","4","1","0","1","0","0","0","0","","3","1","1","8","0","","","","","","","","","","","","8","196","0","","","","","","","","","","","","","0"
"96","Fresno St.","11/27/10","1","BURSE","ISAIAH","3","8","6","2","0","","","","","","","3","2","1","7","0","","","","","","","","","","","","4","83","0","","","","","","","","","","","","","0"
"96","Fresno St.","12/03/10","1","BURSE","ISAIAH","","","","","","","","","","","","0","0","","","","","","","","","","","","","","","5","168","0","","","","","","","","","","","","","0"
"96","Fresno St.","12/18/10","1","BURSE","ISAIAH","4","4","3","1","0","","","","","","","4","1","1","11","0","","","","","","","","","","","","5","131","0","","","","","","","","","","","","","0"
"96","Fresno St.","09/04/10","15","COLBURN","RYAN","5","13","5","8","0","24","18","1","247","4","","29","255","","","","","","","","","","","","","","","","","","","","","","","","","","","","","","0"
"96","Fresno St.","09/18/10","15","COLBURN","RYAN","8","44","4","40","1","23","15","1","149","1","","31","189","","","","","","","","","","","","","","","","","","1","","","","","","","","","","","","6"
"96","Fresno St.","09/25/10","15","COLBURN","RYAN","9","28","22","6","0","42","32","0","390","4","","51","396","","","","","","","","","","","","","","","","","","","","","","","","","","","","","","0"
"96","Fresno St.","10/02/10","15","COLBURN","RYAN","4","20","8","12","0","17","12","1","206","2","","21","218","","","","","","","","","","","","","","","","","","","","","","","","","","","","","","0"
"96","Fresno St.","10/09/10","15","COLBURN","RYAN","10","54","35","19","1","37","19","3","258","1","","47","277","","","","","","","","","","","","","","","","","","1","","","","","","","","","","","","6"
"96","Fresno St.","10/16/10","15","COLBURN","RYAN","4","13","10","3","0","20","12","0","132","1","","24","135","","","","","","","","","","","","","","","","","","","","","","","","","","","","","","0"
"96","Fresno St.","10/23/10","15","COLBURN","RYAN","10","42","40","2","0","18","10","0","125","0","","28","127","","","","","","","","","","","","","","","","","","","","","","","","","","","","","","0"
"96","Fresno St.","11/06/10","15","COLBURN","RYAN","7","32","12","20","1","33","20","1","229","3","","40","249","","","","","","","","","","","","","","","","","","1","","","","","","","","","","","","6"
"96","Fresno St.","11/13/10","15","COLBURN","RYAN","8","26","19","7","0","26","16","0","194","2","","34","201","","","","","","","","","","","","","","","","","","","","","","","","","","","","","","0"
"96","Fresno St.","11/19/10","15","COLBURN","RYAN","7","10","31","-21","0","23","6","2","76","0","","30","55","","","","","","","","","","","","","","","","","","","","","","","","","","","","","","0"
"96","Fresno St.","11/27/10","15","COLBURN","RYAN","10","35","37","-2","0","33","21","0","219","0","","43","217","","","","","","","","","","","","","","","","","","","","","","","","","","","","","","0"
"96","Fresno St.","12/03/10","15","COLBURN","RYAN","4","9","6","3","0","26","18","0","304","3","","30","307","","","","","","","","","","","","","","","","","","","","","1","0","","","","","","","","0"
"96","Fresno St.","12/18/10","15","COLBURN","RYAN","9","11","33","-22","0","38","28","0","288","2","","47","266","","","","","","","","","","","","","","","","","","","","","","","","","","","","","","0"
"96","Fresno St.","10/02/10","24","DUNN","DESIA","","","","","","","","","","","","0","0","","","","","","","","","","","","0","1","1","","","","1","","","","","","","","","","","","6"
"96","Fresno St.","10/09/10","24","DUNN","DESIA","","","","","","","","","","","","0","0","","","","1","0","0","","","","","","","","","","","","","","","","","","","","","","","","0"
"96","Fresno St.","11/06/10","24","DUNN","DESIA","","","","","","","","","","","","0","0","","","","1","29","0","","","","","","","","","","","","","","","","","","","","","","","","0"
"96","Fresno St.","09/04/10","23","ELLIS","A.J.","1","6","0","6","0","","","","","","","1","6","1","3","0","","","","","","","","","","","","","","","","","","","","","","","","","","","0"
"96","Fresno St.","09/18/10","23","ELLIS","A.J.","29","165","0","165","2","","","","","","","29","165","1","10","1","","","","","","","","","","","","","","","3","","","","","","","","","","","","18"
"96","Fresno St.","09/25/10","23","ELLIS","A.J.","7","12","11","1","0","","","","","","","7","1","1","0","0","","","","","","","","","","","","","","","","","","","","","","","","","","","0"
"96","Fresno St.","10/23/10","23","ELLIS","A.J.","6","11","1","10","0","","","","","","","6","10","1","3","0","","","","","","","","","","","","","","","","","","","","","","","","","","","0"
"96","Fresno St.","11/06/10","23","ELLIS","A.J.","2","1","1","0","0","","","","","","","2","0","2","7","0","","","","","","","","","","","","","","","","","","","","","","","","","","","0"
"96","Fresno St.","11/27/10","23","ELLIS","A.J.","11","56","1","55","1","","","","","","","11","55","2","26","0","","","","","","","","","","","","","","","1","","","","","","","","","","","","6"
"96","Fresno St.","12/03/10","23","ELLIS","A.J.","19","55","11","44","0","","","","","","","19","44","3","44","1","","","","","","","","","","","","","","","1","","","","","","","","","","","","6"
"96","Fresno St.","09/04/10","11","EVANS","RASHAD","1","0","6","-6","0","","","","","","","1","-6","4","71","1","","","","","","","","","2","6","0","","","","1","","","","","","","","","","","","6"
"96","Fresno St.","09/18/10","11","EVANS","RASHAD","2","14","1","13","0","","","","","","","2","13","4","22","0","","","","","","","","","2","63","0","","","","","","","","","","","","","","","","0"
"96","Fresno St.","10/09/10","11","EVANS","RASHAD","","","","","","","","","","","","0","0","6","66","0","","","","","","","","","3","57","0","","","","","","","","","","","","","","","","0"
"96","Fresno St.","10/16/10","11","EVANS","RASHAD","","","","","","","","","","","","0","0","4","36","0","","","","","","","","","3","11","0","","","","","","","","","","","","","","","","0"
"96","Fresno St.","10/23/10","11","EVANS","RASHAD","","","","","","","","","","","","0","0","2","43","1","","","","","","","","","2","30","0","","","","1","","","","","","","","","","","","6"
"96","Fresno St.","11/06/10","11","EVANS","RASHAD","","","","","","","","","","","","0","0","3","36","0","","","","","","","","","2","3","0","","","","","","","","","","","","","","","","0"
"96","Fresno St.","11/13/10","11","EVANS","RASHAD","","","","","","","","","","","","0","0","4","52","0","","","","","","","","","3","2","0","","","","","","","","","","","","","","","","0"
"96","Fresno St.","11/27/10","11","EVANS","RASHAD","","","","","","","","","","","","0","0","3","9","0","","","","","","","","","2","5","0","","","","","","","","","","","","","","","","0"
"96","Fresno St.","12/03/10","11","EVANS","RASHAD","","","","","","","","","","","","0","0","3","56","1","","","","","","","","","4","21","0","","","","1","","","","","","","","","","","","6"
"96","Fresno St.","12/18/10","11","EVANS","RASHAD","1","4","0","4","0","","","","","","","1","4","6","33","1","","","","","","","","","","","","","","","1","","","","","","","","","","","","6"
"96","Fresno St.","09/04/10","35","GOESSLING","KEVIN","","","","","","","","","","","","0","0","","","","","","","","","","","","","","","","","","","4","4","0","0","","","","","","","","4"
"96","Fresno St.","09/18/10","35","GOESSLING","KEVIN","","","","","","","","","","","","0","0","","","","","","","","","","","","","","","","","","","5","5","0","0","","","","","2","2","","11"
"96","Fresno St.","09/25/10","35","GOESSLING","KEVIN","","","","","","","","","","","","0","0","","","","","","","","","","","","","","","","","","","5","5","0","0","","","","","3","1","","8"
"96","Fresno St.","10/02/10","35","GOESSLING","KEVIN","","","","","","","","","","","","0","0","","","","","","","","","","","","","","","","","","","5","5","0","0","","","","","1","1","","8"
"96","Fresno St.","10/09/10","35","GOESSLING","KEVIN","","","","","","","","","","","","0","0","","","","","","","","","","","","","","","","","","","3","3","0","0","","","","","2","2","","9"
"96","Fresno St.","10/16/10","35","GOESSLING","KEVIN","","","","","","","","","","","","0","0","","","","","","","","","","","","","","","","","","","4","4","0","0","","","","","1","1","","7"
"96","Fresno St.","10/23/10","35","GOESSLING","KEVIN","","","","","","","","","","","","0","0","","","","","","","","","","","","","","","","","","","3","3","0","0","","","","","4","4","","15"
"96","Fresno St.","11/06/10","35","GOESSLING","KEVIN","","","","","","","","","","","","0","0","","","","","","","","","","","","","","","","","","","5","4","0","0","","","","","3","2","","10"
"96","Fresno St.","11/13/10","35","GOESSLING","KEVIN","","","","","","","","","","","","0","0","","","","","","","","","","","","","","","","","","","4","4","0","0","","","","","3","2","","10"
"96","Fresno St.","11/27/10","35","GOESSLING","KEVIN","","","","","","","","","","","","0","0","","","","","","","","","","","","","","","","","","","2","2","0","0","","","","","3","3","","11"
"96","Fresno St.","12/03/10","35","GOESSLING","KEVIN","","","","","","","","","","","","0","0","","","","","","","","","","","","","","","","","","","2","1","0","0","","","","","2","2","","7"
"96","Fresno St.","12/18/10","35","GOESSLING","KEVIN","","","","","","","","","","","","0","0","","","","","","","","","","","","","","","","","","","2","2","0","0","","","","","2","1","","5"
"96","Fresno St.","09/04/10","17","HAMLER","JAMEL","","","","","","","","","","","","0","0","5","53","1","","","","","","","","","","","","","","","1","","","","","","","","","","","","6"
"96","Fresno St.","09/18/10","17","HAMLER","JAMEL","","","","","","","","","","","","0","0","4","69","0","","","","","","","","","1","10","0","","","","","","","","","","","","","","","","0"
"96","Fresno St.","09/25/10","17","HAMLER","JAMEL","","","","","","","","","","","","0","0","8","130","1","","","","","","","","","","","","","","","1","","","","","","","","","","","","6"
"96","Fresno St.","10/09/10","17","HAMLER","JAMEL","","","","","","","","","","","","0","0","3","65","0","","","","","","","","","","","","","","","","","","","","","","","","","","","0"
"96","Fresno St.","10/16/10","17","HAMLER","JAMEL","","","","","","","","","","","","0","0","1","9","0","","","","","","","","","","","","","","","","","","","","","","","","","","","0"
"96","Fresno St.","10/23/10","17","HAMLER","JAMEL","","","","","","","","","","","","0","0","2","44","0","","","","","","","","","","","","","","","","","","","","","","","","","","","0"
"96","Fresno St.","11/06/10","17","HAMLER","JAMEL","","","","","","","","","","","","0","0","8","118","3","","","","","","","","","","","","","","","3","","","","","","","","","","","","18"
"96","Fresno St.","11/13/10","17","HAMLER","JAMEL","","","","","","","","","","","","0","0","3","37","0","","","","","","","","","","","","","","","","","","","","","","","","","","","0"
"96","Fresno St.","11/19/10","17","HAMLER","JAMEL","1","0","1","-1","0","","","","","","","1","-1","3","37","0","","","","","","","","","","","","","","","","","","","","","","","","","","","0"
"96","Fresno St.","11/27/10","17","HAMLER","JAMEL","","","","","","","","","","","","0","0","3","71","0","","","","","","","","","","","","","","","","","","","","","","","","","","","0"
"96","Fresno St.","12/03/10","17","HAMLER","JAMEL","","","","","","","","","","","","0","0","7","92","0","","","","","","","","","","","","","","","","","","","","","","","","","","","0"
"96","Fresno St.","12/18/10","17","HAMLER","JAMEL","","","","","","","","","","","","0","0","7","87","1","","","","","","","","","","","","","","","1","","","","","","","","","","","","6"
"96","Fresno St.","09/25/10","26","HARRIS","MICHAEL","4","11","0","11","1","","","","","","","4","11","2","16","0","","","","","","","","","","","","","","","1","","","","","","","","","","","","6"
"96","Fresno St.","10/02/10","26","HARRIS","MICHAEL","8","61","0","61","0","","","","","","","8","61","","","","","","","","","","","","","","","","","","","","","","","","","","","","","","0"
"96","Fresno St.","10/09/10","26","HARRIS","MICHAEL","5","21","1","20","1","","","","","","","5","20","3","17","0","","","","","","","","","","","","","","","1","","","","","","","","","","","","6"
"96","Fresno St.","10/16/10","26","HARRIS","MICHAEL","6","13","5","8","0","","","","","","","6","8","","","","","","","","","","","","","","","","","","","","","","","","","","","","","","0"
"96","Fresno St.","11/27/10","26","HARRIS","MICHAEL","2","1","6","-5","0","","","","","","","2","-5","","","","","","","","","","","","","","","","","","","","","","","","","","","","","","0"
"96","Fresno St.","12/03/10","26","HARRIS","MICHAEL","1","5","0","5","0","","","","","","","1","5","","","","","","","","","","","","","","","","","","","","","","","","","","","","","","0"
"96","Fresno St.","12/18/10","26","HARRIS","MICHAEL","1","1","0","1","0","","","","","","","1","1","3","42","0","","","","","","","","","","","","","","","","","","","","","","","","","","","0"
"96","Fresno St.","11/19/10","54","JACOBS","BEN","","","","","","","","","","","","0","0","","","","","","","","","","","","","","","1","3","0","","","","","","","","","","","","","0"
"96","Fresno St.","09/18/10","82","JOHNSON","A.J.","","","","","","","","","","","","0","0","2","25","0","","","","","","","","","","","","","","","","","","","","","","","","","","","0"
"96","Fresno St.","09/25/10","82","JOHNSON","A.J.","","","","","","","","","","","","0","0","1","9","0","","","","","","","","","","","","","","","","","","","","","","","","","","","0"
"96","Fresno St.","10/02/10","82","JOHNSON","A.J.","1","7","0","7","0","","","","","","","1","7","4","33","1","","","","","","","","","","","","","","","1","","","","","","","","","","","","6"
"96","Fresno St.","10/23/10","82","JOHNSON","A.J.","","","","","","","","","","","","0","0","1","26","0","","","","","","","","","","","","","","","","","","","","","","","","","","","0"
"96","Fresno St.","11/13/10","82","JOHNSON","A.J.","","","","","","","","","","","","0","0","3","32","0","","","","","","","","","","","","","","","","","","","","","","","","","","","0"
"96","Fresno St.","11/19/10","82","JOHNSON","A.J.","","","","","","","","","","","","0","0","1","21","0","","","","","","","","","","","","","","","","","","","","","","","","","","","0"
"96","Fresno St.","11/27/10","82","JOHNSON","A.J.","","","","","","","","","","","","0","0","4","36","0","","","","","","","","","","","","","","","","","","","","","","","","","","","0"
"96","Fresno St.","12/03/10","82","JOHNSON","A.J.","","","","","","","","","","","","0","0","1","15","0","","","","","","","","","","","","","","","","","","","","","","","","","","","0"
"96","Fresno St.","12/18/10","82","JOHNSON","A.J.","","","","","","","","","","","","0","0","3","44","0","","","","","","","","","","","","","","","","","","","","","","","","","","","0"
"96","Fresno St.","09/18/10","80","LINDSEY","MATT","","","","","","","","","","","","0","0","1","7","0","","","","","","","","","","","","","","","","","","","","","","","","","","","0"
"96","Fresno St.","09/25/10","80","LINDSEY","MATT","","","","","","","","","","","","0","0","6","102","0","","","","","","","","","","","","","","","","","","","","","","","","","","","0"
"96","Fresno St.","10/02/10","80","LINDSEY","MATT","","","","","","","","","","","","0","0","2","54","0","","","","","","","","","","","","","","","","","","","","","","","","","","","0"
"96","Fresno St.","10/09/10","80","LINDSEY","MATT","","","","","","","","","","","","0","0","1","12","0","","","","","","","","","","","","","","","","","","","","","","","","","","","0"
"96","Fresno St.","11/13/10","80","LINDSEY","MATT","","","","","","","","","","","","0","0","2","21","0","","","","","","","","","","","","","","","","","","","","","","","","","","","0"
"96","Fresno St.","11/27/10","80","LINDSEY","MATT","","","","","","","","","","","","0","0","2","12","0","","","","","","","","","","","","","","","","","","","","","","","","","","","0"
"96","Fresno St.","09/04/10","49","PASCOE","VINCE","","","","","","","","","","","","0","0","1","26","0","","","","","","","","","","","","","","","","","","","","","","","","","","","0"
"96","Fresno St.","09/25/10","49","PASCOE","VINCE","","","","","","","","","","","","0","0","2","11","0","","","","","","","","","","","","1","11","0","","","","","","","","","","","","","0"
"96","Fresno St.","10/09/10","49","PASCOE","VINCE","","","","","","","","","","","","0","0","1","6","0","","","","","","","","","","","","","","","","","","","","","","","","","","","0"
"96","Fresno St.","12/03/10","49","PASCOE","VINCE","","","","","","","","","","","","0","0","1","7","0","","","","","","","","","","","","","","","","","","","","","","","","","","","0"
"96","Fresno St.","10/02/10","39","PLUMMER","SHAWN","","","","","","","","","","","","0","0","","","","","","","","","","","","1","11","0","","","","","","","","","","","","","","","","0"
"96","Fresno St.","09/25/10","41","RAPHAEL","AUSTIN","","","","","","","","","","","","0","0","1","3","1","","","","","","","","","","","","","","","1","","","","","","","","","","","","6"
"96","Fresno St.","10/02/10","41","RAPHAEL","AUSTIN","","","","","","","","","","","","0","0","2","22","0","","","","","","","","","","","","","","","","","","","","","","","","","","","0"
"96","Fresno St.","11/06/10","41","RAPHAEL","AUSTIN","","","","","","","","","","","","0","0","1","20","0","","","","","","","","","1","10","0","","","","","","","","","","","","","","","","0"
"96","Fresno St.","12/03/10","41","RAPHAEL","AUSTIN","","","","","","","","","","","","0","0","1","4","0","","","","","","","","","","","","","","","","","","","","","","","","","","","0"
"96","Fresno St.","12/18/10","41","RAPHAEL","AUSTIN","","","","","","","","","","","","0","0","1","30","0","","","","","","","","","","","","","","","","","","","","","","","","","","","0"
"96","Fresno St.","09/04/10","8","ROUSE","ROBBIE","20","47","7","40","0","","","","","","","20","40","2","20","1","","","","","","","","","","","","","","","1","","","","","","","","","","","","6"
"96","Fresno St.","09/25/10","8","ROUSE","ROBBIE","7","22","0","22","0","","","","","","","7","22","3","17","0","","","","","","","","","","","","","","","","","","","","","","","","","","","0"
"96","Fresno St.","10/02/10","8","ROUSE","ROBBIE","14","73","3","70","1","","","","","","","14","70","","","","","","","","","","","","","","","","","","1","","","","","","","","","","","","6"
"96","Fresno St.","10/09/10","8","ROUSE","ROBBIE","9","45","2","43","0","","","","","","","9","43","2","12","0","","","","","","","","","","","","","","","","","","","","","","","","","","","0"
"96","Fresno St.","10/16/10","8","ROUSE","ROBBIE","16","152","2","150","2","","","","","","","16","150","1","-1","0","","","","","","","","","","","","","","","2","","","","","","","","","","","","12"
"96","Fresno St.","10/23/10","8","ROUSE","ROBBIE","27","126","10","116","2","","","","","","","27","116","2","27","0","","","","","","","","","","","","","","","2","","","","","","","","","","","","12"
"96","Fresno St.","11/06/10","8","ROUSE","ROBBIE","43","288","2","286","1","","","","","","","43","286","2","25","0","","","","","","","","","","","","","","","1","","","","","","","","","","","","6"
"96","Fresno St.","11/13/10","8","ROUSE","ROBBIE","26","223","6","217","2","","","","","","","26","217","2","17","1","","","","","","","","","","","","","","","3","","","","","","","","","","","","18"
"96","Fresno St.","11/19/10","8","ROUSE","ROBBIE","17","74","4","70","0","","","","","","","17","70","","","","","","","","","","","","","","","","","","","","","","","","","","","","","","0"
"96","Fresno St.","11/27/10","8","ROUSE","ROBBIE","12","85","2","83","0","","","","","","","12","83","","","","","","","","","","","","","","","","","","","","","","","","","","","","","","0"
"96","Fresno St.","12/18/10","8","ROUSE","ROBBIE","14","42","10","32","0","","","","","","","14","32","1","14","0","","","","","","","","","","","","","","","","","","","","","","","","","","","0"
"96","Fresno St.","09/04/10","6","SAUNDERS","JALEN","","","","","","","","","","","","0","0","1","18","0","","","","","","","","","","","","","","","","","","","","","","","","","","","0"
"96","Fresno St.","09/18/10","6","SAUNDERS","JALEN","","","","","","","","","","","","0","0","2","14","0","","","","","","","","","2","26","0","5","110","0","","","","","","","","","","","","","0"
"96","Fresno St.","09/25/10","6","SAUNDERS","JALEN","","","","","","","","","","","","0","0","5","80","1","","","","","","","","","1","8","0","5","134","0","1","","","","","","","","","","","","6"
"96","Fresno St.","10/02/10","6","SAUNDERS","JALEN","1","10","0","10","0","","","","","","","1","10","2","34","0","","","","","","","","","2","25","0","3","84","0","","","","","","","","","","","","","0"
"96","Fresno St.","10/09/10","6","SAUNDERS","JALEN","3","20","0","20","0","","","","","","","3","20","1","50","1","","","","","","","","","","","","6","143","0","1","","","","","","","","","","","","6"
"96","Fresno St.","10/16/10","6","SAUNDERS","JALEN","2","6","9","-3","0","","","","","","","2","-3","3","64","0","","","","","","","","","","","","4","90","0","","","","","","","","","","","","","0"
"96","Fresno St.","10/23/10","6","SAUNDERS","JALEN","3","59","0","59","0","","","","","","","3","59","2","20","0","","","","","","","","","","","","","","","","","","","","","","","","","","","0"
"96","Fresno St.","11/06/10","6","SAUNDERS","JALEN","1","2","0","2","0","","","","","","","1","2","3","13","0","","","","","","","","","","","","4","74","0","","","","","","","","","","","","","0"
"96","Fresno St.","11/13/10","6","SAUNDERS","JALEN","2","5","2","3","0","","","","","","","2","3","1","9","0","","","","","","","","","","","","5","108","0","","","","","","","","","","","","","0"
"96","Fresno St.","11/19/10","6","SAUNDERS","JALEN","","","","","","","","","","","","0","0","1","10","0","","","","","","","","","1","10","0","","","","","","","","","","","","","","","","0"
"96","Fresno St.","11/27/10","6","SAUNDERS","JALEN","2","17","0","17","0","","","","","","","2","17","5","51","0","","","","","","","","","","","","","","","","","","","","","","","","","","","0"
"96","Fresno St.","12/03/10","6","SAUNDERS","JALEN","","","","","","","","","","","","0","0","1","78","1","","","","","","","","","","","","","","","1","","","","","","","","","","","","6"
"96","Fresno St.","12/18/10","6","SAUNDERS","JALEN","5","58","0","58","0","","","","","","","5","58","3","21","0","","","","","","","","","","","","","","","","","","","","","","","","","","","0"
"96","Fresno St.","09/04/10","34","SHAPIRO","ANDREW","","","","","","","","","","","","0","0","","","","","","","","","","8","320","","","","","","","","","","","","","","","","","","","0"
"96","Fresno St.","09/18/10","34","SHAPIRO","ANDREW","","","","","","","","","","","","0","0","","","","","","","","","","3","158","","","","","","","","","","","","","","","","","","","0"
"96","Fresno St.","09/25/10","34","SHAPIRO","ANDREW","","","","","","","","","","","","0","0","","","","","","","","","","4","148","","","","","","","","","","","","","","","","","","","0"
"96","Fresno St.","10/02/10","34","SHAPIRO","ANDREW","","","","","","","","","","","","0","0","","","","","","","","","","2","71","","","","","","","","","","","","","","","","","","","0"
"96","Fresno St.","10/09/10","34","SHAPIRO","ANDREW","","","","","","","","","","","","0","0","","","","","","","","","","6","241","","","","","","","","","","","","","","","","","","","0"
"96","Fresno St.","10/16/10","34","SHAPIRO","ANDREW","","","","","","","","","","","","0","0","","","","","","","","","","7","286","","","","","","","","","","","","","","","","","","","0"
"96","Fresno St.","10/23/10","34","SHAPIRO","ANDREW","","","","","","","","","","","","0","0","","","","","","","","","","5","186","","","","","","","","","","","","","","","","","","","0"
"96","Fresno St.","11/06/10","34","SHAPIRO","ANDREW","","","","","","","","","","","","0","0","","","","","","","","","","5","170","","","","","","","","","","","","","","","","","","","0"
"96","Fresno St.","11/13/10","34","SHAPIRO","ANDREW","","","","","","","","","","","","0","0","","","","","","","","","","2","80","","","","","","","","","","","","","","","","","","","0"
"96","Fresno St.","11/19/10","34","SHAPIRO","ANDREW","","","","","","","","","","","","0","0","","","","","","","","","","8","260","","","","","","","","","","","","","","","","","","","0"
"96","Fresno St.","11/27/10","34","SHAPIRO","ANDREW","","","","","","","","","","","","0","0","","","","","","","","","","2","79","","","","","","","","","","","","","","","","","","","0"
"96","Fresno St.","12/03/10","34","SHAPIRO","ANDREW","","","","","","","","","","","","0","0","","","","","","","","","","4","118","","","","","","","","","","","","","","","","","","","0"
"96","Fresno St.","12/18/10","34","SHAPIRO","ANDREW","","","","","","","","","","","","0","0","","","","","","","","","","3","91","","","","","","","","","","","","","","","","","","","0"
"96","Fresno St.","09/18/10","22","SLOCUM","TRACY","5","18","6","12","1","","","","","","","5","12","","","","","","","","","","","","","","","","","","1","","","","","","","","","","","","6"
"96","Fresno St.","09/25/10","22","SLOCUM","TRACY","3","7","1","6","0","","","","","","","3","6","","","","","","","","","","","","","","","","","","","","","","","","","","","","","","0"
"96","Fresno St.","10/02/10","22","SLOCUM","TRACY","8","74","3","71","1","","","","","","","8","71","","","","","","","","","","","","","","","","","","1","","","","","","","","","","","","6"
"96","Fresno St.","10/09/10","22","SLOCUM","TRACY","3","4","0","4","0","","","","","","","3","4","","","","","","","","","","","","","","","","","","","","","","","","","","","","","","0"
"96","Fresno St.","10/16/10","22","SLOCUM","TRACY","7","35","0","35","0","","","","","","","7","35","","","","","","","","","","","","","","","","","","","","","","","","","","","","","","0"
"96","Fresno St.","11/13/10","22","SLOCUM","TRACY","5","23","0","23","0","","","","","","","5","23","","","","","","","","","","","","","","","","","","","","","","","","","","","","","","0"
"96","Fresno St.","11/27/10","22","SLOCUM","TRACY","1","2","0","2","0","","","","","","","1","2","","","","","","","","","","","","","","","","","","","","","","","","","","","","","","0"
"96","Fresno St.","12/03/10","22","SLOCUM","TRACY","5","12","2","10","0","","","","","","","5","10","","","","","","","","","","","","","","","","","","","","","","","","","","","","","","0"
"96","Fresno St.","12/18/10","22","SLOCUM","TRACY","","","","","","","","","","","","0","0","","","","","","","","","","","","","","","1","6","0","","","","","","","","","","","","","0"
"96","Fresno St.","09/25/10","81","STALLWORTH","J.J.","","","","","","","","","","","","0","0","1","12","0","","","","","","","","","","","","","","","","","","","","","","","","","","","0"
"96","Fresno St.","12/18/10","81","STALLWORTH","J.J.","","","","","","","","","","","","0","0","1","11","0","","","","","","","","","","","","","","","","","","","","","","","","","","","0"
"96","Fresno St.","09/04/10","46","TAUMOEPEAU","TAPA","","","","","","","","","","","","0","0","2","17","0","","","","","","","","","","","","","","","","","","","","","","","","","","","0"
"96","Fresno St.","09/18/10","46","TAUMOEPEAU","TAPA","","","","","","","","","","","","0","0","1","2","0","","","","","","","","","","","","","","","","","","","","","","","","","","","0"
"96","Fresno St.","09/25/10","46","TAUMOEPEAU","TAPA","","","","","","","","","","","","0","0","1","1","1","","","","","","","","","","","","","","","1","","","","","","","","","","","","6"
"96","Fresno St.","10/16/10","46","TAUMOEPEAU","TAPA","","","","","","","","","","","","0","0","1","3","1","","","","","","","","","","","","","","","1","","","","","","","","","","","","6"
"96","Fresno St.","11/27/10","46","TAUMOEPEAU","TAPA","","","","","","","","","","","","0","0","1","7","0","","","","","","","","","","","","","","","","","","","","","","","","","","","0"
"96","Fresno St.","12/03/10","46","TAUMOEPEAU","TAPA","","","","","","","","","","","","0","0","1","8","0","","","","","","","","","","","","","","","","","","","","","","","","","","","0"
"96","Fresno St.","09/25/10","16","THOMAS","PHILLIP","","","","","","","","","","","","0","0","","","","1","39","0","","","","","","","","","","","","","","","","","","","","","","","","0"
"96","Fresno St.","10/23/10","16","THOMAS","PHILLIP","","","","","","","","","","","","0","0","","","","1","51","0","","","","","","","","","","","","","","","","","","","","","","","","0"
"96","Fresno St.","11/19/10","16","THOMAS","PHILLIP","","","","","","","","","","","","0","0","","","","1","0","0","","","","","","","","","","","","","","","","","","","","","","","","0"
"96","Fresno St.","10/23/10","2","THOMAS","","","","","","","","","","","","","0","0","","","","1","2","0","","","","","","","","","","","","","","","","","","","","","","","","0"
"96","Fresno St.","10/09/10","60","WIGGINS","KENNY","","","","","","","","","","","","0","0","","","","","","","","","","","","","","","1","11","0","","","","","","","","","","","","","0"
"96","Fresno St.","09/04/10","7","WYLIE","DEVON","1","4","0","4","0","","","","","","","1","4","2","39","1","","","","","","","","","","","","","","","1","","","","","","","","","","","","6"
"257","Georgia","09/04/10","41","ALLEN","CAMERON","","","","","","","","","","","","0","0","","","","","","","","","","","","","","","1","24","0","","","","","","","","","","","","","0"
"257","Georgia","09/11/10","41","ALLEN","CAMERON","","","","","","","","","","","","0","0","","","","","","","","","","","","","","","1","9","0","","","","","","","","","","","","","0"
"257","Georgia","11/06/10","32","BOGOTAY","BRANDON","","","","","","","","","","","","0","0","","","","","","","","","","","","","","","","","","","1","1","0","0","","","","","1","0","","1"
"257","Georgia","09/04/10","2","BOYKIN","BRANDON","","","","","","","","","","","","0","0","","","","1","0","0","","","","","","","","","1","31","0","","","","","","","","","","","","","0"
"257","Georgia","09/11/10","2","BOYKIN","BRANDON","","","","","","","","","","","","0","0","","","","","","","","","","","","","","","2","40","0","","","","","","","","","","","","","0"
"257","Georgia","09/18/10","2","BOYKIN","BRANDON","","","","","","","","","","","","0","0","","","","","","","","","","","","","","","4","87","0","","","","","","","","","","","","","0"
"257","Georgia","09/25/10","2","BOYKIN","BRANDON","","","","","","","","","","","","0","0","","","","","","","","","","","","","","","3","71","0","","","","","","","","","","","","","0"
"257","Georgia","10/02/10","2","BOYKIN","BRANDON","","","","","","","","","","","","0","0","","","","","","","","","","","","","","","2","97","0","","","","","","","","","","","","","0"
"257","Georgia","10/09/10","2","BOYKIN","BRANDON","","","","","","","","","","","","0","0","","","","","","","","","","","","","","","2","47","0","","","","","","","","","","","","","0"
"257","Georgia","10/16/10","2","BOYKIN","BRANDON","","","","","","","","","","","","0","0","","","","","","","","","","","","","","","2","23","0","","","","","","","","","","","","","0"
"257","Georgia","10/23/10","2","BOYKIN","BRANDON","","","","","","","","","","","","0","0","","","","","","","","","","","","","","","2","123","1","1","","","","","","","","","","","","6"
"257","Georgia","10/30/10","2","BOYKIN","BRANDON","","","","","","","","","","","","0","0","","","","","","","","","","","","","","","4","111","0","","","","","","","","","","","","","0"
"257","Georgia","11/06/10","2","BOYKIN","BRANDON","","","","","","","","","","","","0","0","","","","1","18","0","","","","","","","","","","","","","","","","","","","","","","","","0"
"257","Georgia","11/13/10","2","BOYKIN","BRANDON","","","","","","","","","","","","0","0","","","","","","","","","","","","","","","6","90","0","","","","","","","","","","","","","0"
"257","Georgia","11/27/10","2","BOYKIN","BRANDON","","","","","","","","","","","","0","0","","","","","","","","","","","","","","","3","67","0","","","","","","","","","","","","","0"
"257","Georgia","12/31/10","2","BOYKIN","BRANDON","","","","","","","","","","","","0","0","","","","1","16","0","","","","","","","","","3","38","0","","","","","","","","","","","","","0"
"257","Georgia","10/16/10","27","BREWER","BRIAN","1","2","0","2","0","","","","","","","1","2","","","","","","","","","","","","","","","","","","","","","","","","","","","","","","0"
"257","Georgia","09/04/10","15","BROWN","MARLON","","","","","","","","","","","","0","0","2","24","0","","","","","","","","","","","","","","","","","","","","","","","","","","","0"
"257","Georgia","09/11/10","15","BROWN","MARLON","","","","","","","","","","","","0","0","2","40","0","","","","","","","","","","","","","","","","","","","","","","","","","","","0"
"257","Georgia","09/18/10","15","BROWN","MARLON","","","","","","","","","","","","0","0","1","10","0","","","","","","","","","","","","","","","","","","","","","","","","","","","0"
"257","Georgia","09/25/10","15","BROWN","MARLON","","","","","","","","","","","","0","0","1","10","0","","","","","","","","","","","","","","","","","","","","","","","","","","","0"
"257","Georgia","10/02/10","15","BROWN","MARLON","","","","","","","","","","","","0","0","1","8","1","","","","","","","","","","","","","","","1","","","","","","","","","","","","6"
"257","Georgia","11/06/10","15","BROWN","MARLON","","","","","","","","","","","","0","0","3","33","0","","","","","","","","","","","","","","","","","","","","","","","","","","","0"
"257","Georgia","11/27/10","15","BROWN","MARLON","","","","","","","","","","","","0","0","","","","","","","","","","","","","","","0","6","0","","","","","","","","","","","","","0"
"257","Georgia","12/31/10","15","BROWN","MARLON","","","","","","","","","","","","0","0","1","8","0","","","","","","","","","","","","","","","","","","","","","","","","","","","0"
"257","Georgia","09/04/10","13","BUTLER","DREW","","","","","","","","","","","","0","0","","","","","","","","","","6","280","","","","","","","","","","","","","","","","","","","0"
"257","Georgia","09/11/10","13","BUTLER","DREW","","","","","","","","","","","","0","0","","","","","","","","","","5","214","","","","","","","","","","","","","","","","","","","0"
"257","Georgia","09/18/10","13","BUTLER","DREW","","","","","","","","","","","","0","0","","","","","","","","","","5","219","","","","","","","","","","","","","","","","","","","0"
"257","Georgia","09/25/10","13","BUTLER","DREW","","","","","","","","","","","","0","0","","","","","","","","","","3","128","","","","","","","","","","","","","","","","","","","0"
"257","Georgia","10/02/10","13","BUTLER","DREW","","","","","","","","","","","","0","0","","","","","","","","","","3","139","","","","","","","","","","","","","","","","","","","0"
"257","Georgia","10/09/10","13","BUTLER","DREW","","","","","","","","","","","","0","0","","","","","","","","","","4","174","","","","","","","","","","","","","","","","","","","0"
"257","Georgia","10/16/10","13","BUTLER","DREW","","","","","","","","","","","","0","0","","","","","","","","","","4","196","","","","","","","","","","","","","","","","","","","0"
"257","Georgia","10/23/10","13","BUTLER","DREW","","","","","","","","","","","","0","0","","","","","","","","","","3","152","","","","","","","","","","","","","","","","","","","0"
"257","Georgia","10/30/10","13","BUTLER","DREW","","","","","","","","","","","","0","0","","","","","","","","","","5","227","","","","","","","","","","","","","","","","","","","0"
"257","Georgia","11/06/10","13","BUTLER","DREW","","","","","","","","","","","","0","0","","","","","","","","","","3","126","","","","","","","","","","","","","","","","","","","0"
"257","Georgia","11/13/10","13","BUTLER","DREW","","","","","","","","","","","","0","0","","","","","","","","","","2","78","","","","","","","","","","","","","","","","","","","0"
"257","Georgia","11/27/10","13","BUTLER","DREW","","","","","","","","","","","","0","0","","","","","","","","","","2","79","","","","","","","","","","","","","","","","","","","0"
"257","Georgia","12/31/10","13","BUTLER","DREW","","","","","","","","","","","","0","0","","","","","","","","","","5","213","","","","","","","","","","","","","","","","","","","0"
"257","Georgia","09/04/10","49","CHAPAS","SHAUN","2","10","0","10","0","","","","","","","2","10","3","8","1","","","","","","","","","","","","","","","1","","","","","","","","","","","","6"
"257","Georgia","10/02/10","49","CHAPAS","SHAUN","3","12","0","12","0","","","","","","","3","12","1","12","0","","","","","","","","","","","","","","","","","","","","","","","","","","","0"
"257","Georgia","10/09/10","49","CHAPAS","SHAUN","1","1","0","1","1","","","","","","","1","1","","","","","","","","","","","","","","","","","","1","","","","","","","","","","","","6"
"257","Georgia","10/16/10","49","CHAPAS","SHAUN","3","10","0","10","0","","","","","","","3","10","","","","","","","","","","","","","","","","","","","","","","","","","","","","","","0"
"257","Georgia","10/23/10","49","CHAPAS","SHAUN","1","1","0","1","0","","","","","","","1","1","","","","","","","","","","","","","","","","","","","","","","","","","","","","","","0"
"257","Georgia","11/06/10","49","CHAPAS","SHAUN","3","4","0","4","1","","","","","","","3","4","","","","","","","","","","","","","","","1","12","0","1","","","","","","","","","","","","6"
"257","Georgia","11/13/10","49","CHAPAS","SHAUN","","","","","","","","","","","","0","0","1","9","1","","","","","","","","","","","","1","9","0","1","","","","","","","","","","","","6"
"257","Georgia","11/27/10","49","CHAPAS","SHAUN","2","6","0","6","0","","","","","","","2","6","","","","","","","","","","","","","","","1","7","0","","","","","","","","","","","","","0"
"257","Georgia","09/04/10","7","CHARLES","ORSON","","","","","","","","","","","","0","0","2","28","0","","","","","","","","","","","","","","","","","","","","","","","","","","","0"
"257","Georgia","09/11/10","7","CHARLES","ORSON","","","","","","","","","","","","0","0","2","17","0","","","","","","","","","","","","","","","","","","","","","","","","","","","0"
"257","Georgia","09/25/10","7","CHARLES","ORSON","","","","","","","","","","","","0","0","1","12","0","","","","","","","","","","","","","","","","","","","","","","","","","","","0"
"257","Georgia","10/02/10","7","CHARLES","ORSON","","","","","","","","","","","","0","0","2","38","0","","","","","","","","","","","","","","","","","","","","","","","","","","","0"
"257","Georgia","10/09/10","7","CHARLES","ORSON","","","","","","","","","","","","0","0","2","35","0","","","","","","","","","","","","","","","","","","","","","","","","","","","0"
"257","Georgia","10/16/10","7","CHARLES","ORSON","","","","","","","","","","","","0","0","1","9","0","","","","","","","","","","","","","","","","","","","","","","","","","","","0"
"257","Georgia","10/30/10","7","CHARLES","ORSON","","","","","","","","","","","","0","0","6","108","1","","","","","","","","","","","","","","","1","","","","","","","","","","","","6"
"257","Georgia","11/06/10","7","CHARLES","ORSON","","","","","","","","","","","","0","0","3","33","0","","","","","","","","","","","","","","","","","","","","","","","","","","","0"
"257","Georgia","11/13/10","7","CHARLES","ORSON","","","","","","","","","","","","0","0","3","56","0","","","","","","","","","","","","","","","","","","","","","","","","","","","0"
"257","Georgia","11/27/10","7","CHARLES","ORSON","","","","","","","","","","","","0","0","2","67","1","","","","","","","","","","","","","","","1","","","","","","","","","","","","6"
"257","Georgia","12/31/10","7","CHARLES","ORSON","","","","","","","","","","","","0","0","2","19","0","","","","","","","","","","","","","","","","","","","","","","","","","","","0"
"257","Georgia","09/04/10","19","COMMINGS","SANDERS","","","","","","","","","","","","0","0","","","","1","25","0","","","","","","","","","","","","","","","","","","","","","","","","0"
"257","Georgia","10/16/10","19","COMMINGS","SANDERS","","","","","","","","","","","","0","0","","","","1","0","0","","","","","","","","","","","","","","","","","","","","","","","","0"
"257","Georgia","10/23/10","19","COMMINGS","SANDERS","","","","","","","","","","","","0","0","","","","1","0","0","1","23","0","","","","","","","","","","","","","","","","","","","","","0"
"257","Georgia","11/06/10","25","CUFF","VANCE","","","","","","","","","","","","0","0","","","","1","30","1","","","","","","","","","","","","1","","","","","","","","","","","","6"
"257","Georgia","11/27/10","51","DENT","AKEEM","","","","","","","","","","","","0","0","","","","","","","1","0","0","","","","","","","","","","","","","","","","","","","","","0"
"257","Georgia","10/02/10","38","DOWTIN","MARCUS","","","","","","","","","","","","0","0","","","","1","1","0","","","","","","","","","","","","","","","","","","","","","","","","0"
"257","Georgia","09/04/10","16","DURHAM","KRIS","","","","","","","","","","","","0","0","5","83","1","","","","","","","","","","","","","","","1","","","","","","","","","","","","6"
"257","Georgia","09/11/10","16","DURHAM","KRIS","","","","","","","","","","","","0","0","3","76","0","","","","","","","","","","","","","","","","","","","","","","","","","","","0"
"257","Georgia","09/18/10","16","DURHAM","KRIS","","","","","","","","","","","","0","0","5","101","0","","","","","","","","","","","","","","","","","","","","","","","","","","","0"
"257","Georgia","09/25/10","16","DURHAM","KRIS","","","","","","","","","","","","0","0","4","64","0","","","","","","","","","","","","","","","","","","","","","","","","","","","0"
"257","Georgia","10/09/10","16","DURHAM","KRIS","","","","","","","","","","","","0","0","1","17","0","","","","","","","","","","","","","","","","","","","","","","","","","","","0"
"257","Georgia","10/16/10","16","DURHAM","KRIS","","","","","","","","","","","","0","0","4","112","1","","","","","","","","","","","","","","","1","","","","","","","","","","","","6"
"257","Georgia","10/30/10","16","DURHAM","KRIS","","","","","","","","","","","","0","0","3","41","0","","","","","","","","","","","","","","","","","","","","","","","","","","","0"
"257","Georgia","11/13/10","16","DURHAM","KRIS","","","","","","","","","","","","0","0","1","28","0","","","","","","","","","","","","","","","","","","","","","","","","","","","0"
"257","Georgia","11/27/10","16","DURHAM","KRIS","","","","","","","","","","","","0","0","3","90","1","","","","","","","","","","","","","","","1","","","","","","","","","","","","6"
"257","Georgia","12/31/10","16","DURHAM","KRIS","","","","","","","","","","","","0","0","3","47","0","","","","","","","","","","","","","","","","","","","","","","","","","","","0"
"257","Georgia","09/11/10","3","EALEY","WASHAUN","19","77","2","75","0","","","","","","","19","75","1","-2","0","","","","","","","","","","","","","","","","","","","","","","","","","","","0"
"257","Georgia","09/18/10","3","EALEY","WASHAUN","18","87","0","87","1","","","","","","","18","87","","","","","","","","","","","","","","","","","","1","","","","","","","","","","","","6"
"257","Georgia","09/25/10","3","EALEY","WASHAUN","10","37","1","36","0","","","","","","","10","36","2","31","0","","","","","","","","","","","","","","","","","","","","","","","","","","","0"
"257","Georgia","10/02/10","3","EALEY","WASHAUN","1","15","0","15","0","","","","","","","1","15","","","","","","","","","","","","","","","","","","","","","","","","","","","","","","0"
"257","Georgia","10/09/10","3","EALEY","WASHAUN","12","34","1","33","0","","","","","","","12","33","2","20","0","","","","","","","","","","","","","","","","","","","","","","","","","","","0"
"257","Georgia","10/16/10","3","EALEY","WASHAUN","17","129","6","123","1","","","","","","","17","123","","","","","","","","","","","","","","","","","","1","","","","","","","","","","","","6"
"257","Georgia","10/23/10","3","EALEY","WASHAUN","28","160","3","157","5","","","","","","","28","157","","","","","","","","","","","","","","","","","","5","","","","","","","","","","","","30"
"257","Georgia","10/30/10","3","EALEY","WASHAUN","11","39","2","37","1","","","","","","","11","37","1","13","0","","","","","","","","","","","","","","","1","","","","","","","","","","","","6"
"257","Georgia","11/06/10","3","EALEY","WASHAUN","6","27","1","26","0","","","","","","","6","26","1","7","0","","","","","","","","","","","","","","","","","","","","","","","","","","","0"
"257","Georgia","11/13/10","3","EALEY","WASHAUN","6","45","1","44","1","","","","","","","6","44","1","16","0","","","","","","","","","","","","","","","1","","","","","","","","","","","","6"
"257","Georgia","11/27/10","3","EALEY","WASHAUN","13","118","0","118","2","","","","","","","13","118","","","","","","","","","","","","","","","","","","2","","","","","","","","","","","","12"
"257","Georgia","12/31/10","3","EALEY","WASHAUN","16","60","0","60","0","","","","","","","16","60","","","","","","","","","","","","","","","","","","","","","","","","","","","","","","0"
"257","Georgia","11/06/10","89","FIGGINS","BRUCE","","","","","","","","","","","","0","0","2","16","1","","","","","","","","","","","","1","6","0","1","","","","","","","","","","","","6"
"257","Georgia","11/27/10","89","FIGGINS","BRUCE","","","","","","","","","","","","0","0","1","3","1","","","","","","","","","","","","","","","1","","","","","","","","","","","","6"
"257","Georgia","12/31/10","89","FIGGINS","BRUCE","","","","","","","","","","","","0","0","1","8","0","","","","","","","","","","","","","","","","","","","","","","","","","","","0"
"257","Georgia","09/25/10","50","GAMBLE","DARRYL","","","","","","","","","","","","0","0","","","","1","1","0","","","","","","","","","","","","","","","","","","","","","","","","0"
"257","Georgia","10/23/10","50","GAMBLE","DARRYL","","","","","","","","","","","","0","0","","","","","","","","","","","","","","","1","5","0","","","","","","","","","","","","","0"
"257","Georgia","09/04/10","6","GRAY","LOGAN","","","","","","","","","","","","0","0","2","32","1","","","","","","","","","","","","","","","1","","","","","","","","","","","","6"
"257","Georgia","09/11/10","6","GRAY","LOGAN","","","","","","","","","","","","0","0","2","22","0","","","","","","","","","","","","","","","","","","","","","","","","","","","0"
"257","Georgia","09/18/10","6","GRAY","LOGAN","1","5","0","5","0","","","","","","","1","5","1","8","0","","","","","","","","","2","25","0","","","","","","","","","","","","","","","","0"
"257","Georgia","09/25/10","6","GRAY","LOGAN","","","","","","","","","","","","0","0","3","42","0","","","","","","","","","","","","","","","","","","","","","","","","","","","0"
"257","Georgia","10/02/10","6","GRAY","LOGAN","","","","","","","","","","","","0","0","","","","","","","","","","","","1","1","0","","","","","","","","","","","","","","","","0"
"257","Georgia","10/09/10","6","GRAY","LOGAN","","","","","","","","","","","","0","0","","","","","","","","","","","","2","11","0","","","","","","","","","","","","","","","","0"
"257","Georgia","10/16/10","6","GRAY","LOGAN","","","","","","","","","","","","0","0","1","1","0","","","","","","","","","1","2","0","","","","","","","","","","","","","","","","0"
"257","Georgia","10/02/10","8","GREEN","A.J.","1","40","0","40","0","","","","","","","1","40","7","119","2","","","","","","","","","","","","","","","2","","","","","","","","","","","","12"
"257","Georgia","10/09/10","8","GREEN","A.J.","","","","","","","","","","","","0","0","6","96","1","","","","","","","","","1","7","0","","","","1","","","","","","","","","","","","6"
"257","Georgia","10/16/10","8","GREEN","A.J.","1","6","0","6","0","","","","","","","1","6","3","64","1","","","","","","","","","","","","","","","1","","","","","","","","","","","","6"
"257","Georgia","10/23/10","8","GREEN","A.J.","","","","","","","","","","","","0","0","6","86","0","","","","","","","","","","","","","","","","","","","","","","","","","","","0"
"257","Georgia","10/30/10","8","GREEN","A.J.","1","0","2","-2","0","","","","","","","1","-2","4","42","1","","","","","","","","","","","","","","","1","","","","","","","","","","","","6"
"257","Georgia","11/06/10","8","GREEN","A.J.","","","","","","","","","","","","0","0","6","103","2","","","","","","","","","","","","","","","2","","","","","","","","","","","","12"
"257","Georgia","11/13/10","8","GREEN","A.J.","","","","","","","","","","","","0","0","9","164","2","","","","","","","","","","","","","","","2","","","","","","","","","","","","12"
"257","Georgia","11/27/10","8","GREEN","A.J.","","","","","","","","","","","","0","0","8","97","0","","","","","","","","","","","","","","","","","","","","","","","","","","","0"
"257","Georgia","12/31/10","8","GREEN","A.J.","","","","","","","","","","","","0","0","8","77","0","","","","","","","","","1","18","0","","","","","","","","","","","","","","","","0"
"257","Georgia","09/04/10","23","HAMILTON","JAKAR","","","","","","","","","","","","0","0","","","","1","17","1","","","","","","","","","","","","1","","","","","","","","","","","","6"
"257","Georgia","11/27/10","42","HOUSTON","JUSTIN","","","","","","","","","","","","0","0","","","","1","4","0","1","18","1","","","","","","","","","1","","","","","","","","","","","","6"
"257","Georgia","09/04/10","4","KING","CALEB","10","48","1","47","1","","","","","","","10","47","1","4","0","","","","","","","","","","","","","","","1","","","","","","","","","","","","6"
"257","Georgia","09/25/10","4","KING","CALEB","9","27","4","23","0","","","","","","","9","23","","","","","","","","","","","","","","","","","","","","","","","","","","","","","","0"
"257","Georgia","10/02/10","4","KING","CALEB","12","103","3","100","0","","","","","","","12","100","1","4","0","","","","","","","","","","","","","","","","","","","","","","","","","","","0"
"257","Georgia","10/09/10","4","KING","CALEB","13","66","8","58","0","","","","","","","13","58","","","","","","","","","","","","","","","","","","","","","","","","","","","","","","0"
"257","Georgia","10/30/10","4","KING","CALEB","12","69","5","64","0","","","","","","","12","64","","","","","","","","","","","","","","","","","","","","","","","","","","","","","","0"
"257","Georgia","11/06/10","4","KING","CALEB","9","47","4","43","1","","","","","","","9","43","","","","","","","","","","","","","","","","","","1","","","","","","","","","","","","6"
"257","Georgia","11/13/10","4","KING","CALEB","9","53","0","53","0","","","","","","","9","53","","","","","","","","","","","","","","","","","","","","","","","","","","","","","","0"
"257","Georgia","11/27/10","4","KING","CALEB","6","42","0","42","0","","","","","","","6","42","","","","","","","","","","","","","","","","","","","","","","","","","","","","","","0"
"257","Georgia","09/11/10","12","KING","TAVARRES","","","","","","","","","","","","0","0","3","28","0","","","","","","","","","","","","","","","","","","","","","","","","","","","0"
"257","Georgia","09/18/10","12","KING","TAVARRES","","","","","","","","","","","","0","0","4","91","1","","","","","","","","","","","","","","","1","","","","","","","","","","","","6"
"257","Georgia","09/25/10","12","KING","TAVARRES","","","","","","","","","","","","0","0","2","79","1","","","","","","","","","","","","","","","1","","","","","","","","","","","","6"
"257","Georgia","10/02/10","12","KING","TAVARRES","","","","","","","","","","","","0","0","1","11","0","","","","","","","","","","","","","","","","","","","","","","","","","","","0"
"257","Georgia","10/09/10","12","KING","TAVARRES","","","","","","","","","","","","0","0","3","48","0","","","","","","","","","","","","","","","","","","","","","","","","","","","0"
"257","Georgia","10/16/10","12","KING","TAVARRES","","","","","","","","","","","","0","0","4","70","0","","","","","","","","","","","","","","","","","","","","","","","","","","","0"
"257","Georgia","10/23/10","12","KING","TAVARRES","","","","","","","","","","","","0","0","1","12","0","","","","","","","","","","","","","","","","","","","","","","","","","","","0"
"257","Georgia","10/30/10","12","KING","TAVARRES","","","","","","","","","","","","0","0","3","104","1","","","","","","","","","","","","","","","1","","","","","","","","","","","","6"
"257","Georgia","11/06/10","12","KING","TAVARRES","","","","","","","","","","","","0","0","2","28","0","","","","","","","","","","","","","","","","","","","","","","","","","","","0"
"257","Georgia","12/31/10","12","KING","TAVARRES","","","","","","","","","","","","0","0","4","33","0","","","","","","","","","","","","","","","","","","","","","","","","","","","0"
"257","Georgia","09/04/10","14","MASON","HUTSON","","","","","","5","2","0","33","1","","5","33","","","","","","","","","","","","","","","","","","","","","","","","","","","","","","0"
"257","Georgia","10/16/10","14","MASON","HUTSON","2","5","0","5","0","4","4","0","28","0","","6","33","","","","","","","","","","","","","","","","","","","","","","","","","","","","","","0"
"257","Georgia","11/06/10","14","MASON","HUTSON","2","10","5","5","0","8","3","0","41","0","","10","46","","","","","","","","","","","","","","","","","","","","","","","","","","","","","","0"
"257","Georgia","11/06/10","2M","MCGOWAN","RHETT","","","","","","","","","","","","0","0","1","12","0","","","","","","","","","","","","","","","","","","","","","","","","","","","0"
"257","Georgia","09/04/10","48","MUNZENMAIER","FRED","7","14","7","7","0","","","","","","","7","7","1","1","1","","","","","","","","","","","","","","","1","","","","","","","","","","","","6"
"257","Georgia","09/11/10","48","MUNZENMAIER","FRED","","","","","","","","","","","","0","0","1","11","0","","","","","","","","","","","","","","","","","","","","","","","","","","","0"
"257","Georgia","09/18/10","48","MUNZENMAIER","FRED","","","","","","","","","","","","0","0","1","7","0","","","","","","","","","","","","1","13","0","","","","","","","","","","","","","0"
"257","Georgia","09/25/10","48","MUNZENMAIER","FRED","","","","","","","","","","","","0","0","5","36","0","","","","","","","","","","","","","","","","","","","","","","","","","","","0"
"257","Georgia","10/09/10","48","MUNZENMAIER","FRED","2","4","0","4","0","","","","","","","2","4","","","","","","","","","","","","","","","","","","","","","","","","","","","","","","0"
"257","Georgia","10/16/10","48","MUNZENMAIER","FRED","6","16","0","16","0","","","","","","","6","16","1","6","0","","","","","","","","","","","","","","","","","","","","","","","","","","","0"
"257","Georgia","12/31/10","48","MUNZENMAIER","FRED","","","","","","","","","","","","0","0","1","6","0","","","","","","","","","","","","","","","","","","","","","","","","","","","0"
"257","Georgia","09/04/10","11","MURRAY","AARON","4","42","0","42","1","26","17","1","160","3","","30","202","","","","","","","","","","","","","","","","","","1","","","","","","","","","","","","6"
"257","Georgia","09/11/10","11","MURRAY","AARON","6","8","23","-15","0","21","14","0","192","0","","27","177","","","","","","","","","","","","","","","","","","","","","","","","","","","","","","0"
"257","Georgia","09/18/10","11","MURRAY","AARON","14","44","35","9","1","27","15","1","253","1","","41","262","","","","","","","","","","","","","","","","","","1","","","","","","","","","","","","6"
"257","Georgia","09/25/10","11","MURRAY","AARON","7","38","6","32","0","31","18","0","274","1","","38","306","","","","","","","","","","","","","","","","","","","","","1","0","","","","","","","","0"
"257","Georgia","10/02/10","11","MURRAY","AARON","7","30","17","13","0","27","16","1","221","3","","34","234","","","","","","","","","","","","","","","","","","","","","","","","","","","","","","0"
"257","Georgia","10/09/10","11","MURRAY","AARON","7","59","18","41","2","25","17","0","266","2","","32","307","","","","","","","","","","","","","","","","","","2","","","","","","","","","","","","12"
"257","Georgia","10/16/10","11","MURRAY","AARON","6","36","0","36","0","24","15","0","287","2","","30","323","","","","","","","","","","","","","","","","","","","","","","","","","","","","","","0"
"257","Georgia","10/23/10","11","MURRAY","AARON","3","7","0","7","0","12","9","0","113","0","","15","120","","","","","","","","","","","","","","","","","","","","","","","","","","","","","","0"
"257","Georgia","10/30/10","11","MURRAY","AARON","8","39","23","16","0","37","18","3","313","3","0","45","329","","","","","","","","","","","","","","","","","","","","","2","1","","","","","","","","2"
"257","Georgia","11/06/10","11","MURRAY","AARON","3","3","7","-4","0","27","19","0","228","3","","30","224","","","","","","","","","","","","","","","","","","","","","","","","","","","","","","0"
"257","Georgia","11/13/10","11","MURRAY","AARON","6","19","23","-4","0","28","15","0","273","3","","34","269","","","","","","","","","","","","","","","","","","","","","","","","","","","","","","0"
"257","Georgia","11/27/10","11","MURRAY","AARON","4","0","10","-10","0","19","15","0","271","3","","23","261","","","","","","","","","","","","","","","","","","","","","","","","","","","","","","0"
"257","Georgia","12/31/10","11","MURRAY","AARON","12","33","29","4","0","38","21","2","198","0","","50","202","","","","","","","","","","","","","","","","","","","","","","","","","","","","","","0"
"257","Georgia","09/04/10","46","OGLETREE","ZANDER","","","","","","","","","","","","0","0","1","7","0","","","","","","","","","","","","","","","","","","","","","","","","","","","0"
"257","Georgia","10/16/10","46","OGLETREE","ZANDER","2","3","4","-1","0","","","","","","","2","-1","","","","","","","","","","","","","","","","","","","","","","","","","","","","","","0"
"257","Georgia","11/06/10","20","OWENS","DEREK","","","","","","","","","","","","0","0","","","","","","","","","","","","2","16","0","","","","","","","","","","","","","","","","0"
"257","Georgia","09/25/10","18","RAMBO","BACARRI","","","","","","","","","","","","0","0","","","","","","","","","","","","1","0","0","","","","","","","","","","","","","","","","0"
"257","Georgia","10/09/10","18","RAMBO","BACARRI","","","","","","","","","","","","0","0","","","","1","0","0","","","","","","","","","","","","","","","","","","","","","","","","0"
"257","Georgia","11/06/10","18","RAMBO","BACARRI","","","","","","","","","","","","0","0","","","","1","39","1","","","","","","","","","","","","1","","","","","","","","","","","","6"
"257","Georgia","11/13/10","18","RAMBO","BACARRI","","","","","","","","","","","","0","0","","","","1","25","0","","","","","","","","","","","","","","","","","","","","","","","","0"
"257","Georgia","11/06/10","86","RICH","DEREK","","","","","","","","","","","","0","0","1","19","0","","","","","","","","","","","","","","","","","","","","","","","","","","","0"
"257","Georgia","11/06/10","4S","SAILORS","JOSH","1","2","0","2","0","","","","","","","1","2","","","","","","","","","","","","","","","","","","","","","","","","","","","","","","0"
"257","Georgia","09/04/10","1","SMITH","BRANDEN","1","17","0","17","0","","","","","","","1","17","1","3","0","","","","","","","","","3","51","0","","","","","","","","","","","","","","","","0"
"257","Georgia","09/11/10","1","SMITH","BRANDEN","","","","","","","","","","","","0","0","","","","","","","","","","","","2","4","0","","","","","","","","","","","","","","","","0"
"257","Georgia","10/02/10","1","SMITH","BRANDEN","","","","","","","","","","","","0","0","","","","","","","","","","","","1","36","0","","","","","","","","","","","","","","","","0"
"257","Georgia","10/30/10","1","SMITH","BRANDEN","","","","","","","","","","","","0","0","","","","1","0","0","","","","","","2","14","0","","","","","","","","","","","","","","","","0"
"257","Georgia","11/06/10","1","SMITH","BRANDEN","3","27","0","27","0","","","","","","","3","27","","","","","","","","","","","","1","40","0","","","","","","","","","","","","","","","","0"
"257","Georgia","11/13/10","1","SMITH","BRANDEN","1","0","0","0","0","","","","","","","1","0","","","","","","","","","","","","","","","","","","","","","","","","","","","","","","0"
"257","Georgia","11/27/10","1","SMITH","BRANDEN","1","2","0","2","0","","","","","","","1","2","1","14","0","","","","","","","","","1","-2","0","","","","","","","","","","","","","","","","0"
"257","Georgia","09/04/10","30","THOMAS","CARLTON","13","64","3","61","0","","","","","","","13","61","","","","","","","","","","","","","","","","","","","","","","","","","","","","","","0"
"257","Georgia","09/11/10","30","THOMAS","CARLTON","1","1","0","1","0","","","","","","","1","1","","","","","","","","","","","","","","","","","","","","","","","","","","","","","","0"
"257","Georgia","09/18/10","30","THOMAS","CARLTON","6","30","0","30","0","","","","","","","6","30","","","","","","","","","","","","","","","","","","","","","","","","","","","","","","0"
"257","Georgia","09/25/10","30","THOMAS","CARLTON","8","28","6","22","0","","","","","","","8","22","","","","","","","","","","","","","","","","","","","","","","","","","","","","","","0"
"257","Georgia","10/02/10","30","THOMAS","CARLTON","7","19","8","11","0","","","","","","","7","11","1","9","0","","","","","","","","","","","","1","14","0","","","","","","","","","","","","","0"
"257","Georgia","10/16/10","30","THOMAS","CARLTON","4","40","0","40","2","","","","","","","4","40","","","","","","","","","","","","","","","","","","2","","","","","","","","","","","","12"
"257","Georgia","10/23/10","30","THOMAS","CARLTON","6","13","1","12","0","","","","","","","6","12","","","","","","","","","","","","","","","","","","","","","","","","","","","","","","0"
"257","Georgia","10/30/10","30","THOMAS","CARLTON","1","13","0","13","0","","","","","","","1","13","","","","","","","","","","","","","","","","","","","","","","","","","","","","","","0"
"257","Georgia","11/06/10","30","THOMAS","CARLTON","14","64","0","64","0","","","","","","","14","64","1","6","0","","","","","","","","","","","","","","","","","","","","","","","","","","","0"
"257","Georgia","12/31/10","30","THOMAS","CARLTON","4","19","1","18","0","","","","","","","4","18","1","0","0","","","","","","","","","","","","","","","","","","","","","","","","","","","0"
"257","Georgia","09/18/10","28","TROUPE","ISRAEL","","","","","","","","","","","","0","0","1","16","0","","","","","","","","","","","","","","","","","","","","","","","","","","","0"
"257","Georgia","11/06/10","28","TROUPE","ISRAEL","","","","","","","","","","","","0","0","2","12","0","","","","","","","","","","","","","","","","","","","","","","","","","","","0"
"257","Georgia","11/06/10","3V","VAN DYK","WES","1","3","0","3","0","","","","","","","1","3","","","","","","","","","","","","","","","","","","","","","","","","","","","","","","0"
"257","Georgia","09/04/10","57","WALSH","BLAIR","","","","","","","","","","","","0","0","","","","","","","","","","","","","","","","","","","7","7","0","0","","","","","2","2","","13"
"257","Georgia","09/11/10","57","WALSH","BLAIR","","","","","","","","","","","","0","0","","","","","","","","","","","","","","","","","","","","","","","","","","","2","2","","6"
"257","Georgia","09/18/10","57","WALSH","BLAIR","","","","","","","","","","","","0","0","","","","","","","","","","","","","","","","","","","3","3","0","0","","","","","1","1","","6"
"257","Georgia","09/25/10","57","WALSH","BLAIR","","","","","","","","","","","","0","0","","","","","","","","","","","","","","","","","","","","","","","","","","","2","2","","6"
"257","Georgia","10/02/10","57","WALSH","BLAIR","","","","","","","","","","","","0","0","","","","","","","","","","","","","","","","","","","3","3","0","0","","","","","3","2","","9"
"257","Georgia","10/09/10","57","WALSH","BLAIR","","","","","","","","","","","","0","0","","","","","","","","","","","","","","","","","","","5","5","0","0","","","","","2","2","","11"
"257","Georgia","10/16/10","57","WALSH","BLAIR","","","","","","","","","","","","0","0","","","","","","","","","","","","","","","","","","","5","5","0","0","","","","","3","2","","11"
"257","Georgia","10/23/10","57","WALSH","BLAIR","","","","","","","","","","","","0","0","","","","","","","","","","","","","","","","","","","6","5","0","0","","","","","2","1","","8"
"257","Georgia","10/30/10","57","WALSH","BLAIR","","","","","","","","","","","","0","0","","","","","","","","","","","","","","","","","","","2","2","0","0","","","","","1","1","","5"
"257","Georgia","11/06/10","57","WALSH","BLAIR","","","","","","","","","","","","0","0","","","","","","","","","","","","","","","","","","","6","6","0","0","","","","","2","2","","12"
"257","Georgia","11/13/10","57","WALSH","BLAIR","","","","","","","","","","","","0","0","","","","","","","","","","","","","","","","","","","4","4","0","0","","","","","1","1","","7"
"257","Georgia","11/27/10","57","WALSH","BLAIR","","","","","","","","","","","","0","0","","","","","","","","","","","","","","","","","","","6","6","0","0","","","","","","","","6"
"257","Georgia","12/31/10","57","WALSH","BLAIR","","","","","","","","","","","","0","0","","","","","","","","","","","","","","","","","","","","","","","","","","","2","2","","6"
"257","Georgia","09/18/10","81","WHITE","ARON","","","","","","","","","","","","0","0","1","9","0","","","","","","","","","","","","","","","","","","","","","","","","","","","0"
"257","Georgia","10/02/10","81","WHITE","ARON","","","","","","","","","","","","0","0","2","20","0","","","","","","","","","","","","","","","","","","","","","","","","","","","0"
"257","Georgia","10/09/10","81","WHITE","ARON","","","","","","","","","","","","0","0","2","41","0","","","","","","","","","","","","","","","","","","","","","","","","","","","0"
"257","Georgia","10/16/10","81","WHITE","ARON","","","","","","","","","","","","0","0","3","50","0","","","","","","","","","","","","","","","","","","","","","","","","","","","0"
"257","Georgia","10/30/10","81","WHITE","ARON","","","","","","","","","","","","0","0","1","5","0","","","","","","","","","","","","","","","","","","","","","","","","","","","0"
"257","Georgia","09/04/10","17","WOOTEN","RANTAVIOUS","","","","","","","","","","","","0","0","1","3","0","","","","","","","","","","","","","","","","","","","","","","","","","","","0"
"257","Georgia","09/18/10","17","WOOTEN","RANTAVIOUS","2","11","3","8","0","","","","","","","2","8","1","11","0","","","","","","","","","","","","","","","","","","","","","","","","","","","0"
"257","Georgia","10/09/10","17","WOOTEN","RANTAVIOUS","","","","","","","","","","","","0","0","1","9","1","","","","","","","","","","","","","","","1","","","","","","","","","","","","6"
"257","Georgia","10/16/10","17","WOOTEN","RANTAVIOUS","","","","","","","","","","","","0","0","2","3","0","","","","","","","","","","","","","","","","","","","","","","","","","","","0"
"257","Georgia","10/23/10","17","WOOTEN","RANTAVIOUS","","","","","","","","","","","","0","0","2","15","0","","","","","","","","","","","","","","","","","","","","","","","","","","","0"
"257","Georgia","11/06/10","17","WOOTEN","RANTAVIOUS","3","17","4","13","0","","","","","","","3","13","","","","","","","","","","","","","","","","","","","","","","","","","","","","","","0"
"255","Georgia Tech","09/04/10","18","ALLEN","ANTHONY","6","28","0","28","0","","","","","","","6","28","","","","","","","","","","","","","","","","","","","","","","","","","","","","","","0"
"255","Georgia Tech","09/11/10","18","ALLEN","ANTHONY","11","90","1","89","0","","","","","","","11","89","","","","","","","","","","","","","","","","","","","","","","","","","","","","","","0"
"255","Georgia Tech","09/18/10","18","ALLEN","ANTHONY","20","115","0","115","0","","","","","","","20","115","","","","","","","","","","","","","","","","","","","","","","","","","","","","","","0"
"255","Georgia Tech","09/25/10","18","ALLEN","ANTHONY","14","46","11","35","0","","","","","","","14","35","1","50","0","","","","","","","","","","","","","","","","","","","","","","","","","","","0"
"255","Georgia Tech","10/02/10","18","ALLEN","ANTHONY","10","63","0","63","0","","","","","","","10","63","","","","","","","","","","","","","","","","","","","","","","","","","","","","","","0"
"255","Georgia Tech","10/09/10","18","ALLEN","ANTHONY","25","195","0","195","3","","","","","","","25","195","","","","","","","","","","","","","","","","","","3","","","1","0","","","","","","","","18"
"255","Georgia Tech","10/16/10","18","ALLEN","ANTHONY","13","77","2","75","2","","","","","","","13","75","","","","","","","","","","","","","","","","","","2","","","","","","","","","","","","12"
"255","Georgia Tech","10/23/10","18","ALLEN","ANTHONY","17","92","0","92","0","","","","","","","17","92","2","38","1","","","","","","","","","","","","","","","1","","","","","","","","","","","","6"
"255","Georgia Tech","11/04/10","18","ALLEN","ANTHONY","23","125","0","125","0","","","","","","","23","125","","","","","","","","","","","","","","","","","","","","","","","","","","","","","","0"
"255","Georgia Tech","11/13/10","18","ALLEN","ANTHONY","15","77","0","77","0","","","","","","","15","77","","","","","","","","","","","","","","","","","","","","","","","","","","","","","","0"
"255","Georgia Tech","11/20/10","18","ALLEN","ANTHONY","34","178","13","165","0","","","","","","","34","165","","","","","","","","","","","","","","","","","","","","","","","","","","","","","","0"
"255","Georgia Tech","11/27/10","18","ALLEN","ANTHONY","29","166","0","166","1","","","","","","","29","166","","","","","","","","","","","","","","","","","","1","","","","","","","","","","","","6"
"255","Georgia Tech","12/27/10","18","ALLEN","ANTHONY","23","94","3","91","1","","","","","","","23","91","","","","","","","","","","","","","","","","","","1","","","","","","","","","","","","6"
"255","Georgia Tech","09/04/10","85","ANDERSON","CHANDLER","","","","","","","","","","","","0","0","","","","","","","","","","2","80","","","","","","","","","","","","","","","","","","","0"
"255","Georgia Tech","09/11/10","85","ANDERSON","CHANDLER","","","","","","","","","","","","0","0","","","","","","","","","","4","112","","","","","","","","","","","","","","","","","","","0"
"255","Georgia Tech","09/04/10","14","BLAIR","SCOTT","","","","","","","","","","","","0","0","","","","","","","","","","","","","","","","","","","5","5","0","0","","","","","","","","5"
"255","Georgia Tech","09/11/10","14","BLAIR","SCOTT","","","","","","","","","","","","0","0","","","","","","","","","","","","","","","","","","","2","2","0","0","","","","","1","1","","5"
"255","Georgia Tech","09/18/10","14","BLAIR","SCOTT","","","","","","","","","","","","0","0","","","","","","","","","","","","","","","","","","","3","3","0","0","","","","","3","3","","12"
"255","Georgia Tech","09/25/10","14","BLAIR","SCOTT","","","","","","","","","","","","0","0","","","","","","","","","","","","","","","","","","","4","4","0","0","","","","","","","","4"
"255","Georgia Tech","10/02/10","14","BLAIR","SCOTT","","","","","","","","","","","","0","0","","","","","","","","","","","","","","","","","","","1","1","0","0","","","","","3","3","","10"
"255","Georgia Tech","10/09/10","14","BLAIR","SCOTT","","","","","","","","","","","","0","0","","","","","","","","","","","","","","","","","","","3","3","0","0","","","","","2","2","","9"
"255","Georgia Tech","10/16/10","14","BLAIR","SCOTT","","","","","","","","","","","","0","0","","","","","","","","","","","","","","","","","","","6","6","0","0","","","","","1","0","","6"
"255","Georgia Tech","10/23/10","14","BLAIR","SCOTT","","","","","","","","","","","","0","0","","","","","","","","","","","","","","","","","","","1","1","0","0","","","","","3","2","","7"
"255","Georgia Tech","11/04/10","14","BLAIR","SCOTT","","","","","","","","","","","","0","0","","","","","","","","","","","","","","","","","","","3","3","0","0","","","","","","","","3"
"255","Georgia Tech","11/13/10","14","BLAIR","SCOTT","","","","","","","","","","","","0","0","","","","","","","","","","","","","","","","","","","1","1","0","0","","","","","1","1","","4"
"255","Georgia Tech","11/20/10","14","BLAIR","SCOTT","","","","","","","","","","","","0","0","","","","","","","","","","2","92","","","","","","","","3","3","0","0","","","","","3","3","","12"
"255","Georgia Tech","11/27/10","14","BLAIR","SCOTT","","","","","","","","","","","","0","0","","","","","","","","","","2","83","","","","","","","","5","4","0","0","","","","","","","","4"
"255","Georgia Tech","12/27/10","14","BLAIR","SCOTT","","","","","","","","","","","","0","0","","","","","","","","","","5","181","","","","","","","","1","1","0","0","","","","","","","","1"
"255","Georgia Tech","09/04/10","4","BOSTIC","B.J.","5","30","0","30","0","","","","","","","5","30","","","","","","","","","","","","","","","","","","","","","","","","","","","","","","0"
"255","Georgia Tech","09/18/10","4","BOSTIC","B.J.","","","","","","","","","","","","0","0","","","","","","","","","","","","","","","1","18","0","","","","","","","","","","","","","0"
"255","Georgia Tech","09/25/10","4","BOSTIC","B.J.","2","51","0","51","0","","","","","","","2","51","","","","","","","","","","","","","","","1","35","0","","","","","","","","","","","","","0"
"255","Georgia Tech","10/02/10","4","BOSTIC","B.J.","3","41","0","41","0","","","","","","","3","41","","","","","","","","","","","","","","","3","69","0","","","","","","","","","","","","","0"
"255","Georgia Tech","10/09/10","4","BOSTIC","B.J.","","","","","","","","","","","","0","0","","","","","","","","","","","","","","","1","24","0","","","","","","","","","","","","","0"
"255","Georgia Tech","10/16/10","4","BOSTIC","B.J.","3","8","3","5","0","","","","","","","3","5","","","","","","","","","","","","","","","","","","","","","","","","","","","","","","0"
"255","Georgia Tech","10/23/10","4","BOSTIC","B.J.","","","","","","","","","","","","0","0","","","","","","","","","","","","","","","5","101","0","","","","","","","","","","","","","0"
"255","Georgia Tech","11/04/10","4","BOSTIC","B.J.","","","","","","","","","","","","0","0","","","","","","","","","","","","","","","2","46","0","","","","","","","","","","","","","0"
"255","Georgia Tech","11/13/10","4","BOSTIC","B.J.","","","","","","","","","","","","0","0","","","","","","","","","","","","","","","6","125","0","","","","","","","","","","","","","0"
"255","Georgia Tech","11/20/10","4","BOSTIC","B.J.","","","","","","","","","","","","0","0","","","","","","","","","","","","","","","2","49","0","","","","","","","","","","","","","0"
"255","Georgia Tech","11/27/10","4","BOSTIC","B.J.","","","","","","","","","","","","0","0","","","","","","","","","","","","","","","6","98","0","","","","","","","","","","","","","0"
"255","Georgia Tech","12/27/10","4","BOSTIC","B.J.","","","","","","","","","","","","0","0","","","","","","","","","","","","","","","1","9","0","","","","","","","","","","","","","0"
"255","Georgia Tech","10/16/10","40","BURNETT","JULIAN","","","","","","","","","","","","0","0","","","","1","10","0","","","","","","","","","","","","","","","","","","","","","","","","0"
"255","Georgia Tech","11/20/10","2","BUTLER","MARIO","","","","","","","","","","","","0","0","","","","1","85","1","","","","","","","","","","","","1","","","","","","","","","","","","6"
"255","Georgia Tech","10/02/10","82","CONE","KEVIN","","","","","","","","","","","","0","0","1","9","0","","","","","","","","","","","","","","","","","","","","","","","","","","","0"
"255","Georgia Tech","11/04/10","82","CONE","KEVIN","","","","","","","","","","","","0","0","1","38","0","","","","","","","","","","","","","","","","","","","","","","","","","","","0"
"255","Georgia Tech","11/13/10","82","CONE","KEVIN","","","","","","","","","","","","0","0","3","42","1","","","","","","","","","","","","","","","1","","","","","","","","","","","","6"
"255","Georgia Tech","12/27/10","82","CONE","KEVIN","","","","","","","","","","","","0","0","1","9","0","","","","","","","","","","","","","","","","","","","","","","","","","","","0"
"255","Georgia Tech","09/04/10","36","COX","LUCAS","3","13","0","13","0","","","","","","","3","13","","","","","","","","","","","","","","","","","","","","","","","","","","","","","","0"
"255","Georgia Tech","09/18/10","36","COX","LUCAS","2","3","0","3","0","","","","","","","2","3","","","","","","","","","","","","","","","","","","","","","","","","","","","","","","0"
"255","Georgia Tech","09/25/10","36","COX","LUCAS","3","22","0","22","0","","","","","","","3","22","","","","","","","","","","","","","","","","","","","","","","","","","","","","","","0"
"255","Georgia Tech","10/09/10","36","COX","LUCAS","8","37","0","37","0","","","","","","","8","37","","","","","","","","","","","","","","","","","","","","","","","","","","","","","","0"
"255","Georgia Tech","10/16/10","36","COX","LUCAS","3","31","0","31","0","","","","","","","3","31","","","","","","","","","","","","","","","","","","","","","","","","","","","","","","0"
"255","Georgia Tech","10/23/10","36","COX","LUCAS","2","24","0","24","0","","","","","","","2","24","","","","","","","","","","","","","","","","","","","","","","","","","","","","","","0"
"255","Georgia Tech","11/13/10","36","COX","LUCAS","1","1","0","1","0","","","","","","","1","1","","","","","","","","","","","","","","","","","","","","","","","","","","","","","","0"
"255","Georgia Tech","09/25/10","15","EARLS","CORREY","","","","","","","","","","","","0","0","1","9","0","","","","","","","","","","","","","","","","","","","","","","","","","","","0"
"255","Georgia Tech","10/02/10","15","EARLS","CORREY","","","","","","","","","","","","0","0","2","18","1","","","","","","","","","","","","","","","1","","","","","","","","","","","","6"
"255","Georgia Tech","10/09/10","15","EARLS","CORREY","","","","","","","","","","","","0","0","1","6","0","","","","","","","","","","","","","","","","","","","","","","","","","","","0"
"255","Georgia Tech","10/16/10","15","EARLS","CORREY","","","","","","","","","","","","0","0","1","3","0","","","","","","","","","","","","","","","","","","","","","","","","","","","0"
"255","Georgia Tech","10/23/10","15","EARLS","CORREY","","","","","","","","","","","","0","0","1","4","0","","","","","","","","","","","","","","","","","","","","","","","","","","","0"
"255","Georgia Tech","11/27/10","15","EARLS","CORREY","","","","","","","","","","","","0","0","2","16","0","","","","","","","","","","","","","","","","","","","","","","","","","","","0"
"255","Georgia Tech","12/27/10","15","EARLS","CORREY","","","","","","","","","","","","0","0","1","7","0","","","","","","","","","","","","","","","","","","","","","","","","","","","0"
"255","Georgia Tech","09/04/10","5","HILL","STEPHEN","","","","","","","","","","","","0","0","2","12","0","","","","","","","","","","","","","","","","","","","","","","","","","","","0"
"255","Georgia Tech","09/11/10","5","HILL","STEPHEN","","","","","","","","","","","","0","0","3","51","1","","","","","","","","","","","","","","","1","","","0","1","","","","","","","","8"
"255","Georgia Tech","09/18/10","5","HILL","STEPHEN","1","16","0","16","0","","","","","","","1","16","1","12","0","","","","","","","","","","","","","","","","","","","","","","","","","","","0"
"255","Georgia Tech","09/25/10","5","HILL","STEPHEN","1","4","0","4","0","","","","","","","1","4","","","","","","","","","","","","","","","","","","","","","","","","","","","","","","0"
"255","Georgia Tech","10/02/10","5","HILL","STEPHEN","","","","","","","","","","","","0","0","2","7","0","","","","","","","","","","","","","","","","","","","","","","","","","","","0"
"255","Georgia Tech","10/09/10","5","HILL","STEPHEN","","","","","","","","","","","","0","0","2","53","0","","","","","","","","","","","","","","","","","","","","","","","","","","","0"
"255","Georgia Tech","10/16/10","5","HILL","STEPHEN","","","","","","","","","","","","0","0","1","26","1","","","","","","","","","","","","","","","1","","","","","","","","","","","","6"
"255","Georgia Tech","10/23/10","5","HILL","STEPHEN","1","14","0","14","0","","","","","","","1","14","1","4","0","","","","","","","","","","","","","","","","","","","","","","","","","","","0"
"255","Georgia Tech","11/20/10","5","HILL","STEPHEN","","","","","","","","","","","","0","0","1","79","1","","","","","","","","","","","","","","","1","","","","","","","","","","","","6"
"255","Georgia Tech","11/27/10","5","HILL","STEPHEN","","","","","","","","","","","","0","0","2","47","0","","","","","","","","","","","","","","","","","","","","","","","","","","","0"
"255","Georgia Tech","09/11/10","59","JACKSON","KYLE","","","","","","","","","","","","0","0","","","","1","1","0","","","","","","","","","","","","","","","","","","","","","","","","0"
"255","Georgia Tech","10/16/10","1","JOHNSON","ISAIAH","","","","","","","","","","","","0","0","","","","1","18","0","","","","","","","","","","","","","","","","","","","","","","","","0"
"255","Georgia Tech","09/04/10","20","JONES","RODDY","4","45","0","45","2","","","","","","","4","45","","","","","","","","","","","","","","","","","","2","","","","","","","","","","","","12"
"255","Georgia Tech","09/11/10","20","JONES","RODDY","7","41","3","38","0","","","","","","","7","38","","","","","","","","","","","","","","","","","","","","","","","","","","","","","","0"
"255","Georgia Tech","09/18/10","20","JONES","RODDY","4","15","1","14","0","","","","","","","4","14","2","64","1","","","","","","","","","","","","","","","1","","","","","","","","","","","","6"
"255","Georgia Tech","09/25/10","20","JONES","RODDY","2","4","0","4","1","","","","","","","2","4","1","18","0","","","","","","","","","","","","","","","1","","","","","","","","","","","","6"
"255","Georgia Tech","10/02/10","20","JONES","RODDY","","","","","","","","","","","","0","0","1","9","0","","","","","","","","","","","","","","","","","","","","","","","","","","","0"
"255","Georgia Tech","10/09/10","20","JONES","RODDY","8","67","0","67","0","","","","","","","8","67","","","","","","","","","","","","","","","","","","","","","","","","","","","","","","0"
"255","Georgia Tech","10/16/10","20","JONES","RODDY","1","21","0","21","0","","","","","","","1","21","1","6","0","","","","","","","","","","","","","","","","","","","","","","","","","","","0"
"255","Georgia Tech","10/23/10","20","JONES","RODDY","5","39","3","36","0","","","","","","","5","36","","","","","","","","","","","","","","","","","","","","","","","","","","","","","","0"
"255","Georgia Tech","11/04/10","20","JONES","RODDY","5","45","1","44","0","","","","","","","5","44","","","","","","","","","","","","","","","","","","","","","","","","","","","","","","0"
"255","Georgia Tech","11/13/10","20","JONES","RODDY","4","11","9","2","0","","","","","","","4","2","","","","","","","","","","","","","","","","","","","","","","","","","","","","","","0"
"255","Georgia Tech","11/20/10","20","JONES","RODDY","1","2","0","2","0","","","","","","","1","2","","","","","","","","","","","","","","","","","","","","","","","","","","","","","","0"
"255","Georgia Tech","11/27/10","20","JONES","RODDY","9","71","8","63","1","","","","","","","9","63","2","22","0","","","","","","","","","","","","","","","1","","","","","","","","","","","","6"
"255","Georgia Tech","12/27/10","20","JONES","RODDY","2","17","0","17","0","","","","","","","2","17","","","","","","","","","","","","","","","","","","","","","","","","","","","","","","0"
"255","Georgia Tech","09/04/10","27","LYONS","PRESTON","2","7","0","7","0","","","","","","","2","7","","","","","","","","","","","","","","","","","","","","","","","","","","","","","","0"
"255","Georgia Tech","09/11/10","27","LYONS","PRESTON","2","5","0","5","0","","","","","","","2","5","","","","","","","","","","","","","","","","","","","","","","","","","","","","","","0"
"255","Georgia Tech","09/18/10","27","LYONS","PRESTON","2","7","0","7","0","","","","","","","2","7","","","","","","","","","","","","","","","","","","","","","","","","","","","","","","0"
"255","Georgia Tech","09/25/10","27","LYONS","PRESTON","3","12","0","12","0","","","","","","","3","12","","","","","","","","","","","","","","","","","","","","","","","","","","","","","","0"
"255","Georgia Tech","10/02/10","27","LYONS","PRESTON","2","9","0","9","0","","","","","","","2","9","1","38","0","","","","","","","","","","","","","","","","","","","","","","","","","","","0"
"255","Georgia Tech","10/16/10","27","LYONS","PRESTON","1","3","0","3","0","","","","","","","1","3","","","","","","","","","","","","","","","","","","","","","","","","","","","","","","0"
"255","Georgia Tech","11/13/10","27","LYONS","PRESTON","","","","","","","","","","","","0","0","1","5","0","","","","","","","","","","","","","","","","","","","","","","","","","","","0"
"255","Georgia Tech","11/27/10","27","LYONS","PRESTON","2","17","0","17","0","","","","","","","2","17","","","","","","","","","","","","","","","","","","","","","","","","","","","","","","0"
"255","Georgia Tech","09/04/10","80","MCKAYHAN","DANIEL","","","","","","","","","","","","0","0","","","","","","","","","","","","1","11","0","","","","","","","","","","","","","","","","0"
"255","Georgia Tech","09/25/10","80","MCKAYHAN","DANIEL","","","","","","","","","","","","0","0","","","","","","","","","","","","","","","6","138","0","","","","","","","","","","","","","0"
"255","Georgia Tech","11/13/10","80","MCKAYHAN","DANIEL","","","","","","","","","","","","0","0","1","13","0","","","","","","","","","","","","","","","","","","","","","","","","","","","0"
"255","Georgia Tech","12/27/10","80","MCKAYHAN","DANIEL","","","","","","","","","","","","0","0","1","16","0","","","","","","","","","2","-8","0","","","","","","","","","","","","","","","","0"
"255","Georgia Tech","09/25/10","84","MELTON","TYLER","","","","","","","","","","","","0","0","2","39","1","","","","","","","","","","","","","","","1","","","","","","","","","","","","6"
"255","Georgia Tech","10/02/10","84","MELTON","TYLER","","","","","","","","","","","","0","0","1","6","0","","","","","","","","","","","","","","","","","","","","","","","","","","","0"
"255","Georgia Tech","11/04/10","84","MELTON","TYLER","","","","","","","","","","","","0","0","1","42","0","","","","","","","","","","","","","","","","","","","","","","","","","","","0"
"255","Georgia Tech","11/13/10","84","MELTON","TYLER","","","","","","","","","","","","0","0","1","9","0","","","","","","","","","","","","","","","","","","","","","","","","","","","0"
"255","Georgia Tech","12/27/10","84","MELTON","TYLER","","","","","","","","","","","","0","0","1","3","0","","","","","","","","","","","","","","","","","","","","","","","","","","","0"
"255","Georgia Tech","09/04/10","9","NESBITT","JOSHUA","16","130","0","130","3","6","1","1","8","0","","22","138","","","","","","","","","","","","","","","","","","3","","","","","","","","","","","","18"
"255","Georgia Tech","09/11/10","9","NESBITT","JOSHUA","15","42","9","33","2","15","5","0","116","1","1","30","149","","","","","","","","","","","","","","","","","","2","","","1","","","","","","","","","12"
"255","Georgia Tech","09/18/10","9","NESBITT","JOSHUA","26","122","18","104","1","4","3","0","76","1","","30","180","","","","","","","","","","","","","","","","","","1","","","","","","","","","","","","6"
"255","Georgia Tech","09/25/10","9","NESBITT","JOSHUA","19","119","24","95","0","18","5","0","116","1","","37","211","","","","","","","","","","","","","","","","","","","","","","","","","","","","","","0"
"255","Georgia Tech","10/02/10","9","NESBITT","JOSHUA","26","114","42","72","0","21","11","0","130","2","","47","202","","","","","","","","","","","","","","","","","","","","","1","1","","","","","","","","2"
"255","Georgia Tech","10/09/10","9","NESBITT","JOSHUA","21","128","19","109","1","6","3","1","59","0","","27","168","","","","","","","","","","","","","","","","","","1","","","","","","","","","","","","6"
"255","Georgia Tech","10/16/10","9","NESBITT","JOSHUA","22","109","3","106","1","13","5","0","86","1","","35","192","","","","","","","","","","","","","","","","","","1","","","","","","","","","","","","6"
"255","Georgia Tech","10/23/10","9","NESBITT","JOSHUA","15","22","20","2","0","19","6","1","83","1","","34","85","","","","","","","","","","","","","","","","","","","","","","","","","","","","","","0"
"255","Georgia Tech","11/04/10","9","NESBITT","JOSHUA","6","90","4","86","2","3","0","1","0","0","","9","86","","","","","","","","","","","","","","","","","","2","","","","","","","","","","","","12"
"255","Georgia Tech","10/16/10","49","PAIGE","JAMAL","1","9","0","9","0","","","","","","","1","9","","","","","","","","","","","","","","","","","","","","","","","","","","","","","","0"
"255","Georgia Tech","09/11/10","24","PEEPLES","EMBRY","6","55","0","55","0","","","","","","","6","55","1","46","0","","","","","","","","","","","","","","","","","","","","","","","","","","","0"
"255","Georgia Tech","09/18/10","24","PEEPLES","EMBRY","5","42","0","42","0","","","","","","","5","42","","","","","","","","","","","","","","","","","","","","","","","","","","","","","","0"
"255","Georgia Tech","09/25/10","24","PEEPLES","EMBRY","3","14","0","14","0","","","","","","","3","14","","","","","","","","","","","","","","","","","","","","","","","","","","","","","","0"
"255","Georgia Tech","10/02/10","24","PEEPLES","EMBRY","5","18","2","16","0","","","","","","","5","16","1","20","1","","","","","","","","","","","","2","44","0","1","","","","","","","","","","","","6"
"255","Georgia Tech","10/09/10","24","PEEPLES","EMBRY","4","45","0","45","0","","","","","","","4","45","","","","","","","","","","","","","","","1","27","0","","","","","","","","","","","","","0"
"255","Georgia Tech","10/16/10","24","PEEPLES","EMBRY","1","10","0","10","0","","","","","","","1","10","","","","","","","","","","","","","","","1","8","0","","","","","","","","","","","","","0"
"255","Georgia Tech","10/23/10","24","PEEPLES","EMBRY","5","27","7","20","0","","","","","","","5","20","","","","","","","","","","","","","","","1","28","0","","","","","","","","","","","","","0"
"255","Georgia Tech","11/04/10","24","PEEPLES","EMBRY","1","4","0","4","0","","","","","","","1","4","","","","","","","","","","","","","","","1","42","0","","","","","","","","","","","","","0"
"255","Georgia Tech","11/13/10","24","PEEPLES","EMBRY","6","28","10","18","0","","","","","","","6","18","","","","","","","","","","","","","","","","","","","","","","","","","","","","","","0"
"255","Georgia Tech","11/20/10","24","PEEPLES","EMBRY","2","16","0","16","0","","","","","","","2","16","","","","","","","","","","","","","","","3","59","0","","","","","","","","","","","","","0"
"255","Georgia Tech","11/27/10","24","PEEPLES","EMBRY","6","53","0","53","1","","","","","","","6","53","","","","","","","","","","","","","","","","","","1","","","","","","","","","","","","6"
"255","Georgia Tech","12/27/10","24","PEEPLES","EMBRY","","","","","","","","","","","","0","0","","","","","","","","","","","","","","","1","15","0","","","","","","","","","","","","","0"
"255","Georgia Tech","09/18/10","81","POOLE","SEAN","","","","","","","","","","","","0","0","","","","","","","","","","1","34","","","","","","","","","","","","","","","","","","","0"
"255","Georgia Tech","09/25/10","81","POOLE","SEAN","","","","","","","","","","","","0","0","","","","","","","","","","3","114","","","","","","","","","","","","","","","","","","","0"
"255","Georgia Tech","10/02/10","81","POOLE","SEAN","","","","","","","","","","","","0","0","","","","","","","","","","5","198","","","","","","","","","","","","","","","","","","","0"
"255","Georgia Tech","10/09/10","81","POOLE","SEAN","","","","","","","","","","","","0","0","","","","","","","","","","2","92","","","","","","","","","","","","","","","","","","","0"
"255","Georgia Tech","10/16/10","81","POOLE","SEAN","","","","","","","","","","","","0","0","","","","","","","","","","5","199","","","","","","","","","","","","","","","","","","","0"
"255","Georgia Tech","10/23/10","81","POOLE","SEAN","","","","","","","","","","","","0","0","","","","","","","","","","3","143","","","","","","","","","","","","","","","","","","","0"
"255","Georgia Tech","11/04/10","81","POOLE","SEAN","","","","","","","","","","","","0","0","","","","","","","","","","4","161","","","","","","","","","","","","","","","","","","","0"
"255","Georgia Tech","11/13/10","81","POOLE","SEAN","","","","","","","","","","","","0","0","","","","","","","","","","4","121","","","","","","","","","","","","","","","","","","","0"
"255","Georgia Tech","10/16/10","44","ROCKER","ALBERT","","","","","","","","","","","","0","0","","","","","","","","","","","","","","","1","5","0","","","","","","","","","","","","","0"
"255","Georgia Tech","12/27/10","44","ROCKER","ALBERT","","","","","","","","","","","","0","0","","","","","","","","","","","","","","","1","0","0","","","","","","","","","","","","","0"
"255","Georgia Tech","09/04/10","7","SIMS","DAVID","3","34","0","34","0","","","","","","","3","34","","","","","","","","","","","","","","","","","","","","","","","","","","","","","","0"
"255","Georgia Tech","10/16/10","7","SIMS","DAVID","4","26","2","24","1","0","0","0","0","0","","4","24","","","","","","","","","","","","","","","","","","1","","","","","","","","","","","","6"
"255","Georgia Tech","09/04/10","17","SMITH","ORWIN","4","34","0","34","0","","","","","","","4","34","","","","","","","","","","","","","","","","","","","","","","","","","","","","","","0"
"255","Georgia Tech","09/11/10","17","SMITH","ORWIN","5","40","3","37","0","","","","","","","5","37","1","19","0","","","","","","","","","","","","4","74","0","","","","","","","","","","","","","0"
"255","Georgia Tech","09/18/10","17","SMITH","ORWIN","1","73","0","73","1","","","","","","","1","73","","","","","","","","","","","","","","","3","43","0","1","","","","","","","","","","","","6"
"255","Georgia Tech","09/25/10","17","SMITH","ORWIN","1","10","0","10","1","","","","","","","1","10","","","","","","","","","","","","","","","","","","1","","","","","","","","","","","","6"
"255","Georgia Tech","10/02/10","17","SMITH","ORWIN","2","8","0","8","0","","","","","","","2","8","2","23","0","","","","","","","","","","","","","","","","","","","","","","","","","","","0"
"255","Georgia Tech","10/09/10","17","SMITH","ORWIN","3","22","0","22","0","","","","","","","3","22","","","","","","","","","","","","","","","","","","","","","","","","","","","","","","0"
"255","Georgia Tech","10/16/10","17","SMITH","ORWIN","3","25","1","24","1","","","","","","","3","24","2","51","0","","","","","","","","","","","","","","","1","","","","","","","","","","","","6"
"255","Georgia Tech","10/23/10","17","SMITH","ORWIN","4","54","0","54","0","","","","","","","4","54","2","37","0","","","","","","","","","","","","","","","","","","","","","","","","","","","0"
"255","Georgia Tech","11/04/10","17","SMITH","ORWIN","3","38","0","38","1","","","","","","","3","38","","","","","","","","","","","","","","","","","","1","","","","","","","","","","","","6"
"255","Georgia Tech","11/13/10","17","SMITH","ORWIN","12","98","10","88","0","","","","","","","12","88","1","32","0","","","","","","","","","","","","","","","","","","","","","","","","","","","0"
"255","Georgia Tech","11/20/10","17","SMITH","ORWIN","3","49","0","49","0","","","","","","","3","49","1","11","0","","","","","","","","","","","","","","","","","","","","","","","","","","","0"
"255","Georgia Tech","11/27/10","17","SMITH","ORWIN","8","43","4","39","0","","","","","","","8","39","2","16","0","","","","","","","","","","","","","","","","","","","","","","","","","","","0"
"255","Georgia Tech","12/27/10","17","SMITH","ORWIN","4","41","1","40","0","","","","","","","4","40","1","6","0","","","","","","","","","","","","","","","","","","","","","","","","","","","0"
"255","Georgia Tech","11/04/10","6","SWEETING","ROD","","","","","","","","","","","","0","0","","","","1","7","0","","","","","","","","","","","","","","","","","","","","","","","","0"
"255","Georgia Tech","09/11/10","37","TARRANT","JERRARD","","","","","","","","","","","","0","0","","","","","","","","","","","","2","2","0","","","","","","","","","","","","","","","","0"
"255","Georgia Tech","09/18/10","37","TARRANT","JERRARD","","","","","","","","","","","","0","0","","","","","","","","","","","","2","9","0","","","","","","","","","","","","","","","","0"
"255","Georgia Tech","09/25/10","37","TARRANT","JERRARD","","","","","","","","","","","","0","0","","","","1","33","1","","","","","","2","2","0","","","","1","","","","","","","","","","","","6"
"255","Georgia Tech","10/02/10","37","TARRANT","JERRARD","","","","","","","","","","","","0","0","","","","","","","","","","","","5","51","0","","","","","","","","","","","","","","","","0"
"255","Georgia Tech","10/16/10","37","TARRANT","JERRARD","","","","","","","","","","","","0","0","","","","2","60","0","","","","","","2","21","0","","","","","","","","","","","","","","","","0"
"255","Georgia Tech","11/04/10","37","TARRANT","JERRARD","","","","","","","","","","","","0","0","","","","","","","","","","","","2","10","0","","","","","","","","","","","","","","","","0"
"255","Georgia Tech","11/13/10","37","TARRANT","JERRARD","","","","","","","","","","","","0","0","","","","","","","1","5","0","","","1","11","0","","","","","","","","","","","","","","","","0"
"255","Georgia Tech","11/20/10","37","TARRANT","JERRARD","","","","","","","","","","","","0","0","","","","","","","","","","","","2","7","0","","","","","","","","","","","","","","","","0"
"255","Georgia Tech","11/27/10","37","TARRANT","JERRARD","","","","","","","","","","","","0","0","","","","","","","","","","","","1","19","0","","","","","","","","","","","","","","","","0"
"255","Georgia Tech","09/04/10","13","WASHINGTON","TEVIN","7","44","0","44","1","2","1","0","4","0","","9","48","","","","","","","","","","","","","","","","","","1","","","","","","","","","","","","6"
"255","Georgia Tech","10/09/10","13","WASHINGTON","TEVIN","3","0","3","-3","0","","","","","","","3","-3","","","","","","","","","","","","","","","","","","","","","","","","","","","","","","0"
"255","Georgia Tech","10/16/10","13","WASHINGTON","TEVIN","2","8","0","8","0","1","0","0","0","0","","3","8","","","","","","","","","","","","","","","","","","","","","","","","","","","","","","0"
"255","Georgia Tech","11/04/10","13","WASHINGTON","TEVIN","11","54","9","45","0","7","2","1","80","0","","18","125","","","","","","","","","","","","","","","","","","","","","","","","","","","","","","0"
"255","Georgia Tech","11/13/10","13","WASHINGTON","TEVIN","21","140","18","122","0","16","7","0","101","1","","37","223","","","","","","","","","","","","","","","","","","","","","","","","","","","","","","0"
"255","Georgia Tech","11/20/10","13","WASHINGTON","TEVIN","21","105","11","94","1","7","2","0","90","1","","28","184","","","","","","","","","","","","","","","","","","1","","","","","","","","","","","","6"
"255","Georgia Tech","11/27/10","13","WASHINGTON","TEVIN","23","89","16","73","2","15","8","1","101","0","","38","174","","","","","","","","","","","","","","","","","","2","","","","","","","","","","","","12"
"255","Georgia Tech","12/27/10","13","WASHINGTON","TEVIN","28","141","10","131","0","13","5","1","41","0","","41","172","","","","","","","","","","","","","","","","","","","","","","","","","","","","","","0"
"255","Georgia Tech","09/04/10","32","WATSON","RICHARD","3","10","0","10","0","","","","","","","3","10","","","","","","","","","","","","","","","","","","","","","","","","","","","","","","0"
"255","Georgia Tech","10/09/10","32","WATSON","RICHARD","2","5","0","5","0","","","","","","","2","5","","","","","","","","","","","","","","","","","","","","","","","","","","","","","","0"
"255","Georgia Tech","10/16/10","32","WATSON","RICHARD","3","13","0","13","0","","","","","","","3","13","","","","","","","","","","","","","","","","","","","","","","","","","","","","","","0"
"255","Georgia Tech","11/04/10","32","WATSON","RICHARD","2","4","0","4","0","","","","","","","2","4","","","","","","","","","","","","","","","","","","","","","","","","","","","","","","0"
"255","Georgia Tech","09/04/10","3","WRIGHT","MARCUS","1","3","0","3","0","","","","","","","1","3","","","","","","","","","","","","","","","","","","","","","","","","","","","","","","0"
"255","Georgia Tech","09/11/10","3","WRIGHT","MARCUS","5","35","0","35","0","","","","","","","5","35","","","","","","","","","","","","","","","","","","","","","","","","","","","","","","0"
"277","Hawaii","09/18/10","40","AHMAD","PO'OKELA","","","","","","","","","","","","0","0","","","","","","","1","0","0","","","","","","","","","","","","","","","","","","","","","0"
"277","Hawaii","09/25/10","40","AHMAD","PO'OKELA","","","","","","","","","","","","0","0","","","","1","2","0","","","","","","","","","","","","","","","","","","","","","","","","0"
"277","Hawaii","09/02/10","10","AUSTIN","SHANE","","","","","","9","6","0","141","2","0","9","141","","","","","","","","","","","","","","","","","","","","","1","0","","","","","","","","0"
"277","Hawaii","09/25/10","10","AUSTIN","SHANE","1","0","5","-5","0","4","1","0","-2","0","","5","-7","","","","","","","","","","","","","","","","","","","","","","","","","","","","","","0"
"277","Hawaii","10/23/10","10","AUSTIN","SHANE","1","9","0","9","0","","","","","","","1","9","","","","","","","","","","","","","","","","","","","","","","","","","","","","","","0"
"277","Hawaii","10/30/10","10","AUSTIN","SHANE","1","0","8","-8","0","4","2","0","27","0","","5","19","","","","","","","","","","","","","","","","","","","","","","","","","","","","","","0"
"277","Hawaii","11/06/10","10","AUSTIN","SHANE","","","","","","7","4","0","24","0","","7","24","","","","","","","","","","","","","","","","","","","","","","","","","","","","","","0"
"277","Hawaii","12/24/10","10","AUSTIN","SHANE","1","1","0","1","1","9","6","1","68","0","","10","69","","","","","","","","","","","","","","","","","","1","","","","","","","","","","","","6"
"277","Hawaii","09/02/10","84","AVERY","JOE","","","","","","","","","","","","0","0","1","18","0","","","","","","","","","","","","","","","","","","","","","","","","","","","0"
"277","Hawaii","09/25/10","84","AVERY","JOE","","","","","","","","","","","","0","0","1","17","0","","","","","","","","","","","","","","","","","","","","","","","","","","","0"
"277","Hawaii","09/25/10","6","BLOUNT","DUSTIN","","","","","","","","","","","","0","0","4","71","1","","","","","","","","","","","","","","","1","","","","","","","","","","","","6"
"277","Hawaii","10/02/10","6","BLOUNT","DUSTIN","","","","","","","","","","","","0","0","3","22","0","","","","","","","","","","","","1","12","0","","","","","","","","","","","","","0"
"277","Hawaii","10/09/10","6","BLOUNT","DUSTIN","","","","","","","","","","","","0","0","","","","","","","","","","","","1","-2","0","5","137","0","","","","","","","","","","","","","0"
"277","Hawaii","10/16/10","6","BLOUNT","DUSTIN","","","","","","","","","","","","0","0","","","","","","","","","","","","","","","2","43","0","","","","","","","","","","","","","0"
"277","Hawaii","10/23/10","6","BLOUNT","DUSTIN","","","","","","","","","","","","0","0","","","","","","","","","","","","","","","2","58","0","","","","","","","","","","","","","0"
"277","Hawaii","10/30/10","6","BLOUNT","DUSTIN","","","","","","","","","","","","0","0","4","44","1","","","","","","","","","","","","1","28","0","1","","","","","","","","","","","","6"
"277","Hawaii","11/06/10","6","BLOUNT","DUSTIN","","","","","","","","","","","","0","0","6","28","0","","","","","","","","","","","","6","146","0","","","","","","","","","","","","","0"
"277","Hawaii","11/20/10","6","BLOUNT","DUSTIN","","","","","","","","","","","","0","0","","","","","","","","","","","","","","","2","46","0","","","","","","","","","","","","","0"
"277","Hawaii","11/27/10","6","BLOUNT","DUSTIN","","","","","","","","","","","","0","0","","","","","","","","","","","","","","","4","80","0","","","","","","","","","","","","","0"
"277","Hawaii","12/04/10","6","BLOUNT","DUSTIN","","","","","","","","","","","","0","0","1","4","0","","","","","","","","","","","","2","53","0","","","","","","","","","","","","","0"
"277","Hawaii","12/24/10","6","BLOUNT","DUSTIN","","","","","","","","","","","","0","0","2","13","0","","","","","","","","","","","","3","88","0","","","","","","","","","","","","","0"
"277","Hawaii","09/02/10","3","BRADLEY","RODNEY","","","","","","","","","","","","0","0","5","31","0","","","","","","","","","","","","","","","","","","","","","","","","","","","0"
"277","Hawaii","09/11/10","3","BRADLEY","RODNEY","","","","","","","","","","","","0","0","5","53","1","","","","","","","","","","","","","","","1","","","","","","","","","","","","6"
"277","Hawaii","09/18/10","3","BRADLEY","RODNEY","","","","","","","","","","","","0","0","3","36","0","","","","","","","","","","","","","","","","","","","","","","","","","","","0"
"277","Hawaii","10/09/10","3","BRADLEY","RODNEY","","","","","","","","","","","","0","0","3","19","0","","","","","","","","","","","","","","","","","","","","","","","","","","","0"
"277","Hawaii","10/16/10","3","BRADLEY","RODNEY","","","","","","","","","","","","0","0","4","42","0","","","","","","","","","","","","","","","","","","","","","","","","","","","0"
"277","Hawaii","10/23/10","3","BRADLEY","RODNEY","","","","","","","","","","","","0","0","3","105","0","","","","","","","","","","","","","","","","","","","","","","","","","","","0"
"277","Hawaii","10/30/10","3","BRADLEY","RODNEY","","","","","","","","","","","","0","0","5","40","0","","","","","","","","","","","","","","","","","","","","","","","","","","","0"
"277","Hawaii","11/06/10","3","BRADLEY","RODNEY","","","","","","","","","","","","0","0","6","54","0","","","","","","","","","","","","","","","","","","","","","","","","","","","0"
"277","Hawaii","11/20/10","3","BRADLEY","RODNEY","","","","","","","","","","","","0","0","7","72","0","","","","","","","","","","","","","","","","","","","","","","","","","","","0"
"277","Hawaii","11/27/10","3","BRADLEY","RODNEY","","","","","","","","","","","","0","0","2","24","0","","","","","","","","","","","","","","","","","","","","","","","","","","","0"
"277","Hawaii","12/04/10","3","BRADLEY","RODNEY","1","2","0","2","0","","","","","","","1","2","5","35","0","","","","","","","","","","","","","","","","","","","","","","","","","","","0"
"277","Hawaii","11/20/10","24","BROWN","AARON","","","","","","","","","","","","0","0","","","","2","34","1","","","","","","","","","","","","1","","","","","","","","","","","","6"
"277","Hawaii","11/27/10","24","BROWN","AARON","","","","","","","","","","","","0","0","","","","1","33","1","","","","","","","","","","","","1","","","","","","","","","","","","6"
"277","Hawaii","09/25/10","8","BRYANT","JERAMY","","","","","","","","","","","","0","0","","","","1","23","0","","","","","","","","","","","","","","","","","","","","","","","","0"
"277","Hawaii","10/02/10","8","BRYANT","JERAMY","","","","","","","","","","","","0","0","","","","1","15","0","","","","","","","","","","","","","","","","","","","","","","","","0"
"277","Hawaii","10/09/10","8","BRYANT","JERAMY","","","","","","","","","","","","0","0","","","","2","58","1","","","","","","","","","","","","1","","","","","","","","","","","","6"
"277","Hawaii","09/02/10","26","DIMUDE","CHIZZY","6","61","0","61","0","","","","","","","6","61","","","","","","","","","","","","","","","","","","","","","","","","","","","","","","0"
"277","Hawaii","09/11/10","26","DIMUDE","CHIZZY","1","0","12","-12","0","","","","","","","1","-12","","","","","","","","","","","","","","","1","14","0","","","","","","","","","","","","","0"
"277","Hawaii","09/18/10","26","DIMUDE","CHIZZY","1","9","0","9","0","","","","","","","1","9","","","","","","","","","","","","","","","","","","","","","","","","","","","","","","0"
"277","Hawaii","09/25/10","26","DIMUDE","CHIZZY","5","25","2","23","0","","","","","","","5","23","2","16","0","","","","","","","","","","","","","","","","","","","","","","","","","","","0"
"277","Hawaii","10/02/10","26","DIMUDE","CHIZZY","6","49","0","49","1","","","","","","","6","49","","","","","","","","","","","","","","","","","","1","","","","","","","","","","","","6"
"277","Hawaii","10/09/10","26","DIMUDE","CHIZZY","1","3","0","3","0","","","","","","","1","3","","","","","","","","","","","","","","","","","","","","","","","","","","","","","","0"
"277","Hawaii","10/16/10","26","DIMUDE","CHIZZY","1","11","0","11","0","","","","","","","1","11","","","","","","","","","","","","","","","","","","","","","","","","","","","","","","0"
"277","Hawaii","10/23/10","26","DIMUDE","CHIZZY","8","34","2","32","0","","","","","","","8","32","","","","","","","","","","","","","","","","","","","","","","","","","","","","","","0"
"277","Hawaii","10/30/10","26","DIMUDE","CHIZZY","3","37","0","37","0","","","","","","","3","37","1","23","0","","","","","","","","","","","","","","","","","","","","","","","","","","","0"
"277","Hawaii","11/06/10","26","DIMUDE","CHIZZY","2","9","0","9","0","","","","","","","2","9","","","","","","","","","","","","","","","","","","","","","","","","","","","","","","0"
"277","Hawaii","11/20/10","26","DIMUDE","CHIZZY","4","12","1","11","0","","","","","","","4","11","","","","","","","","","","","","","","","","","","","","","","","","","","","","","","0"
"277","Hawaii","11/27/10","26","DIMUDE","CHIZZY","1","9","0","9","0","","","","","","","1","9","1","12","1","","","","","","","","","","","","","","","1","","","","","","","","","","","","6"
"277","Hawaii","12/04/10","26","DIMUDE","CHIZZY","5","24","8","16","0","","","","","","","5","16","","","","","","","","","","","","","","","","","","","","","","","","","","","","","","0"
"277","Hawaii","12/24/10","26","DIMUDE","CHIZZY","","","","","","","","","","","","0","0","1","8","0","","","","","","","","","","","","","","","","","","","","","","","","","","","0"
"277","Hawaii","09/02/10","31","DUNNACHIE","ALEX","","","","","","","","","","","","0","0","","","","","","","","","","3","130","","","","","","","","","","","","","","","","","","","0"
"277","Hawaii","09/11/10","31","DUNNACHIE","ALEX","","","","","","","","","","","","0","0","","","","","","","","","","4","170","","","","","","","","","","","","","","","","","","","0"
"277","Hawaii","09/18/10","31","DUNNACHIE","ALEX","","","","","","","","","","","","0","0","","","","","","","","","","4","176","","","","","","","","","","","","","","","","","","","0"
"277","Hawaii","09/25/10","31","DUNNACHIE","ALEX","","","","","","","","","","","","0","0","","","","","","","","","","1","50","","","","","","","","","","","","","","","","","","","0"
"277","Hawaii","10/02/10","31","DUNNACHIE","ALEX","","","","","","","","","","","","0","0","","","","","","","","","","2","52","","","","","","","","","","","","","","","","","","","0"
"277","Hawaii","10/09/10","31","DUNNACHIE","ALEX","","","","","","","","","","","","0","0","","","","","","","","","","5","254","","","","","","","","","","","","","","","","","","","0"
"277","Hawaii","10/16/10","31","DUNNACHIE","ALEX","","","","","","","","","","","","0","0","","","","","","","","","","3","145","","","","","","","","","","","","","","","","","","","0"
"277","Hawaii","10/23/10","31","DUNNACHIE","ALEX","","","","","","","","","","","","0","0","","","","","","","","","","5","161","","","","","","","","","","","","","","","","","","","0"
"277","Hawaii","10/30/10","31","DUNNACHIE","ALEX","","","","","","","","","","","","0","0","","","","","","","","","","3","119","","","","","","","","","","","","","","","","","","","0"
"277","Hawaii","11/06/10","31","DUNNACHIE","ALEX","","","","","","","","","","","","0","0","","","","","","","","","","9","396","","","","","","","","","","","","","","","","","","","0"
"277","Hawaii","11/20/10","31","DUNNACHIE","ALEX","","","","","","","","","","","","0","0","","","","","","","","","","4","186","","","","","","","","","","","","","","","","","","","0"
"277","Hawaii","11/27/10","31","DUNNACHIE","ALEX","","","","","","","","","","","","0","0","","","","","","","","","","1","51","","","","","","","","","","","","","","","","","","","0"
"277","Hawaii","12/04/10","31","DUNNACHIE","ALEX","","","","","","","","","","","","0","0","","","","","","","","","","2","91","","","","","","","","","","","","","","","","","","","0"
"277","Hawaii","12/24/10","31","DUNNACHIE","ALEX","","","","","","","","","","","","0","0","","","","","","","","","","6","253","","","","","","","","","","","","","","","","","","","0"
"277","Hawaii","09/02/10","20","ENOS","SCOTT","","","","","","","","","","","","0","0","","","","","","","","","","","","","","","","","","","3","3","0","0","","","","","3","3","","12"
"277","Hawaii","09/11/10","20","ENOS","SCOTT","","","","","","","","","","","","0","0","","","","","","","","","","","","","","","","","","","4","4","0","0","","","","","1","1","","7"
"277","Hawaii","09/18/10","20","ENOS","SCOTT","","","","","","","","","","","","0","0","","","","","","","","","","","","","","","","","","","1","1","0","0","","","","","3","2","","7"
"277","Hawaii","09/25/10","20","ENOS","SCOTT","","","","","","","","","","","","0","0","","","","","","","","","","","","","","","","","","","9","9","0","0","","","","","1","1","","12"
"277","Hawaii","10/02/10","20","ENOS","SCOTT","","","","","","","","","","","","0","0","","","","","","","","","","","","","","","","","","","5","5","0","0","","","","","2","2","","11"
"277","Hawaii","10/09/10","20","ENOS","SCOTT","","","","","","","","","","","","0","0","","","","","","","","","","","","","","","","","","","7","7","0","0","","","","","1","0","","7"
"277","Hawaii","10/16/10","20","ENOS","SCOTT","","","","","","","","","","","","0","0","","","","","","","","","","","","","","","","","","","3","3","0","0","","","","","3","2","","9"
"277","Hawaii","10/23/10","20","ENOS","SCOTT","","","","","","","","","","","","0","0","","","","","","","","","","","","","","","","","","","6","6","0","0","","","","","1","1","","9"
"277","Hawaii","10/30/10","20","ENOS","SCOTT","","","","","","","","","","","","0","0","","","","","","","","","","","","","","","","","","","6","6","0","0","","","","","2","1","","9"
"277","Hawaii","11/06/10","20","ENOS","SCOTT","","","","","","","","","","","","0","0","","","","","","","","","","","","","","","","","","","1","1","0","0","","","","","","","","1"
"277","Hawaii","11/20/10","20","ENOS","SCOTT","","","","","","","","","","","","0","0","","","","","","","","","","","","","","","","","","","5","5","0","0","","","","","2","2","","11"
"277","Hawaii","11/27/10","20","ENOS","SCOTT","","","","","","","","","","","","0","0","","","","","","","","","","","","","","","","","","","8","8","0","0","","","","","1","1","","11"
"277","Hawaii","12/04/10","20","ENOS","SCOTT","","","","","","","","","","","","0","0","","","","","","","","","","","","","","","","","","","8","8","0","0","","","","","1","1","","11"
"277","Hawaii","12/24/10","20","ENOS","SCOTT","","","","","","","","","","","","0","0","","","","","","","","","","","","","","","","","","","5","5","0","0","","","","","","","","5"
"277","Hawaii","12/04/10","42","FALEMALU","PAIPAI","","","","","","","","","","","","0","0","","","","","","","","","","","","","","","1","0","0","","","","","","","","","","","","","0"
"277","Hawaii","09/25/10","0I","GRAVES","DAVID","","","","","","1","1","0","41","1","","1","41","","","","","","","","","","","","","","","","","","","","","","","","","","","","","","0"
"277","Hawaii","10/23/10","0I","GRAVES","DAVID","","","","","","","","","","","","0","0","","","","","","","1","6","1","","","","","","","","","1","","","","","","","","","","","","6"
"277","Hawaii","10/30/10","0I","GRAVES","DAVID","2","12","0","12","0","2","0","0","0","0","","4","12","","","","","","","","","","","","","","","","","","","","","","","","","","","","","","0"
"277","Hawaii","12/24/10","0I","GRAVES","DAVID","","","","","","","","","","","","0","0","","","","","","","","","","","","","","","1","13","0","","","","","","","","","","","","","0"
"277","Hawaii","09/02/10","25","GREEN","ALEX","9","66","0","66","1","","","","","","","9","66","1","4","0","","","","","","","","","","","","","","","1","","","","","","","","","","","","6"
"277","Hawaii","09/11/10","25","GREEN","ALEX","6","40","0","40","1","","","","","","","6","40","2","29","0","","","","","","","","","","","","","","","1","","","","","","","","","","","","6"
"277","Hawaii","09/18/10","25","GREEN","ALEX","6","6","3","3","0","","","","","","","6","3","3","16","0","","","","","","","","","","","","","","","","","","","","","","","","","","","0"
"277","Hawaii","09/25/10","25","GREEN","ALEX","4","24","0","24","1","","","","","","","4","24","2","97","1","","","","","","","","","","","","","","","2","","","","","","","","","","","","12"
"277","Hawaii","10/02/10","25","GREEN","ALEX","6","19","0","19","0","","","","","","","6","19","3","9","0","","","","","","","","","","","","","","","","","","","","","","","","","","","0"
"277","Hawaii","10/09/10","25","GREEN","ALEX","13","107","11","96","3","","","","","","","13","96","3","69","0","","","","","","","","","","","","","","","3","","","","","","","","","","","","18"
"277","Hawaii","10/16/10","25","GREEN","ALEX","13","72","4","68","0","","","","","","","13","68","1","5","0","","","","","","","","","","","","","","","","","","","","","","","","","","","0"
"277","Hawaii","10/23/10","25","GREEN","ALEX","14","172","0","172","4","","","","","","","14","172","4","24","0","","","","","","","","","","","","","","","4","","","","","","","","","","","","24"
"277","Hawaii","10/30/10","25","GREEN","ALEX","10","79","5","74","1","","","","","","","10","74","","","","","","","","","","","","","","","","","","1","","","","","","","","","","","","6"
"277","Hawaii","11/06/10","25","GREEN","ALEX","10","111","4","107","1","","","","","","","10","107","1","2","0","","","","","","","","","","","","","","","1","","","","","","","","","","","","6"
"277","Hawaii","11/20/10","25","GREEN","ALEX","8","39","3","36","1","","","","","","","8","36","4","93","0","","","","","","","","","","","","","","","1","","","","","","","","","","","","6"
"277","Hawaii","11/27/10","25","GREEN","ALEX","19","329","2","327","3","","","","","","","19","327","","","","","","","","","","","","","","","","","","3","","","","","","","","","","","","18"
"277","Hawaii","12/04/10","25","GREEN","ALEX","15","137","1","136","1","","","","","","","15","136","2","-5","0","","","","","","","","","","","","","","","1","","","","","","","","","","","","6"
"277","Hawaii","12/24/10","25","GREEN","ALEX","13","34","3","31","1","","","","","","","13","31","1","20","0","","","","","","","","","","","","","","","1","","","","","","","","","","","","6"
"277","Hawaii","09/25/10","33","HARDY-TULIAU","JOHN","","","","","","","","","","","","0","0","","","","","","","1","8","0","","","","","","","","","","","","","","","","","","","","","0"
"277","Hawaii","09/25/10","88","HENRY","RYAN","","","","","","","","","","","","0","0","1","9","0","","","","","","","","","1","0","0","","","","","","","","","","","","","","","","0"
"277","Hawaii","10/16/10","88","HENRY","RYAN","","","","","","","","","","","","0","0","","","","","","","","","","","","4","30","0","","","","","","","","","","","","","","","","0"
"277","Hawaii","10/23/10","88","HENRY","RYAN","","","","","","","","","","","","0","0","","","","","","","","","","","","3","23","0","","","","","","","","","","","","","","","","0"
"277","Hawaii","12/04/10","0E","HEUN","JAKE","1","3","0","3","1","","","","","","","1","3","","","","","","","","","","","","","","","","","","1","","","","","","","","","","","","6"
"277","Hawaii","12/24/10","0E","HEUN","JAKE","2","13","0","13","0","","","","","","","2","13","","","","","","","","","","","","","","","","","","","","","","","","","","","","","","0"
"277","Hawaii","09/11/10","50","LOLOTAI","MANA","","","","","","","","","","","","0","0","","","","","","","","","","","","","","","2","9","0","","","","","","","","","","","","","0"
"277","Hawaii","11/27/10","50","LOLOTAI","MANA","","","","","","","","","","","","0","0","","","","","","","","","","","","","","","1","11","0","","","","","","","","","","","","","0"
"277","Hawaii","09/25/10","47","MONICO","JORDAN","3","12","0","12","0","","","","","","","3","12","","","","","","","","","","","","","","","","","","","","","","","","","","","","","","0"
"277","Hawaii","10/16/10","47","MONICO","JORDAN","","","","","","","","","","","","0","0","","","","","","","","","","","","","","","1","11","0","","","","","","","","","","","","","0"
"277","Hawaii","11/06/10","47","MONICO","JORDAN","","","","","","","","","","","","0","0","","","","","","","","","","","","","","","1","6","0","","","","","","","","","","","","","0"
"277","Hawaii","12/04/10","47","MONICO","JORDAN","","","","","","","","","","","","0","0","","","","","","","","","","","","","","","1","20","0","","","","","","","","","","","","","0"
"277","Hawaii","12/24/10","47","MONICO","JORDAN","","","","","","","","","","","","0","0","","","","","","","","","","","","","","","2","15","0","","","","","","","","","","","","","0"
"277","Hawaii","09/02/10","17","MONIZ","BRYANT","11","59","21","38","0","36","18","0","269","1","","47","307","","","","","","","","","","","","","","","","","","","","","","","","","","","","","","0"
"277","Hawaii","09/11/10","17","MONIZ","BRYANT","4","12","30","-18","0","36","25","0","343","3","","40","325","","","","","","","","","","","","","","","","","","","","","","","","","","","","","","0"
"277","Hawaii","09/18/10","17","MONIZ","BRYANT","6","8","13","-5","0","41","27","1","330","1","","47","325","","","","","","","","","","","","","","","","","","","","","","","","","","","","","","0"
"277","Hawaii","09/25/10","17","MONIZ","BRYANT","2","20","0","20","1","27","19","2","395","6","","29","415","","","","","","","","","","","","","","","","","","1","","","","","","","","","","","","6"
"277","Hawaii","10/02/10","17","MONIZ","BRYANT","9","53","4","49","0","58","42","0","532","4","","67","581","","","","","","","","","","","","","","","","","","","","","","","","","","","","","","0"
"277","Hawaii","10/09/10","17","MONIZ","BRYANT","3","4","5","-1","0","49","29","1","376","3","","52","375","","","","","","","","","","","","","","","","","","","","","","","","","","","","","","0"
"277","Hawaii","10/16/10","17","MONIZ","BRYANT","5","14","28","-14","0","36","26","0","287","3","","41","273","","","","","","","","","","","","","","","","","","","","","","","","","","","","","","0"
"277","Hawaii","10/23/10","17","MONIZ","BRYANT","3","9","7","2","0","41","25","2","389","1","","44","391","","","","","","","","","","","","","","","","","","","","","","","","","","","","","","0"
"277","Hawaii","10/30/10","17","MONIZ","BRYANT","7","59","16","43","1","38","27","1","326","3","","45","369","","","","","","","","","","","","","","","","","","1","","","","","","","","","","","","6"
"277","Hawaii","11/06/10","17","MONIZ","BRYANT","9","3","47","-44","0","28","17","0","127","0","","37","83","","","","","","","","","","","","","","","","","","","","","","","","","","","","","","0"
"277","Hawaii","11/20/10","17","MONIZ","BRYANT","4","0","14","-14","0","44","32","2","560","3","","48","546","","","","","","","","","","","","","","","","","","","","","","","","","","","","","","0"
"277","Hawaii","11/27/10","17","MONIZ","BRYANT","2","0","9","-9","0","31","21","1","315","4","","33","306","","","","","","","","","","","","","","","","","","","","","","","","","","","","","","0"
"277","Hawaii","12/04/10","17","MONIZ","BRYANT","5","31","2","29","2","43","29","1","380","4","","48","409","","","","","","","","","","","","","","","","","","2","","","","","","","","","","","","12"
"277","Hawaii","12/24/10","17","MONIZ","BRYANT","11","72","46","26","0","47","24","4","411","3","","58","437","","","","","","","","","","","","","","","","","","","","","","","","","","","","","","0"
"277","Hawaii","11/20/10","34","OSTROWSKI","JEREMIAH","","","","","","","","","","","","0","0","2","22","0","","","","","","","","","","","","","","","","","","","","","","","","","","","0"
"277","Hawaii","12/24/10","34","OSTROWSKI","JEREMIAH","","","","","","","","","","","","0","0","2","72","0","","","","","","","","","","","","","","","","","","","","","","","","","","","0"
"277","Hawaii","10/23/10","41","PAREDES","COREY","","","","","","","","","","","","0","0","","","","2","0","0","","","","","","","","","","","","","","","","","","","","","","","","0"
"277","Hawaii","10/30/10","41","PAREDES","COREY","","","","","","","","","","","","0","0","","","","1","0","0","","","","","","","","","","","","","","","","","","","","","","","","0"
"277","Hawaii","12/04/10","41","PAREDES","COREY","","","","","","","","","","","","0","0","","","","1","17","0","","","","","","","","","","","","","","","","","","","","","","","","0"
"277","Hawaii","09/02/10","21","PILARES","KEALOHA","","","","","","","","","","","","0","0","5","176","3","","","","","","","","","","","","","","","3","","","","","","","","","","","","18"
"277","Hawaii","09/11/10","21","PILARES","KEALOHA","","","","","","","","","","","","0","0","6","104","1","","","","","","","","","","","","","","","1","","","","","","","","","","","","6"
"277","Hawaii","09/18/10","21","PILARES","KEALOHA","","","","","","","","","","","","0","0","6","117","1","","","","","","","","","","","","","","","1","","","","","","","","","","","","6"
"277","Hawaii","09/25/10","21","PILARES","KEALOHA","","","","","","","","","","","","0","0","4","68","2","","","","","","","","","","","","","","","2","","","","","","","","","","","","12"
"277","Hawaii","10/02/10","21","PILARES","KEALOHA","","","","","","","","","","","","0","0","18","217","2","","","","","","","","","","","","","","","2","","","","","","","","","","","","12"
"277","Hawaii","10/09/10","21","PILARES","KEALOHA","","","","","","","","","","","","0","0","6","44","0","","","","","","","","","","","","","","","","","","","","","","","","","","","0"
"277","Hawaii","10/16/10","21","PILARES","KEALOHA","","","","","","","","","","","","0","0","8","67","2","","","","","","","","","","","","","","","2","","","","","","","","","","","","12"
"277","Hawaii","10/23/10","21","PILARES","KEALOHA","","","","","","","","","","","","0","0","7","98","0","","","","","","","","","","","","","","","","","","","","","","","","","","","0"
"277","Hawaii","10/30/10","21","PILARES","KEALOHA","","","","","","","","","","","","0","0","4","54","1","","","","","","","","","2","28","0","","","","1","","","","","","","","","","","","6"
"277","Hawaii","11/20/10","21","PILARES","KEALOHA","","","","","","","","","","","","0","0","9","154","1","","","","","","","","","","","","","","","1","","","","","","","","","","","","6"
"277","Hawaii","11/27/10","21","PILARES","KEALOHA","","","","","","","","","","","","0","0","6","50","1","","","","","","","","","","","","","","","1","","","","","","","","","","","","6"
"277","Hawaii","12/04/10","21","PILARES","KEALOHA","","","","","","","","","","","","0","0","9","157","1","","","","","","","","","","","","","","","1","","","","","","","","","","","","6"
"277","Hawaii","12/24/10","21","PILARES","KEALOHA","","","","","","","","","","","","0","0","","","","","","","","","","","","1","0","0","","","","","","","","","","","","","","","","0"
"277","Hawaii","09/02/10","81","POLLARD","ROYCE","","","","","","","","","","","","0","0","7","106","0","","","","","","","","","","","","2","38","0","","","","","","","","","","","","","0"
"277","Hawaii","09/11/10","81","POLLARD","ROYCE","","","","","","","","","","","","0","0","5","94","1","","","","","","","","","","","","1","17","0","1","","","","","","","","","","","","6"
"277","Hawaii","09/18/10","81","POLLARD","ROYCE","","","","","","","","","","","","0","0","6","67","0","","","","","","","","","","","","","","","","","","","","","","","","","","","0"
"277","Hawaii","09/25/10","81","POLLARD","ROYCE","","","","","","","","","","","","0","0","2","55","0","","","","","","","","","","","","","","","","","","","","","","","","","","","0"
"277","Hawaii","10/02/10","81","POLLARD","ROYCE","","","","","","","","","","","","0","0","3","27","0","","","","","","","","","","","","","","","","","","","","","","","","","","","0"
"277","Hawaii","10/09/10","81","POLLARD","ROYCE","","","","","","","","","","","","0","0","8","96","0","","","","","","","","","","","","","","","","","","","","","","","","","","","0"
"277","Hawaii","10/16/10","81","POLLARD","ROYCE","","","","","","","","","","","","0","0","2","20","1","","","","","","","","","","","","","","","1","","","","","","","","","","","","6"
"277","Hawaii","10/23/10","81","POLLARD","ROYCE","","","","","","","","","","","","0","0","2","4","0","","","","","","","","","","","","","","","","","","","","","","","","","","","0"
"277","Hawaii","10/30/10","81","POLLARD","ROYCE","","","","","","","","","","","","0","0","3","20","1","","","","","","","","","","","","","","","1","","","","","","","","","","","","6"
"277","Hawaii","11/06/10","81","POLLARD","ROYCE","","","","","","","","","","","","0","0","5","53","0","","","","","","","","","","","","","","","","","","","","","","","","","","","0"
"277","Hawaii","11/20/10","81","POLLARD","ROYCE","","","","","","","","","","","","0","0","4","97","1","","","","","","","","","","","","","","","1","","","","","","","","","","","","6"
"277","Hawaii","11/27/10","81","POLLARD","ROYCE","","","","","","","","","","","","0","0","2","38","1","","","","","","","","","","","","","","","1","","","","","","","","","","","","6"
"277","Hawaii","12/04/10","81","POLLARD","ROYCE","","","","","","","","","","","","0","0","7","95","1","","","","","","","","","","","","","","","1","","","","","","","","","","","","6"
"277","Hawaii","12/24/10","81","POLLARD","ROYCE","","","","","","","","","","","","0","0","8","129","1","","","","","","","","","","","","","","","1","","","","","","","","","","","","6"
"277","Hawaii","09/25/10","90","PURCELL","ELLIOT","","","","","","","","","","","","0","0","","","","","","","1","11","0","","","","","","","","","","","","","","","","","","","","","0"
"277","Hawaii","09/02/10","16","RAUSCH","BRENT","2","0","17","-17","0","4","3","0","49","0","","6","32","","","","","","","","","","","","","","","","","","","","","","","","","","","","","","0"
"277","Hawaii","09/25/10","16","RAUSCH","BRENT","","","","","","8","5","1","56","0","","8","56","","","","","","","","","","","","","","","","","","","","","","","","","","","","","","0"
"277","Hawaii","10/23/10","16","RAUSCH","BRENT","1","4","0","4","0","2","0","0","0","0","","3","4","","","","","","","","","","","","","","","","","","","","","","","","","","","","","","0"
"277","Hawaii","11/20/10","16","RAUSCH","BRENT","","","","","","6","3","0","33","0","","6","33","","","","","","","","","","","","","","","","","","","","","","","","","","","","","","0"
"277","Hawaii","12/04/10","16","RAUSCH","BRENT","","","","","","3","2","0","43","0","","3","43","","","","","","","","","","","","","","","","","","","","","","","","","","","","","","0"
"277","Hawaii","09/25/10","29","ROSEHILL","HOGAN","5","24","0","24","0","","","","","","","5","24","","","","","","","","","","","","","","","","","","","","","","","","","","","","","","0"
"277","Hawaii","09/02/10","1","SALAS","GREG","","","","","","","","","","","","0","0","8","124","0","","","","","","","","","","","","","","","","","","","","","","","","","","","0"
"277","Hawaii","09/11/10","1","SALAS","GREG","","","","","","","","","","","","0","0","7","63","0","","","","","","","","","1","5","0","","","","","","","","","","","","","","","","0"
"277","Hawaii","09/18/10","1","SALAS","GREG","","","","","","","","","","","","0","0","9","94","0","","","","","","","","","1","-1","0","","","","","","","","","","","","","","","","0"
"277","Hawaii","09/25/10","1","SALAS","GREG","","","","","","","","","","","","0","0","7","131","2","","","","","","","","","","","","","","","2","","","","","","","","","","","","12"
"277","Hawaii","10/02/10","1","SALAS","GREG","","","","","","","","","","","","0","0","10","197","2","","","","","","","","","","","","","","","2","","","","","","","","","","","","12"
"277","Hawaii","10/09/10","1","SALAS","GREG","","","","","","","","","","","","0","0","9","148","3","","","","","","","","","","","","","","","3","","","","","","","","","","","","18"
"277","Hawaii","10/16/10","1","SALAS","GREG","","","","","","","","","","","","0","0","11","153","0","","","","","","","","","","","","","","","","","","","","","","","","","","","0"
"277","Hawaii","10/23/10","1","SALAS","GREG","","","","","","","","","","","","0","0","9","158","1","","","","","","","","","","","","","","","1","","","","","","","","","","","","6"
"277","Hawaii","10/30/10","1","SALAS","GREG","","","","","","","","","","","","0","0","11","168","0","","","","","","","","","","","","","","","","","","","","","","","","","","","0"
"277","Hawaii","11/06/10","1","SALAS","GREG","","","","","","","","","","","","0","0","2","10","0","","","","","","","","","","","","","","","","","","","","","","","","","","","0"
"277","Hawaii","11/20/10","1","SALAS","GREG","","","","","","","","","","","","0","0","8","144","1","","","","","","","","","2","0","0","","","","1","","","","","","","","","","","","6"
"277","Hawaii","11/27/10","1","SALAS","GREG","","","","","","","","","","","","0","0","10","191","1","","","","","","","","","","","","","","","1","","","","","","","","","","","","6"
"277","Hawaii","12/04/10","1","SALAS","GREG","","","","","","","","","","","","0","0","5","94","2","","","","","","","","","","","","","","","2","","","","","","","","","","","","12"
"277","Hawaii","12/24/10","1","SALAS","GREG","","","","","","","","","","","","0","0","13","214","2","","","","","","","","","1","-6","0","","","","2","","","","","","","","","","","","12"
"277","Hawaii","09/02/10","0B","SAMPSON","ALLEN","","","","","","","","","","","","0","0","","","","","","","","","","","","","","","2","44","0","","","","","","","","","","","","","0"
"277","Hawaii","09/11/10","0B","SAMPSON","ALLEN","","","","","","","","","","","","0","0","","","","","","","","","","","","","","","1","30","0","","","","","","","","","","","","","0"
"277","Hawaii","09/18/10","0B","SAMPSON","ALLEN","","","","","","","","","","","","0","0","","","","","","","","","","","","","","","3","49","0","","","","","","","","","","","","","0"
"277","Hawaii","09/25/10","0B","SAMPSON","ALLEN","","","","","","","","","","","","0","0","1","-2","0","","","","","","","","","","","","2","35","0","","","","","","","","","","","","","0"
"277","Hawaii","10/02/10","0B","SAMPSON","ALLEN","","","","","","","","","","","","0","0","","","","","","","","","","","","","","","2","40","0","","","","","","","","","","","","","0"
"277","Hawaii","12/24/10","0B","SAMPSON","ALLEN","","","","","","","","","","","","0","0","","","","","","","","","","","","","","","5","106","0","","","","","","","","","","","","","0"
"277","Hawaii","09/25/10","4","SHUTTER","CAYMAN","","","","","","2","0","0","0","0","","2","0","","","","","","","","","","","","","","","","","","","","","","","","","","","","","","0"
"277","Hawaii","10/02/10","43","SILVA","MANA","","","","","","","","","","","","0","0","","","","2","8","0","","","","","","","","","","","","","","","","","","","","","","","","0"
"277","Hawaii","10/09/10","43","SILVA","MANA","","","","","","","","","","","","0","0","","","","1","0","0","","","","","","","","","","","","","","","","","","","","","","","","0"
"277","Hawaii","10/16/10","43","SILVA","MANA","","","","","","","","","","","","0","0","","","","1","8","0","","","","","","","","","","","","","","","","","","","","","","","","0"
"277","Hawaii","10/30/10","43","SILVA","MANA","","","","","","","","","","","","0","0","","","","1","18","0","","","","","","","","","","","","","","","","","","","","","","","","0"
"277","Hawaii","11/06/10","43","SILVA","MANA","","","","","","","","","","","","0","0","","","","2","0","0","","","","","","","","","","","","","","","","","","","","","","","","0"
"277","Hawaii","12/04/10","43","SILVA","MANA","","","","","","","","","","","","0","0","","","","1","26","0","","","","","","","","","","","","","","","","","","","","","","","","0"
"277","Hawaii","09/25/10","5","STUTZMANN","BILLY RAY","","","","","","","","","","","","0","0","2","28","1","","","","","","","","","","","","","","","1","","","","","","","","","","","","6"
"277","Hawaii","10/02/10","5","STUTZMANN","BILLY RAY","","","","","","","","","","","","0","0","5","60","0","","","","","","","","","","","","","","","","","","","","","","","","","","","0"
"277","Hawaii","10/30/10","5","STUTZMANN","BILLY RAY","","","","","","","","","","","","0","0","1","4","0","","","","","","","","","","","","","","","","","","","","","","","","","","","0"
"277","Hawaii","11/06/10","5","STUTZMANN","BILLY RAY","","","","","","","","","","","","0","0","1","4","0","","","","","","","","","","","","","","","","","","","","","","","","","","","0"
"277","Hawaii","11/20/10","5","STUTZMANN","BILLY RAY","","","","","","","","","","","","0","0","1","11","0","","","","","","","","","","","","","","","","","","","","","","","","","","","0"
"277","Hawaii","12/24/10","5","STUTZMANN","BILLY RAY","","","","","","","","","","","","0","0","3","23","0","","","","","","","","","","","","","","","","","","","","","","","","","","","0"
"277","Hawaii","12/04/10","87","TINOCO","MIKE","","","","","","","","","","","","0","0","2","43","0","","","","","","","","","","","","","","","","","","","","","","","","","","","0"
"277","Hawaii","10/16/10","19","TORRES","RICHARD","","","","","","","","","","","","0","0","","","","1","21","0","","","","","","","","","","","","","","","","","","","","","","","","0"
"277","Hawaii","10/30/10","19","TORRES","RICHARD","","","","","","","","","","","","0","0","","","","","","","1","57","1","","","","","","","","","1","","","","","","","","","","","","6"
"277","Hawaii","12/04/10","19","TORRES","RICHARD","","","","","","","","","","","","0","0","","","","1","43","0","","","","","","","","","","","","","","","","","","","","","","","","0"
"277","Hawaii","12/24/10","19","TORRES","RICHARD","","","","","","","","","","","","0","0","","","","","","","1","5","0","","","","","","","","","","","","","","","","","","","","","0"
"277","Hawaii","11/27/10","94","UMU","KAMALU","","","","","","","","","","","","0","0","","","","1","16","0","","","","","","","","","","","","","","","","","","","","","","","","0"
"288","Houston","09/04/10","25","BEALL","BRYCE","5","48","0","48","2","","","","","","","5","48","","","","","","","","","","","","","","","","","","2","","","","","","","","","","","","12"
"288","Houston","09/10/10","25","BEALL","BRYCE","19","195","0","195","3","","","","","","","19","195","1","10","0","","","","","","","","","","","","","","","3","","","","","","","","","","","","18"
"288","Houston","09/18/10","25","BEALL","BRYCE","14","52","0","52","0","","","","","","","14","52","","","","","","","","","","","","","","","","","","","","","","","","","","","","","","0"
"288","Houston","09/25/10","25","BEALL","BRYCE","24","131","8","123","4","","","","","","","24","123","","","","","","","","","","","","","","","","","","4","","","","","","","","","","","","24"
"288","Houston","10/09/10","25","BEALL","BRYCE","8","23","6","17","0","","","","","","","8","17","2","6","0","","","","","","","","","","","","","","","","","","","","","","","","","","","0"
"288","Houston","10/16/10","25","BEALL","BRYCE","24","109","0","109","1","","","","","","","24","109","","","","","","","","","","","","","","","","","","1","","","","","","","","","","","","6"
"288","Houston","10/23/10","25","BEALL","BRYCE","17","87","2","85","2","","","","","","","17","85","2","25","0","","","","","","","","","","","","","","","2","","","","","","","","","","","","12"
"288","Houston","10/30/10","25","BEALL","BRYCE","2","9","0","9","0","","","","","","","2","9","","","","","","","","","","","","","","","","","","","","","","","","","","","","","","0"
"288","Houston","11/05/10","25","BEALL","BRYCE","11","81","0","81","0","","","","","","","11","81","1","6","0","","","","","","","","","","","","","","","","","","","","","","","","","","","0"
"288","Houston","11/13/10","25","BEALL","BRYCE","17","86","0","86","0","","","","","","","17","86","1","12","0","","","","","","","","","","","","","","","","","","","","","","","","","","","0"
"288","Houston","11/20/10","25","BEALL","BRYCE","10","21","4","17","0","","","","","","","10","17","1","7","0","","","","","","","","","","","","","","","","","","","","","","","","","","","0"
"288","Houston","11/27/10","25","BEALL","BRYCE","12","48","0","48","0","","","","","","","12","48","4","24","0","","","","","","","","","","","","","","","","","","","","","","","","","","","0"
"288","Houston","09/04/10","85","BIBBINS JR.","KENNETH","","","","","","","","","","","","0","0","1","12","0","","","","","","","","","","","","","","","","","","","","","","","","","","","0"
"288","Houston","09/18/10","1B","BROADWAY","TERRANCE","2","14","0","14","0","8","5","0","84","1","","10","98","","","","","","","","","","","","","","","","","","","","","","","","","","","","","","0"
"288","Houston","09/25/10","1B","BROADWAY","TERRANCE","11","54","33","21","0","28","19","1","174","0","","39","195","","","","","","","","","","","","","","","","","","","","","","","","","","","","","","0"
"288","Houston","10/09/10","1B","BROADWAY","TERRANCE","2","23","5","18","0","2","2","0","55","1","","4","73","","","","","","","","","","","","","","","","","","","","","","","","","","","","","","0"
"288","Houston","10/30/10","1B","BROADWAY","TERRANCE","4","19","0","19","0","4","4","0","111","1","","8","130","","","","","","","","","","","","","","","","","","","","","","","","","","","","","","0"
"288","Houston","09/04/10","24","BROOKS","KENT","","","","","","","","","","","","0","0","","","","","","","","","","","","","","","1","7","0","","","","","","","","","","","","","0"
"288","Houston","10/30/10","24","BROOKS","KENT","","","","","","","","","","","","0","0","","","","1","23","0","","","","","","","","","","","","","","","","","","","","","","","","0"
"288","Houston","11/13/10","24","BROOKS","KENT","","","","","","","","","","","","0","0","","","","","","","","","","","","","","","1","12","0","","","","","","","","","","","","","0"
"288","Houston","11/27/10","24","BROOKS","KENT","","","","","","","","","","","","0","0","","","","1","0","0","","","","","","","","","","","","","","","","","","","","","","","","0"
"288","Houston","10/23/10","21","CANDY","JACKY","","","","","","","","","","","","0","0","","","","1","18","0","","","","","","","","","","","","","","","","","","","","","","","","0"
"288","Houston","09/04/10","35","CARRIER","TYRON","","","","","","","","","","","","0","0","3","43","0","","","","","","","","","","","","1","39","0","","","","","","","","","","","","","0"
"288","Houston","09/10/10","35","CARRIER","TYRON","1","18","0","18","0","","","","","","","1","18","2","10","0","","","","","","","","","","","","5","92","0","","","","","","","","","","","","","0"
"288","Houston","09/18/10","35","CARRIER","TYRON","","","","","","1","1","0","48","0","","1","48","6","54","0","","","","","","","","","","","","6","113","0","","","","","","","","","","","","","0"
"288","Houston","09/25/10","35","CARRIER","TYRON","1","13","0","13","0","","","","","","","1","13","3","14","0","","","","","","","","","","","","4","103","0","","","","","","","","","","","","","0"
"288","Houston","10/09/10","35","CARRIER","TYRON","","","","","","","","","","","","0","0","10","90","0","","","","","","","","","","","","6","143","0","","","","","","","","","","","","","0"
"288","Houston","10/16/10","35","CARRIER","TYRON","","","","","","","","","","","","0","0","3","12","0","","","","","","","","","","","","3","53","0","","","","","","","","","","","","","0"
"288","Houston","10/23/10","35","CARRIER","TYRON","","","","","","","","","","","","0","0","3","42","0","","","","","","","","","","","","3","137","1","1","","","","","","","","","","","","6"
"288","Houston","10/30/10","35","CARRIER","TYRON","1","19","0","19","0","","","","","","","1","19","3","31","0","","","","","","","","","","","","1","20","0","","","","","","","","","","","","","0"
"288","Houston","11/05/10","35","CARRIER","TYRON","","","","","","","","","","","","0","0","3","25","0","","","","","","","","","","","","6","130","0","","","","","","","","","","","","","0"
"288","Houston","11/13/10","35","CARRIER","TYRON","","","","","","","","","","","","0","0","4","31","0","","","","","","","","","","","","2","52","0","","","","","","","","","","","","","0"
"288","Houston","11/20/10","35","CARRIER","TYRON","","","","","","","","","","","","0","0","5","33","0","","","","0","0","1","","","","","","8","204","0","1","","","","","","","","","","","","6"
"288","Houston","11/27/10","35","CARRIER","TYRON","","","","","","","","","","","","0","0","8","95","1","","","","","","","","","","","","5","88","0","1","","","","","","","","","","","","6"
"288","Houston","09/04/10","19","CLEVELAND","JAMES","","","","","","","","","","","","0","0","4","45","1","","","","","","","","","","","","","","","1","","","","","","","","","","","","6"
"288","Houston","09/10/10","19","CLEVELAND","JAMES","","","","","","","","","","","","0","0","6","66","1","","","","","","","","","","","","","","","1","","","","","","","","","","","","6"
"288","Houston","09/18/10","19","CLEVELAND","JAMES","1","0","1","-1","0","","","","","","","1","-1","6","144","1","","","","","","","","","","","","","","","1","","","","","","","","","","","","6"
"288","Houston","09/25/10","19","CLEVELAND","JAMES","","","","","","","","","","","","0","0","4","69","0","","","","","","","","","","","","","","","","","","","","","","","","","","","0"
"288","Houston","10/16/10","19","CLEVELAND","JAMES","","","","","","","","","","","","0","0","8","80","0","","","","","","","","","","","","","","","","","","","","","","","","","","","0"
"288","Houston","10/23/10","19","CLEVELAND","JAMES","","","","","","","","","","","","0","0","3","44","0","","","","","","","","","","","","","","","","","","","","","","","","","","","0"
"288","Houston","10/30/10","19","CLEVELAND","JAMES","","","","","","","","","","","","0","0","5","84","1","","","","","","","","","","","","","","","1","","","","","","","","","","","","6"
"288","Houston","11/05/10","19","CLEVELAND","JAMES","","","","","","","","","","","","0","0","5","59","0","","","","","","","","","","","","","","","","","","","","","","","","","","","0"
"288","Houston","11/13/10","19","CLEVELAND","JAMES","","","","","","","","","","","","0","0","7","94","1","","","","","","","","","","","","","","","1","","","","","","","","","","","","6"
"288","Houston","11/20/10","19","CLEVELAND","JAMES","","","","","","","","","","","","0","0","9","115","1","","","","","","","","","","","","","","","1","","","","","","","","","","","","6"
"288","Houston","09/04/10","36","COLLINS","GINO","","","","","","","","","","","","0","0","2","19","0","","","","","","","","","","","","","","","","","","","","","","","","","","","0"
"288","Houston","09/04/10","83","EDWARDS","PATRICK","","","","","","","","","","","","0","0","4","80","1","","","","","","","","","2","52","0","","","","1","","","","","","","","","","","","6"
"288","Houston","09/10/10","83","EDWARDS","PATRICK","","","","","","","","","","","","0","0","6","118","0","","","","","","","","","2","17","0","","","","","","","","","","","","","","","","0"
"288","Houston","09/18/10","83","EDWARDS","PATRICK","","","","","","","","","","","","0","0","3","21","0","","","","","","","","","2","4","0","","","","","","","","","","","","","","","","0"
"288","Houston","09/25/10","83","EDWARDS","PATRICK","","","","","","","","","","","","0","0","6","40","0","","","","","","","","","5","89","0","","","","","","","","","","","","","","","","0"
"288","Houston","10/09/10","83","EDWARDS","PATRICK","","","","","","","","","","","","0","0","4","45","1","","","","","","","","","1","-4","0","","","","1","","","","","","","","","","","","6"
"288","Houston","10/16/10","83","EDWARDS","PATRICK","","","","","","","","","","","","0","0","9","169","3","","","","","","","","","","","","","","","3","","","","","","","","","","","","18"
"288","Houston","10/23/10","83","EDWARDS","PATRICK","","","","","","","","","","","","0","0","6","88","1","","","","","","","","","1","-1","0","","","","1","","","","","","","","","","","","6"
"288","Houston","10/30/10","83","EDWARDS","PATRICK","","","","","","","","","","","","0","0","4","78","2","","","","","","","","","1","74","1","","","","3","","","","","","","","","","","","18"
"288","Houston","11/05/10","83","EDWARDS","PATRICK","","","","","","","","","","","","0","0","10","162","3","","","","","","","","","","","","","","","3","","","","","","","","","","","","18"
"288","Houston","11/20/10","83","EDWARDS","PATRICK","","","","","","","","","","","","0","0","7","125","2","","","","","","","","","","","","","","","2","","","","","","","","","","","","12"
"288","Houston","11/27/10","83","EDWARDS","PATRICK","","","","","","","","","","","","0","0","10","177","0","","","","","","","","","1","0","0","","","","","","","","","","","","","","","","0"
"288","Houston","09/04/10","1E","ELROD","AUSTIN","1","52","0","52","0","","","","","","","1","52","","","","","","","","","","","","","","","","","","","","","","","","","","","","","","0"
"288","Houston","09/04/10","29","HAYES","MICHAEL","4","18","0","18","1","","","","","","","4","18","2","44","1","","","","","","","","","","","","","","","2","","","","","","","","","","","","12"
"288","Houston","09/10/10","29","HAYES","MICHAEL","17","77","0","77","3","","","","","","","17","77","4","75","0","","","","","","","","","","","","","","","3","","","","","","","","","","","","18"
"288","Houston","09/18/10","29","HAYES","MICHAEL","9","23","7","16","0","","","","","","","9","16","6","30","0","","","","","","","","","","","","","","","","","","","","","","","","","","","0"
"288","Houston","09/25/10","29","HAYES","MICHAEL","8","23","4","19","1","","","","","","","8","19","2","16","0","","","","","","","","","","","","","","","1","","","","","","","","","","","","6"
"288","Houston","10/09/10","29","HAYES","MICHAEL","3","17","4","13","0","","","","","","","3","13","3","25","0","","","","","","","","","","","","","","","","","","","","","","","","","","","0"
"288","Houston","10/16/10","29","HAYES","MICHAEL","10","28","0","28","0","","","","","","","10","28","","","","","","","","","","","","","","","","","","","","","","","","","","","","","","0"
"288","Houston","10/23/10","29","HAYES","MICHAEL","22","87","1","86","2","","","","","","","22","86","2","8","0","","","","","","","","","","","","","","","2","","","","","","","","","","","","12"
"288","Houston","10/30/10","29","HAYES","MICHAEL","20","125","2","123","1","","","","","","","20","123","2","36","1","","","","","","","","","","","","","","","2","","","","","","","","","","","","12"
"288","Houston","11/05/10","29","HAYES","MICHAEL","20","113","3","110","0","","","","","","","20","110","3","25","0","","","","","","","","","","","","","","","","","","","","","","","","","","","0"
"288","Houston","11/13/10","29","HAYES","MICHAEL","13","40","6","34","0","","","","","","","13","34","2","3","0","","","","","","","","","","","","","","","","","","","","","","","","","","","0"
"288","Houston","11/20/10","29","HAYES","MICHAEL","6","23","2","21","0","","","","","","","6","21","2","48","0","","","","","","","","","","","","","","","","","","","","","","","","","","","0"
"288","Houston","11/27/10","29","HAYES","MICHAEL","18","84","0","84","0","","","","","","","18","84","2","17","0","","","","","","","","","","","","","","","","","","","","","","","","","","","0"
"288","Houston","09/04/10","46","HOGAN","MATT","","","","","","","","","","","","0","0","","","","","","","","","","","","","","","","","","","10","8","0","0","","","","","","","","8"
"288","Houston","09/10/10","46","HOGAN","MATT","","","","","","","","","","","","0","0","","","","","","","","","","","","","","","","","","","7","6","0","0","","","","","2","2","","12"
"288","Houston","09/18/10","46","HOGAN","MATT","","","","","","","","","","","","0","0","","","","","","","","","","","","","","","","","","","1","1","0","0","","","","","2","2","","7"
"288","Houston","09/25/10","46","HOGAN","MATT","","","","","","","","","","","","0","0","","","","","","","","","","","","","","","","","","","6","6","0","0","","","","","1","0","","6"
"288","Houston","10/09/10","46","HOGAN","MATT","","","","","","","","","","","","0","0","","","","","","","","","","","","","","","","","","","3","3","0","0","","","","","2","1","","6"
"288","Houston","10/16/10","46","HOGAN","MATT","","","","","","","","","","","","0","0","","","","","","","","","","","","","","","","","","","4","4","0","0","","","","","1","1","","7"
"288","Houston","10/23/10","46","HOGAN","MATT","","","","","","","","","","","","0","0","","","","","","","","","","","","","","","","","","","6","6","0","0","","","","","1","1","","9"
"288","Houston","10/30/10","46","HOGAN","MATT","","","","","","","","","","","","0","0","","","","","","","","","","","","","","","","","","","8","8","0","0","","","","","","","","8"
"288","Houston","11/05/10","46","HOGAN","MATT","","","","","","","","","","","","0","0","","","","","","","","","","","","","","","","","","","4","3","0","0","","","","","3","2","","9"
"288","Houston","11/13/10","46","HOGAN","MATT","","","","","","","","","","","","0","0","","","","","","","","","","","","","","","","","","","2","2","0","0","","","","","1","1","","5"
"288","Houston","11/20/10","46","HOGAN","MATT","","","","","","","","","","","","0","0","","","","","","","","","","","","","","","","","","","5","5","0","0","","","","","2","2","","11"
"288","Houston","11/27/10","46","HOGAN","MATT","","","","","","","","","","","","0","0","","","","","","","","","","","","","","","","","","","2","2","0","0","","","","","2","2","","8"
"288","Houston","09/10/10","3","JOHNSON","JUSTIN","","","","","","","","","","","","0","0","2","22","0","","","","","","","","","","","","","","","","","","","","","","","","","","","0"
"288","Houston","09/25/10","3","JOHNSON","JUSTIN","","","","","","","","","","","","0","0","1","17","0","","","","","","","","","","","","","","","","","","","","","","","","","","","0"
"288","Houston","10/09/10","3","JOHNSON","JUSTIN","","","","","","","","","","","","0","0","2","31","0","","","","","","","","","","","","1","0","0","","","","","","","","","","","","","0"
"288","Houston","10/16/10","3","JOHNSON","JUSTIN","","","","","","","","","","","","0","0","2","11","0","","","","","","","","","","","","","","","","","","","","","","","","","","","0"
"288","Houston","10/30/10","3","JOHNSON","JUSTIN","","","","","","","","","","","","0","0","2","14","1","","","","","","","","","","","","","","","1","","","","","","","","","","","","6"
"288","Houston","11/13/10","3","JOHNSON","JUSTIN","","","","","","","","","","","","0","0","1","14","1","","","","","","","","","","","","1","8","0","1","","","","","","","","","","","","6"
"288","Houston","11/20/10","3","JOHNSON","JUSTIN","","","","","","","","","","","","0","0","1","68","0","","","","","","","","","","","","","","","","","","","","","","","","","","","0"
"288","Houston","11/27/10","3","JOHNSON","JUSTIN","","","","","","","","","","","","0","0","5","63","1","","","","","","","","","","","","","","","1","","","","","","","","","","","","6"
"288","Houston","09/04/10","84","JOHNSON","KIERRIE","","","","","","","","","","","","0","0","3","61","2","","","","","","","","","","","","","","","2","","","","","","","","","","","","12"
"288","Houston","09/10/10","84","JOHNSON","KIERRIE","","","","","","","","","","","","0","0","2","43","0","","","","","","","","","","","","","","","","","","","","","","","","","","","0"
"288","Houston","09/18/10","84","JOHNSON","KIERRIE","","","","","","","","","","","","0","0","2","3","0","","","","","","","","","","","","","","","","","","","","","","","","","","","0"
"288","Houston","09/25/10","84","JOHNSON","KIERRIE","","","","","","","","","","","","0","0","3","18","0","","","","","","","","","","","","","","","","","","","","","","","","","","","0"
"288","Houston","10/09/10","84","JOHNSON","KIERRIE","","","","","","","","","","","","0","0","5","52","1","","","","","","","","","","","","","","","1","","","","","","","","","","","","6"
"288","Houston","10/16/10","84","JOHNSON","KIERRIE","","","","","","","","","","","","0","0","1","10","0","","","","","","","","","","","","","","","","","","","","","","","","","","","0"
"288","Houston","10/23/10","84","JOHNSON","KIERRIE","","","","","","","","","","","","0","0","3","26","0","","","","","","","","","","","","","","","","","","","","","","","","","","","0"
"288","Houston","10/30/10","84","JOHNSON","KIERRIE","","","","","","","","","","","","0","0","2","26","0","","","","","","","","","","","","","","","","","","","","","","","","","","","0"
"288","Houston","11/05/10","84","JOHNSON","KIERRIE","","","","","","","","","","","","0","0","5","57","1","","","","","","","","","","","","","","","1","","","","","","","","","","","","6"
"288","Houston","11/13/10","84","JOHNSON","KIERRIE","","","","","","","","","","","","0","0","5","140","1","","","","","","","","","","","","","","","1","","","","","","","","","","","","6"
"288","Houston","11/20/10","84","JOHNSON","KIERRIE","","","","","","","","","","","","0","0","3","71","1","","","","","","","","","","","","","","","1","","","","","","","","","","","","6"
"288","Houston","11/27/10","84","JOHNSON","KIERRIE","","","","","","","","","","","","0","0","3","65","0","","","","","","","","","","","","","","","","","","","","","","","","","","","0"
"288","Houston","09/04/10","7","KEENUM","CASE","2","16","0","16","0","22","17","2","274","5","","24","290","","","","","","","","","","","","","","","","","","","","","","","","","","","","","","0"
"288","Houston","09/10/10","7","KEENUM","CASE","1","10","0","10","0","24","15","1","279","0","","25","289","","","","","","","","","","","","","","","","","","","","","","","","","","","","","","0"
"288","Houston","09/18/10","7","KEENUM","CASE","1","45","0","45","0","18","10","2","83","0","","19","128","","","","","","","","","","1","49","","","","","","","","","","","","","","","","","","","0"
"288","Houston","09/04/10","15","LEONE","RICHIE","","","","","","","","","","","","0","0","","","","","","","","","","2","81","","","","","","","","","","","","","","","","","","","0"
"288","Houston","09/18/10","15","LEONE","RICHIE","","","","","","","","","","","","0","0","","","","","","","","","","5","221","","","","","","","","","","","","","","","","","","","0"
"288","Houston","09/25/10","15","LEONE","RICHIE","","","","","","","","","","","","0","0","","","","","","","","","","4","202","","","","","","","","","","","","","","","","","","","0"
"288","Houston","10/09/10","15","LEONE","RICHIE","","","","","","","","","","","","0","0","","","","","","","","","","2","80","","","","","","","","","","","","","","","","","","","0"
"288","Houston","10/16/10","15","LEONE","RICHIE","","","","","","","","","","","","0","0","","","","","","","","","","4","142","","","","","","","","","","","","","","","","","","","0"
"288","Houston","10/23/10","15","LEONE","RICHIE","","","","","","","","","","","","0","0","","","","","","","","","","4","166","","","","","","","","","","","","","","","","","","","0"
"288","Houston","11/05/10","15","LEONE","RICHIE","","","","","","","","","","","","0","0","","","","","","","","","","2","83","","","","","","","","","","","","","","","","","","","0"
"288","Houston","11/13/10","15","LEONE","RICHIE","","","","","","","","","","","","0","0","","","","","","","","","","3","116","","","","","","","","","","","","","","","","","","","0"
"288","Houston","11/20/10","15","LEONE","RICHIE","","","","","","","","","","","","0","0","","","","","","","","","","4","172","","","","","","","","","","","","","","","","","","","0"
"288","Houston","11/27/10","15","LEONE","RICHIE","1","2","0","2","0","","","","","","","1","2","","","","","","","","","","5","187","","","","","","","","","","","","","","","","","","","0"
"288","Houston","09/04/10","28","LEWIS","JEFFERY","1","1","0","1","0","","","","","","","1","1","1","7","0","","","","","","","","","","","","","","","","","","","","","","","","","","","0"
"288","Houston","10/09/10","28","LEWIS","JEFFERY","1","1","0","1","0","","","","","","","1","1","","","","","","","","","","","","","","","","","","","","","","","","","","","","","","0"
"288","Houston","11/05/10","28","LEWIS","JEFFERY","","","","","","","","","","","","0","0","","","","","","","","","","","","","","","1","16","0","","","","","","","","","","","","","0"
"288","Houston","11/20/10","28","LEWIS","JEFFERY","","","","","","","","","","","","0","0","","","","","","","","","","","","","","","1","16","0","","","","","","","","","","","","","0"
"288","Houston","09/10/10","55","MCGRAW","MARCUS","","","","","","","","","","","","0","0","","","","","","","1","33","0","","","","","","","","","","","","","","","","","","","","","0"
"288","Houston","10/23/10","55","MCGRAW","MARCUS","","","","","","","","","","","","0","0","","","","1","38","0","","","","","","","","","","","","","","","","","","","","","","","","0"
"288","Houston","09/18/10","22","MEANS","LOYCE","","","","","","","","","","","","0","0","","","","1","19","0","","","","","","","","","","","","","","","","","","","","","","","","0"
"288","Houston","09/25/10","22","MEANS","LOYCE","","","","","","","","","","","","0","0","","","","2","55","1","","","","","","","","","","","","1","","","","","","","","","","","","6"
"288","Houston","09/04/10","30","NICHOLSON","MATT","","","","","","","","","","","","0","0","","","","1","42","1","","","","","","","","","","","","1","","","","","","","","","","","","6"
"288","Houston","10/09/10","8B","PILAND","DAVID","","","","","","57","30","2","301","2","","57","301","","","","","","","","","","","","","","","","","","","","","","","","","","","","","","0"
"288","Houston","10/16/10","8B","PILAND","DAVID","5","30","13","17","0","45","23","1","282","3","","50","299","","","","","","","","","","","","","","","","","","","","","","","","","","","","","","0"
"288","Houston","10/23/10","8B","PILAND","DAVID","5","12","19","-7","0","32","19","0","233","1","","37","226","","","","","","","","","","","","","","","","","","","","","","","","","","","","","","0"
"288","Houston","10/30/10","8B","PILAND","DAVID","2","2","0","2","0","23","20","0","292","5","","25","294","","","","","","","","","","","","","","","","","","","","","","","","","","","","","","0"
"288","Houston","11/05/10","8B","PILAND","DAVID","3","7","0","7","0","44","27","2","334","4","","47","341","","","","","","","","","","","","","","","","","","","","","","","","","","","","","","0"
"288","Houston","11/13/10","8B","PILAND","DAVID","1","7","0","7","0","36","22","5","291","3","1","37","298","","","","","","","","","","","","","","","","","","","","","1","1","","","","","","","","2"
"288","Houston","11/20/10","8B","PILAND","DAVID","3","5","19","-14","0","47","28","1","467","4","","50","453","","","","","","","","","","","","","","","","","","","","","","","","","","","","","","0"
"288","Houston","11/27/10","8B","PILAND","DAVID","4","16","0","16","0","61","32","3","441","2","","65","457","","","","","","","","","","","","","","","","","","","","","","","","","","","","","","0"
"288","Houston","11/13/10","32","ROBINSON","JAMAL","","","","","","","","","","","","0","0","","","","1","0","0","","","","","","","","","","","","","","","","","","","","","","","","0"
"288","Houston","09/04/10","41","SAENZ","NICK","","","","","","","","","","","","0","0","","","","1","16","0","","","","","","","","","","","","","","","","","","","","","","","","0"
"288","Houston","10/09/10","88","SMITH","E.J.","","","","","","","","","","","","0","0","4","86","0","","","","","","","","","","","","","","","","","","","","","","","","","","","0"
"288","Houston","10/30/10","88","SMITH","E.J.","","","","","","","","","","","","0","0","5","89","1","","","","","","","","","","","","","","","1","","","","","","","","","","","","6"
"288","Houston","09/04/10","2D","SMITH","JEREMY","","","","","","","","","","","","0","0","","","","1","7","0","","","","","","","","","","","","","","","","","","","","","","","","0"
"288","Houston","09/25/10","42","STEWARD","PHILLIP","","","","","","","","","","","","0","0","","","","1","24","0","","","","","","","","","","","","","","","","","","","","","","","","0"
"288","Houston","11/13/10","42","STEWARD","PHILLIP","","","","","","","","","","","","0","0","","","","1","3","0","","","","","","","","","","","","","","","","","","","","","","","","0"
"288","Houston","09/04/10","89","SWEENEY","ISAIAH","","","","","","","","","","","","0","0","4","33","1","","","","","","","","","","","","2","43","0","1","","","","","","","","","","","","6"
"288","Houston","10/09/10","89","SWEENEY","ISAIAH","","","","","","","","","","","","0","0","1","17","1","","","","","","","","","","","","","","","1","","","","","","","","","","","","6"
"288","Houston","10/30/10","89","SWEENEY","ISAIAH","","","","","","","","","","","","0","0","1","45","0","","","","","","","","","","","","2","55","0","","","","","","","","","","","","","0"
"288","Houston","09/04/10","12","TURNER","COTTON","3","7","4","3","0","11","8","0","72","1","","14","75","","","","","","","","","","","","","","","","","","","","","","","","","","","","","","0"
"288","Houston","09/10/10","12","TURNER","COTTON","1","0","0","0","0","10","9","0","69","1","","11","69","","","","","","","","","","","","","","","","","","","","","","","","","","","","","","0"
"288","Houston","09/18/10","12","TURNER","COTTON","2","0","17","-17","0","10","6","0","39","0","","12","22","","","","","","","","","","","","","","","","","","","","","","","","","","","","","","0"
"288","Houston","09/04/10","4","WILLIAMS","RONNIE","","","","","","","","","","","","0","0","1","2","0","","","","","","","","","","","","","","","","","","","","","","","","","","","0"
"288","Houston","10/09/10","4","WILLIAMS","RONNIE","","","","","","","","","","","","0","0","1","4","0","","","","","","","","","","","","","","","","","","","","","","","","","","","0"
"288","Houston","09/04/10","26","WILSON","CHRIS","4","20","2","18","0","","","","","","","4","18","","","","","","","","","","","","","","","","","","","","","","","","","","","","","","0"
"288","Houston","09/10/10","26","WILSON","CHRIS","1","10","0","10","0","","","","","","","1","10","1","4","0","","","","","","","","","","","","","","","","","","","","","","","","","","","0"
"288","Houston","10/09/10","26","WILSON","CHRIS","1","0","1","-1","0","","","","","","","1","-1","","","","","","","","","","","","","","","","","","","","","","","","","","","","","","0"
"288","Houston","10/30/10","26","WILSON","CHRIS","18","98","3","95","0","","","","","","","18","95","","","","","","","","","","","","","","","","","","","","","","","","","","","","","","0"
"295","Idaho","09/02/10","8","BAILEY","KAMA","6","50","0","50","0","","","","","","","6","50","2","15","0","","","","","","","","","","","","1","15","0","","","","","","","","","","","","","0"
"295","Idaho","09/11/10","8","BAILEY","KAMA","5","20","0","20","0","","","","","","","5","20","2","6","0","","","","","","","","","","","","1","23","0","","","","","","","","","","","","","0"
"295","Idaho","09/18/10","8","BAILEY","KAMA","5","33","0","33","0","","","","","","","5","33","3","33","0","","","","","","","","","","","","","","","","","","","","","","","","","","","0"
"295","Idaho","09/25/10","8","BAILEY","KAMA","1","1","0","1","1","","","","","","","1","1","2","42","0","","","","","","","","","","","","2","47","0","1","","","","","","","","","","","","6"
"295","Idaho","10/02/10","8","BAILEY","KAMA","","","","","","","","","","","","0","0","2","33","1","","","","","","","","","","","","","","","1","","","","","","","","","","","","6"
"295","Idaho","10/16/10","8","BAILEY","KAMA","","","","","","","","","","","","0","0","3","45","0","","","","","","","","","","","","2","29","0","","","","","","","","","","","","","0"
"295","Idaho","10/23/10","8","BAILEY","KAMA","3","3","0","3","0","","","","","","","3","3","3","20","1","","","","","","","","","","","","","","","1","","","","","","","","","","","","6"
"295","Idaho","10/30/10","8","BAILEY","KAMA","1","0","2","-2","0","","","","","","","1","-2","4","62","0","","","","","","","","","","","","2","24","0","","","","","","","","","","","","","0"
"295","Idaho","11/06/10","8","BAILEY","KAMA","2","17","0","17","0","","","","","","","2","17","2","19","0","","","","","","","","","","","","4","143","0","","","","","","","","","","","","","0"
"295","Idaho","11/12/10","8","BAILEY","KAMA","7","98","6","92","0","","","","","","","7","92","3","17","0","","","","","","","","","","","","","","","","","","","","","","","","","","","0"
"295","Idaho","11/20/10","8","BAILEY","KAMA","3","14","0","14","0","","","","","","","3","14","1","10","0","","","","","","","","","4","6","0","1","36","0","","","","","","","","","","","","","0"
"295","Idaho","11/27/10","8","BAILEY","KAMA","1","24","0","24","0","","","","","","","1","24","4","24","0","","","","","","","","","","","","","","","","","","","","","","","","","","","0"
"295","Idaho","12/04/10","8","BAILEY","KAMA","6","38","0","38","0","","","","","","","6","38","","","","","","","","","","","","","","","","","","","","","","","","","","","","","","0"
"295","Idaho","11/20/10","14","CARTER","TRACY","","","","","","","","","","","","0","0","","","","","","","","","","","","1","1","0","","","","","","","","","","","","","","","","0"
"295","Idaho","09/02/10","13","COWAN","BOBBY","","","","","","","","","","","","0","0","","","","","","","","","","5","197","","","","","","","","","","","","","","","","","","","0"
"295","Idaho","09/11/10","13","COWAN","BOBBY","","","","","","","","","","","","0","0","","","","","","","","","","4","185","","","","","","","","","","","","","","","","","","","0"
"295","Idaho","09/18/10","13","COWAN","BOBBY","","","","","","","","","","","","0","0","","","","","","","","","","2","99","","","","","","","","","","","","","","","","","","","0"
"295","Idaho","09/25/10","13","COWAN","BOBBY","","","","","","","","","","","","0","0","","","","","","","","","","2","88","","","","","","","","","","","","","","","","","","","0"
"295","Idaho","10/02/10","13","COWAN","BOBBY","","","","","","","","","","","","0","0","","","","","","","","","","3","102","","","","","","","","","","","","","","","","","","","0"
"295","Idaho","10/16/10","13","COWAN","BOBBY","","","","","","","","","","","","0","0","","","","","","","","","","5","209","","","","","","","","","","","","","","","","","","","0"
"295","Idaho","10/23/10","13","COWAN","BOBBY","","","","","","","","","","","","0","0","","","","","","","","","","6","304","","","","","","","","","","","","","","","","","","","0"
"295","Idaho","10/30/10","13","COWAN","BOBBY","","","","","","","","","","","","0","0","","","","","","","","","","4","183","","","","","","","","","","","","","","","","","","","0"
"295","Idaho","11/06/10","13","COWAN","BOBBY","","","","","","","","","","","","0","0","","","","","","","","","","5","239","","","","","","","","","","","","","","","","","","","0"
"295","Idaho","11/12/10","13","COWAN","BOBBY","","","","","","","","","","","","0","0","","","","","","","","","","7","339","","","","","","","","","","","","","","","","","","","0"
"295","Idaho","11/20/10","13","COWAN","BOBBY","","","","","","","","","","","","0","0","","","","","","","","","","6","287","","","","","","","","","","","","","","","","","","","0"
"295","Idaho","11/27/10","13","COWAN","BOBBY","","","","","","","","","","","","0","0","","","","","","","","","","5","188","","","","","","","","","","","","","","","","","","","0"
"295","Idaho","12/04/10","13","COWAN","BOBBY","","","","","","","","","","","","0","0","","","","","","","","","","4","198","","","","","","","","","","","","","","","","","","","0"
"295","Idaho","09/02/10","7","DAVIS","PRESTON","","","","","","","","","","","","0","0","2","24","0","","","","","","","","","","","","","","","","","","","","","","","","","","","0"
"295","Idaho","09/18/10","7","DAVIS","PRESTON","","","","","","","","","","","","0","0","1","4","0","","","","","","","","","","","","","","","","","","","","","","","","","","","0"
"295","Idaho","09/25/10","7","DAVIS","PRESTON","","","","","","","","","","","","0","0","8","58","0","","","","","","","","","","","","","","","","","","","","","","","","","","","0"
"295","Idaho","10/02/10","7","DAVIS","PRESTON","","","","","","","","","","","","0","0","3","33","0","","","","","","","","","","","","","","","","","","","","","","","","","","","0"
"295","Idaho","10/16/10","7","DAVIS","PRESTON","","","","","","","","","","","","0","0","3","34","0","","","","","","","","","","","","","","","","","","","","","","","","","","","0"
"295","Idaho","10/23/10","7","DAVIS","PRESTON","","","","","","","","","","","","0","0","5","50","1","","","","","","","","","","","","","","","1","","","","","","","","","","","","6"
"295","Idaho","10/30/10","7","DAVIS","PRESTON","","","","","","","","","","","","0","0","3","17","0","","","","","","","","","","","","","","","","","","","","","","","","","","","0"
"295","Idaho","11/06/10","7","DAVIS","PRESTON","","","","","","","","","","","","0","0","2","13","0","","","","","","","","","","","","","","","","","","","","","","","","","","","0"
"295","Idaho","11/12/10","7","DAVIS","PRESTON","","","","","","","","","","","","0","0","3","18","0","","","","","","","","","","","","","","","","","","","","","","","","","","","0"
"295","Idaho","12/04/10","7","DAVIS","PRESTON","","","","","","","","","","","","0","0","1","16","0","","","","","","","","","","","","","","","","","","","","","","","","","","","0"
"295","Idaho","09/02/10","34","DICKSON","JOSEPH","","","","","","","","","","","","0","0","","","","1","31","0","","","","","","","","","","","","","","","","","","","","","","","","0"
"295","Idaho","09/11/10","81","ELMO","TAYLOR","","","","","","","","","","","","0","0","1","5","0","","","","","","","","","","","","","","","","","","","","","","","","","","","0"
"295","Idaho","09/18/10","81","ELMO","TAYLOR","","","","","","","","","","","","0","0","1","8","0","","","","","","","","","","","","","","","","","","","","","","","","","","","0"
"295","Idaho","09/25/10","81","ELMO","TAYLOR","","","","","","","","","","","","0","0","1","9","0","","","","","","","","","","","","","","","","","","","","","","","","","","","0"
"295","Idaho","10/02/10","81","ELMO","TAYLOR","","","","","","","","","","","","0","0","2","5","1","","","","","","","","","","","","","","","1","","","","","","","","","","","","6"
"295","Idaho","10/23/10","81","ELMO","TAYLOR","","","","","","","","","","","","0","0","1","3","0","","","","","","","","","","","","","","","","","","","","","","","","","","","0"
"295","Idaho","10/30/10","81","ELMO","TAYLOR","","","","","","","","","","","","0","0","5","49","1","","","","","","","","","","","","","","","1","","","","","","","","","","","","6"
"295","Idaho","11/06/10","81","ELMO","TAYLOR","","","","","","","","","","","","0","0","3","19","0","","","","","","","","","","","","","","","","","","","","","","","","","","","0"
"295","Idaho","11/20/10","81","ELMO","TAYLOR","","","","","","","","","","","","0","0","1","7","0","","","","","","","","","","","","","","","","","","","","","","","","","","","0"
"295","Idaho","11/27/10","81","ELMO","TAYLOR","","","","","","","","","","","","0","0","2","33","0","","","","","","","","","","","","","","","","","","","","","","","","","","","0"
"295","Idaho","12/04/10","81","ELMO","TAYLOR","","","","","","","","","","","","0","0","1","10","0","","","","","","","","","","","","","","","","","","","","","","","","","","","0"
"295","Idaho","09/02/10","10","ENDERLE","NATHAN","6","5","30","-25","0","39","26","1","333","2","","45","308","","","","","","","","","","","","","","","","","","","","","","","","","","","","","","0"
"295","Idaho","09/11/10","10","ENDERLE","NATHAN","6","5","57","-52","0","31","16","5","141","1","","37","89","","","","","","","","","","","","","","","","","","","","","","","","","","","","","","0"
"295","Idaho","09/18/10","10","ENDERLE","NATHAN","2","0","18","-18","0","27","15","1","210","1","","29","192","","","","","","","","","","","","","","","","","","","","","","","","","","","","","","0"
"295","Idaho","09/25/10","10","ENDERLE","NATHAN","5","9","16","-7","0","30","25","0","347","3","","35","340","","","","","","","","","","","","","","","","","","","","","","","","","","","","","","0"
"295","Idaho","10/02/10","10","ENDERLE","NATHAN","6","7","16","-9","0","49","30","2","380","3","","55","371","","","","","","","","","","","","","","","","","","","","","","","","","","","","","","0"
"295","Idaho","10/16/10","10","ENDERLE","NATHAN","3","2","13","-11","0","50","24","1","373","3","","53","362","","","","","","","","","","","","","","","","","","","","","","","","","","","","","","0"
"295","Idaho","10/23/10","10","ENDERLE","NATHAN","3","0","3","-3","0","47","25","0","291","3","","50","288","","","","","","","","","","","","","","","","","","","","","","","","","","","","","","0"
"295","Idaho","10/30/10","10","ENDERLE","NATHAN","3","0","23","-23","0","41","23","2","207","0","","44","184","1","-13","0","","","","","","","","","","","","","","","","","","","","","","","","","","","0"
"295","Idaho","11/06/10","10","ENDERLE","NATHAN","7","22","9","13","1","34","15","0","224","1","","41","237","","","","","","","","","","","","","","","","","","1","","","","","","","","","","","","6"
"295","Idaho","11/12/10","10","ENDERLE","NATHAN","5","2","25","-23","0","34","16","2","118","1","","39","95","","","","","","","","","","","","","","","","","","","","","","","","","","","","","","0"
"295","Idaho","11/20/10","10","ENDERLE","NATHAN","2","1","3","-2","0","31","20","1","243","3","","33","241","","","","","","","","","","","","","","","","","","","","","","","","","","","","","","0"
"295","Idaho","11/27/10","10","ENDERLE","NATHAN","8","10","42","-32","0","35","20","1","197","0","","43","165","","","","","","","","","","","","","","","","","","","","","","","","","","","","","","0"
"295","Idaho","12/04/10","10","ENDERLE","NATHAN","3","4","9","-5","0","30","16","0","250","1","","33","245","","","","","","","","","","","","","","","","","","","","","","","","","","","","","","0"
"295","Idaho","09/02/10","21","FARQUHAR","TREY","","","","","","","","","","","","0","0","","","","","","","","","","","","","","","","","","","6","6","0","0","","","","","2","1","","9"
"295","Idaho","09/11/10","21","FARQUHAR","TREY","","","","","","","","","","","","0","0","","","","","","","","","","","","","","","","","","","2","2","0","0","","","","","2","1","","5"
"295","Idaho","09/18/10","21","FARQUHAR","TREY","","","","","","","","","","","","0","0","","","","","","","","","","","","","","","","","","","3","3","0","0","","","","","3","3","","12"
"295","Idaho","09/25/10","21","FARQUHAR","TREY","","","","","","","","","","","","0","0","","","","","","","","","","","","","","","","","","","4","4","0","0","","","","","2","2","","10"
"295","Idaho","10/02/10","21","FARQUHAR","TREY","","","","","","","","","","","","0","0","","","","","","","","","","","","","","","","","","","4","3","0","0","","","","","3","2","","9"
"295","Idaho","10/16/10","21","FARQUHAR","TREY","","","","","","","","","","","","0","0","","","","","","","","","","","","","","","","","","","5","5","0","0","","","","","2","0","","5"
"295","Idaho","10/23/10","21","FARQUHAR","TREY","","","","","","","","","","","","0","0","","","","","","","","","","","","","","","","","","","4","4","0","0","","","","","3","3","","13"
"295","Idaho","10/30/10","21","FARQUHAR","TREY","","","","","","","","","","","","0","0","","","","","","","","","","","","","","","","","","","1","1","0","0","","","","","2","1","","4"
"295","Idaho","11/06/10","21","FARQUHAR","TREY","","","","","","","","","","","","0","0","","","","","","","","","","","","","","","","","","","2","2","0","0","","","","","1","1","","5"
"295","Idaho","11/12/10","21","FARQUHAR","TREY","","","","","","","","","","","","0","0","","","","","","","","","","","","","","","","","","","2","2","0","0","","","","","","","","2"
"295","Idaho","11/20/10","21","FARQUHAR","TREY","","","","","","","","","","","","0","0","","","","","","","","","","","","","","","","","","","4","4","0","0","","","","","","","","4"
"295","Idaho","11/27/10","21","FARQUHAR","TREY","","","","","","","","","","","","0","0","","","","","","","","","","","","","","","","","","","2","2","0","0","","","","","2","2","","8"
"295","Idaho","12/04/10","21","FARQUHAR","TREY","","","","","","","","","","","","0","0","","","","","","","","","","","","","","","","","","","2","2","0","0","","","","","3","2","","8"
"295","Idaho","09/02/10","1","GREENWOOD","ERIC","","","","","","","","","","","","0","0","4","41","1","","","","","","","","","","","","","","","1","","","","","","","","","","","","6"
"295","Idaho","09/11/10","1","GREENWOOD","ERIC","","","","","","","","","","","","0","0","3","34","0","","","","","","","","","","","","","","","","","","","","","","","","","","","0"
"295","Idaho","09/25/10","1","GREENWOOD","ERIC","","","","","","","","","","","","0","0","3","72","0","","","","","","","","","","","","","","","","","","","","","","","","","","","0"
"295","Idaho","10/02/10","1","GREENWOOD","ERIC","","","","","","","","","","","","0","0","6","82","0","","","","","","","","","","","","","","","","","","","","","","","","","","","0"
"295","Idaho","10/16/10","1","GREENWOOD","ERIC","","","","","","","","","","","","0","0","4","103","1","","","","","","","","","","","","","","","1","","","","","","","","","","","","6"
"295","Idaho","10/23/10","1","GREENWOOD","ERIC","","","","","","","","","","","","0","0","6","54","0","","","","","","","","","","","","","","","","","","","","","","","","","","","0"
"295","Idaho","10/30/10","1","GREENWOOD","ERIC","","","","","","","","","","","","0","0","2","21","0","","","","","","","","","","","","","","","","","","","","","","","","","","","0"
"295","Idaho","11/06/10","1","GREENWOOD","ERIC","","","","","","","","","","","","0","0","1","23","0","","","","","","","","","","","","","","","","","","","","","","","","","","","0"
"295","Idaho","11/12/10","1","GREENWOOD","ERIC","","","","","","","","","","","","0","0","6","50","1","","","","","","","","","","","","","","","1","","","","","","","","","","","","6"
"295","Idaho","11/20/10","1","GREENWOOD","ERIC","","","","","","","","","","","","0","0","4","114","2","","","","","","","","","","","","","","","2","","","","","","","","","","","","12"
"295","Idaho","11/27/10","1","GREENWOOD","ERIC","","","","","","","","","","","","0","0","3","61","0","","","","","","","","","","","","","","","","","","","","","","","","","","","0"
"295","Idaho","12/04/10","1","GREENWOOD","ERIC","","","","","","","","","","","","0","0","4","86","1","","","","","","","","","","","","","","","1","","","","","","","","","","","","6"
"295","Idaho","09/25/10","6","GRYMES","AARON","","","","","","","","","","","","0","0","","","","1","0","0","","","","","","","","","","","","","","","","","","","","","","","","0"
"295","Idaho","12/04/10","6","GRYMES","AARON","","","","","","","","","","","","0","0","","","","1","0","0","","","","","","","","","","","","","","","","","","","","","","","","0"
"295","Idaho","09/02/10","88","HARDY","DANIEL","","","","","","","","","","","","0","0","4","82","0","","","","","","","","","","","","","","","","","","","","","","","","","","","0"
"295","Idaho","09/11/10","88","HARDY","DANIEL","","","","","","","","","","","","0","0","5","75","0","","","","","","","","","","","","","","","","","","","","","","","","","","","0"
"295","Idaho","09/18/10","88","HARDY","DANIEL","","","","","","","","","","","","0","0","3","82","1","","","","","","","","","","","","","","","1","","","","","","","","","","","","6"
"295","Idaho","09/25/10","88","HARDY","DANIEL","","","","","","","","","","","","0","0","1","5","0","","","","","","","","","","","","","","","","","","","","","","","","","","","0"
"295","Idaho","10/02/10","88","HARDY","DANIEL","","","","","","","","","","","","0","0","6","77","0","","","","","","","","","","","","","","","","","","","","","","","","","","","0"
"295","Idaho","10/16/10","88","HARDY","DANIEL","","","","","","","","","","","","0","0","7","114","0","","","","","","","","","","","","","","","","","","","","","","","","","","","0"
"295","Idaho","10/23/10","88","HARDY","DANIEL","","","","","","","","","","","","0","0","3","78","0","","","","","","","","","","","","","","","","","","","","","","","","","","","0"
"295","Idaho","10/30/10","88","HARDY","DANIEL","","","","","","","","","","","","0","0","3","32","0","","","","","","","","","","","","","","","","","","","","","","","","","","","0"
"295","Idaho","11/20/10","29","HARVEY","MATTHEW","","","","","","","","","","","","0","0","","","","1","0","0","","","","","","","","","","","","","","","","","","","","","","","","0"
"295","Idaho","09/02/10","1J","HERNANDEZ","JUSTIN","","","","","","","","","","","","0","0","1","17","0","","","","","","","","","","","","","","","","","","","","","","","","","","","0"
"295","Idaho","10/02/10","1J","HERNANDEZ","JUSTIN","","","","","","","","","","","","0","0","","","","","","","0","0","1","","","","","","","","","1","","","","","","","","","","","","6"
"295","Idaho","11/12/10","85","HOMME","CLAYTON","","","","","","","","","","","","0","0","1","6","0","","","","","","","","","","","","","","","","","","","","","","","","","","","0"
"295","Idaho","09/02/10","3","JACKSON","DEONTE","1","11","0","11","0","","","","","","","1","11","","","","","","","","","","","","","","","","","","","","","","","","","","","","","","0"
"295","Idaho","09/11/10","3","JACKSON","DEONTE","11","67","0","67","0","","","","","","","11","67","2","31","0","","","","","","","","","","","","","","","","","","","","","","","","","","","0"
"295","Idaho","09/18/10","3","JACKSON","DEONTE","11","21","0","21","2","","","","","","","11","21","1","11","0","","","","","","","","","","","","","","","2","","","","","","","","","","","","12"
"295","Idaho","09/25/10","3","JACKSON","DEONTE","11","80","3","77","0","","","","","","","11","77","1","3","0","","","","","","","","","","","","","","","","","","","","","","","","","","","0"
"295","Idaho","10/02/10","3","JACKSON","DEONTE","15","50","7","43","0","","","","","","","15","43","1","9","0","","","","","","","","","","","","","","","","","","","","","","","","","","","0"
"295","Idaho","10/16/10","3","JACKSON","DEONTE","11","26","1","25","0","","","","","","","11","25","7","60","0","","","","","","","","","","","","","","","","","","","","","","","","","","","0"
"295","Idaho","10/23/10","3","JACKSON","DEONTE","11","43","3","40","0","","","","","","","11","40","1","16","0","","","","","","","","","","","","","","","","","","","","","","","","","","","0"
"295","Idaho","10/30/10","3","JACKSON","DEONTE","11","56","0","56","0","","","","","","","11","56","4","45","0","","","","","","","","","","","","","","","","","","","","","","","","","","","0"
"295","Idaho","11/06/10","3","JACKSON","DEONTE","7","36","2","34","0","","","","","","","7","34","1","11","0","","","","","","","","","","","","","","","","","","","","","","","","","","","0"
"295","Idaho","11/20/10","3","JACKSON","DEONTE","18","64","2","62","1","","","","","","","18","62","4","16","1","","","","","","","","","","","","","","","2","","","","","","","","","","","","12"
"295","Idaho","11/27/10","3","JACKSON","DEONTE","4","7","0","7","1","","","","","","","4","7","3","9","0","","","","","","","","","","","","","","","1","","","","","","","","","","","","6"
"295","Idaho","12/04/10","3","JACKSON","DEONTE","2","3","4","-1","0","","","","","","","2","-1","","","","","","","","","","","","","","","","","","","","","","","","","","","","","","0"
"295","Idaho","09/02/10","18","JOHNSON","ARMAUNI","","","","","","","","","","","","0","0","3","86","1","","","","","","","","","","","","","","","1","","","","","","","","","","","","6"
"295","Idaho","09/11/10","18","JOHNSON","ARMAUNI","","","","","","","","","","","","0","0","3","37","1","","","","","","","","","","","","","","","1","","","","","","","","","","","","6"
"295","Idaho","09/18/10","18","JOHNSON","ARMAUNI","","","","","","","","","","","","0","0","2","14","0","","","","","","","","","","","","","","","","","","","","","","","","","","","0"
"295","Idaho","09/25/10","18","JOHNSON","ARMAUNI","","","","","","","","","","","","0","0","2","20","1","","","","","","","","","","","","","","","1","","","","","","","","","","","","6"
"295","Idaho","10/02/10","18","JOHNSON","ARMAUNI","1","1","0","1","0","","","","","","","1","1","3","39","0","","","","","","","","","","","","","","","","","","","","","","","","","","","0"
"295","Idaho","10/16/10","18","JOHNSON","ARMAUNI","","","","","","","","","","","","0","0","1","11","0","","","","","","","","","","","","","","","","","","","","","","","","","","","0"
"295","Idaho","11/06/10","18","JOHNSON","ARMAUNI","","","","","","","","","","","","0","0","2","42","0","","","","","","","","","","","","","","","","","","","","","","","","","","","0"
"295","Idaho","11/12/10","18","JOHNSON","ARMAUNI","","","","","","","","","","","","0","0","2","26","0","","","","","","","","","","","","","","","","","","","","","","","","","","","0"
"295","Idaho","11/20/10","18","JOHNSON","ARMAUNI","","","","","","","","","","","","0","0","1","33","0","","","","","","","","","","","","","","","","","","","","","","","","","","","0"
"295","Idaho","12/04/10","18","JOHNSON","ARMAUNI","","","","","","","","","","","","0","0","2","11","0","","","","","","","","","","","","","","","","","","","","","","","","","","","0"
"295","Idaho","09/02/10","1A","KEO","SHILOH","","","","","","","","","","","","0","0","","","","1","44","0","1","10","0","","","2","9","0","","","","","","","","","","","","","","","","0"
"295","Idaho","09/11/10","1A","KEO","SHILOH","","","","","","","","","","","","0","0","","","","1","8","0","","","","","","","","","","","","","","","","","","","","","","","","0"
"295","Idaho","09/18/10","1A","KEO","SHILOH","","","","","","","","","","","","0","0","","","","1","10","0","","","","","","2","16","0","1","16","0","","","","","","","","","","","","","0"
"295","Idaho","09/25/10","1A","KEO","SHILOH","","","","","","","","","","","","0","0","","","","","","","","","","","","1","-2","0","1","38","0","","","","","","","","","","","","","0"
"295","Idaho","10/02/10","1A","KEO","SHILOH","1","35","0","35","0","","","","","","","1","35","","","","","","","","","","","","3","35","0","2","9","0","","","","","","","","","","","","","0"
"295","Idaho","10/16/10","1A","KEO","SHILOH","","","","","","","","","","","","0","0","","","","","","","","","","","","1","2","0","1","15","0","","","","","","","","","","","","","0"
"295","Idaho","10/23/10","1A","KEO","SHILOH","","","","","","","","","","","","0","0","","","","","","","","","","","","2","-1","0","","","","","","","","","","","","","","","","0"
"295","Idaho","10/30/10","1A","KEO","SHILOH","","","","","","","","","","","","0","0","","","","","","","","","","","","1","3","0","2","66","0","","","","","","","","","","","","","0"
"295","Idaho","11/12/10","1A","KEO","SHILOH","","","","","","","","","","","","0","0","","","","","","","","","","","","3","9","0","","","","","","","","","","","","","","","","0"
"295","Idaho","12/04/10","1A","KEO","SHILOH","","","","","","","","","","","","0","0","","","","","","","","","","","","2","3","0","","","","","","","","","","","","","","","","0"
"295","Idaho","09/02/10","80","LAGRONE","MICHAEL","","","","","","","","","","","","0","0","1","8","0","","","","","","","","","","","","","","","","","","","","","","","","","","","0"
"295","Idaho","09/11/10","80","LAGRONE","MICHAEL","","","","","","","","","","","","0","0","1","2","1","","","","","","","","","","","","","","","1","","","","","","","","","","","","6"
"295","Idaho","09/18/10","80","LAGRONE","MICHAEL","","","","","","","","","","","","0","0","1","9","0","","","","","","","","","","","","","","","","","","","","","","","","","","","0"
"295","Idaho","10/02/10","80","LAGRONE","MICHAEL","","","","","","","","","","","","0","0","2","8","0","","","","","","","","","","","","","","","","","","","","","","","","","","","0"
"295","Idaho","11/06/10","80","LAGRONE","MICHAEL","","","","","","","","","","","","0","0","1","9","0","","","","","","","","","","","","","","","","","","","","","","","","","","","0"
"295","Idaho","11/12/10","80","LAGRONE","MICHAEL","","","","","","","","","","","","0","0","3","33","0","","","","","","","","","","","","","","","","","","","","","","","","","","","0"
"295","Idaho","11/20/10","80","LAGRONE","MICHAEL","","","","","","","","","","","","0","0","1","6","0","","","","","","","","","","","","","","","","","","","","","","","","","","","0"
"295","Idaho","11/27/10","80","LAGRONE","MICHAEL","","","","","","","","","","","","0","0","2","9","0","","","","","","","","","","","","","","","","","","","","","","","","","","","0"
"295","Idaho","12/04/10","80","LAGRONE","MICHAEL","","","","","","","","","","","","0","0","1","28","0","","","","","","","","","","","","","","","","","","","","","","","","","","","0"
"295","Idaho","10/30/10","95","LAVARIAS","AARON","","","","","","","","","","","","0","0","","","","1","26","0","","","","","","","","","","","","","","","","","","","","","","","","0"
"295","Idaho","11/12/10","95","LAVARIAS","AARON","","","","","","","","","","","","0","0","","","","","","","0","0","1","","","","","","","","","1","","","","","","","","","","","","6"
"295","Idaho","09/02/10","20","MCCARTY","PRINCETON","12","89","0","89","2","","","","","","","12","89","4","39","0","","","","","","","","","","","","","","","2","","","","","","","","","","","","12"
"295","Idaho","09/11/10","20","MCCARTY","PRINCETON","12","40","0","40","0","","","","","","","12","40","2","5","0","","","","","","","","","","","","2","31","0","","","","","","","","","","","","","0"
"295","Idaho","09/18/10","20","MCCARTY","PRINCETON","12","63","0","63","0","","","","","","","12","63","1","4","0","","","","","","","","","","","","","","","","","","","","","","","","","","","0"
"295","Idaho","09/25/10","20","MCCARTY","PRINCETON","13","47","6","41","0","","","","","","","13","41","1","4","0","","","","","","","","","","","","","","","","","","","","","","","","","","","0"
"295","Idaho","10/16/10","20","MCCARTY","PRINCETON","2","4","0","4","0","","","","","","","2","4","1","6","0","","","","","","","","","","","","","","","","","","","","","","","","","","","0"
"295","Idaho","10/23/10","20","MCCARTY","PRINCETON","8","55","0","55","1","","","","","","","8","55","","","","","","","","","","","","","","","","","","1","","","","","","","","","","","","6"
"295","Idaho","11/12/10","20","MCCARTY","PRINCETON","10","34","2","32","0","","","","","","","10","32","5","34","0","","","","","","","","","","","","","","","","","","","","","","","","","","","0"
"295","Idaho","11/20/10","20","MCCARTY","PRINCETON","8","17","0","17","0","","","","","","","8","17","","","","","","","","","","","","","","","","","","","","","","","","","","","","","","0"
"295","Idaho","11/27/10","20","MCCARTY","PRINCETON","5","16","0","16","0","","","","","","","5","16","","","","","","","","","","","","","","","","","","","","","","","","","","","","","","0"
"295","Idaho","12/04/10","20","MCCARTY","PRINCETON","7","23","0","23","0","","","","","","","7","23","1","24","0","","","","","","","","","","","","","","","","","","","","","","","","","","","0"
"295","Idaho","09/02/10","15","POSEY","MARCEL","","","","","","","","","","","","0","0","3","30","0","","","","","","","","","","","","","","","","","","","","","","","","","","","0"
"295","Idaho","09/11/10","15","POSEY","MARCEL","","","","","","","","","","","","0","0","","","","","","","","","","","","","","","1","21","0","","","","","","","","","","","","","0"
"295","Idaho","09/02/10","1E","READER","BRIAN","","","","","","9","4","0","88","1","","9","88","","","","","","","","","","","","","","","","","","","","","","","","","","","","","","0"
"295","Idaho","09/11/10","1E","READER","BRIAN","3","5","23","-18","0","8","5","0","78","1","","11","60","","","","","","","","","","","","","","","","","","","","","","","","","","","","","","0"
"295","Idaho","10/02/10","1E","READER","BRIAN","","","","","","1","0","0","0","0","","1","0","","","","","","","","","","","","","","","","","","","","","","","","","","","","","","0"
"295","Idaho","10/16/10","1E","READER","BRIAN","1","0","9","-9","0","10","8","0","140","2","","11","131","","","","","","","","","","","","","","","","","","","","","","","","","","","","","","0"
"295","Idaho","10/23/10","1E","READER","BRIAN","1","0","7","-7","0","4","2","0","13","0","","5","6","","","","","","","","","","","","","","","","","","","","","","","","","","","","","","0"
"295","Idaho","10/30/10","1E","READER","BRIAN","2","14","0","14","0","11","7","0","105","1","","13","119","","","","","","","","","","","","","","","","","","","","","","","","","","","","","","0"
"295","Idaho","11/06/10","1E","READER","BRIAN","2","4","5","-1","0","7","4","0","47","0","","9","46","","","","","","","","","","","","","","","","","","","","","","","","","","","","","","0"
"295","Idaho","11/12/10","1E","READER","BRIAN","1","0","5","-5","0","20","12","1","97","0","","21","92","","","","","","","","","","","","","","","","","","","","","","","","","","","","","","0"
"295","Idaho","11/20/10","1E","READER","BRIAN","","","","","","1","0","0","0","0","","1","0","","","","","","","","","","","","","","","","","","","","","","","","","","","","","","0"
"295","Idaho","10/30/10","86","ROBERSON","JOHN","","","","","","","","","","","","0","0","1","15","0","","","","","","","","","","","","","","","","","","","","","","","","","","","0"
"295","Idaho","11/06/10","86","ROBERSON","JOHN","","","","","","","","","","","","0","0","2","17","0","","","","","","","","","","","","","","","","","","","","","","","","","","","0"
"295","Idaho","11/12/10","86","ROBERSON","JOHN","","","","","","","","","","","","0","0","2","19","0","","","","","","","","","","","","","","","","","","","","","","","","","","","0"
"295","Idaho","11/20/10","86","ROBERSON","JOHN","","","","","","","","","","","","0","0","4","25","0","","","","","","","","","","","","","","","","","","","","","","","","","","","0"
"295","Idaho","11/27/10","86","ROBERSON","JOHN","","","","","","","","","","","","0","0","2","25","0","","","","","","","","","","","","","","","","","","","","","","","","","","","0"
"295","Idaho","12/04/10","86","ROBERSON","JOHN","","","","","","","","","","","","0","0","1","21","0","","","","","","","","","","","","","","","","","","","","","","","","","","","0"
"295","Idaho","10/23/10","51","ROBINSON","TRESHAWN","","","","","","","","","","","","0","0","","","","","","","","","","","","","","","1","6","0","","","","","","","","","","","","","0"
"295","Idaho","09/02/10","2","SHAW","MAURICE","","","","","","","","","","","","0","0","3","16","0","","","","","","","","","","","","","","","","","","","","","","","","","","","0"
"295","Idaho","09/11/10","2","SHAW","MAURICE","","","","","","","","","","","","0","0","1","13","0","","","","","","","","","","","","","","","","","","","","","","","","","","","0"
"295","Idaho","09/18/10","2","SHAW","MAURICE","","","","","","","","","","","","0","0","2","45","0","","","","","","","","","","","","","","","","","","","","","","","","","","","0"
"295","Idaho","09/25/10","2","SHAW","MAURICE","","","","","","","","","","","","0","0","5","75","1","","","","","","","","","","","","","","","1","","","","","","","","","","","","6"
"295","Idaho","10/02/10","2","SHAW","MAURICE","","","","","","","","","","","","0","0","3","51","0","","","","","","","","","","","","","","","","","","","","","","","","","","","0"
"295","Idaho","10/23/10","2","SHAW","MAURICE","","","","","","","","","","","","0","0","6","73","1","","","","","","","","","","","","","","","1","","","","","","","","","","","","6"
"295","Idaho","10/30/10","2","SHAW","MAURICE","","","","","","","","","","","","0","0","3","32","0","","","","","","","","","","","","","","","","","","","","","","","","","","","0"
"295","Idaho","11/06/10","2","SHAW","MAURICE","","","","","","","","","","","","0","0","2","39","0","","","","","","","","","","","","","","","","","","","","","","","","","","","0"
"295","Idaho","11/20/10","2","SHAW","MAURICE","","","","","","","","","","","","0","0","2","22","0","","","","","","","","","","","","","","","","","","","","","","","","","","","0"
"295","Idaho","11/27/10","2","SHAW","MAURICE","","","","","","","","","","","","0","0","2","14","0","","","","","","","","","","","","","","","","","","","","","","","","","","","0"
"295","Idaho","12/04/10","2","SHAW","MAURICE","","","","","","","","","","","","0","0","3","30","0","","","","","","","","","","","","","","","","","","","","","","","","","","","0"
"295","Idaho","10/16/10","0A","SIAVII","ROBERT","","","","","","","","","","","","0","0","","","","","","","","","","","","","","","1","21","0","","","","","","","","","","","","","0"
"295","Idaho","11/20/10","0A","SIAVII","ROBERT","","","","","","","","","","","","0","0","","","","1","0","0","","","","","","","","","","","","","","","","","","","","","","","","0"
"295","Idaho","11/06/10","37","TUCKER","SHAWN","","","","","","","","","","","","0","0","","","","","","","","","","","","","","","2","62","0","","","","","","","","","","","","","0"
"295","Idaho","09/02/10","24","VELTUNG","JUSTIN","","","","","","","","","","","","0","0","3","63","1","","","","","","","","","","","","","","","1","","","","","","","","","","","","6"
"295","Idaho","09/11/10","24","VELTUNG","JUSTIN","","","","","","","","","","","","0","0","1","11","0","","","","","","","","","","","","","","","","","","","","","","","","","","","0"
"295","Idaho","09/25/10","24","VELTUNG","JUSTIN","","","","","","","","","","","","0","0","1","59","1","","","","","","","","","","","","2","46","0","1","","","","","","","","","","","","6"
"295","Idaho","10/02/10","24","VELTUNG","JUSTIN","1","3","0","3","0","","","","","","","1","3","2","43","1","","","","","","","","","","","","1","25","0","1","","","","","","","","","","","","6"
"295","Idaho","10/16/10","24","VELTUNG","JUSTIN","","","","","","","","","","","","0","0","6","140","4","","","","","","","","","","","","3","48","0","4","","","","","","","","","","","","24"
"295","Idaho","10/23/10","24","VELTUNG","JUSTIN","","","","","","","","","","","","0","0","2","10","0","","","","","","","","","","","","2","53","0","","","","","","","","","","","","","0"
"295","Idaho","10/30/10","24","VELTUNG","JUSTIN","","","","","","","","","","","","0","0","4","52","0","","","","","","","","","","","","3","45","0","","","","","","","","","","","","","0"
"295","Idaho","11/06/10","24","VELTUNG","JUSTIN","","","","","","","","","","","","0","0","1","75","1","","","","","","","","","","","","3","79","0","1","","","","","","","","","","","","6"
"295","Idaho","11/12/10","24","VELTUNG","JUSTIN","1","5","0","5","0","","","","","","","1","5","","","","","","","","","","","","","","","7","128","0","","","","","","","","","","","","","0"
"295","Idaho","11/20/10","24","VELTUNG","JUSTIN","3","24","0","24","0","","","","","","","3","24","2","10","0","","","","","","","","","","","","2","53","0","","","","","","","","","","","","","0"
"295","Idaho","11/27/10","24","VELTUNG","JUSTIN","","","","","","","","","","","","0","0","2","22","0","","","","","","","","","","","","5","164","1","1","","","","","","","","","","","","6"
"295","Idaho","12/04/10","24","VELTUNG","JUSTIN","2","40","0","40","1","","","","","","","2","40","1","12","0","","","","","","","","","","","","2","45","0","1","","","","","","","","","","","","6"
"295","Idaho","09/02/10","11","VITAL","TROY","1","1","0","1","1","","","","","","","1","1","","","","","","","","","","","","","","","","","","1","","","","","","","","","","","","6"
"295","Idaho","09/11/10","11","VITAL","TROY","1","3","0","3","0","","","","","","","1","3","","","","","","","","","","","","","","","","","","","","","","","","","","","","","","0"
"295","Idaho","09/18/10","11","VITAL","TROY","7","25","2","23","0","","","","","","","7","23","","","","","","","","","","","","","","","","","","","","","","","","","","","","","","0"
"295","Idaho","09/25/10","11","VITAL","TROY","2","2","0","2","0","","","","","","","2","2","","","","","","","","","","","","","","","","","","","","","","","","","","","","","","0"
"295","Idaho","10/02/10","11","VITAL","TROY","8","27","1","26","0","","","","","","","8","26","","","","","","","","","","","","","","","","","","","","","","","","","","","","","","0"
"295","Idaho","10/16/10","11","VITAL","TROY","1","11","0","11","0","","","","","","","1","11","","","","","","","","","","","","","","","","","","","","","","","","","","","","","","0"
"295","Idaho","10/30/10","11","VITAL","TROY","3","11","0","11","0","","","","","","","3","11","","","","","","","","","","","","","","","","","","","","","","","","","","","","","","0"
"295","Idaho","11/06/10","11","VITAL","TROY","1","5","0","5","0","","","","","","","1","5","2","4","0","","","","","","","","","","","","","","","","","","","","","","","","","","","0"
"295","Idaho","11/12/10","11","VITAL","TROY","","","","","","","","","","","","0","0","2","9","0","","","","","","","","","","","","","","","","","","","","","","","","","","","0"
"295","Idaho","11/27/10","11","VITAL","TROY","2","5","0","5","0","","","","","","","2","5","","","","","","","","","","","","","","","","","","","","","","","","","","","","","","0"
"295","Idaho","12/04/10","11","VITAL","TROY","17","79","3","76","1","","","","","","","17","76","1","12","0","","","","","","","","","","","","","","","1","","","","","","","","","","","","6"
"295","Idaho","10/02/10","0C","WALKER","GARY","","","","","","","","","","","","0","0","","","","1","0","0","","","","","","","","","","","","","","","","","","","","","","","","0"
"295","Idaho","10/16/10","0C","WALKER","GARY","","","","","","","","","","","","0","0","","","","","","","1","54","0","","","","","","","","","","","","","","","","","","","","","0"
"295","Idaho","12/04/10","0C","WALKER","GARY","","","","","","","","","","","","0","0","","","","1","0","0","","","","","","","","","","","","","","","","","","","","","","","","0"
"295","Idaho","11/12/10","83","WEAVER","LANDON","","","","","","","","","","","","0","0","1","3","0","","","","","","","","","","","","","","","","","","","","","","","","","","","0"
"295","Idaho","11/20/10","0H","WILLIAMS","TREY","","","","","","","","","","","","0","0","","","","","","","","","","","","","","","0","11","0","","","","","","","","","","","","","0"
"301","Illinois","09/11/10","71","ALLEN","JEFF","","","","","","","","","","","","0","0","1","2","0","","","","","","","","","","","","","","","","","","","","","","","","","","","0"
"301","Illinois","10/23/10","41","BECKER","ZACH","","","","","","","","","","","","0","0","1","7","0","","","","","","","","","","","","","","","","","","","","","","","","","","","0"
"301","Illinois","12/29/10","31","BELLAMY","TRAVON","","","","","","","","","","","","0","0","","","","","","","1","46","0","","","","","","","","","","","","","","","","","","","","","0"
"301","Illinois","10/23/10","45","BROWN","JONATHAN","","","","","","","","","","","","0","0","","","","1","66","1","","","","","","","","","","","","1","","","","","","","","","","","","6"
"301","Illinois","10/09/10","18","BUSSEY","NATE","","","","","","","","","","","","0","0","","","","1","16","1","","","","","","","","","","","","1","","","","","","","","","","","","6"
"301","Illinois","10/23/10","18","BUSSEY","NATE","","","","","","","","","","","","0","0","","","","","","","","","","","","1","7","0","","","","","","","","","","","","","","","","0"
"301","Illinois","09/04/10","13","DIMKE","DEREK","","","","","","","","","","","","0","0","","","","","","","","","","","","","","","","","","","1","1","0","0","","","","","2","2","","7"
"301","Illinois","09/11/10","13","DIMKE","DEREK","","","","","","","","","","","","0","0","","","","","","","","","","","","","","","","","","","5","5","0","0","","","","","","","","5"
"301","Illinois","09/18/10","13","DIMKE","DEREK","","","","","","","","","","","","0","0","","","","","","","","","","","","","","","","","","","2","2","0","0","","","","","2","2","","8"
"301","Illinois","10/02/10","13","DIMKE","DEREK","","","","","","","","","","","","0","0","","","","","","","","","","","","","","","","","","","1","1","0","0","","","","","3","2","","7"
"301","Illinois","10/09/10","13","DIMKE","DEREK","","","","","","","","","","","","0","0","","","","","","","","","","","","","","","","","","","3","3","0","0","","","","","4","4","","15"
"301","Illinois","10/16/10","13","DIMKE","DEREK","","","","","","","","","","","","0","0","","","","","","","","","","","","","","","","","","","","","","","","","","","2","2","","6"
"301","Illinois","10/23/10","13","DIMKE","DEREK","","","","","","","","","","","","0","0","","","","","","","","","","","","","","","","","","","5","5","0","0","","","","","3","2","","11"
"301","Illinois","10/30/10","13","DIMKE","DEREK","","","","","","","","","","","","0","0","","","","","","","","","","","","","","","","","","","5","5","0","0","","","","","1","1","","8"
"301","Illinois","11/06/10","13","DIMKE","DEREK","","","","","","","","","","","","0","0","","","","","","","","","","","","","","","","","","","6","6","0","0","","","","","4","3","","15"
"301","Illinois","11/13/10","13","DIMKE","DEREK","","","","","","","","","","","","0","0","","","","","","","","","","","","","","","","","","","4","4","0","0","","","","","","","","4"
"301","Illinois","11/20/10","13","DIMKE","DEREK","","","","","","","","","","","","0","0","","","","","","","","","","","","","","","","","","","6","6","0","0","","","","","3","2","","12"
"301","Illinois","12/03/10","13","DIMKE","DEREK","","","","","","","","","","","","0","0","","","","","","","","","","","","","","","","","","","2","2","0","0","","","","","2","1","","5"
"301","Illinois","12/29/10","13","DIMKE","DEREK","","","","","","","","","","","","0","0","","","","","","","","","","","","","","","","","","","3","3","0","0","","","","","3","3","","12"
"301","Illinois","09/04/10","11","FAYSON","JARRED","","","","","","","","","","","","0","0","4","20","0","","","","","","","","","1","6","0","","","","","","","","","","","","","","","","0"
"301","Illinois","09/11/10","11","FAYSON","JARRED","","","","","","","","","","","","0","0","2","16","0","","","","","","","","","","","","","","","","","","","","","","","","","","","0"
"301","Illinois","09/18/10","11","FAYSON","JARRED","","","","","","","","","","","","0","0","2","10","0","","","","","","","","","","","","","","","","","","","","","","","","","","","0"
"301","Illinois","10/02/10","11","FAYSON","JARRED","","","","","","1","1","0","23","0","","1","23","8","83","0","","","","","","","","","","","","","","","","","","","","","","","","","","","0"
"301","Illinois","10/09/10","11","FAYSON","JARRED","","","","","","","","","","","","0","0","4","32","0","","","","","","","","","1","2","0","","","","","","","","","","","","","","","","0"
"301","Illinois","10/16/10","11","FAYSON","JARRED","","","","","","","","","","","","0","0","5","45","0","","","","","","","","","","","","","","","","","","","","","","","","","","","0"
"301","Illinois","10/23/10","11","FAYSON","JARRED","","","","","","","","","","","","0","0","3","33","1","","","","","","","","","","","","","","","1","","","","","","","","","","","","6"
"301","Illinois","11/06/10","11","FAYSON","JARRED","","","","","","","","","","","","0","0","5","79","0","","","","","","","","","","","","","","","","","","","","","","","","","","","0"
"301","Illinois","12/03/10","11","FAYSON","JARRED","","","","","","","","","","","","0","0","1","6","0","","","","","","","","","","","","","","","","","","","","","","","","","","","0"
"301","Illinois","12/29/10","11","FAYSON","JARRED","","","","","","","","","","","","0","0","4","31","0","","","","","","","","","1","1","0","","","","","","","","","","","","","","","","0"
"301","Illinois","09/04/10","21","FORD","JASON","4","10","4","6","0","","","","","","","4","6","","","","","","","","","","","","","","","","","","","","","","","","","","","","","","0"
"301","Illinois","09/11/10","21","FORD","JASON","12","34","0","34","1","","","","","","","12","34","","","","","","","","","","","","","","","","","","1","","","","","","","","","","","","6"
"301","Illinois","09/18/10","21","FORD","JASON","7","27","3","24","1","","","","","","","7","24","1","11","0","","","","","","","","","","","","","","","1","","","","","","","","","","","","6"
"301","Illinois","10/02/10","21","FORD","JASON","6","28","1","27","0","","","","","","","6","27","1","8","0","","","","","","","","","","","","","","","","","","","","","","","","","","","0"
"301","Illinois","10/09/10","21","FORD","JASON","9","48","1","47","0","1","1","0","4","1","","10","51","1","4","0","","","","","","","","","","","","","","","","","","","","","","","","","","","0"
"301","Illinois","10/16/10","21","FORD","JASON","5","14","0","14","0","","","","","","","5","14","","","","","","","","","","","","","","","","","","","","","","","","","","","","","","0"
"301","Illinois","10/23/10","21","FORD","JASON","5","22","0","22","0","","","","","","","5","22","","","","","","","","","","","","","","","","","","","","","","","","","","","","","","0"
"301","Illinois","11/06/10","21","FORD","JASON","10","92","1","91","1","","","","","","","10","91","1","0","0","","","","","","","","","","","","","","","1","","","","","","","","","","","","6"
"301","Illinois","11/13/10","21","FORD","JASON","6","32","7","25","1","","","","","","","6","25","","","","","","","","","","","","","","","","","","1","","","","","","","","","","","","6"
"301","Illinois","11/20/10","21","FORD","JASON","17","88","2","86","3","","","","","","","17","86","","","","","","","","","","","","","","","","","","3","","","","","","","","","","","","18"
"301","Illinois","12/03/10","21","FORD","JASON","6","51","1","50","0","","","","","","","6","50","","","","","","","","","","","","","","","","","","","","","","","","","","","","","","0"
"301","Illinois","12/29/10","21","FORD","JASON","12","58","4","54","0","","","","","","","12","54","3","29","0","","","","","","","","","","","","","","","","","","","","","","","","","","","0"
"301","Illinois","09/04/10","23","GOLDEN","BUD","","","","","","","","","","","","0","0","","","","","","","","","","","","","","","1","15","0","","","","","","","","","","","","","0"
"301","Illinois","09/11/10","23","GOLDEN","BUD","1","0","0","0","0","","","","","","","1","0","","","","","","","","","","","","","","","1","11","0","","","","","","","","","","","","","0"
"301","Illinois","10/09/10","23","GOLDEN","BUD","1","3","0","3","0","","","","","","","1","3","","","","","","","","","","","","","","","","","","","","","","","","","","","","","","0"
"301","Illinois","10/23/10","23","GOLDEN","BUD","","","","","","","","","","","","0","0","","","","","","","","","","","","","","","1","11","0","","","","","","","","","","","","","0"
"301","Illinois","10/30/10","23","GOLDEN","BUD","6","29","0","29","0","","","","","","","6","29","1","12","0","","","","","","","","","","","","","","","","","","","","","","","","","","","0"
"301","Illinois","11/06/10","23","GOLDEN","BUD","","","","","","","","","","","","0","0","","","","","","","","","","","","","","","1","15","0","","","","","","","","","","","","","0"
"301","Illinois","09/11/10","26","GREEN","JUSTIN","","","","","","","","","","","","0","0","","","","","","","","","","","","","","","1","19","0","","","","","","","","","","","","","0"
"301","Illinois","10/23/10","80","HARRIS","SPENCER","","","","","","","","","","","","0","0","1","8","0","","","","","","","","","","","","","","","","","","","","","","","","","","","0"
"301","Illinois","10/30/10","80","HARRIS","SPENCER","","","","","","","","","","","","0","0","1","10","0","","","","","","","","","","","","","","","","","","","","","","","","","","","0"
"301","Illinois","11/13/10","80","HARRIS","SPENCER","","","","","","","","","","","","0","0","2","30","1","","","","","","","","","","","","","","","1","","","","","","","","","","","","6"
"301","Illinois","10/23/10","1","HAWTHORNE","TERRY","","","","","","","","","","","","0","0","","","","1","0","0","","","","","","","","","","","","","","","","","","","","","","","","0"
"301","Illinois","10/02/10","9","HENRY","TRULON","","","","","","","","","","","","0","0","","","","2","24","0","","","","","","","","","","","","","","","","","","","","","","","","0"
"301","Illinois","11/06/10","9","HENRY","TRULON","","","","","","","","","","","","0","0","","","","1","0","0","","","","","","","","","","","","","","","","","","","","","","","","0"
"301","Illinois","10/16/10","6","JAMES","CHRIS","","","","","","","","","","","","0","0","1","12","0","","","","","","","","","","","","","","","","","","","","","","","","","","","0"
"301","Illinois","10/30/10","6","JAMES","CHRIS","","","","","","","","","","","","0","0","1","15","1","","","","","","","","","","","","","","","1","","","","","","","","","","","","6"
"301","Illinois","09/04/10","8","JENKINS","A.J.","","","","","","","","","","","","0","0","3","33","1","","","","","","","","","","","","","","","1","","","","","","","","","","","","6"
"301","Illinois","09/11/10","8","JENKINS","A.J.","","","","","","","","","","","","0","0","5","114","1","","","","","","","","","","","","","","","1","","","","","","","","","","","","6"
"301","Illinois","09/18/10","8","JENKINS","A.J.","","","","","","","","","","","","0","0","4","43","0","","","","","","","","","","","","","","","","","","","","","","","","","","","0"
"301","Illinois","10/02/10","8","JENKINS","A.J.","","","","","","","","","","","","0","0","1","16","0","","","","","","","","","","","","","","","","","","","","","","","","","","","0"
"301","Illinois","10/09/10","8","JENKINS","A.J.","","","","","","","","","","","","0","0","7","76","1","","","","","","","","","","","","","","","1","","","","","","","","","","","","6"
"301","Illinois","10/16/10","8","JENKINS","A.J.","","","","","","","","","","","","0","0","4","64","0","","","","","","","","","","","","","","","","","","","","","","","","","","","0"
"301","Illinois","10/23/10","8","JENKINS","A.J.","","","","","","","","","","","","0","0","3","17","0","","","","","","","","","","","","","","","","","","","","","","","","","","","0"
"301","Illinois","10/30/10","8","JENKINS","A.J.","","","","","","","","","","","","0","0","4","46","1","","","","","","","","","","","","","","","1","","","","","","","","","","","","6"
"301","Illinois","11/06/10","8","JENKINS","A.J.","","","","","","","","","","","","0","0","3","49","0","","","","","","","","","","","","","","","","","","","","","","","","","","","0"
"301","Illinois","11/13/10","8","JENKINS","A.J.","","","","","","","","","","","","0","0","6","137","1","","","","","","","","","","","","","","","1","","","","","","","","","","","","6"
"301","Illinois","11/20/10","8","JENKINS","A.J.","","","","","","","","","","","","0","0","4","24","1","","","","","","","","","","","","","","","1","","","","","","","","","","","","6"
"301","Illinois","12/03/10","8","JENKINS","A.J.","","","","","","","","","","","","0","0","6","75","1","","","","","","","","","","","","","","","1","","","","","","","","","","","","6"
"301","Illinois","12/29/10","8","JENKINS","A.J.","","","","","","","","","","","","0","0","6","52","0","","","","","","","","","","","","","","","","","","","","","","","","","","","0"
"301","Illinois","09/11/10","12","LANKFORD","RYAN","","","","","","","","","","","","0","0","1","10","0","","","","","","","","","","","","","","","","","","","","","","","","","","","0"
"301","Illinois","10/23/10","12","LANKFORD","RYAN","","","","","","","","","","","","0","0","2","19","0","","","","","","","","","","","","","","","","","","","","","","","","","","","0"
"301","Illinois","10/30/10","12","LANKFORD","RYAN","","","","","","","","","","","","0","0","1","15","0","","","","","","","","","","","","","","","","","","","","","","","","","","","0"
"301","Illinois","11/06/10","12","LANKFORD","RYAN","","","","","","","","","","","","0","0","1","33","1","","","","","","","","","","","","","","","1","","","0","0","","","","","","","","6"
"301","Illinois","12/29/10","12","LANKFORD","RYAN","","","","","","","","","","","","0","0","1","52","0","","","","","","","","","","","","","","","","","","","","","","","","","","","0"
"301","Illinois","09/11/10","88","LATTIMORE","JUSTIN","","","","","","","","","","","","0","0","1","33","1","","","","","","","","","","","","","","","1","","","","","","","","","","","","6"
"301","Illinois","09/04/10","5","LESHOURE","MIKEL","20","117","5","112","0","","","","","","","20","112","","","","","","","","","","","","","","","","","","","","","","","","","","","","","","0"
"301","Illinois","09/11/10","5","LESHOURE","MIKEL","14","107","1","106","2","","","","","","","14","106","1","3","0","","","","","","","","","","","","","","","2","","","","","","","","","","","","12"
"301","Illinois","09/18/10","5","LESHOURE","MIKEL","24","181","1","180","1","","","","","","","24","180","1","6","0","","","","","","","","","","","","","","","1","","","","","","","","","","","","6"
"301","Illinois","10/02/10","5","LESHOURE","MIKEL","19","81","1","80","0","","","","","","","19","80","2","2","0","","","","","","","","","","","","","","","","","","","","","","","","","","","0"
"301","Illinois","10/09/10","5","LESHOURE","MIKEL","27","120","1","119","0","","","","","","","27","119","1","32","0","","","","","","","","","","","","","","","","","","","","","","","","","","","0"
"301","Illinois","10/16/10","5","LESHOURE","MIKEL","23","86","3","83","0","","","","","","","23","83","3","10","0","","","","","","","","","","","","","","","","","","","","","","","","","","","0"
"301","Illinois","10/23/10","5","LESHOURE","MIKEL","16","83","6","77","1","","","","","","","16","77","1","3","0","","","","","","","","","","","","","","","1","","","","","","","","","","","","6"
"301","Illinois","10/30/10","5","LESHOURE","MIKEL","15","33","10","23","2","","","","","","","15","23","2","46","1","","","","","","","","","","","","","","","3","","","","","","","","","","","","18"
"301","Illinois","11/06/10","5","LESHOURE","MIKEL","24","123","3","120","3","","","","","","","24","120","2","52","2","","","","","","","","","","","","","","","5","","","","","","","","","","","","30"
"301","Illinois","11/13/10","5","LESHOURE","MIKEL","18","141","0","141","2","","","","","","","18","141","1","10","0","","","","","","","","","","","","","","","2","","","","","","","","","","","","12"
"301","Illinois","11/20/10","5","LESHOURE","MIKEL","33","339","9","330","2","","","","","","","33","330","1","11","0","","","","","","","","","","","","","","","2","","","","","","","","","","","","12"
"301","Illinois","12/03/10","5","LESHOURE","MIKEL","19","148","6","142","1","","","","","","","19","142","","","","","","","","","","","","","","","","","","1","","","","","","","","","","","","6"
"301","Illinois","12/29/10","5","LESHOURE","MIKEL","29","187","3","184","3","","","","","","","29","184","2","21","0","","","","","","","","","","","","","","","3","","","1","1","","","","","","","","20"
"301","Illinois","09/04/10","10","MCGEE","EDDIE","","","","","","","","","","","","0","0","2","28","0","","","","","","","","","","","","","","","","","","","","","","","","","","","0"
"301","Illinois","09/11/10","10","MCGEE","EDDIE","","","","","","3","1","2","10","0","","3","10","","","","","","","","","","","","","","","","","","","","","","","","","","","","","","0"
"301","Illinois","10/09/10","10","MCGEE","EDDIE","","","","","","","","","","","","0","0","1","3","0","","","","","","","","","","","","","","","","","","","","","","","","","","","0"
"301","Illinois","10/16/10","10","MCGEE","EDDIE","","","","","","","","","","","","0","0","2","10","0","","","","","","","","","","","","","","","","","","","","","","","","","","","0"
"301","Illinois","10/23/10","10","MCGEE","EDDIE","4","22","3","19","0","","","","","","","4","19","","","","","","","","","","","","","","","","","","","","","","","","","","","","","","0"
"301","Illinois","10/30/10","10","MCGEE","EDDIE","5","23","6","17","0","4","2","0","9","0","","9","26","1","3","0","","","","","","","","","","","","","","","","","","","","","","","","","","","0"
"301","Illinois","11/06/10","10","MCGEE","EDDIE","2","5","0","5","0","2","2","0","35","0","","4","40","2","18","0","","","","","","","","","","","","","","","","","","","","","","","","","","","0"
"301","Illinois","11/13/10","10","MCGEE","EDDIE","","","","","","3","1","1","37","0","","3","37","","","","","","","","","","","","","","","","","","","","","","","","","","","","","","0"
"301","Illinois","11/20/10","10","MCGEE","EDDIE","","","","","","1","0","1","0","0","","1","0","","","","","","","","","","","","","","","","","","","","","","","","","","","","","","0"
"301","Illinois","12/03/10","10","MCGEE","EDDIE","1","0","5","-5","0","4","2","0","20","0","","5","15","","","","","","","","","","","","","","","","","","","","","","","","","","","","","","0"
"301","Illinois","09/04/10","15","MILLINES","DARIUS","","","","","","","","","","","","0","0","","","","","","","","","","","","","","","1","14","0","","","","","","","","","","","","","0"
"301","Illinois","09/18/10","15","MILLINES","DARIUS","","","","","","","","","","","","0","0","","","","","","","","","","","","","","","3","56","0","","","","","","","","","","","","","0"
"301","Illinois","10/02/10","15","MILLINES","DARIUS","","","","","","","","","","","","0","0","","","","","","","","","","","","","","","3","57","0","","","","","","","","","","","","","0"
"301","Illinois","10/30/10","15","MILLINES","DARIUS","","","","","","","","","","","","0","0","1","10","1","","","","","","","","","","","","1","43","0","1","","","","","","","","","","","","6"
"301","Illinois","11/06/10","15","MILLINES","DARIUS","","","","","","","","","","","","0","0","","","","","","","","","","","","","","","3","76","0","","","","","","","","","","","","","0"
"301","Illinois","11/13/10","15","MILLINES","DARIUS","","","","","","","","","","","","0","0","","","","","","","","","","","","","","","1","23","0","","","","","","","","","","","","","0"
"301","Illinois","11/20/10","15","MILLINES","DARIUS","","","","","","","","","","","","0","0","","","","","","","","","","","","","","","2","28","0","","","","","","","","","","","","","0"
"301","Illinois","12/03/10","15","MILLINES","DARIUS","","","","","","","","","","","","0","0","","","","","","","","","","","","","","","5","85","0","","","","","","","","","","","","","0"
"301","Illinois","12/29/10","15","MILLINES","DARIUS","","","","","","","","","","","","0","0","1","32","0","","","","","","","","","","","","3","48","0","","","","","","","","","","","","","0"
"301","Illinois","10/23/10","4","NIXON-YOUMAN","PATRICK","","","","","","","","","","","","0","0","","","","1","68","1","","","","","","","","","","","","1","","","","","","","","","","","","6"
"301","Illinois","11/06/10","4","NIXON-YOUMAN","PATRICK","","","","","","","","","","","","0","0","","","","1","4","0","","","","","","","","","","","","","","","","","","","","","","","","0"
"301","Illinois","09/11/10","16","OSEI","MILES","1","1","0","1","0","1","0","0","0","0","","2","1","","","","","","","","","","","","","","","","","","","","","","","","","","","","","","0"
"301","Illinois","10/16/10","16","OSEI","MILES","4","17","12","5","0","0","0","0","0","0","","4","5","","","","","","","","","","","","","","","","","","","","","","","","","","","","","","0"
"301","Illinois","09/04/10","28","POLLARD","TROY","1","6","0","6","0","","","","","","","1","6","","","","","","","","","","","","","","","1","19","0","","","","","","","","","","","","","0"
"301","Illinois","09/11/10","28","POLLARD","TROY","6","27","1","26","0","","","","","","","6","26","1","5","0","","","","","","","","","","","","","","","","","","","","","","","","","","","0"
"301","Illinois","09/18/10","28","POLLARD","TROY","1","1","0","1","0","","","","","","","1","1","","","","","","","","","","","","","","","","","","","","","","","","","","","","","","0"
"301","Illinois","10/09/10","28","POLLARD","TROY","8","55","0","55","0","","","","","","","8","55","","","","","","","","","","","","","","","1","24","0","","","","","","","","","","","","","0"
"301","Illinois","10/16/10","28","POLLARD","TROY","2","11","0","11","0","","","","","","","2","11","","","","","","","","","","","","","","","3","67","0","","","","","","","","","","","","","0"
"301","Illinois","10/23/10","28","POLLARD","TROY","1","3","0","3","0","","","","","","","1","3","","","","","","","","","","","","","","","3","92","0","","","","","","","","","","","","","0"
"301","Illinois","10/30/10","28","POLLARD","TROY","1","0","0","0","0","","","","","","","1","0","","","","","","","","","","","","","","","","","","","","","","","","","","","","","","0"
"301","Illinois","11/06/10","28","POLLARD","TROY","3","7","6","1","0","","","","","","","3","1","","","","","","","","","","","","","","","3","80","0","","","","","","","","","","","","","0"
"301","Illinois","11/13/10","28","POLLARD","TROY","","","","","","","","","","","","0","0","","","","","","","","","","","","","","","1","13","0","","","","","","","","","","","","","0"
"301","Illinois","11/20/10","28","POLLARD","TROY","1","6","0","6","0","","","","","","","1","6","","","","","","","","","","","","","","","4","72","0","","","","","","","","","","","","","0"
"301","Illinois","11/06/10","35","PROSCH","JAY","","","","","","","","","","","","0","0","1","1","0","","","","","","","","","","","","","","","","","","","","","","","","","","","0"
"301","Illinois","09/04/10","19","RAMSEY","JACK","","","","","","","","","","","","0","0","","","","","","","","","","","","1","3","0","3","78","0","","","","","","","","","","","","","0"
"301","Illinois","09/11/10","19","RAMSEY","JACK","","","","","","","","","","","","0","0","","","","","","","","","","","","4","15","0","","","","","","","","","","","","","","","","0"
"301","Illinois","10/02/10","19","RAMSEY","JACK","","","","","","","","","","","","0","0","","","","","","","","","","","","2","1","0","1","6","0","","","","","","","","","","","","","0"
"301","Illinois","10/09/10","19","RAMSEY","JACK","","","","","","","","","","","","0","0","","","","","","","","","","","","2","-1","0","1","12","0","","","","","","","","","","","","","0"
"301","Illinois","10/23/10","19","RAMSEY","JACK","","","","","","","","","","","","0","0","","","","","","","","","","","","1","0","0","","","","","","","","","","","","","","","","0"
"301","Illinois","10/30/10","19","RAMSEY","JACK","","","","","","","","","","","","0","0","1","3","0","","","","","","","","","","","","","","","","","","","","","","","","","","","0"
"301","Illinois","11/06/10","19","RAMSEY","JACK","","","","","","","","","","","","0","0","","","","","","","","","","","","1","21","0","","","","","","","","","","","","","","","","0"
"301","Illinois","11/20/10","19","RAMSEY","JACK","","","","","","","","","","","","0","0","","","","","","","","","","","","1","0","0","","","","","","","","","","","","","","","","0"
"301","Illinois","09/04/10","87","SANTELLA","ANTHONY","","","","","","","","","","","","0","0","","","","","","","","","","4","187","","","","","","","","","","","","","","","","","","","0"
"301","Illinois","09/11/10","87","SANTELLA","ANTHONY","","","","","","","","","","","","0","0","","","","","","","","","","5","254","","","","","","","","","","","","","","","","","","","0"
"301","Illinois","09/18/10","87","SANTELLA","ANTHONY","","","","","","","","","","","","0","0","","","","","","","","","","6","292","","","","","","","","","","","","","","","","","","","0"
"301","Illinois","10/02/10","87","SANTELLA","ANTHONY","","","","","","","","","","","","0","0","","","","","","","","","","6","282","","","","","","","","","","","","","","","","","","","0"
"301","Illinois","10/09/10","87","SANTELLA","ANTHONY","","","","","","","","","","","","0","0","","","","","","","","","","3","135","","","","","","","","","","","","","","","","","","","0"
"301","Illinois","10/16/10","87","SANTELLA","ANTHONY","","","","","","","","","","","","0","0","","","","","","","","","","4","158","","","","","","","","","","","","","","","","","","","0"
"301","Illinois","10/23/10","87","SANTELLA","ANTHONY","","","","","","","","","","","","0","0","","","","","","","","","","5","228","","","","","","","","","","","","","","","","","","","0"
"301","Illinois","10/30/10","87","SANTELLA","ANTHONY","","","","","","","","","","","","0","0","","","","","","","","","","7","306","","","","","","","","","","1","0","","","","","","","","0"
"301","Illinois","11/06/10","87","SANTELLA","ANTHONY","","","","","","","","","","","","0","0","","","","","","","","","","6","282","","","","","","","","","","","","","","","","","","","0"
"301","Illinois","11/13/10","87","SANTELLA","ANTHONY","","","","","","","","","","","0","0","0","","","","","","","","","","6","239","","","","","","","","","","1","0","","","","","","","","0"
"301","Illinois","11/20/10","87","SANTELLA","ANTHONY","","","","","","","","","","","","0","0","","","","","","","","","","2","107","","","","","","","","","","","","","","","","","","","0"
"301","Illinois","12/03/10","87","SANTELLA","ANTHONY","","","","","","","","","","","","0","0","","","","","","","","","","5","195","","","","","","","","","","","","","","","","","","","0"
"301","Illinois","12/29/10","87","SANTELLA","ANTHONY","","","","","","","","","","","","0","0","","","","","","","","","","5","201","","","","","","","","","","","","","","","","","","","0"
"301","Illinois","09/04/10","2","SCHEELHAASE","NATHAN","16","90","14","76","0","23","9","3","81","1","","39","157","","","","","","","","","","","","","","","","","","","","","","","","","","","","","","0"
"301","Illinois","09/11/10","2","SCHEELHAASE","NATHAN","8","22","9","13","0","18","14","0","229","2","","26","242","","","","","","","","","","","","","","","","","","","","","","","","","","","","","","0"
"301","Illinois","09/18/10","2","SCHEELHAASE","NATHAN","16","120","5","115","1","16","8","0","70","0","","32","185","","","","","","","","","","","","","","","","","","1","","","1","1","","","","","","","","8"
"301","Illinois","10/02/10","2","SCHEELHAASE","NATHAN","11","32","20","12","1","22","12","1","109","0","","33","121","1","23","0","","","","","","","","","","","","","","","1","","","","","","","","","","","","6"
"301","Illinois","10/09/10","2","SCHEELHAASE","NATHAN","8","63","2","61","0","19","15","0","151","1","","27","212","","","","","","","","","","","","","","","","","","","","","","","","","","","","","","0"
"301","Illinois","10/16/10","2","SCHEELHAASE","NATHAN","7","23","12","11","0","27","15","3","141","0","","34","152","","","","","","","","","","","","","","","","","","","","","","","","","","","","","","0"
"301","Illinois","10/23/10","2","SCHEELHAASE","NATHAN","6","52","7","45","0","21","13","0","123","2","","27","168","","","","","","","","","","","","","","","","","","","","","","","","","","","","","","0"
"301","Illinois","10/30/10","2","SCHEELHAASE","NATHAN","21","136","18","118","0","20","16","0","195","4","","41","313","","","","","","","","","","","","","","","","","","","","","","","","","","","","","","0"
"301","Illinois","11/06/10","2","SCHEELHAASE","NATHAN","21","109","8","101","1","25","14","0","211","3","1","46","312","","","","","","","","","","","","","","","","","","1","","","2","1","","","","","","","","8"
"301","Illinois","11/13/10","2","SCHEELHAASE","NATHAN","19","64","29","35","0","21","10","0","172","2","","40","207","","","","","","","","","","","","","","","","","","","","","","","","","","","","","","0"
"301","Illinois","11/20/10","2","SCHEELHAASE","NATHAN","19","104","7","97","0","13","6","1","40","1","","32","137","","","","","","","","","","","","","","","","","","","","","","","","","","","","","","0"
"301","Illinois","12/03/10","2","SCHEELHAASE","NATHAN","24","155","24","131","1","16","5","0","61","1","0","40","192","","","","","","","","","","","","","","","","","","1","","","1","0","","","","","","","","6"
"301","Illinois","12/29/10","2","SCHEELHAASE","NATHAN","9","78","25","53","1","23","18","0","242","0","","32","295","","","","","","","","","","","","","","","","","","1","","","","","","","","","","","","6"
"301","Illinois","09/11/10","17","SYKES","FRED","","","","","","","","","","","","0","0","2","22","0","","","","","","","","","","","","","","","","","","","","","","","","","","","0"
"301","Illinois","10/23/10","17","SYKES","FRED","","","","","","","","","","","","0","0","1","7","0","","","","","","","","","","","","","","","","","","","","","","","","","","","0"
"301","Illinois","10/30/10","17","SYKES","FRED","","","","","","","","","","","","0","0","2","24","0","","","","","","","","","","","","","","","","","","","","","","","","","","","0"
"301","Illinois","11/13/10","17","SYKES","FRED","","","","","","","","","","","","0","0","2","32","0","","","","","","","","","","","","","","","","","","","","","","","","","","","0"
"301","Illinois","09/11/10","38","THOMAS","IAN","","","","","","","","","","","","0","0","","","","","","","1","3","0","","","","","","","","","","","","","","","","","","","","","0"
"301","Illinois","11/20/10","38","THOMAS","IAN","","","","","","","","","","","","0","0","","","","1","15","0","","","","","","","","","","","","","","","","","","","","","","","","0"
"301","Illinois","10/23/10","25","WILLIAMS","ASHANTE","","","","","","","","","","","","0","0","","","","","","","","","","","","","","","1","4","0","","","","","","","","","","","","","0"
"301","Illinois","09/11/10","89","WILSON","EVAN","","","","","","","","","","","","0","0","1","34","0","","","","","","","","","","","","","","","","","","","","","","","","","","","0"
"301","Illinois","10/09/10","89","WILSON","EVAN","","","","","","","","","","","","0","0","2","8","1","","","","","","","","","","","","","","","1","","","","","","","","","","","","6"
"301","Illinois","10/23/10","89","WILSON","EVAN","","","","","","","","","","","","0","0","1","29","1","","","","","","","","","","","","","","","1","","","","","","","","","","","","6"
"301","Illinois","10/30/10","89","WILSON","EVAN","","","","","","","","","","","","0","0","3","20","0","","","","","","","","","","","","","","","","","","","","","","","","","","","0"
"301","Illinois","11/06/10","89","WILSON","EVAN","","","","","","","","","","","","0","0","1","14","0","","","","","","","","","","","","","","","","","","","","","","","","","","","0"
"301","Illinois","11/20/10","89","WILSON","EVAN","","","","","","","","","","","","0","0","1","5","0","","","","","","","","","","","","","","","","","","","","","","","","","","","0"
"301","Illinois","12/29/10","89","WILSON","EVAN","","","","","","","","","","","","0","0","1","25","0","","","","","","","","","","","","","","","","","","","","","","","","","","","0"
"301","Illinois","10/23/10","2W","WILSON","MARTEZ","","","","","","","","","","","","0","0","","","","","","","","","","","","1","6","0","","","","","","","","","","","","","","","","0"
"301","Illinois","11/06/10","2W","WILSON","MARTEZ","","","","","","","","","","","","0","0","","","","1","1","0","","","","","","","","","","","","","","","","","","","","","","","","0"
"301","Illinois","10/23/10","3","WILSON","TAVON","","","","","","","","","","","","0","0","","","","1","5","0","","","","","","","","","","","","","","","","","","","","","","","","0"
"306","Indiana","09/02/10","27","BANKS","ANTONIO","2","4","0","4","0","","","","","","","2","4","","","","","","","","","","","","","","","","","","","","","","","","","","","","","","0"
"306","Indiana","09/18/10","27","BANKS","ANTONIO","4","19","1","18","0","","","","","","","4","18","","","","","","","","","","","","","","","","","","","","","","","","","","","","","","0"
"306","Indiana","10/02/10","27","BANKS","ANTONIO","1","2","0","2","0","","","","","","","1","2","","","","","","","","","","","","","","","","","","","","","","","","","","","","","","0"
"306","Indiana","10/09/10","27","BANKS","ANTONIO","8","22","4","18","1","","","","","","","8","18","","","","","","","","","","","","","","","","","","1","","","","","","","","","","","","6"
"306","Indiana","10/23/10","27","BANKS","ANTONIO","6","34","0","34","0","","","","","","","6","34","1","5","0","","","","","","","","","","","","","","","","","","","","","","","","","","","0"
"306","Indiana","10/30/10","27","BANKS","ANTONIO","3","7","0","7","0","","","","","","","3","7","1","8","0","","","","","","","","","","","","","","","","","","","","","","","","","","","0"
"306","Indiana","11/06/10","27","BANKS","ANTONIO","1","5","0","5","0","","","","","","","1","5","","","","","","","","","","","","","","","","","","","","","","","","","","","","","","0"
"306","Indiana","11/13/10","27","BANKS","ANTONIO","1","2","0","2","0","","","","","","","1","2","","","","","","","","","","","","","","","","","","","","","","","","","","","","","","0"
"306","Indiana","09/02/10","88","BELCHER","DAMARLO","","","","","","","","","","","","0","0","7","92","1","","","","","","","","","","","","","","","1","","","","","","","","","","","","6"
"306","Indiana","09/18/10","88","BELCHER","DAMARLO","","","","","","","","","","","","0","0","10","135","1","","","","","","","","","","","","","","","1","","","","","","","","","","","","6"
"306","Indiana","09/25/10","88","BELCHER","DAMARLO","","","","","","","","","","","","0","0","4","57","0","","","","","","","","","","","","","","","","","","","","","","","","","","","0"
"306","Indiana","10/02/10","88","BELCHER","DAMARLO","","","","","","","","","","","","0","0","10","91","1","","","","","","","","","","","","","","","1","","","","","","","","","","","","6"
"306","Indiana","10/09/10","88","BELCHER","DAMARLO","","","","","","","","","","","","0","0","4","14","0","","","","","","","","","","","","","","","","","","","","","","","","","","","0"
"306","Indiana","10/16/10","88","BELCHER","DAMARLO","","","","","","","","","","","","0","0","6","121","1","","","","","","","","","","","","","","","1","","","","","","","","","","","","6"
"306","Indiana","10/23/10","88","BELCHER","DAMARLO","","","","","","","","","","","","0","0","6","59","0","","","","","","","","","","","","","","","","","","","","","","","","","","","0"
"306","Indiana","10/30/10","88","BELCHER","DAMARLO","","","","","","","","","","","","0","0","11","87","0","","","","","","","","","","","","","","","","","","","","","","","","","","","0"
"306","Indiana","11/06/10","88","BELCHER","DAMARLO","","","","","","","","","","","","0","0","7","50","0","","","","","","","","","","","","","","","","","","","","","","","","","","","0"
"306","Indiana","11/13/10","88","BELCHER","DAMARLO","","","","","","","","","","","","0","0","3","30","0","","","","","","","","","","","","","","","","","","","","","","","","","","","0"
"306","Indiana","11/20/10","88","BELCHER","DAMARLO","","","","","","","","","","","","0","0","2","13","0","","","","","","","","","","","","","","","","","","","","","","","","","","","0"
"306","Indiana","11/27/10","88","BELCHER","DAMARLO","","","","","","","","","","","","0","0","8","83","0","","","","","","","","","","","","","","","","","","","","","","","","","","","0"
"306","Indiana","09/02/10","83","BOLSER","TED","","","","","","","","","","","","0","0","4","68","1","","","","","","","","","","","","","","","1","","","","","","","","","","","","6"
"306","Indiana","09/18/10","83","BOLSER","TED","","","","","","","","","","","","0","0","2","25","1","","","","","","","","","","","","","","","1","","","","","","","","","","","","6"
"306","Indiana","09/25/10","83","BOLSER","TED","","","","","","","","","","","","0","0","3","35","2","","","","","","","","","","","","","","","2","","","","","","","","","","","","12"
"306","Indiana","10/02/10","83","BOLSER","TED","","","","","","","","","","","","0","0","1","27","0","","","","","","","","","","","","","","","","","","","","","","","","","","","0"
"306","Indiana","10/09/10","83","BOLSER","TED","","","","","","","","","","","","0","0","1","21","0","","","","","","","","","","","","","","","","","","","","","","","","","","","0"
"306","Indiana","10/16/10","83","BOLSER","TED","","","","","","","","","","","","0","0","1","18","0","","","","","","","","","","","","","","","","","","","","","","","","","","","0"
"306","Indiana","10/23/10","83","BOLSER","TED","","","","","","","","","","","","0","0","4","77","1","","","","","","","","","","","","","","","1","","","","","","","","","","","","6"
"306","Indiana","10/30/10","83","BOLSER","TED","","","","","","","","","","","","0","0","4","58","0","","","","","","","","","","","","","","","","","","","","","","","","","","","0"
"306","Indiana","11/06/10","83","BOLSER","TED","","","","","","","","","","","","0","0","3","24","0","","","","","","","","","","","","","","","","","","","","","","","","","","","0"
"306","Indiana","11/27/10","83","BOLSER","TED","","","","","","","","","","","","0","0","4","54","0","","","","","","","","","","","","","","","","","","","","","","","","","","","0"
"306","Indiana","09/02/10","21","BURGESS","TREA","2","17","0","17","1","","","","","","","2","17","1","13","0","","","","","","","","","","","","","","","1","","","","","","","","","","","","6"
"306","Indiana","09/18/10","21","BURGESS","TREA","6","21","2","19","0","","","","","","","6","19","","","","","","","","","","","","","","","","","","","","","","","","","","","","","","0"
"306","Indiana","09/25/10","21","BURGESS","TREA","2","6","0","6","0","","","","","","","2","6","","","","","","","","","","","","","","","","","","","","","","","","","","","","","","0"
"306","Indiana","10/02/10","21","BURGESS","TREA","2","11","0","11","0","","","","","","","2","11","1","5","0","","","","","","","","","","","","","","","","","","","","","","","","","","","0"
"306","Indiana","10/09/10","21","BURGESS","TREA","9","30","0","30","0","","","","","","","9","30","1","5","0","","","","","","","","","","","","","","","","","","","","","","","","","","","0"
"306","Indiana","10/16/10","21","BURGESS","TREA","19","103","1","102","0","","","","","","","19","102","2","15","0","","","","","","","","","","","","","","","","","","","","","","","","","","","0"
"306","Indiana","10/23/10","21","BURGESS","TREA","15","42","0","42","0","","","","","","","15","42","","","","","","","","","","","","","","","","","","","","","","","","","","","","","","0"
"306","Indiana","10/30/10","21","BURGESS","TREA","8","37","0","37","0","","","","","","","8","37","","","","","","","","","","","","","","","","","","","","","","","","","","","","","","0"
"306","Indiana","11/06/10","21","BURGESS","TREA","16","59","4","55","0","","","","","","","16","55","","","","","","","","","","","","","","","","","","","","","","","","","","","","","","0"
"306","Indiana","11/13/10","21","BURGESS","TREA","9","30","8","22","0","","","","","","","9","22","","","","","","","","","","","","","","","","","","","","","","","","","","","","","","0"
"306","Indiana","11/20/10","21","BURGESS","TREA","3","6","5","1","1","","","","","","","3","1","","","","","","","","","","","","","","","","","","1","","","","","","","","","","","","6"
"306","Indiana","11/27/10","21","BURGESS","TREA","13","18","8","10","1","","","","","","","13","10","","","","","","","","","","","","","","","","","","1","","","","","","","","","","","","6"
"306","Indiana","09/02/10","34","BUSH","KEVIN","","","","","","","","","","","","0","0","","","","","","","","","","","","1","13","0","","","","","","","","","","","","","","","","0"
"306","Indiana","09/02/10","4","CHAPPELL","BEN","1","3","0","3","0","23","16","0","182","2","","24","185","","","","","","","","","","","","","","","","","","","","","","","","","","","","","","0"
"306","Indiana","09/18/10","4","CHAPPELL","BEN","3","3","8","-5","1","42","32","0","366","3","","45","361","","","","","","","","","","","","","","","","","","1","","","","","","","","","","","","6"
"306","Indiana","09/25/10","4","CHAPPELL","BEN","3","2","20","-18","0","33","23","0","342","4","","36","324","","","","","","","","","","","","","","","","","","","","","","","","","","","","","","0"
"306","Indiana","10/02/10","4","CHAPPELL","BEN","7","21","26","-5","0","64","45","1","480","3","","71","475","","","","","","","","","","","","","","","","","","","","","","","","","","","","","","0"
"306","Indiana","10/09/10","4","CHAPPELL","BEN","1","0","0","0","0","26","16","2","106","0","","27","106","","","","","","","","","","","","","","","","","","","","","","","","","","","","","","0"
"306","Indiana","10/16/10","4","CHAPPELL","BEN","4","8","11","-3","0","42","26","0","382","4","0","46","379","","","","","","","","","","","","","","","","","","","","","1","0","","","","","","","","0"
"306","Indiana","10/23/10","4","CHAPPELL","BEN","6","25","5","20","0","48","26","3","279","1","","54","299","","","","","","","","","","","","","","","","","","","","","","","","","","","","","","0"
"306","Indiana","10/30/10","4","CHAPPELL","BEN","8","24","3","21","1","54","30","1","308","1","","62","329","","","","","","","","","","","","","","","","","","1","","","","","","","","","","","","6"
"306","Indiana","11/06/10","4","CHAPPELL","BEN","3","4","6","-2","1","46","27","1","222","0","","49","220","","","","","","","","","","","","","","","","","","1","","","","","","","","","","","","6"
"306","Indiana","11/13/10","4","CHAPPELL","BEN","2","2","0","2","0","14","8","0","63","1","","16","65","","","","","","","","","","","","","","","","","","","","","","","","","","","","","","0"
"306","Indiana","11/20/10","4","CHAPPELL","BEN","3","2","11","-9","0","41","22","1","235","2","","44","226","","","","","","","","","","","","","","","","","","","","","","","","","","","","","","0"
"306","Indiana","11/27/10","4","CHAPPELL","BEN","6","15","5","10","0","50","31","0","330","3","","56","340","","","","","","","","","","","","","","","","","","","","","","","","","","","","","","0"
"306","Indiana","09/02/10","84","CHESTER","JAMONNE","","","","","","","","","","","","0","0","2","13","0","","","","","","","","","","","","","","","","","","","","","","","","","","","0"
"306","Indiana","09/02/10","3","DAVIS-WALKER","ZACH","2","28","0","28","0","","","","","","","2","28","","","","","","","","","","","","","","","","","","","","","","","","","","","","","","0"
"306","Indiana","10/16/10","3","DAVIS-WALKER","ZACH","5","6","4","2","0","","","","","","","5","2","","","","","","","","","","","","","","","","","","","","","","","","","","","","","","0"
"306","Indiana","10/23/10","3","DAVIS-WALKER","ZACH","1","6","0","6","0","","","","","","","1","6","","","","","","","","","","","","","","","","","","","","","","","","","","","","","","0"
"306","Indiana","11/13/10","3","DAVIS-WALKER","ZACH","7","32","0","32","0","","","","","","","7","32","1","-1","0","","","","","","","","","","","","","","","","","","","","","","","","","","","0"
"306","Indiana","11/20/10","3","DAVIS-WALKER","ZACH","4","17","0","17","0","","","","","","","4","17","1","6","0","","","","","","","","","","","","","","","","","","","","","","","","","","","0"
"306","Indiana","11/27/10","3","DAVIS-WALKER","ZACH","6","38","3","35","0","","","","","","","6","35","1","29","0","","","","","","","","","","","","","","","","","","","","","","","","","","","0"
"306","Indiana","09/25/10","41","DEDMOND","MAX","","","","","","","","","","","","0","0","2","8","1","","","","","","","","","","","","","","","1","","","","","","","","","","","","6"
"306","Indiana","10/09/10","41","DEDMOND","MAX","","","","","","","","","","","","0","0","2","13","0","","","","","","","","","","","","","","","","","","","","","","","","","","","0"
"306","Indiana","10/16/10","41","DEDMOND","MAX","","","","","","","","","","","","0","0","1","16","1","","","","","","","","","","","","","","","1","","","","","","","","","","","","6"
"306","Indiana","09/18/10","2","DOSS","TANDON","1","8","0","8","0","","","","","","","1","8","5","62","1","","","","","","","","","1","12","0","1","87","0","1","","","","","","","","","","","","6"
"306","Indiana","09/25/10","2","DOSS","TANDON","2","9","0","9","1","","","","","","","2","9","3","40","0","","","","","","","","","","","","2","52","0","1","","","","","","","","","","","","6"
"306","Indiana","10/02/10","2","DOSS","TANDON","6","22","1","21","0","","","","","","","6","21","15","221","0","","","","","","","","","1","10","0","5","111","0","","","","","","","","","","","","","0"
"306","Indiana","10/09/10","2","DOSS","TANDON","2","0","1","-1","0","","","","","","","2","-1","1","12","0","","","","","","","","","1","-4","0","6","129","0","","","","","","","","","","","","","0"
"306","Indiana","10/16/10","2","DOSS","TANDON","4","17","0","17","0","","","","","","","4","17","8","103","1","","","","","","","","","","","","4","121","0","1","","","","","","","","","","","","6"
"306","Indiana","10/23/10","2","DOSS","TANDON","1","0","0","0","0","","","","","","","1","0","4","31","0","","","","","","","","","1","12","0","3","47","0","","","","","","","","","","","","","0"
"306","Indiana","10/30/10","2","DOSS","TANDON","1","0","3","-3","0","","","","","","","1","-3","4","34","0","","","","","","","","","1","9","0","2","45","0","","","","","","","","","","","","","0"
"306","Indiana","11/06/10","2","DOSS","TANDON","4","33","0","33","0","","","","","","","4","33","7","47","0","","","","","","","","","1","9","0","1","20","0","","","","","","","","","","","","","0"
"306","Indiana","11/13/10","2","DOSS","TANDON","","","","","","","","","","","","0","0","1","2","1","","","","","","","","","","","","6","146","0","1","","","","","","","","","","","","6"
"306","Indiana","11/20/10","2","DOSS","TANDON","5","61","0","61","0","","","","","","","5","61","7","90","1","","","","","","","","","1","1","0","5","141","0","1","","","","","","","","","","","","6"
"306","Indiana","11/27/10","2","DOSS","TANDON","2","18","0","18","0","1","0","0","0","0","","3","18","8","64","3","","","","","","","","","","","","6","117","0","3","","","","","","","","","","","","18"
"306","Indiana","09/02/10","15","ERNEST","MATT","","","","","","","","","","","","0","0","","","","1","56","1","","","","","","","","","","","","1","","","","","","","","","","","","6"
"306","Indiana","09/02/10","5","EVANS","MITCHELL","","","","","","","","","","","","0","0","","","","1","6","0","","","","","","","","","","","","","","","","","","","","","","","","0"
"306","Indiana","10/16/10","5","EVANS","MITCHELL","","","","","","","","","","","","0","0","","","","2","29","0","","","","","","","","","","","","","","","","","","","","","","","","0"
"306","Indiana","09/02/10","16","EWALD","MITCH","","","","","","","","","","","","0","0","","","","","","","","","","","","","","","","","","","1","1","0","0","","","","","1","1","","4"
"306","Indiana","09/18/10","16","EWALD","MITCH","","","","","","","","","","","","0","0","","","","","","","","","","","","","","","","","","","5","5","0","0","","","","","2","1","","8"
"306","Indiana","09/25/10","16","EWALD","MITCH","","","","","","","","","","","","0","0","","","","","","","","","","","","","","","","","","","5","5","0","0","","","","","","","","5"
"306","Indiana","10/02/10","16","EWALD","MITCH","","","","","","","","","","","","0","0","","","","","","","","","","","","","","","","","","","5","5","0","0","","","","","","","","5"
"306","Indiana","10/09/10","16","EWALD","MITCH","","","","","","","","","","","","0","0","","","","","","","","","","","","","","","","","","","1","1","0","0","","","","","1","1","","4"
"306","Indiana","10/16/10","16","EWALD","MITCH","","","","","","","","","","","","0","0","","","","","","","","","","","","","","","","","","","3","3","0","0","","","","","3","3","","12"
"306","Indiana","10/23/10","16","EWALD","MITCH","","","","","","","","","","","","0","0","","","","","","","","","","","","","","","","","","","1","1","0","0","","","","","2","2","","7"
"306","Indiana","10/30/10","16","EWALD","MITCH","","","","","","","","","","","","0","0","","","","","","","","","","","","","","","","","","","2","2","0","0","","","","","2","1","","5"
"306","Indiana","11/06/10","16","EWALD","MITCH","","","","","","","","","","","","0","0","","","","","","","","","","","","","","","","","","","1","1","0","0","","","","","2","2","","7"
"306","Indiana","11/13/10","16","EWALD","MITCH","","","","","","","","","","","","0","0","","","","","","","","","","","","","","","","","","","2","2","0","0","","","","","3","2","","8"
"306","Indiana","11/20/10","16","EWALD","MITCH","","","","","","","","","","","","0","0","","","","","","","","","","","","","","","","","","","3","3","0","0","","","","","1","1","","6"
"306","Indiana","11/27/10","16","EWALD","MITCH","","","","","","","","","","","","0","0","","","","","","","","","","","","","","","","","","","4","4","0","0","","","","","2","2","","10"
"306","Indiana","09/02/10","99","FREELAND","NICK","","","","","","","","","","","","0","0","","","","","","","","","","","","","","","","","","","5","5","0","0","","","","","2","2","","11"
"306","Indiana","09/02/10","12","HAGERUP","CHRIS","","","","","","","","","","","","0","0","","","","","","","","","","5","214","","","","","","","","","","","","","","","","","","","0"
"306","Indiana","09/18/10","12","HAGERUP","CHRIS","","","","","","","","","","","","0","0","","","","","","","","","","1","29","","","","","","","","","","","","","","","","","","","0"
"306","Indiana","09/25/10","12","HAGERUP","CHRIS","","","","","","","","","","","","0","0","","","","","","","","","","3","111","","","","","","","","","","","","","","","","","","","0"
"306","Indiana","10/02/10","12","HAGERUP","CHRIS","","","","","","","","","","","","0","0","","","","","","","","","","4","128","","","","","","","","","","","","","","","","","","","0"
"306","Indiana","10/09/10","12","HAGERUP","CHRIS","","","","","","","","","","","","0","0","","","","","","","","","","7","294","","","","","","","","","","","","","","","","","","","0"
"306","Indiana","10/16/10","12","HAGERUP","CHRIS","","","","","","","","","","","","0","0","","","","","","","","","","4","140","","","","","","","","","","","","","","","","","","","0"
"306","Indiana","10/23/10","12","HAGERUP","CHRIS","","","","","","","","","","","","0","0","","","","","","","","","","3","108","","","","","","","","","","","","","","","","","","","0"
"306","Indiana","10/30/10","12","HAGERUP","CHRIS","","","","","","","","","","","","0","0","","","","","","","","","","5","230","","","","","","","","","","","","","","","","","","","0"
"306","Indiana","11/06/10","12","HAGERUP","CHRIS","","","","","","","","","","","","0","0","","","","","","","","","","2","80","","","","","","","","","","","","","","","","","","","0"
"306","Indiana","11/13/10","12","HAGERUP","CHRIS","","","","","","","","","","","","0","0","","","","","","","","","","2","74","","","","","","","","","","","","","","","","","","","0"
"306","Indiana","11/20/10","12","HAGERUP","CHRIS","","","","","","","","","","","","0","0","","","","","","","","","","3","130","","","","","","","","","","","","","","","","","","","0"
"306","Indiana","11/06/10","1D","HEBAN","GREG","","","","","","","","","","","","0","0","","","","1","0","0","","","","","","","","","","","","","","","","","","","","","","","","0"
"306","Indiana","10/02/10","13","HUGHES","KOFI","","","","","","","","","","","","0","0","1","5","0","","","","","","","","","","","","","","","","","","","","","","","","","","","0"
"306","Indiana","10/09/10","13","HUGHES","KOFI","","","","","","","","","","","","0","0","3","16","0","","","","","","","","","","","","","","","","","","","","","","","","","","","0"
"306","Indiana","10/23/10","13","HUGHES","KOFI","","","","","","","","","","","","0","0","1","4","0","","","","","","","","","","","","","","","","","","","","","","","","","","","0"
"306","Indiana","11/06/10","13","HUGHES","KOFI","","","","","","","","","","","","0","0","1","9","0","","","","","","","","","","","","","","","","","","","","","","","","","","","0"
"306","Indiana","11/20/10","13","HUGHES","KOFI","","","","","","","","","","","","0","0","1","8","0","","","","","","","","","","","","","","","","","","","","","","","","","","","0"
"306","Indiana","09/02/10","8","KIEL","DUSTY","2","8","3","5","0","5","1","0","21","0","","7","26","","","","","","","","","","","","","","","","","","","","","","","","","","","","","","0"
"306","Indiana","10/09/10","8","KIEL","DUSTY","1","6","0","6","0","4","2","0","28","0","","5","34","","","","","","","","","","","","","","","","","","","","","","","","","","","","","","0"
"306","Indiana","10/23/10","8","KIEL","DUSTY","3","5","2","3","0","1","0","1","0","0","","4","3","","","","","","","","","","","","","","","","","","","","","","","","","","","","","","0"
"306","Indiana","11/13/10","8","KIEL","DUSTY","","","","","","7","1","1","22","0","","7","22","","","","","","","","","","","","","","","","","","","","","","","","","","","","","","0"
"306","Indiana","10/02/10","85","LOVE III","CHARLES","","","","","","","","","","","","0","0","","","","","","","","","","","","","","","1","15","0","","","","","","","","","","","","","0"
"306","Indiana","10/23/10","72","MCDONALD","ANDREW","","","","","","","","","","","","0","0","1","3","0","","","","","","","","","","","","","","","","","","","","","","","","","","","0"
"306","Indiana","11/13/10","39","MCGHEE","BRANDON","","","","","","","","","","","","0","0","","","","","","","","","","","","","","","1","15","0","","","","","","","","","","","","","0"
"306","Indiana","11/06/10","1A","PINES","ADAM","","","","","","","","","","","","0","0","","","","","","","","","","3","116","","","","","","","","","","","","","","","","","","","0"
"306","Indiana","11/13/10","1A","PINES","ADAM","","","","","","","","","","","","0","0","","","","","","","","","","2","88","","","","","","","","","","","","","","","","","","","0"
"306","Indiana","11/20/10","1A","PINES","ADAM","","","","","","","","","","","","0","0","","","","","","","","","","1","46","","","","","","","","","","","","","","","","","","","0"
"306","Indiana","11/27/10","1A","PINES","ADAM","","","","","","","","","","","","0","0","","","","","","","","","","6","232","","","","","","","","","","","","","","","","","","","0"
"306","Indiana","09/02/10","46","REPLOGLE","TYLER","","","","","","","","","","","","0","0","","","","1","0","0","","","","","","","","","","","","","","","","","","","","","","","","0"
"306","Indiana","10/09/10","53","THOMAS","JEFF","","","","","","","","","","","","0","0","","","","1","0","0","","","","","","","","","","","","","","","","","","","","","","","","0"
"306","Indiana","10/23/10","53","THOMAS","JEFF","1","5","0","5","0","","","","","","","1","5","","","","","","","","","","","","","","","","","","","","","","","","","","","","","","0"
"306","Indiana","11/27/10","53","THOMAS","JEFF","","","","","","","","","","","","0","0","","","","1","0","0","","","","","","","","","","","","","","","","","","","","","","","","0"
"306","Indiana","09/02/10","26","TURNER","NICK","3","2","6","-4","0","","","","","","","3","-4","","","","","","","","","","","","","","","2","72","0","","","","","","","","","","","","","0"
"306","Indiana","09/18/10","26","TURNER","NICK","2","33","0","33","1","","","","","","","2","33","","","","","","","","","","","","","","","","","","1","","","","","","","","","","","","6"
"306","Indiana","09/25/10","26","TURNER","NICK","1","3","0","3","0","","","","","","","1","3","","","","","","","","","","","","","","","1","12","0","","","","","","","","","","","","","0"
"306","Indiana","10/02/10","26","TURNER","NICK","","","","","","","","","","","","0","0","","","","","","","","","","","","","","","1","19","0","","","","","","","","","","","","","0"
"306","Indiana","10/09/10","26","TURNER","NICK","6","17","4","13","0","","","","","","","6","13","2","14","0","","","","","","","","","","","","1","18","0","","","","","","","","","","","","","0"
"306","Indiana","10/16/10","26","TURNER","NICK","","","","","","","","","","","","0","0","1","8","0","","","","","","","","","","","","","","","","","","","","","","","","","","","0"
"306","Indiana","10/30/10","26","TURNER","NICK","1","3","0","3","0","","","","","","","1","3","1","13","0","","","","","","","","","","","","","","","","","","","","","","","","","","","0"
"306","Indiana","11/06/10","26","TURNER","NICK","","","","","","","","","","","","0","0","1","6","0","","","","","","","","","","","","1","28","0","","","","","","","","","","","","","0"
"306","Indiana","11/13/10","26","TURNER","NICK","11","106","3","103","0","","","","","","","11","103","1","2","0","","","","","","","","","","","","3","50","0","","","","","","","","","","","","","0"
"306","Indiana","11/20/10","26","TURNER","NICK","3","9","4","5","0","","","","","","","3","5","1","11","0","","","","","","","","","","","","3","54","0","","","","","","","","","","","","","0"
"306","Indiana","11/27/10","26","TURNER","NICK","1","1","0","1","0","","","","","","","1","1","","","","","","","","","","","","","","","","","","","","","","","","","","","","","","0"
"306","Indiana","09/02/10","1","TURNER","TERRANCE","","","","","","","","","","","","0","0","3","14","0","","","","","","","","","","","","","","","","","","","","","","","","","","","0"
"306","Indiana","09/18/10","1","TURNER","TERRANCE","","","","","","","","","","","","0","0","8","55","0","","","","","","","","","","","","","","","","","","","","","","","","","","","0"
"306","Indiana","09/25/10","1","TURNER","TERRANCE","","","","","","","","","","","","0","0","6","121","1","","","","","","","","","","","","","","","1","","","","","","","","","","","","6"
"306","Indiana","10/02/10","1","TURNER","TERRANCE","","","","","","","","","","","","0","0","7","56","0","","","","","","","","","","","","","","","","","","","","","","","","","","","0"
"306","Indiana","10/09/10","1","TURNER","TERRANCE","","","","","","","","","","","","0","0","3","37","0","","","","","","","","","","","","","","","","","","","","","","","","","","","0"
"306","Indiana","10/16/10","1","TURNER","TERRANCE","","","","","","","","","","","","0","0","5","46","1","","","","","","","","","","","","","","","1","","","","","","","","","","","","6"
"306","Indiana","10/23/10","1","TURNER","TERRANCE","","","","","","","","","","","","0","0","5","52","0","","","","","","","","","","","","","","","","","","","","","","","","","","","0"
"306","Indiana","10/30/10","1","TURNER","TERRANCE","","","","","","","","","","","","0","0","5","37","0","","","","","","","","","","","","","","","","","","","","","","","","","","","0"
"306","Indiana","11/06/10","1","TURNER","TERRANCE","","","","","","","","","","","","0","0","3","41","0","","","","","","","","","","","","","","","","","","","","","","","","","","","0"
"306","Indiana","11/13/10","1","TURNER","TERRANCE","","","","","","","","","","","","0","0","4","54","0","","","","","","","","","","","","","","","","","","","","","","","","","","","0"
"306","Indiana","11/20/10","1","TURNER","TERRANCE","","","","","","","","","","","","0","0","8","68","1","","","","","","","","","","","","","","","1","","","","","","","","","","","","6"
"306","Indiana","11/27/10","1","TURNER","TERRANCE","","","","","","","","","","","","0","0","10","100","0","","","","","","","","","1","-1","0","","","","","","","","","","","","","","","","0"
"306","Indiana","09/02/10","28","WILLIS","DARIUS","14","102","0","102","2","","","","","","","14","102","","","","","","","","","","","","","","","","","","2","","","","","","","","","","","","12"
"306","Indiana","09/18/10","28","WILLIS","DARIUS","13","35","5","30","0","","","","","","","13","30","3","36","0","","","","","","","","","","","","","","","","","","","","","","","","","","","0"
"306","Indiana","09/25/10","28","WILLIS","DARIUS","19","93","6","87","0","","","","","","","19","87","1","13","0","","","","","","","","","","","","","","","","","","","","","","","","","","","0"
"306","Indiana","10/02/10","28","WILLIS","DARIUS","18","68","9","59","2","","","","","","","18","59","7","53","1","","","","","","","","","","","","","","","3","","","","","","","","","","","","18"
"306","Indiana","09/02/10","81","WILSON","DUWYCE","","","","","","","","","","","","0","0","1","5","0","","","","","","","","","","","","1","46","0","","","","","","","","","","","","","0"
"306","Indiana","09/18/10","81","WILSON","DUWYCE","","","","","","","","","","","","0","0","4","53","0","","","","","","","","","","","","","","","","","","","","","","","","","","","0"
"306","Indiana","09/25/10","81","WILSON","DUWYCE","","","","","","","","","","","","0","0","4","68","0","","","","","","","","","","","","","","","","","","","","","","","","","","","0"
"306","Indiana","10/02/10","81","WILSON","DUWYCE","","","","","","","","","","","","0","0","3","22","1","","","","","","","","","","","","","","","1","","","","","","","","","","","","6"
"306","Indiana","10/09/10","81","WILSON","DUWYCE","","","","","","","","","","","","0","0","1","13","0","","","","","","","","","","","","","","","","","","","","","","","","","","","0"
"306","Indiana","10/16/10","81","WILSON","DUWYCE","","","","","","","","","","","","0","0","2","55","0","","","","","","","","","","","","","","","","","","","","","","","","","","","0"
"306","Indiana","10/23/10","81","WILSON","DUWYCE","","","","","","","","","","","","0","0","4","48","0","","","","","","","","","","","","2","19","0","","","","","","","","","","","","","0"
"306","Indiana","10/30/10","81","WILSON","DUWYCE","","","","","","","","","","","","0","0","4","71","1","","","","","","","","","","","","","","","1","","","","","","","","","","","","6"
"306","Indiana","11/06/10","81","WILSON","DUWYCE","","","","","","","","","","","","0","0","5","45","0","","","","","","","","","","","","4","103","0","","","","","","","","","","","","","0"
"306","Indiana","11/13/10","81","WILSON","DUWYCE","","","","","","","","","","","","0","0","1","62","1","","","","","","","","","","","","1","12","0","1","","","","","","","","","","","","6"
"306","Indiana","11/20/10","81","WILSON","DUWYCE","","","","","","","","","","","","0","0","3","46","0","","","","","","","","","","","","","","","","","","","","","","","","","","","0"
"306","Indiana","09/02/10","7A","WRIGHT-BAKER","EDWARD","","","","","","2","1","0","2","0","","2","2","","","","","","","","","","","","","","","","","","","","","","","","","","","","","","0"
"306","Indiana","10/09/10","7A","WRIGHT-BAKER","EDWARD","1","4","0","4","0","5","1","1","7","0","","6","11","","","","","","","","","","","","","","","","","","","","","","","","","","","","","","0"
"306","Indiana","11/13/10","7A","WRIGHT-BAKER","EDWARD","4","9","3","6","0","3","2","0","64","1","","7","70","","","","","","","","","","","","","","","","","","","","","","","","","","","","","","0"
"306","Indiana","11/20/10","7A","WRIGHT-BAKER","EDWARD","3","15","0","15","0","1","1","0","7","0","","4","22","","","","","","","","","","","","","","","","","","","","","","","","","","","","","","0"
"306","Indiana","11/27/10","7A","WRIGHT-BAKER","EDWARD","","","","","","1","0","0","0","0","","1","0","","","","","","","","","","","","","","","","","","","","","","","","","","","","","","0"
"312","Iowa","09/18/10","91","BINNS","BRODERICK","","","","","","","","","","","","0","0","","","","1","20","1","","","","","","","","","","","","1","","","","","","","","","","","","6"
"312","Iowa","09/25/10","26","CHANEY, JR.","PAUL","1","14","0","14","0","","","","","","","1","14","","","","","","","","","","","","","","","","","","","","","","","","","","","","","","0"
"312","Iowa","10/02/10","26","CHANEY, JR.","PAUL","1","15","0","15","0","","","","","","","1","15","","","","","","","","","","","","","","","","","","","","","","","","","","","","","","0"
"312","Iowa","10/23/10","26","CHANEY, JR.","PAUL","1","0","1","-1","0","","","","","","","1","-1","","","","","","","","","","","","","","","","","","","","","","","","","","","","","","0"
"312","Iowa","10/30/10","26","CHANEY, JR.","PAUL","1","11","0","11","0","","","","","","","1","11","","","","","","","","","","","","1","12","0","","","","","","","","","","","","","","","","0"
"312","Iowa","11/06/10","26","CHANEY, JR.","PAUL","1","19","0","19","0","","","","","","","1","19","","","","","","","","","","","","","","","","","","","","","","","","","","","","","","0"
"312","Iowa","11/13/10","26","CHANEY, JR.","PAUL","","","","","","","","","","","","0","0","","","","","","","","","","","","2","-1","0","","","","","","","","","","","","","","","","0"
"312","Iowa","11/20/10","26","CHANEY, JR.","PAUL","","","","","","","","","","","","0","0","1","15","0","","","","","","","","","","","","1","26","0","","","","","","","","","","","","","0"
"312","Iowa","12/28/10","26","CHANEY, JR.","PAUL","","","","","","","","","","","","0","0","","","","","","","","","","","","2","1","0","3","92","0","","","","","","","","","","","","","0"
"312","Iowa","09/25/10","34","COKER","MARCUS","10","62","2","60","0","","","","","","","10","60","1","12","0","","","","","","","","","","","","","","","","","","","","","","","","","","","0"
"312","Iowa","10/30/10","34","COKER","MARCUS","16","50","10","40","0","","","","","","","16","40","","","","","","","","","","","","","","","","","","","","","","","","","","","","","","0"
"312","Iowa","11/06/10","34","COKER","MARCUS","22","131","2","129","0","","","","","","","22","129","","","","","","","","","","","","","","","","","","","","","","","","","","","","","","0"
"312","Iowa","11/13/10","34","COKER","MARCUS","3","14","0","14","0","","","","","","","3","14","","","","","","","","","","","","","","","","","","","","","","","","","","","","","","0"
"312","Iowa","11/20/10","34","COKER","MARCUS","9","73","3","70","1","","","","","","","9","70","1","11","0","","","","","","","","","","","","","","","1","","","","","","","","","","","","6"
"312","Iowa","11/27/10","34","COKER","MARCUS","21","94","4","90","0","","","","","","","21","90","","","","","","","","","","","","","","","","","","","","","","","","","","","","","","0"
"312","Iowa","12/28/10","34","COKER","MARCUS","33","221","2","219","2","","","","","","","33","219","","","","","","","","","","","","","","","","","","2","","","","","","","","","","","","12"
"312","Iowa","09/18/10","6","DAVIS","KEENAN","","","","","","","","","","","","0","0","1","12","0","","","","","","","","","","","","1","18","0","","","","","","","","","","","","","0"
"312","Iowa","09/25/10","6","DAVIS","KEENAN","","","","","","","","","","","","0","0","4","50","1","","","","","","","","","","","","","","","1","","","","","","","","","","","","6"
"312","Iowa","10/16/10","6","DAVIS","KEENAN","","","","","","","","","","","","0","0","1","4","0","","","","","","","","","","","","","","","","","","","","","","","","","","","0"
"312","Iowa","11/06/10","6","DAVIS","KEENAN","","","","","","","","","","","","0","0","3","48","0","","","","","","","","","","","","3","58","0","","","","","","","","","","","","","0"
"312","Iowa","11/20/10","6","DAVIS","KEENAN","","","","","","","","","","","","0","0","","","","","","","","","","","","","","","3","58","0","","","","","","","","","","","","","0"
"312","Iowa","11/27/10","6","DAVIS","KEENAN","","","","","","","","","","","","0","0","1","12","0","","","","","","","","","","","","1","15","0","","","","","","","","","","","","","0"
"312","Iowa","12/28/10","6","DAVIS","KEENAN","","","","","","","","","","","","0","0","1","5","0","","","","","","","","","","","","1","26","0","","","","","","","","","","","","","0"
"312","Iowa","09/04/10","85","DERBY","ZACH","","","","","","","","","","","","0","0","1","17","0","","","","","","","","","","","","","","","","","","","","","","","","","","","0"
"312","Iowa","09/04/10","5","DONAHUE","RYAN","","","","","","","","","","","","0","0","","","","","","","","","","1","43","","","","","","","","","","","","","","","","","","","0"
"312","Iowa","09/11/10","5","DONAHUE","RYAN","","","","","","","","","","","","0","0","","","","","","","","","","5","242","","","","","","","","","","","","","","","","","","","0"
"312","Iowa","09/18/10","5","DONAHUE","RYAN","","","","","","","","","","","","0","0","","","","","","","","","","7","328","","","","","","","","","","","","","","","","","","","0"
"312","Iowa","09/25/10","5","DONAHUE","RYAN","","","","","","","","","","","","0","0","","","","","","","","","","2","82","","","","","","","","","","","","","","","","","","","0"
"312","Iowa","10/02/10","5","DONAHUE","RYAN","","","","","","","","","","","","0","0","","","","","","","","","","7","282","","","","","","","","","","","","","","","","","","","0"
"312","Iowa","10/16/10","5","DONAHUE","RYAN","","","","","","","","","","","","0","0","","","","","","","","","","5","231","","","","","","","","","","","","","","","","","","","0"
"312","Iowa","10/23/10","5","DONAHUE","RYAN","1","0","4","-4","0","","","","","","","1","-4","","","","","","","","","","2","121","","","","","","","","","","","","","","","","","","","0"
"312","Iowa","10/30/10","5","DONAHUE","RYAN","","","","","","","","","","","","0","0","","","","","","","","","","5","194","","","","","","","","","","","","","","","","","","","0"
"312","Iowa","11/06/10","5","DONAHUE","RYAN","","","","","","","","","","","","0","0","","","","","","","","","","2","97","","","","","","","","","","","","","","","","","","","0"
"312","Iowa","11/13/10","5","DONAHUE","RYAN","","","","","","","","","","","","0","0","","","","","","","","","","7","300","","","","","","","","","","","","","","","","","","","0"
"312","Iowa","11/20/10","5","DONAHUE","RYAN","","","","","","","","","","","","0","0","","","","","","","","","","4","164","","","","","","","","","","","","","","","","","","","0"
"312","Iowa","11/27/10","5","DONAHUE","RYAN","","","","","","","","","","","","0","0","","","","","","","","","","4","190","","","","","","","","","","","","","","","","","","","0"
"312","Iowa","12/28/10","5","DONAHUE","RYAN","","","","","","","","","","","","0","0","","","","","","","","","","3","134","","","","","","","","","","","","","","","","","","","0"
"312","Iowa","11/06/10","86","FIEDOROWICZ","C.J.","","","","","","","","","","","","0","0","","","","","","","","","","","","","","","1","4","0","","","","","","","","","","","","","0"
"312","Iowa","09/11/10","30","GREENWOOD","BRETT","","","","","","","","","","","","0","0","","","","1","0","0","","","","","","","","","","","","","","","","","","","","","","","","0"
"312","Iowa","10/23/10","30","GREENWOOD","BRETT","","","","","","","","","","","","0","0","","","","1","0","0","","","","","","","","","","","","","","","","","","","","","","","","0"
"312","Iowa","10/30/10","30","GREENWOOD","BRETT","","","","","","","","","","","","0","0","","","","1","8","0","","","","","","","","","","","","","","","","","","","","","","","","0"
"312","Iowa","11/06/10","30","GREENWOOD","BRETT","","","","","","","","","","","","0","0","","","","1","15","0","","","","","","","","","","","","","","","","","","","","","","","","0"
"312","Iowa","12/28/10","30","GREENWOOD","BRETT","","","","","","","","","","","","0","0","","","","1","0","0","","","","","","","","","","","","","","","","","","","","","","","","0"
"312","Iowa","09/11/10","1B","GUTHRIE","ERIC","","","","","","","","","","","","0","0","","","","","","","","","","1","32","","","","","","","","","","","","","","","","","","","0"
"312","Iowa","09/11/10","27","HAMPTON","JEWEL","20","87","3","84","1","","","","","","","20","84","1","-2","0","","","","","","","","","","","","","","","1","","","","","","","","","","","","6"
"312","Iowa","09/18/10","27","HAMPTON","JEWEL","7","30","0","30","0","","","","","","","7","30","2","8","1","","","","","","","","","","","","","","","1","","","","","","","","","","","","6"
"312","Iowa","09/04/10","39","HERMAN","BRAD","","","","","","","","","","","","0","0","3","57","0","","","","","","","","","","","","","","","","","","","","","","","","","","","0"
"312","Iowa","10/30/10","39","HERMAN","BRAD","","","","","","","","","","","","0","0","3","80","0","","","","","","","","","","","","","","","","","","","","","","","","","","","0"
"312","Iowa","11/13/10","39","HERMAN","BRAD","","","","","","","","","","","","0","0","1","12","0","","","","","","","","","","","","","","","","","","","","","","","","","","","0"
"312","Iowa","11/20/10","39","HERMAN","BRAD","","","","","","","","","","","","0","0","2","5","0","","","","","","","","","","","","","","","","","","","","","","","","","","","0"
"312","Iowa","11/13/10","42","HUNTER","JEREMIHA","","","","","","","","","","","","0","0","","","","1","4","0","","","","","","","","","","","","","","","","","","","","","","","","0"
"312","Iowa","09/25/10","18","HYDE","MICAH","","","","","","","","","","","","0","0","","","","1","0","0","","","","","","","","","","","","","","","","","","","","","","","","0"
"312","Iowa","10/16/10","18","HYDE","MICAH","","","","","","","","","","","","0","0","","","","1","4","0","","","","","","","","","","","","","","","","","","","","","","","","0"
"312","Iowa","10/30/10","18","HYDE","MICAH","","","","","","","","","","","","0","0","","","","0","66","1","","","","","","","","","","","","1","","","","","","","","","","","","6"
"312","Iowa","11/20/10","18","HYDE","MICAH","","","","","","","","","","","","0","0","","","","1","0","0","","","","","","","","","","","","","","","","","","","","","","","","0"
"312","Iowa","12/28/10","18","HYDE","MICAH","","","","","","","","","","","","0","0","","","","1","72","1","","","","","","","","","","","","1","","","","","","","","","","","","6"
"312","Iowa","09/04/10","15","J.-KOULIANOS","DERRELL","1","16","0","16","0","","","","","","","1","16","1","4","0","","","","","","","","","","","","2","59","0","","","","","","","","","","","","","0"
"312","Iowa","09/11/10","15","J.-KOULIANOS","DERRELL","","","","","","","","","","","","0","0","5","65","0","","","","","","","","","","","","2","48","0","","","","","","","","","","","","","0"
"312","Iowa","09/18/10","15","J.-KOULIANOS","DERRELL","","","","","","","","","","","","0","0","7","114","1","","","","","","","","","","","","2","59","0","1","","","","","","","","","","","","6"
"312","Iowa","09/25/10","15","J.-KOULIANOS","DERRELL","","","","","","","","","","","","0","0","4","87","2","","","","","","","","","","","","1","16","0","2","","","","","","","","","","","","12"
"312","Iowa","10/02/10","15","J.-KOULIANOS","DERRELL","","","","","","","","","","","","0","0","4","64","1","","","","","","","","","","","","","","","1","","","","","","","","","","","","6"
"312","Iowa","10/16/10","15","J.-KOULIANOS","DERRELL","","","","","","","","","","","","0","0","4","70","3","","","","","","","","","","","","2","62","0","3","","","","","","","","","","","","18"
"312","Iowa","10/23/10","15","J.-KOULIANOS","DERRELL","","","","","","","","","","","","0","0","5","93","1","","","","","","","","","","","","3","74","0","1","","","","","","","","","","","","6"
"312","Iowa","10/30/10","15","J.-KOULIANOS","DERRELL","1","17","0","17","0","","","","","","","1","17","","","","","","","","","","","","","","","1","39","0","","","","","","","","","","","","","0"
"312","Iowa","11/06/10","15","J.-KOULIANOS","DERRELL","1","10","0","10","0","","","","","","","1","10","6","72","0","","","","","","","","","","","","","","","","","","","","","","","","","","","0"
"312","Iowa","11/13/10","15","J.-KOULIANOS","DERRELL","","","","","","","","","","","","0","0","5","104","1","","","","","","","","","","","","","","","1","","","","","","","","","","","","6"
"312","Iowa","11/20/10","15","J.-KOULIANOS","DERRELL","1","0","6","-6","0","","","","","","","1","-6","2","38","0","","","","","","","","","","","","1","23","0","","","","","","","","","","","","","0"
"312","Iowa","11/27/10","15","J.-KOULIANOS","DERRELL","1","3","0","3","0","","","","","","","1","3","3","34","1","","","","","","","","","","","","3","118","1","2","","","","","","","","","","","","12"
"312","Iowa","10/16/10","48","JOHNSON","TROY","","","","","","","","","","","","0","0","","","","1","4","0","","","","","","","","","","","","","","","","","","","","","","","","0"
"312","Iowa","09/04/10","7","MCNUTT","MARVIN","1","5","0","5","0","","","","","","","1","5","2","18","0","","","","","","","","","","","","","","","","","","","","","","","","","","","0"
"312","Iowa","09/11/10","7","MCNUTT","MARVIN","","","","","","","","","","","","0","0","2","75","1","","","","","","","","","","","","","","","1","","","","","","","","","","","","6"
"312","Iowa","09/18/10","7","MCNUTT","MARVIN","","","","","","","","","","","","0","0","3","66","1","","","","","","","","","","","","","","","1","","","","","","","","","","","","6"
"312","Iowa","09/25/10","7","MCNUTT","MARVIN","","","","","","","","","","","","0","0","3","23","0","","","","","","","","","","","","","","","","","","","","","","","","","","","0"
"312","Iowa","10/02/10","7","MCNUTT","MARVIN","","","","","","","","","","","","0","0","5","93","0","","","","","","","","","","","","","","","","","","","","","","","","","","","0"
"312","Iowa","10/16/10","7","MCNUTT","MARVIN","","","","","","","","","","","","0","0","4","78","0","","","","","","","","","","","","","","","","","","","","","","","","","","","0"
"312","Iowa","10/23/10","7","MCNUTT","MARVIN","","","","","","","","","","","","0","0","7","70","1","","","","","","","","","","","","","","","1","","","","","","","","","","","","6"
"312","Iowa","10/30/10","7","MCNUTT","MARVIN","","","","","","1","0","0","0","0","","1","0","2","39","1","","","","","","","","","","","","","","","1","","","","","","","","","","","","6"
"312","Iowa","11/06/10","7","MCNUTT","MARVIN","","","","","","","","","","","","0","0","6","126","1","","","","","","","","","","","","","","","1","","","","","","","","","","","","6"
"312","Iowa","11/13/10","7","MCNUTT","MARVIN","","","","","","","","","","","","0","0","7","72","1","","","","","","","","","","","","","","","1","","","","","","","","","","","","6"
"312","Iowa","11/20/10","7","MCNUTT","MARVIN","","","","","","","","","","","","0","0","7","92","1","","","","","","","","","","","","","","","1","","","","","","","","","","","","6"
"312","Iowa","11/27/10","7","MCNUTT","MARVIN","","","","","","","","","","","","0","0","3","46","1","","","","","","","","","","","","","","","1","","","","","","","","","","","","6"
"312","Iowa","12/28/10","7","MCNUTT","MARVIN","","","","","","","","","","","","0","0","2","63","0","","","","","","","","","","","","","","","","","","","","","","","","","","","0"
"312","Iowa","09/25/10","96","MEYER","MICHAEL","","","","","","","","","","","","0","0","","","","","","","","","","","","","","","","","","","6","6","0","0","","","","","2","1","","9"
"312","Iowa","10/02/10","96","MEYER","MICHAEL","","","","","","","","","","","","0","0","","","","","","","","","","","","","","","","","","","3","3","0","0","","","","","1","1","","6"
"312","Iowa","10/16/10","96","MEYER","MICHAEL","","","","","","","","","","","","0","0","","","","","","","","","","","","","","","","","","","5","5","0","0","","","","","1","1","","8"
"312","Iowa","10/23/10","96","MEYER","MICHAEL","","","","","","","","","","","","0","0","","","","","","","","","","","","","","","","","","","4","3","0","0","","","","","1","1","","6"
"312","Iowa","10/30/10","96","MEYER","MICHAEL","","","","","","","","","","","","0","0","","","","","","","","","","","","","","","","","","","5","4","0","0","","","","","1","1","","7"
"312","Iowa","11/06/10","96","MEYER","MICHAEL","","","","","","","","","","","","0","0","","","","","","","","","","","","","","","","","","","","","","","","","","","5","4","","12"
"312","Iowa","11/13/10","96","MEYER","MICHAEL","","","","","","","","","","","","0","0","","","","","","","","","","","","","","","","","","","2","2","0","0","","","","","1","1","","5"
"312","Iowa","11/20/10","96","MEYER","MICHAEL","","","","","","","","","","","","0","0","","","","","","","","","","","","","","","","","","","2","2","0","0","","","","","2","1","","5"
"312","Iowa","11/27/10","96","MEYER","MICHAEL","","","","","","","","","","","","0","0","","","","","","","","","","","","","","","","","","","3","3","0","0","","","","","1","1","","6"
"312","Iowa","12/28/10","96","MEYER","MICHAEL","","","","","","","","","","","","0","0","","","","","","","","","","","","","","","","","","","3","3","0","0","","","","","2","2","","9"
"312","Iowa","09/04/10","36","MORSE","BRETT","","","","","","","","","","","","0","0","1","1","1","","","","","","","","","","","","","","","1","","","","","","","","","","","","6"
"312","Iowa","10/02/10","36","MORSE","BRETT","","","","","","","","","","","","0","0","2","27","0","","","","","","","","","","","","","","","","","","","","","","","","","","","0"
"312","Iowa","10/23/10","36","MORSE","BRETT","2","10","0","10","0","","","","","","","2","10","2","13","0","","","","","","","","","","","","","","","","","","","","","","","","","","","0"
"312","Iowa","10/30/10","36","MORSE","BRETT","1","3","0","3","0","","","","","","","1","3","","","","","","","","","","","","","","","","","","","","","","","","","","","","","","0"
"312","Iowa","11/06/10","36","MORSE","BRETT","","","","","","","","","","","","0","0","3","13","0","","","","","","","","","","","","","","","","","","","","","","","","","","","0"
"312","Iowa","09/04/10","8","MOSSBRUCKER","TRENT","","","","","","","","","","","","0","0","","","","","","","","","","","","","","","","","","","5","5","0","0","","","","","","","","5"
"312","Iowa","09/11/10","8","MOSSBRUCKER","TRENT","","","","","","","","","","","","0","0","","","","","","","","","","","","","","","","","","","5","5","0","0","","","","","","","","5"
"312","Iowa","09/18/10","8","MOSSBRUCKER","TRENT","","","","","","","","","","","","0","0","","","","","","","","","","","","","","","","","","","4","3","0","0","","","","","","","","3"
"312","Iowa","09/11/10","45","NIELSEN","TYLER","","","","","","","","","","","","0","0","","","","1","0","0","","","","","","","","","","","","","","","","","","","","","","","","0"
"312","Iowa","09/04/10","11","NORDMANN","DON","","","","","","","","","","","","0","0","1","14","0","","","","","","","","","","","","","","","","","","","","","","","","","","","0"
"312","Iowa","12/28/10","11","NORDMANN","DON","","","","","","","","","","","","0","0","1","38","0","","","","","","","","","","","","","","","","","","","","","","","","","","","0"
"312","Iowa","09/04/10","25","O'MEARA","PAKI","4","34","0","34","0","","","","","","","4","34","","","","","","","","","","","","1","42","1","","","","1","","","","","","","","","","","","6"
"312","Iowa","09/11/10","25","O'MEARA","PAKI","6","23","1","22","0","","","","","","","6","22","","","","","","","","","","","","","","","","","","","","","","","","","","","","","","0"
"312","Iowa","10/02/10","28","PRATER","SHAUN","","","","","","","","","","","","0","0","","","","1","33","1","","","","","","","","","","","","1","","","","","","","","","","","","6"
"312","Iowa","10/30/10","28","PRATER","SHAUN","","","","","","","","","","","","0","0","","","","1","42","0","","","","","","","","","","","","","","","","","","","","","","","","0"
"312","Iowa","11/20/10","28","PRATER","SHAUN","","","","","","","","","","","","0","0","","","","1","8","0","","","","","","","","","","","","","","","","","","","","","","","","0"
"312","Iowa","09/04/10","82","REISNER","ALLEN","","","","","","","","","","","","0","0","4","39","0","","","","","","","","","","","","","","","","","","","","","","","","","","","0"
"312","Iowa","09/11/10","82","REISNER","ALLEN","","","","","","","","","","","","0","0","3","66","1","","","","","","","","","","","","","","","1","","","","","","","","","","","","6"
"312","Iowa","09/18/10","82","REISNER","ALLEN","","","","","","","","","","","","0","0","2","27","0","","","","","","","","","","","","","","","","","","","","","","","","","","","0"
"312","Iowa","09/25/10","82","REISNER","ALLEN","","","","","","","","","","","","0","0","5","53","0","","","","","","","","","","","","","","","","","","","","","","","","","","","0"
"312","Iowa","10/02/10","82","REISNER","ALLEN","","","","","","","","","","","","0","0","3","29","0","","","","","","","","","","","","","","","","","","","","","","","","","","","0"
"312","Iowa","10/16/10","82","REISNER","ALLEN","","","","","","","","","","","","0","0","2","15","0","","","","","","","","","","","","","","","","","","","","","","","","","","","0"
"312","Iowa","10/23/10","82","REISNER","ALLEN","","","","","","","","","","","","0","0","5","39","1","","","","","","","","","","","","","","","1","","","","","","","","","","","","6"
"312","Iowa","10/30/10","82","REISNER","ALLEN","","","","","","","","","","","","0","0","4","36","0","","","","","","","","","","","","","","","","","","","","","","","","","","","0"
"312","Iowa","11/06/10","82","REISNER","ALLEN","","","","","","","","","","","","0","0","1","0","0","","","","","","","","","","","","","","","","","","","","","","","","","","","0"
"312","Iowa","11/13/10","82","REISNER","ALLEN","","","","","","","","","","","","0","0","6","66","0","","","","","","","","","","","","","","","","","","","","","","","","","","","0"
"312","Iowa","11/20/10","82","REISNER","ALLEN","","","","","","","","","","","","0","0","2","15","0","","","","","","","","","","","","","","","","","","","","","","","","","","","0"
"312","Iowa","11/27/10","82","REISNER","ALLEN","","","","","","","","","","","","0","0","2","25","0","","","","","","","","","","","","","","","","","","","","","","","","","","","0"
"312","Iowa","12/28/10","82","REISNER","ALLEN","","","","","","","","","","","","0","0","3","50","0","","","","","","","","","","","","","","","","","","","","","","","","","","","0"
"312","Iowa","09/04/10","32","ROBINSON","ADAM","24","110","1","109","3","","","","","","","24","109","3","43","0","","","","","","","","","","","","","","","3","","","","","","","","","","","","18"
"312","Iowa","09/11/10","32","ROBINSON","ADAM","14","158","2","156","1","","","","","","","14","156","","","","","","","","","","","","","","","","","","1","","","","","","","","","","","","6"
"312","Iowa","09/18/10","32","ROBINSON","ADAM","10","14","9","5","0","","","","","","","10","5","0","19","0","","","","","","","","","","","","","","","","","","","","","","","","","","","0"
"312","Iowa","09/25/10","32","ROBINSON","ADAM","22","115","0","115","2","","","","","","","22","115","3","75","0","","","","","","","","","","","","","","","2","","","","","","","","","","","","12"
"312","Iowa","10/02/10","32","ROBINSON","ADAM","28","110","15","95","0","","","","","","","28","95","1","6","0","","","","","","","","","","","","","","","","","","","","","","","","","","","0"
"312","Iowa","10/16/10","32","ROBINSON","ADAM","31","152","9","143","2","","","","","","","31","143","4","61","0","","","","","","","","","","","","","","","2","","","","","","","","","","","","12"
"312","Iowa","10/23/10","32","ROBINSON","ADAM","23","114","0","114","1","","","","","","","23","114","4","18","0","","","","","","","","","","","","","","","1","","","","","","","","","","","","6"
"312","Iowa","10/30/10","32","ROBINSON","ADAM","20","73","4","69","1","","","","","","","20","69","1","32","1","","","","","","","","","","","","","","","2","","","","","","","","","","","","12"
"312","Iowa","11/13/10","32","ROBINSON","ADAM","22","116","8","108","0","","","","","","","22","108","4","16","0","","","","","","","","","","","","","","","","","","","","","","","","","","","0"
"312","Iowa","11/20/10","32","ROBINSON","ADAM","9","31","4","27","0","","","","","","","9","27","4","20","0","","","","","","","","","","","","","","","","","","","","","","","","","","","0"
"312","Iowa","09/04/10","38","ROGERS","BRAD","","","","","","","","","","","","0","0","1","4","0","","","","","","","","","","","","","","","","","","","","","","","","","","","0"
"312","Iowa","09/25/10","38","ROGERS","BRAD","9","66","0","66","0","","","","","","","9","66","","","","","","","","","","","","","","","","","","","","","","","","","","","","","","0"
"312","Iowa","10/16/10","38","ROGERS","BRAD","","","","","","","","","","","","0","0","1","11","0","","","","","","","","","","","","","","","","","","","","","","","","","","","0"
"312","Iowa","11/06/10","38","ROGERS","BRAD","2","9","0","9","0","","","","","","","2","9","","","","","","","","","","","","","","","","","","","","","","","","","","","","","","0"
"312","Iowa","09/04/10","22","SANDEMAN","COLIN","","","","","","","","","","","","0","0","4","59","0","","","","","","","","","2","17","0","1","14","0","","","","","","","","","","","","","0"
"312","Iowa","09/11/10","22","SANDEMAN","COLIN","","","","","","","","","","","","0","0","","","","","","","","","","","","2","2","0","","","","","","","","","","","","","","","","0"
"312","Iowa","09/18/10","22","SANDEMAN","COLIN","","","","","","","","","","","","0","0","3","32","0","","","","","","","","","2","35","0","","","","","","","","","","","","","","","","0"
"312","Iowa","09/25/10","22","SANDEMAN","COLIN","","","","","","","","","","","","0","0","1","6","1","","","","","","","","","2","33","0","","","","1","","","","","","","","","","","","6"
"312","Iowa","10/02/10","22","SANDEMAN","COLIN","1","3","0","3","0","","","","","","","1","3","1","8","0","","","","","","","","","","","","","","","","","","","","","","","","","","","0"
"312","Iowa","10/16/10","22","SANDEMAN","COLIN","","","","","","","","","","","","0","0","1","9","0","","","","","","","","","1","0","0","","","","","","","","","","","","","","","","0"
"312","Iowa","10/23/10","22","SANDEMAN","COLIN","","","","","","","","","","","","0","0","2","25","0","","","","","","","","","2","12","0","","","","","","","","","","","","","","","","0"
"312","Iowa","10/30/10","22","SANDEMAN","COLIN","","","","","","","","","","","","0","0","1","3","1","","","","","","","","","2","12","0","","","","1","","","","","","","","","","","","6"
"312","Iowa","11/06/10","22","SANDEMAN","COLIN","","","","","","","","","","","","0","0","3","31","0","","","","","","","","","2","14","0","","","","","","","","","","","","","","","","0"
"312","Iowa","11/27/10","22","SANDEMAN","COLIN","","","","","","","","","","","","0","0","1","10","0","","","","","","","","","","","","","","","","","","","","","","","","","","","0"
"312","Iowa","12/28/10","22","SANDEMAN","COLIN","","","","","","","","","","","","0","0","4","44","0","","","","","","","","","","","","","","","","","","","","","","","","","","","0"
"312","Iowa","10/16/10","9","SASH","TYLER","","","","","","","","","","","","0","0","","","","1","36","0","","","","","","","","","","","","","","","","","","","","","","","","0"
"312","Iowa","10/30/10","9","SASH","TYLER","","","","","","","","","","","","0","0","","","","1","6","0","","","","","","","","","","","","","","","","","","","","","","","","0"
"312","Iowa","09/04/10","12","STANZI","RICHARD","6","4","14","-10","0","23","18","0","229","1","","29","219","","","","","","","","","","","","","","","","","","","","","","","","","","","","","","0"
"312","Iowa","09/11/10","12","STANZI","RICHARD","6","7","10","-3","1","18","11","0","204","2","","24","201","","","","","","","","","","","","","","","","","","1","","","","","","","","","","","","6"
"312","Iowa","09/18/10","12","STANZI","RICHARD","9","38","44","-6","0","33","18","1","278","3","","42","272","","","","","","","","","","","","","","","","","","","","","","","","","","","","","","0"
"312","Iowa","09/25/10","12","STANZI","RICHARD","","","","","","25","19","0","288","3","","25","288","","","","","","","","","","","","","","","","","","","","","","","","","","","","","","0"
"312","Iowa","10/02/10","12","STANZI","RICHARD","6","14","5","9","1","22","16","1","227","1","","28","236","","","","","","","","","","","","","","","","","","1","","","","","","","","","","","","6"
"312","Iowa","10/16/10","12","STANZI","RICHARD","3","1","4","-3","0","24","17","0","248","3","","27","245","","","","","","","","","","","","","","","","","","","","","","","","","","","","","","0"
"312","Iowa","10/23/10","12","STANZI","RICHARD","3","10","11","-1","0","37","25","0","258","3","","40","257","","","","","","","","","","","","","","","","","","","","","","","","","","","","","","0"
"312","Iowa","10/30/10","12","STANZI","RICHARD","1","26","0","26","0","15","11","0","190","3","","16","216","","","","","","","","","","","","","","","","","","","","","","","","","","","","","","0"
"312","Iowa","11/06/10","12","STANZI","RICHARD","2","0","10","-10","0","33","22","1","290","1","0","35","280","","","","","","","","","","","","","","","","","","","","","1","0","","","","","","","","0"
"312","Iowa","11/13/10","12","STANZI","RICHARD","2","0","15","-15","0","41","23","1","270","2","","43","255","","","","","","","","","","","","","","","","","","","","","","","","","","","","","","0"
"312","Iowa","11/20/10","12","STANZI","RICHARD","5","9","17","-8","0","31","20","0","195","1","","36","187","1","-1","0","","","","","","","","","","","","","","","","","","","","","","","","","","","0"
"312","Iowa","11/27/10","12","STANZI","RICHARD","3","11","5","6","0","22","10","0","127","2","","25","133","","","","","","","","","","","","","","","","","","","","","","","","","","","","","","0"
"312","Iowa","12/28/10","12","STANZI","RICHARD","2","9","0","9","0","21","11","2","200","0","","23","209","","","","","","","","","","","","","","","","","","","","","","","","","","","","","","0"
"312","Iowa","09/04/10","16","VANDERBERG","JAMES","2","11","0","11","0","3","3","0","27","0","","5","38","","","","","","","","","","","","","","","","","","","","","","","","","","","","","","0"
"312","Iowa","09/11/10","16","VANDERBERG","JAMES","3","18","0","18","0","1","0","0","0","0","","4","18","","","","","","","","","","","","","","","","","","","","","","","","","","","","","","0"
"312","Iowa","09/25/10","16","VANDERBERG","JAMES","1","3","0","3","0","4","2","0","18","1","","5","21","","","","","","","","","","","","","","","","","","","","","","","","","","","","","","0"
"312","Iowa","09/04/10","3","WHITE","JASON","1","14","0","14","0","","","","","","","1","14","","","","","","","","","","","","","","","","","","","","","","","","","","","","","","0"
"312","Iowa","09/11/10","14","WIENKE","JOHN","","","","","","1","0","0","0","0","","1","0","","","","","","","","","","","","","","","","","","","","","","","","","","","","","","0"
"311","Iowa St.","09/02/10","4","ARNAUD","AUSTEN","14","55","10","45","1","36","27","2","265","0","","50","310","","","","","","","","","","","","","","","","","","1","","","","","","","","","","","","6"
"311","Iowa St.","09/11/10","4","ARNAUD","AUSTEN","9","34","14","20","0","44","20","3","197","1","","53","217","","","","","","","","","","","","","","","","","","","","","","","","","","","","","","0"
"311","Iowa St.","09/18/10","4","ARNAUD","AUSTEN","13","50","11","39","0","27","15","0","122","1","","40","161","1","-9","0","","","","","","","","","","","","","","","","","","","","","","","","","","","0"
"311","Iowa St.","09/25/10","4","ARNAUD","AUSTEN","","","","","","2","1","0","6","0","","2","6","","","","","","","","","","","","","","","","","","","","","","","","","","","","","","0"
"311","Iowa St.","10/02/10","4","ARNAUD","AUSTEN","10","30","8","22","0","28","20","0","190","4","","38","212","","","","","","","","","","","","","","","","","","","","","","","","","","","","","","0"
"311","Iowa St.","10/09/10","4","ARNAUD","AUSTEN","5","15","6","9","0","31","13","2","178","2","","36","187","","","","","","","","","","","","","","","","","","","","","","","","","","","","","","0"
"311","Iowa St.","10/16/10","4","ARNAUD","AUSTEN","7","28","12","16","0","18","12","0","102","0","","25","118","","","","","","","","","","1","28","","","","","","","","","","","","","","","","","","","0"
"311","Iowa St.","10/23/10","4","ARNAUD","AUSTEN","10","44","4","40","0","23","11","1","136","2","","33","176","","","","","","","","","","","","","","","","","","","","","","","","","","","","","","0"
"311","Iowa St.","10/30/10","4","ARNAUD","AUSTEN","13","73","14","59","0","26","16","0","168","0","","39","227","","","","","","","","","","1","24","","","","","","","","","","","","","","","","","","","0"
"311","Iowa St.","11/06/10","4","ARNAUD","AUSTEN","13","64","1","63","1","32","21","2","203","3","","45","266","","","","","","","","","","","","","","","","","","1","","","","","","","","","","","","6"
"311","Iowa St.","11/13/10","4","ARNAUD","AUSTEN","9","8","34","-26","0","23","15","0","136","0","","32","110","","","","","","","","","","","","","","","","","","","","","","","","","","","","","","0"
"311","Iowa St.","09/25/10","1C","CAPELLO","JAMES","1","0","0","0","0","","","","","","","1","0","","","","","","","","","","","","","","","","","","","","","","","","","","","","","","0"
"311","Iowa St.","10/09/10","1C","CAPELLO","JAMES","2","27","0","27","1","","","","","","","2","27","","","","","","","","","","","","","","","","","","1","","","","","","","","","","","","6"
"311","Iowa St.","09/02/10","6","DARKS","DARIUS","","","","","","","","","","","","0","0","6","52","0","","","","","","","","","","","","","","","","","","","","","","","","","","","0"
"311","Iowa St.","09/11/10","6","DARKS","DARIUS","","","","","","","","","","","","0","0","4","36","1","","","","","","","","","","","","","","","1","","","","","","","","","","","","6"
"311","Iowa St.","09/18/10","6","DARKS","DARIUS","","","","","","","","","","","","0","0","1","12","0","","","","","","","","","","","","","","","","","","","","","","","","","","","0"
"311","Iowa St.","09/25/10","6","DARKS","DARIUS","","","","","","","","","","","","0","0","1","14","0","","","","","","","","","","","","","","","","","","","","","","","","","","","0"
"311","Iowa St.","10/02/10","6","DARKS","DARIUS","","","","","","","","","","","","0","0","2","19","0","","","","","","","","","","","","","","","","","","","","","","","","","","","0"
"311","Iowa St.","10/09/10","6","DARKS","DARIUS","","","","","","","","","","","","0","0","2","60","0","","","","","","","","","","","","","","","","","","","","","","","","","","","0"
"311","Iowa St.","10/16/10","6","DARKS","DARIUS","","","","","","","","","","","","0","0","1","12","0","","","","","","","","","","","","","","","","","","","","","","","","","","","0"
"311","Iowa St.","10/23/10","6","DARKS","DARIUS","","","","","","","","","","","","0","0","1","12","0","","","","","","","","","","","","","","","","","","","","","","","","","","","0"
"311","Iowa St.","10/30/10","6","DARKS","DARIUS","","","","","","","","","","","","0","0","3","60","0","","","","","","","","","","","","","","","","","","","","","","","","","","","0"
"311","Iowa St.","11/06/10","6","DARKS","DARIUS","","","","","","","","","","","","0","0","5","44","0","","","","","","","","","","","","","","","","","","","","","","","","","","","0"
"311","Iowa St.","11/13/10","6","DARKS","DARIUS","","","","","","","","","","","","0","0","2","13","0","","","","","","","","","","","","","","","","","","","","","","","","","","","0"
"311","Iowa St.","11/20/10","6","DARKS","DARIUS","","","","","","","","","","","","0","0","1","21","0","","","","","","","","","","","","","","","","","","","","","","","","","","","0"
"311","Iowa St.","09/02/10","88","FRANKLIN","COLLIN","","","","","","","","","","","","0","0","5","75","0","","","","","","","","","","","","","","","","","","","","","","","","","","","0"
"311","Iowa St.","09/11/10","88","FRANKLIN","COLLIN","","","","","","","","","","","","0","0","3","23","0","","","","","","","","","","","","","","","","","","","","","","","","","","","0"
"311","Iowa St.","09/18/10","88","FRANKLIN","COLLIN","","","","","","","","","","","","0","0","6","45","0","","","","","","","","","","","","","","","","","","","","","","","","","","","0"
"311","Iowa St.","09/25/10","88","FRANKLIN","COLLIN","","","","","","","","","","","","0","0","1","9","0","","","","","","","","","","","","","","","","","","","","","","","","","","","0"
"311","Iowa St.","10/02/10","88","FRANKLIN","COLLIN","","","","","","","","","","","","0","0","6","68","1","","","","","","","","","","","","","","","1","","","","","","","","","","","","6"
"311","Iowa St.","10/09/10","88","FRANKLIN","COLLIN","","","","","","","","","","","","0","0","4","59","1","","","","","","","","","","","","","","","1","","","","","","","","","","","","6"
"311","Iowa St.","10/16/10","88","FRANKLIN","COLLIN","","","","","","","","","","","","0","0","6","34","0","","","","","","","","","","","","","","","","","","","","","","","","","","","0"
"311","Iowa St.","10/23/10","88","FRANKLIN","COLLIN","","","","","","","","","","","","0","0","3","18","0","","","","","","","","","","","","","","","","","","","","","","","","","","","0"
"311","Iowa St.","10/30/10","88","FRANKLIN","COLLIN","","","","","","","","","","","","0","0","3","25","0","","","","","","","","","","","","","","","","","","","","","","","","","","","0"
"311","Iowa St.","11/06/10","88","FRANKLIN","COLLIN","","","","","","","","","","","","0","0","3","28","0","","","","","","","","","","","","","","","","","","","","","","","","","","","0"
"311","Iowa St.","11/13/10","88","FRANKLIN","COLLIN","","","","","","","","","","","","0","0","11","118","1","","","","","","","","","","","","","","","1","","","","","","","","","","","","6"
"311","Iowa St.","11/20/10","88","FRANKLIN","COLLIN","","","","","","","","","","","","0","0","3","28","0","","","","","","","","","","","","","","","","","","","","","","","","","","","0"
"311","Iowa St.","11/20/10","44","HAMLIN","KEVIN","","","","","","","","","","","","0","0","","","","","","","","","","","","","","","1","0","0","","","","","","","","","","","","","0"
"311","Iowa St.","09/11/10","86","HAMMERSCHMIDT","KURT","","","","","","","","","","","","0","0","2","21","0","","","","","","","","","","","","","","","","","","","","","","","","","","","0"
"311","Iowa St.","10/02/10","86","HAMMERSCHMIDT","KURT","","","","","","","","","","","","0","0","2","10","1","","","","","","","","","","","","","","","1","","","","","","","","","","","","6"
"311","Iowa St.","10/23/10","86","HAMMERSCHMIDT","KURT","","","","","","","","","","","","0","0","1","5","0","","","","","","","","","","","","","","","","","","","","","","","","","","","0"
"311","Iowa St.","10/23/10","23","JOHNSON","LEONARD","","","","","","","","","","","","0","0","","","","1","0","0","","","","","","","","","","","","","","","","","","","","","","","","0"
"311","Iowa St.","09/02/10","2","JOHNSON","SEDRICK","","","","","","","","","","","","0","0","4","32","0","","","","","","","","","","","","","","","","","","","","","","","","","","","0"
"311","Iowa St.","09/11/10","2","JOHNSON","SEDRICK","","","","","","","","","","","","0","0","2","13","0","","","","","","","","","","","","","","","","","","","","","","","","","","","0"
"311","Iowa St.","09/18/10","2","JOHNSON","SEDRICK","","","","","","","","","","","","0","0","2","15","0","","","","","","","","","","","","","","","","","","","","","","","","","","","0"
"311","Iowa St.","09/25/10","2","JOHNSON","SEDRICK","","","","","","","","","","","","0","0","4","27","0","","","","","","","","","","","","","","","","","","","","","","","","","","","0"
"311","Iowa St.","10/02/10","2","JOHNSON","SEDRICK","","","","","","","","","","","","0","0","1","2","0","","","","","","","","","","","","","","","","","","","","","","","","","","","0"
"311","Iowa St.","10/16/10","2","JOHNSON","SEDRICK","","","","","","","","","","","","0","0","1","5","0","","","","","","","","","","","","","","","","","","","","","","","","","","","0"
"311","Iowa St.","11/13/10","2","JOHNSON","SEDRICK","","","","","","","","","","","","0","0","2","8","0","","","","","","","","","","","","","","","","","","","","","","","","","","","0"
"311","Iowa St.","09/02/10","25","JOHNSON","SHONTRELLE","","","","","","","","","","","","0","0","1","9","0","","","","","","","","","","","","","","","","","","","","","","","","","","","0"
"311","Iowa St.","09/11/10","25","JOHNSON","SHONTRELLE","4","9","0","9","0","","","","","","","4","9","","","","","","","","","","","","","","","2","99","0","","","","","","","","","","","","","0"
"311","Iowa St.","09/18/10","25","JOHNSON","SHONTRELLE","","","","","","","","","","","","0","0","","","","","","","","","","","","","","","5","101","0","","","","","","","","","","","","","0"
"311","Iowa St.","09/25/10","25","JOHNSON","SHONTRELLE","3","18","0","18","0","","","","","","","3","18","1","0","0","","","","","","","","","","","","","","","","","","","","","","","","","","","0"
"311","Iowa St.","10/02/10","25","JOHNSON","SHONTRELLE","12","104","2","102","1","","","","","","","12","102","","","","","","","","","","","","","","","1","23","0","1","","","","","","","","","","","","6"
"311","Iowa St.","10/09/10","25","JOHNSON","SHONTRELLE","5","50","0","50","0","","","","","","","5","50","","","","","","","","","","","","","","","7","162","0","","","","","","","","","","","","","0"
"311","Iowa St.","10/16/10","25","JOHNSON","SHONTRELLE","6","7","8","-1","0","","","","","","","6","-1","1","0","0","","","","","","","","","","","","3","68","0","","","","","","","","","","","","","0"
"311","Iowa St.","10/23/10","25","JOHNSON","SHONTRELLE","","","","","","","","","","","","0","0","","","","","","","","","","","","","","","2","18","0","","","","","","","","","","","","","0"
"311","Iowa St.","10/30/10","25","JOHNSON","SHONTRELLE","3","37","0","37","1","","","","","","","3","37","","","","","","","","","","","","","","","2","42","0","1","","","","","","","","","","","","6"
"311","Iowa St.","11/06/10","25","JOHNSON","SHONTRELLE","","","","","","","","","","","","0","0","","","","","","","","","","","","","","","1","25","0","","","","","","","","","","","","","0"
"311","Iowa St.","11/13/10","25","JOHNSON","SHONTRELLE","1","3","0","3","0","","","","","","","1","3","1","5","0","","","","","","","","","","","","1","29","0","","","","","","","","","","","","","0"
"311","Iowa St.","11/20/10","25","JOHNSON","SHONTRELLE","1","0","0","0","0","","","","","","","1","0","1","0","0","","","","","","","","","","","","1","18","0","","","","","","","","","","","","","0"
"311","Iowa St.","10/16/10","59","KAUFMAN","PRESTON","","","","","","","","","","","","0","0","","","","","","","","","","","","","","","1","9","0","","","","","","","","","","","","","0"
"311","Iowa St.","09/18/10","47","KLEIN","A.J.","","","","","","","","","","","","0","0","","","","1","69","1","","","","","","","","","","","","1","","","","","","","","","","","","6"
"311","Iowa St.","09/25/10","47","KLEIN","A.J.","","","","","","","","","","","","0","0","","","","1","25","1","1","0","0","","","","","","","","","1","","","","","","","","","","","","6"
"311","Iowa St.","10/02/10","47","KLEIN","A.J.","","","","","","","","","","","","0","0","","","","1","6","0","","","","","","","","","","","","","","","","","","","","","","","","0"
"311","Iowa St.","09/02/10","20","KNOTT","JAKE","","","","","","","","","","","","0","0","","","","2","9","0","","","","","","","","","","","","","","","","","","","","","","","","0"
"311","Iowa St.","09/25/10","20","KNOTT","JAKE","","","","","","","","","","","","0","0","","","","1","7","0","","","","","","","","","","","","","","","","","","","","","","","","0"
"311","Iowa St.","10/30/10","20","KNOTT","JAKE","","","","","","","","","","","","0","0","","","","1","10","0","","","","","","","","","","","","","","","","","","","","","","","","0"
"311","Iowa St.","09/02/10","16","KUEHL","DANIEL","","","","","","","","","","","","0","0","","","","","","","","","","1","18","","","","","","","","","","","","","","","","","","","0"
"311","Iowa St.","11/06/10","16","KUEHL","DANIEL","","","","","","","","","","","0","0","0","","","","","","","","","","","","","","","","","","","","","1","0","","","","","","","","0"
"311","Iowa St.","09/02/10","19","LENZ","JOSH","","","","","","","","","","","","0","0","2","25","0","","","","","","","","","1","11","0","","","","","","","","","","","","","","","","0"
"311","Iowa St.","09/11/10","19","LENZ","JOSH","","","","","","","","","","","","0","0","","","","","","","","","","","","2","13","0","","","","","","","","","","","","","","","","0"
"311","Iowa St.","09/18/10","19","LENZ","JOSH","","","","","","","","","","","","0","0","","","","","","","","","","","","2","5","0","","","","","","","","","","","","","","","","0"
"311","Iowa St.","09/25/10","19","LENZ","JOSH","","","","","","","","","","","","0","0","2","23","0","","","","","","","","","2","23","0","","","","","","","","","","","","","","","","0"
"311","Iowa St.","10/02/10","19","LENZ","JOSH","","","","","","","","","","","","0","0","2","24","1","","","","","","","","","1","1","0","","","","1","","","","","","","","","","","","6"
"311","Iowa St.","10/09/10","19","LENZ","JOSH","1","0","5","-5","0","","","","","","","1","-5","","","","","","","","","","","","","","","3","56","0","","","","","","","","","","","","","0"
"311","Iowa St.","10/23/10","19","LENZ","JOSH","1","13","0","13","0","","","","","","","1","13","1","15","1","","","","","","","","","","","","2","50","0","1","","","","","","","","","","","","6"
"311","Iowa St.","10/30/10","19","LENZ","JOSH","","","","","","","","","","","","0","0","2","17","0","","","","","","","","","2","64","1","","","","1","","","","","","","","","","","","6"
"311","Iowa St.","11/06/10","19","LENZ","JOSH","","","","","","","","","","","","0","0","1","31","0","","","","","","","","","1","10","0","","","","","","","","","","","","","","","","0"
"311","Iowa St.","11/13/10","19","LENZ","JOSH","","","","","","","","","","","","0","0","2","31","0","","","","","","","","","1","14","0","1","19","0","","","","","","","","","","","","","0"
"311","Iowa St.","11/20/10","19","LENZ","JOSH","","","","","","","","","","","","0","0","2","4","0","","","","","","","","","1","5","0","","","","","","","","","","","","","","","","0"
"311","Iowa St.","09/02/10","21","MAHONEY","GRANT","","","","","","","","","","","","0","0","","","","","","","","","","","","","","","","","","","3","3","0","0","","","","","3","2","","9"
"311","Iowa St.","09/11/10","21","MAHONEY","GRANT","","","","","","","","","","","","0","0","","","","","","","","","","","","","","","","","","","1","1","0","0","","","","","","","","1"
"311","Iowa St.","09/18/10","21","MAHONEY","GRANT","","","","","","","","","","","","0","0","","","","","","","","","","","","","","","","","","","2","2","0","0","","","","","2","2","","8"
"311","Iowa St.","09/25/10","21","MAHONEY","GRANT","1","5","0","5","0","","","","","","","1","5","","","","","","","","","","","","","","","","","","","3","3","0","0","","","","","2","2","","9"
"311","Iowa St.","10/02/10","21","MAHONEY","GRANT","","","","","","","","","","","","0","0","","","","","","","","","","","","","","","","","","","7","7","0","0","","","","","1","1","","10"
"311","Iowa St.","10/09/10","21","MAHONEY","GRANT","","","","","","","","","","","","0","0","","","","","","","","","","","","","","","","","","","4","3","0","0","","","","","1","0","","3"
"311","Iowa St.","10/16/10","21","MAHONEY","GRANT","","","","","","","","","","","","0","0","","","","","","","","","","","","","","","","","","","","","","","","","","","2","0","","0"
"311","Iowa St.","10/23/10","21","MAHONEY","GRANT","","","","","","","","","","","","0","0","","","","","","","","","","","","","","","","","","","4","4","0","0","","","","","","","","4"
"311","Iowa St.","10/30/10","21","MAHONEY","GRANT","","","","","","","","","","","","0","0","","","","","","","","","","","","","","","","","","","4","4","0","0","","","","","1","0","","4"
"311","Iowa St.","11/06/10","21","MAHONEY","GRANT","","","","","","","","","","","","0","0","","","","","","","","","","","","","","","","","","","3","3","0","0","","","","","3","1","","6"
"311","Iowa St.","11/13/10","21","MAHONEY","GRANT","","","","","","","","","","","","0","0","","","","","","","","","","","","","","","","","","","2","2","0","0","","","","","","","","2"
"311","Iowa St.","11/20/10","21","MAHONEY","GRANT","","","","","","","","","","","","0","0","","","","","","","","","","","","","","","","","","","","","","","","","","","2","0","","0"
"311","Iowa St.","09/02/10","26","MANSFIELD","TAYLOR","","","","","","","","","","","","0","0","","","","","","","","","","","","","","","1","7","0","","","","","","","","","","","","","0"
"311","Iowa St.","10/23/10","37","O'CONNELL","MICHAEL","","","","","","","","","","","","0","0","","","","1","0","0","","","","","","","","","","","","","","","","","","","","","","","","0"
"311","Iowa St.","09/25/10","5","REEVES","JEREMY","","","","","","","","","","","","0","0","","","","1","94","1","","","","","","","","","","","","1","","","","","","","","","","","","6"
"311","Iowa St.","10/02/10","5","REEVES","JEREMY","","","","","","","","","","","","0","0","","","","","","","","","","","","","","","1","42","1","1","","","","","","","","","","","","6"
"311","Iowa St.","10/23/10","5","REEVES","JEREMY","","","","","","","","","","","","0","0","","","","1","0","0","","","","","","","","","","","","","","","","","","","","","","","","0"
"311","Iowa St.","09/02/10","7","REYNOLDS","DARIUS","","","","","","","","","","","","0","0","2","12","0","","","","","","","","","","","","","","","","","","","","","","","","","","","0"
"311","Iowa St.","09/11/10","7","REYNOLDS","DARIUS","","","","","","","","","","","","0","0","2","40","0","","","","","","","","","","","","","","","","","","","","","","","","","","","0"
"311","Iowa St.","09/18/10","7","REYNOLDS","DARIUS","","","","","","","","","","","","0","0","1","23","0","","","","","","","","","","","","","","","","","","","","","","","","","","","0"
"311","Iowa St.","09/25/10","7","REYNOLDS","DARIUS","","","","","","","","","","","","0","0","1","11","0","","","","","","","","","","","","","","","","","","","","","","","","","","","0"
"311","Iowa St.","10/02/10","7","REYNOLDS","DARIUS","","","","","","","","","","","","0","0","3","51","1","","","","","","","","","","","","","","","1","","","","","","","","","","","","6"
"311","Iowa St.","10/09/10","7","REYNOLDS","DARIUS","","","","","","","","","","","","0","0","1","13","0","","","","","","","","","","","","1","16","0","","","","","","","","","","","","","0"
"311","Iowa St.","10/16/10","7","REYNOLDS","DARIUS","","","","","","","","","","","","0","0","1","12","0","","","","","","","","","","","","","","","","","","","","","","","","","","","0"
"311","Iowa St.","10/23/10","7","REYNOLDS","DARIUS","","","","","","","","","","","","0","0","2","28","1","","","","","","","","","","","","","","","1","","","","","","","","","","","","6"
"311","Iowa St.","10/30/10","7","REYNOLDS","DARIUS","1","2","0","2","0","","","","","","","1","2","3","28","0","","","","","","","","","","","","","","","","","","","","","","","","","","","0"
"311","Iowa St.","11/06/10","7","REYNOLDS","DARIUS","1","0","9","-9","0","0","0","0","0","0","","1","-9","3","25","0","","","","","","","","","","","","","","","","","","","","","","","","","","","0"
"311","Iowa St.","11/13/10","7","REYNOLDS","DARIUS","","","","","","","","","","","","0","0","5","26","0","","","","","","","","","","","","1","20","0","","","","","","","","","","","","","0"
"311","Iowa St.","11/20/10","7","REYNOLDS","DARIUS","","","","","","","","","","","","0","0","1","14","0","","","","","","","","","","","","","","","","","","","","","","","","","","","0"
"311","Iowa St.","09/02/10","33","ROBINSON","ALEXANDER","19","106","9","97","2","","","","","","","19","97","4","32","0","","","","","","","","","","","","","","","2","","","","","","","","","","","","12"
"311","Iowa St.","09/11/10","33","ROBINSON","ALEXANDER","11","49","1","48","0","","","","","","","11","48","6","59","0","","","","","","","","","","","","","","","","","","","","","","","","","","","0"
"311","Iowa St.","09/18/10","33","ROBINSON","ALEXANDER","19","82","0","82","0","","","","","","","19","82","","","","","","","","","","","","","","","","","","","","","","","","","","","","","","0"
"311","Iowa St.","09/25/10","33","ROBINSON","ALEXANDER","15","81","7","74","1","","","","","","","15","74","2","9","0","","","","","","","","","","","","","","","1","","","","","","","","","","","","6"
"311","Iowa St.","10/02/10","33","ROBINSON","ALEXANDER","12","104","1","103","1","","","","","","","12","103","2","0","0","","","","","","","","","","","","","","","1","","","","","","","","","","","","6"
"311","Iowa St.","10/09/10","33","ROBINSON","ALEXANDER","12","48","3","45","1","","","","","","","12","45","3","18","0","","","","","","","","","","","","","","","1","","","","","","","","","","","","6"
"311","Iowa St.","10/16/10","33","ROBINSON","ALEXANDER","7","42","3","39","0","","","","","","","7","39","2","10","0","","","","","","","","","","","","","","","","","","","","","","","","","","","0"
"311","Iowa St.","10/23/10","33","ROBINSON","ALEXANDER","24","120","0","120","2","","","","","","","24","120","2","23","0","","","","","","","","","","","","","","","2","","","","","","","","","","","","12"
"311","Iowa St.","10/30/10","33","ROBINSON","ALEXANDER","17","117","0","117","1","","","","","","","17","117","","","","","","","","","","","","","","","","","","1","","","","","","","","","","","","6"
"311","Iowa St.","11/06/10","33","ROBINSON","ALEXANDER","32","114","13","101","0","","","","","","","32","101","4","29","1","","","","","","","","","","","","","","","1","","","","","","","","","","","","6"
"311","Iowa St.","11/13/10","33","ROBINSON","ALEXANDER","9","24","2","22","1","","","","","","","9","22","1","10","0","","","","","","","","","","","","","","","1","","","","","","","","","","","","6"
"311","Iowa St.","11/20/10","33","ROBINSON","ALEXANDER","25","108","10","98","0","","","","","","","25","98","0","11","0","","","","","","","","","","","","","","","","","","","","","","","","","","","0"
"311","Iowa St.","09/02/10","3","SANDVIG","ZAC","","","","","","","","","","","","0","0","","","","1","11","0","","","","","","","","","","","","","","","","","","","","","","","","0"
"311","Iowa St.","09/11/10","1","SIMS","DAVID","","","","","","","","","","","","0","0","","","","","","","","","","","","","","","1","23","0","","","","","","","","","","","","","0"
"311","Iowa St.","09/18/10","1","SIMS","DAVID","","","","","","","","","","","","0","0","","","","","","","","","","","","","","","1","17","0","","","","","","","","","","","","","0"
"311","Iowa St.","09/25/10","1","SIMS","DAVID","","","","","","","","","","","","0","0","","","","","","","","","","","","","","","1","14","0","","","","","","","","","","","","","0"
"311","Iowa St.","10/02/10","1","SIMS","DAVID","","","","","","","","","","","","0","0","","","","","","","","","","","","","","","3","60","0","","","","","","","","","","","","","0"
"311","Iowa St.","10/09/10","1","SIMS","DAVID","","","","","","","","","","","","0","0","","","","1","0","0","","","","","","","","","1","19","0","","","","","","","","","","","","","0"
"311","Iowa St.","10/16/10","1","SIMS","DAVID","","","","","","","","","","","","0","0","","","","","","","","","","","","","","","1","13","0","","","","","","","","","","","","","0"
"311","Iowa St.","10/23/10","1","SIMS","DAVID","","","","","","","","","","","","0","0","","","","","","","","","","","","","","","1","29","0","","","","","","","","","","","","","0"
"311","Iowa St.","10/30/10","1","SIMS","DAVID","","","","","","","","","","","","0","0","","","","","","","","","","","","","","","1","26","0","","","","","","","","","","","","","0"
"311","Iowa St.","11/06/10","1","SIMS","DAVID","","","","","","","","","","","","0","0","","","","","","","","","","","","","","","1","19","0","","","","","","","","","","","","","0"
"311","Iowa St.","11/13/10","1","SIMS","DAVID","","","","","","","","","","","","0","0","","","","","","","","","","","","1","-1","0","4","115","0","","","","","","","","","","","","","0"
"311","Iowa St.","11/20/10","1","SIMS","DAVID","","","","","","","","","","","","0","0","","","","","","","","","","","","","","","1","37","0","","","","","","","","","","","","","0"
"311","Iowa St.","09/18/10","11","TILLER","JEROME","1","10","0","10","0","1","0","0","0","0","","2","10","","","","","","","","","","","","","","","","","","","","","","","","","","","","","","0"
"311","Iowa St.","09/25/10","11","TILLER","JEROME","9","24","25","-1","0","22","11","0","87","0","","31","86","","","","","","","","","","1","38","","","","","","","","","","","","","","","","","","","0"
"311","Iowa St.","10/16/10","11","TILLER","JEROME","8","25","20","5","0","9","3","0","22","0","","17","27","","","","","","","","","","","","","","","","","","","","","","","","","","","","","","0"
"311","Iowa St.","11/13/10","11","TILLER","JEROME","6","18","20","-2","0","19","12","0","99","1","","25","97","","","","","","","","","","","","","","","","","","","","","","","","","","","","","","0"
"311","Iowa St.","11/20/10","11","TILLER","JEROME","18","73","19","54","0","31","13","0","155","0","","49","209","","","","","","","","","","","","","","","","","","","","","","","","","","","","","","0"
"311","Iowa St.","09/11/10","13","VAN DER KAMP","KIRBY","","","","","","","","","","","","0","0","","","","","","","","","","7","283","","","","","","","","","","","","","","","","","","","0"
"311","Iowa St.","09/18/10","13","VAN DER KAMP","KIRBY","","","","","","","","","","","","0","0","","","","","","","","","","3","153","","","","","","","","","","","","","","","","","","","0"
"311","Iowa St.","09/25/10","13","VAN DER KAMP","KIRBY","","","","","","","","","","","","0","0","","","","","","","","","","4","130","","","","","","","","","","","","","","","","","","","0"
"311","Iowa St.","10/02/10","13","VAN DER KAMP","KIRBY","1","17","0","17","0","","","","","","","1","17","","","","","","","","","","4","160","","","","","","","","","","","","","","","","","","","0"
"311","Iowa St.","10/09/10","13","VAN DER KAMP","KIRBY","","","","","","","","","","","","0","0","","","","","","","","","","9","450","","","","","","","","","","","","","","","","","","","0"
"311","Iowa St.","10/16/10","13","VAN DER KAMP","KIRBY","","","","","","","","","","","","0","0","","","","","","","","","","7","365","","","","","","","","","","","","","","","","","","","0"
"311","Iowa St.","10/23/10","13","VAN DER KAMP","KIRBY","","","","","","","","","","","","0","0","","","","","","","","","","9","419","","","","","","","","","","","","","","","","","","","0"
"311","Iowa St.","10/30/10","13","VAN DER KAMP","KIRBY","","","","","","","","","","","","0","0","","","","","","","","","","4","184","","","","","","","","","","","","","","","","","","","0"
"311","Iowa St.","11/06/10","13","VAN DER KAMP","KIRBY","","","","","","","","","","","","0","0","","","","","","","","","","3","128","","","","","","","","","","","","","","","","","","","0"
"311","Iowa St.","11/13/10","13","VAN DER KAMP","KIRBY","","","","","","","","","","","","0","0","","","","","","","","","","7","322","","","","","","","","","","","","","","","","","","","0"
"311","Iowa St.","11/20/10","13","VAN DER KAMP","KIRBY","","","","","","1","1","0","25","0","","1","25","","","","","","","","","","3","116","","","","","","","","","","","","","","","","","","","0"
"311","Iowa St.","09/11/10","8","WHITE","JAMES","1","1","0","1","0","","","","","","","1","1","1","5","0","","","","","","","","","","","","","","","","","","","","","","","","","","","0"
"311","Iowa St.","09/25/10","8","WHITE","JAMES","1","1","0","1","0","","","","","","","1","1","","","","","","","","","","","","","","","","","","","","","","","","","","","","","","0"
"311","Iowa St.","10/16/10","8","WHITE","JAMES","1","2","0","2","0","","","","","","","1","2","","","","","","","","","","","","","","","","","","","","","","","","","","","","","","0"
"311","Iowa St.","10/30/10","8","WHITE","JAMES","2","8","0","8","0","","","","","","","2","8","","","","","","","","","","","","","","","","","","","","","","","","","","","","","","0"
"311","Iowa St.","09/02/10","83","WILLIAMS","JAKE","","","","","","","","","","","","0","0","3","28","0","","","","","","","","","","","","","","","","","","","","","","","","","","","0"
"311","Iowa St.","09/18/10","83","WILLIAMS","JAKE","","","","","","","","","","","","0","0","4","36","1","","","","","","","","","","","","","","","1","","","","","","","","","","","","6"
"311","Iowa St.","10/02/10","83","WILLIAMS","JAKE","","","","","","","","","","","","0","0","2","16","0","","","","","","","","","","","","","","","","","","","","","","","","","","","0"
"311","Iowa St.","10/09/10","83","WILLIAMS","JAKE","","","","","","","","","","","","0","0","3","28","1","","","","","","","","","","","","","","","1","","","","","","","","","","","","6"
"311","Iowa St.","10/16/10","83","WILLIAMS","JAKE","","","","","","","","","","","","0","0","3","51","0","","","","","","","","","","","","","","","","","","","","","","","","","","","0"
"311","Iowa St.","10/23/10","83","WILLIAMS","JAKE","","","","","","","","","","","","0","0","1","35","0","","","","","","","","","","","","","","","","","","","","","","","","","","","0"
"311","Iowa St.","10/30/10","83","WILLIAMS","JAKE","","","","","","","","","","","","0","0","5","38","0","","","","","","","","","","","","","","","","","","","","","","","","","","","0"
"311","Iowa St.","11/06/10","83","WILLIAMS","JAKE","","","","","","","","","","","","0","0","5","46","2","","","","","","","","","","","","","","","2","","","","","","","","","","","","12"
"311","Iowa St.","11/13/10","83","WILLIAMS","JAKE","","","","","","","","","","","","0","0","3","24","0","","","","","","","","","","","","","","","","","","","","","","","","","","","0"
"311","Iowa St.","11/20/10","83","WILLIAMS","JAKE","","","","","","","","","","","","0","0","6","102","0","","","","","","","","","","","","","","","","","","","","","","","","","","","0"
"311","Iowa St.","09/02/10","32","WOODY","JEFF","1","3","0","3","0","","","","","","","1","3","","","","","","","","","","","","","","","","","","","","","","","","","","","","","","0"
"311","Iowa St.","09/18/10","32","WOODY","JEFF","6","43","0","43","0","","","","","","","6","43","","","","","","","","","","","","","","","","","","","","","","","","","","","","","","0"
"311","Iowa St.","09/25/10","32","WOODY","JEFF","5","20","0","20","0","","","","","","","5","20","","","","","","","","","","","","","","","","","","","","","","","","","","","","","","0"
"311","Iowa St.","10/02/10","32","WOODY","JEFF","12","35","1","34","0","","","","","","","12","34","","","","","","","","","","","","","","","","","","","","","","","","","","","","","","0"
"311","Iowa St.","10/09/10","32","WOODY","JEFF","7","44","0","44","0","","","","","","","7","44","","","","","","","","","","","","","","","","","","","","","","","","","","","","","","0"
"311","Iowa St.","10/16/10","32","WOODY","JEFF","3","3","0","3","0","","","","","","","3","3","","","","","","","","","","","","","","","","","","","","","","","","","","","","","","0"
"311","Iowa St.","10/23/10","32","WOODY","JEFF","8","30","0","30","0","","","","","","","8","30","","","","","","","","","","","","","","","","","","","","","","","","","","","","","","0"
"311","Iowa St.","10/30/10","32","WOODY","JEFF","4","9","0","9","1","","","","","","","4","9","","","","","","","","","","","","","","","1","9","0","1","","","","","","","","","","","","6"
"311","Iowa St.","11/06/10","32","WOODY","JEFF","1","5","0","5","0","","","","","","","1","5","","","","","","","","","","","","","","","","","","","","","","","","","","","","","","0"
"328","Kansas","09/04/10","19","BARFIELD","ISIAH","","","","","","","","","","","","0","0","","","","1","1","0","","","","","","","","","","","","","","","","","","","","","","","","0"
"328","Kansas","10/14/10","19","BARFIELD","ISIAH","","","","","","","","","","","","0","0","","","","","","","","","","","","","","","2","35","0","","","","","","","","","","","","","0"
"328","Kansas","10/23/10","19","BARFIELD","ISIAH","","","","","","","","","","","","0","0","","","","","","","","","","","","","","","1","22","0","","","","","","","","","","","","","0"
"328","Kansas","10/30/10","19","BARFIELD","ISIAH","","","","","","","","","","","","0","0","","","","","","","","","","","","","","","1","18","0","","","","","","","","","","","","","0"
"328","Kansas","11/06/10","19","BARFIELD","ISIAH","","","","","","","","","","","","0","0","","","","1","7","0","","","","","","","","","","","","","","","","","","","","","","","","0"
"328","Kansas","09/04/10","20","BESHEARS","D.J.","3","14","0","14","0","","","","","","","3","14","1","4","0","","","","","","","","","","","","2","84","0","","","","","","","","","","","","","0"
"328","Kansas","09/11/10","20","BESHEARS","D.J.","1","3","0","3","0","","","","","","","1","3","1","7","0","","","","","","","","","","","","3","40","0","","","","","","","","","","","","","0"
"328","Kansas","09/17/10","20","BESHEARS","D.J.","3","13","0","13","0","","","","","","","3","13","","","","","","","","","","","","","","","1","56","0","","","","","","","","","","","","","0"
"328","Kansas","09/25/10","20","BESHEARS","D.J.","8","40","2","38","2","","","","","","","8","38","2","6","0","","","","","","","","","","","","2","117","1","3","","","","","","","","","","","","18"
"328","Kansas","10/02/10","20","BESHEARS","D.J.","12","53","6","47","0","","","","","","","12","47","2","10","0","","","","","","","","","","","","3","70","0","","","","","","","","","","","","","0"
"328","Kansas","10/14/10","20","BESHEARS","D.J.","1","0","2","-2","0","","","","","","","1","-2","","","","","","","","","","","","","","","5","112","0","","","","","","","","","","","","","0"
"328","Kansas","10/23/10","20","BESHEARS","D.J.","12","64","0","64","0","","","","","","","12","64","1","5","0","","","","","","","","","","","","4","77","0","","","","","","","","","","","","","0"
"328","Kansas","11/06/10","20","BESHEARS","D.J.","7","19","0","19","0","","","","","","","7","19","1","19","1","","","","","","","","","","","","5","111","0","1","","","","","","","","","","","","6"
"328","Kansas","11/13/10","20","BESHEARS","D.J.","5","14","1","13","0","","","","","","","5","13","","","","","","","","","","","","","","","5","139","0","","","","","","","","","","","","","0"
"328","Kansas","11/20/10","20","BESHEARS","D.J.","3","6","2","4","0","","","","","","","3","4","2","18","0","","","","","","","","","","","","3","62","0","","","","","","","","","","","","","0"
"328","Kansas","11/27/10","20","BESHEARS","D.J.","","","","","","","","","","","","0","0","","","","","","","","","","","","1","6","0","3","54","0","","","","","","","","","","","","","0"
"328","Kansas","09/04/10","86","BIERE","TIM","","","","","","","","","","","","0","0","2","31","0","","","","","","","","","","","","","","","","","","","","","","","","","","","0"
"328","Kansas","09/11/10","86","BIERE","TIM","","","","","","","","","","","","0","0","1","2","1","","","","","","","","","","","","","","","1","","","","","","","","","","","","6"
"328","Kansas","09/17/10","86","BIERE","TIM","","","","","","","","","","","","0","0","2","33","0","","","","","","","","","","","","","","","","","","","","","","","","","","","0"
"328","Kansas","09/25/10","86","BIERE","TIM","","","","","","","","","","","","0","0","1","2","1","","","","","","","","","","","","","","","1","","","","","","","","","","","","6"
"328","Kansas","10/02/10","86","BIERE","TIM","","","","","","","","","","","","0","0","1","17","0","","","","","","","","","","","","","","","","","","","","","","","","","","","0"
"328","Kansas","10/14/10","86","BIERE","TIM","","","","","","","","","","","","0","0","2","11","0","","","","","","","","","","","","","","","","","","","","","","","","","","","0"
"328","Kansas","10/23/10","86","BIERE","TIM","","","","","","","","","","","","0","0","4","67","1","","","","","","","","","","","","","","","1","","","","","","","","","","","","6"
"328","Kansas","10/30/10","86","BIERE","TIM","","","","","","","","","","","","0","0","2","18","0","","","","","","","","","","","","","","","","","","","","","","","","","","","0"
"328","Kansas","11/06/10","86","BIERE","TIM","","","","","","","","","","","","0","0","2","26","0","","","","","","","","","","","","","","","","","","","","","","","","","","","0"
"328","Kansas","11/20/10","86","BIERE","TIM","","","","","","","","","","","","0","0","1","12","1","","","","","","","","","","","","1","1","0","1","","","","","","","","","","","","6"
"328","Kansas","11/27/10","86","BIERE","TIM","","","","","","","","","","","","0","0","1","9","0","","","","","","","","","","","","","","","","","","","","","","","","","","","0"
"328","Kansas","09/04/10","14","BRANSTETTER","JACOB","","","","","","","","","","","","0","0","","","","","","","","","","","","","","","","","","","","","","","","","","","3","1","","3"
"328","Kansas","09/11/10","14","BRANSTETTER","JACOB","","","","","","","","","","","","0","0","","","","","","","","","","","","","","","","","","","4","4","0","0","","","","","","","","4"
"328","Kansas","09/17/10","14","BRANSTETTER","JACOB","","","","","","","","","","","","0","0","","","","","","","","","","","","","","","","","","","2","1","0","0","","","","","1","1","","4"
"328","Kansas","09/25/10","14","BRANSTETTER","JACOB","","","","","","","","","","","","0","0","","","","","","","","","","","","","","","","","","","6","6","0","0","","","","","","","","6"
"328","Kansas","10/02/10","14","BRANSTETTER","JACOB","","","","","","","","","","","","0","0","","","","","","","","","","","","","","","","","","","1","1","0","0","","","","","1","0","","1"
"328","Kansas","10/14/10","14","BRANSTETTER","JACOB","","","","","","","","","","","","0","0","","","","","","","","","","","","","","","","","","","1","1","0","0","","","","","","","","1"
"328","Kansas","10/23/10","14","BRANSTETTER","JACOB","","","","","","","","","","","","0","0","","","","","","","","","","","","","","","","","","","1","1","0","0","","","","","1","1","","4"
"328","Kansas","10/30/10","14","BRANSTETTER","JACOB","","","","","","","","","","","","0","0","","","","","","","","","","","","","","","","","","","1","1","0","0","","","","","4","3","","10"
"328","Kansas","11/06/10","14","BRANSTETTER","JACOB","","","","","","","","","","","","0","0","","","","","","","","","","","","","","","","","","","7","7","0","0","","","","","1","1","","10"
"328","Kansas","11/13/10","14","BRANSTETTER","JACOB","","","","","","","","","","","","0","0","","","","","","","","","","","","","","","","","","","","","","","","","","","1","1","","3"
"328","Kansas","11/20/10","14","BRANSTETTER","JACOB","","","","","","","","","","","","0","0","","","","","","","","","","","","","","","","","","","2","2","0","0","","","","","1","0","","2"
"328","Kansas","11/27/10","14","BRANSTETTER","JACOB","","","","","","","","","","","","0","0","","","","","","","","","","","","","","","","","","","1","1","0","0","","","","","1","0","","1"
"328","Kansas","11/27/10","5","BROWN","GREG","","","","","","","","","","","","0","0","","","","1","0","0","","","","","","","","","","","","","","","","","","","","","","","","0"
"328","Kansas","11/27/10","87","DEDEAUX","BRADLEY","","","","","","","","","","","","0","0","","","","","","","","","","","","","","","1","7","0","","","","","","","","","","","","","0"
"328","Kansas","09/11/10","49","DUDLEY","DREW","","","","","","","","","","","","0","0","","","","","","","1","8","0","","","","","","","","","","","","","","","","","","","","","0"
"328","Kansas","10/02/10","85","HARRIS, JR.","RODERICK","","","","","","","","","","","","0","0","","","","","","","","","","","","","","","1","22","0","","","","","","","","","","","","","0"
"328","Kansas","10/14/10","85","HARRIS, JR.","RODERICK","","","","","","","","","","","","0","0","","","","","","","","","","","","","","","1","28","0","","","","","","","","","","","","","0"
"328","Kansas","10/23/10","85","HARRIS, JR.","RODERICK","","","","","","","","","","","","0","0","","","","","","","","","","","","1","2","0","","","","","","","","","","","","","","","","0"
"328","Kansas","11/06/10","40","HUNT","TYLER","","","","","","","","","","","","0","0","","","","","","","","","","","","","","","1","9","0","","","","","","","","","","","","","0"
"328","Kansas","11/20/10","40","HUNT","TYLER","","","","","","","","","","","","0","0","","","","","","","","","","","","","","","1","7","0","","","","","","","","","","","","","0"
"328","Kansas","11/06/10","65","MARTINOVICH","MICHAEL","","","","","","","","","","","","0","0","","","","","","","","","","","","","","","1","5","0","","","","","","","","","","","","","0"
"328","Kansas","09/25/10","12","MATTHEWS","CHRISTIAN","","","","","","","","","","","","0","0","1","41","0","","","","","","","","","","","","","","","","","","","","","","","","","","","0"
"328","Kansas","10/02/10","12","MATTHEWS","CHRISTIAN","","","","","","","","","","","","0","0","","","","","","","","","","","","","","","2","13","0","","","","","","","","","","","","","0"
"328","Kansas","09/04/10","24","MCDOUGALD","BRADLEY","","","","","","","","","","","","0","0","2","41","0","","","","","","","","","","","","","","","","","","","","","","","","","","","0"
"328","Kansas","09/11/10","24","MCDOUGALD","BRADLEY","","","","","","","","","","","","0","0","5","44","1","","","","","","","","","","","","1","21","0","1","","","","","","","","","","","","6"
"328","Kansas","09/17/10","24","MCDOUGALD","BRADLEY","","","","","","","","","","","","0","0","3","20","0","","","","","","","","","","","","5","103","0","","","","","","","","","","","","","0"
"328","Kansas","09/25/10","24","MCDOUGALD","BRADLEY","","","","","","","","","","","","0","0","1","11","0","","","","","","","","","","","","2","50","0","","","","","","","","","","","","","0"
"328","Kansas","10/02/10","24","MCDOUGALD","BRADLEY","","","","","","","","","","","","0","0","1","22","0","","","","","","","","","","","","3","31","0","","","","","","","","","","","","","0"
"328","Kansas","10/14/10","24","MCDOUGALD","BRADLEY","","","","","","","","","","","","0","0","4","65","0","","","","","","","","","","","","","","","","","","","","","","","","","","","0"
"328","Kansas","10/23/10","24","MCDOUGALD","BRADLEY","","","","","","","","","","","","0","0","1","10","0","","","","","","","","","","","","","","","","","","","","","","","","","","","0"
"328","Kansas","10/30/10","24","MCDOUGALD","BRADLEY","2","4","0","4","0","","","","","","","2","4","1","11","0","","","","","","","","","","","","3","63","0","","","","","","","","","","","","","0"
"328","Kansas","11/06/10","24","MCDOUGALD","BRADLEY","","","","","","","","","","","","0","0","1","16","0","","","","","","","","","","","","","","","","","","","","","","","","","","","0"
"328","Kansas","11/13/10","24","MCDOUGALD","BRADLEY","4","27","0","27","0","","","","","","","4","27","","","","","","","","","","","","","","","","","","","","","","","","","","","","","","0"
"328","Kansas","11/27/10","24","MCDOUGALD","BRADLEY","","","","","","","","","","","","0","0","","","","1","2","0","","","","","","","","","","","","","","","","","","","","","","","","0"
"328","Kansas","10/14/10","88","MCGRIFF","ERICK","","","","","","","","","","","","0","0","3","37","0","","","","","","","","","","","","","","","","","","","","","","","","","","","0"
"328","Kansas","10/30/10","88","MCGRIFF","ERICK","","","","","","","","","","","","0","0","3","24","0","","","","","","","","","","","","","","","","","","","","","","","","","","","0"
"328","Kansas","09/11/10","43","MCNULTY","TED","","","","","","","","","","","","0","0","1","11","0","","","","","","","","","","","","","","","","","","","","","","","","","","","0"
"328","Kansas","11/06/10","43","MCNULTY","TED","","","","","","","","","","","","0","0","","","","","","","","","","","","","","","1","1","0","","","","","","","","","","","","","0"
"328","Kansas","11/27/10","43","MCNULTY","TED","","","","","","","","","","","","0","0","","","","","","","","","","","","","","","1","5","0","","","","","","","","","","","","","0"
"328","Kansas","10/30/10","8","MECHAM","QUINN","6","5","13","-8","0","33","22","1","149","1","","39","141","","","","","","","","","","","","","","","","","","","","","","","","","","","","","","0"
"328","Kansas","11/06/10","8","MECHAM","QUINN","6","30","10","20","0","28","23","2","252","2","","34","272","","","","","","","","","","","","","","","","","","","","","","","","","","","","","","0"
"328","Kansas","11/13/10","8","MECHAM","QUINN","10","26","28","-2","0","13","3","1","15","0","","23","13","","","","","","","","","","","","","","","","","","","","","","","","","","","","","","0"
"328","Kansas","11/20/10","8","MECHAM","QUINN","5","16","16","0","0","23","13","0","138","1","","28","138","","","","","","","","","","","","","","","","","","","","","","","","","","","","","","0"
"328","Kansas","11/27/10","8","MECHAM","QUINN","","","","","","4","0","1","0","0","","4","0","","","","","","","","","","","","","","","","","","","","","","","","","","","","","","0"
"328","Kansas","09/25/10","83","OMIGIE","CHRIS","","","","","","","","","","","","0","0","1","15","0","","","","","","","","","","","","","","","","","","","","","","","","","","","0"
"328","Kansas","10/02/10","83","OMIGIE","CHRIS","","","","","","","","","","","","0","0","1","4","0","","","","","","","","","","","","","","","","","","","","","","","","","","","0"
"328","Kansas","10/30/10","83","OMIGIE","CHRIS","","","","","","","","","","","","0","0","1","5","0","","","","","","","","","","","","","","","","","","","","","","","","","","","0"
"328","Kansas","11/20/10","83","OMIGIE","CHRIS","","","","","","","","","","","","0","0","3","41","0","","","","","","","","","","","","","","","","","","","","","","","","","","","0"
"328","Kansas","11/27/10","83","OMIGIE","CHRIS","","","","","","","","","","","","0","0","1","8","0","","","","","","","","","","","","","","","","","","","","","","","","","","","0"
"328","Kansas","11/06/10","33","PATMON","TYLER","","","","","","","","","","","","0","0","","","","1","0","0","1","28","1","","","","","","","","","1","","","","","","","","","","","","6"
"328","Kansas","11/13/10","33","PATMON","TYLER","","","","","","","","","","","","0","0","","","","1","8","0","","","","","","","","","","","","","","","","","","","","","","","","0"
"328","Kansas","09/04/10","15","PATTERSON","DAYMOND","3","63","0","63","0","","","","","","","3","63","4","66","0","","","","","","","","","5","8","0","","","","","","","","","","","","","","","","0"
"328","Kansas","09/11/10","15","PATTERSON","DAYMOND","2","0","4","-4","0","","","","","","","2","-4","7","85","1","","","","","","","","","1","10","0","","","","1","","","","","","","","","","","","6"
"328","Kansas","09/17/10","15","PATTERSON","DAYMOND","","","","","","","","","","","","0","0","5","15","0","","","","","","","","","1","-1","0","","","","","","","","","","","","","","","","0"
"328","Kansas","09/25/10","15","PATTERSON","DAYMOND","1","1","0","1","0","","","","","","","1","1","6","40","0","","","","","","","","","2","23","0","","","","","","","","","","","","","","","","0"
"328","Kansas","10/02/10","15","PATTERSON","DAYMOND","","","","","","","","","","","","0","0","6","53","1","","","","","","","","","","","","","","","1","","","","","","","","","","","","6"
"328","Kansas","10/14/10","15","PATTERSON","DAYMOND","","","","","","","","","","","","0","0","5","40","0","","","","","","","","","","","","","","","","","","","","","","","","","","","0"
"328","Kansas","10/23/10","15","PATTERSON","DAYMOND","","","","","","","","","","","","0","0","5","17","0","","","","","","","","","","","","","","","","","","","","","","","","","","","0"
"328","Kansas","10/30/10","15","PATTERSON","DAYMOND","1","0","6","-6","0","","","","","","","1","-6","6","22","0","","","","","","","","","2","3","0","","","","","","","","","","","","","","","","0"
"328","Kansas","11/06/10","15","PATTERSON","DAYMOND","","","","","","","","","","","","0","0","8","75","0","","","","","","","","","","","","","","","","","","","","","","","","","","","0"
"328","Kansas","11/13/10","15","PATTERSON","DAYMOND","","","","","","","","","","","","0","0","1","2","0","","","","","","","","","1","1","0","","","","","","","","","","","","","","","","0"
"328","Kansas","11/20/10","15","PATTERSON","DAYMOND","1","1","0","1","0","","","","","","","1","1","6","68","0","","","","","","","","","","","","","","","","","","","","","","","","","","","0"
"328","Kansas","11/27/10","15","PATTERSON","DAYMOND","","","","","","","","","","","","0","0","1","4","0","","","","","","","","","1","5","0","","","","","","","","","","","","","","","","0"
"328","Kansas","09/04/10","7","PICK","KALE","5","5","7","-2","0","22","13","1","138","0","","27","136","","","","","","","","","","","","","","","","","","","","","","","","","","","","","","0"
"328","Kansas","09/11/10","7","PICK","KALE","3","12","0","12","0","1","0","0","0","0","","4","12","","","","","","","","","","","","","","","","","","","","","","","","","","","","","","0"
"328","Kansas","09/25/10","7","PICK","KALE","1","15","0","15","0","1","1","0","15","0","","2","30","","","","","","","","","","","","","","","","","","","","","","","","","","","","","","0"
"328","Kansas","10/23/10","7","PICK","KALE","6","11","19","-8","0","12","7","0","40","0","","18","32","","","","","","","","","","","","","","","","","","","","","","","","","","","","","","0"
"328","Kansas","11/20/10","7","PICK","KALE","","","","","","","","","","","","0","0","2","9","0","","","","","","","","","","","","","","","","","","","","","","","","","","","0"
"328","Kansas","11/27/10","7","PICK","KALE","","","","","","","","","","","","0","0","1","9","0","","","","","","","","","","","","","","","","","","","","","","","","","","","0"
"328","Kansas","09/04/10","22","QUIGLEY","ANGUS","7","16","1","15","0","","","","","","","7","15","2","18","0","","","","","","","","","","","","","","","","","","","","","","","","","","","0"
"328","Kansas","09/11/10","22","QUIGLEY","ANGUS","8","46","0","46","0","","","","","","","8","46","1","6","0","","","","","","","","","","","","","","","","","","","","","","","","","","","0"
"328","Kansas","09/17/10","22","QUIGLEY","ANGUS","1","5","0","5","0","","","","","","","1","5","1","1","0","","","","","","","","","","","","","","","","","","","","","","","","","","","0"
"328","Kansas","09/25/10","22","QUIGLEY","ANGUS","","","","","","","","","","","","0","0","1","43","0","","","","","","","","","","","","","","","","","","","","","","","","","","","0"
"328","Kansas","10/14/10","22","QUIGLEY","ANGUS","16","70","0","70","1","","","","","","","16","70","3","13","0","","","","","","","","","","","","","","","1","","","","","","","","","","","","6"
"328","Kansas","10/23/10","22","QUIGLEY","ANGUS","9","25","0","25","0","","","","","","","9","25","1","15","0","","","","","","","","","","","","","","","","","","","","","","","","","","","0"
"328","Kansas","10/30/10","22","QUIGLEY","ANGUS","14","69","0","69","0","","","","","","","14","69","4","56","0","","","","","","","","","","","","","","","","","","","","","","","","","","","0"
"328","Kansas","11/06/10","22","QUIGLEY","ANGUS","4","4","0","4","0","","","","","","","4","4","","","","","","","","","","","","","","","","","","","","","","","","","","","","","","0"
"328","Kansas","11/13/10","22","QUIGLEY","ANGUS","6","10","0","10","0","","","","","","","6","10","1","12","0","","","","","","","","","","","","","","","","","","","","","","","","","","","0"
"328","Kansas","11/20/10","22","QUIGLEY","ANGUS","5","13","0","13","0","","","","","","","5","13","","","","","","","","","","","","","","","","","","","","","","","","","","","","","","0"
"328","Kansas","11/27/10","22","QUIGLEY","ANGUS","1","5","0","5","0","","","","","","","1","5","1","0","0","","","","","","","","","","","","","","","","","","","","","","","","","","","0"
"328","Kansas","09/04/10","18","ROJAS","ALONSO","","","","","","","","","","","","0","0","","","","","","","","","","4","173","","","","","","","","","","","","","","","","","","","0"
"328","Kansas","09/11/10","18","ROJAS","ALONSO","","","","","","","","","","","","0","0","","","","","","","","","","5","217","","","","","","","","","","","","","","","","","","","0"
"328","Kansas","09/17/10","18","ROJAS","ALONSO","","","","","","","","","","","","0","0","","","","","","","","","","5","222","","","","","","","","","","","","","","","","","","","0"
"328","Kansas","09/25/10","18","ROJAS","ALONSO","","","","","","1","0","0","0","0","","1","0","","","","","","","","","","2","89","","","","","","","","","","","","","","","","","","","0"
"328","Kansas","10/02/10","18","ROJAS","ALONSO","","","","","","","","","","","","0","0","","","","","","","","","","5","219","","","","","","","","","","","","","","","","","","","0"
"328","Kansas","10/14/10","18","ROJAS","ALONSO","","","","","","","","","","","","0","0","","","","","","","","","","6","241","","","","","","","","","","","","","","","","","","","0"
"328","Kansas","10/23/10","18","ROJAS","ALONSO","","","","","","","","","","","","0","0","","","","","","","","","","7","292","","","","","","","","","","","","","","","","","","","0"
"328","Kansas","10/30/10","18","ROJAS","ALONSO","","","","","","","","","","","","0","0","","","","","","","","","","7","335","","","","","","","","","","","","","","","","","","","0"
"328","Kansas","11/06/10","18","ROJAS","ALONSO","","","","","","","","","","","","0","0","","","","","","","","","","2","61","","","","","","","","","","","","","","","","","","","0"
"328","Kansas","11/13/10","18","ROJAS","ALONSO","","","","","","","","","","","","0","0","","","","","","","","","","9","363","","","","","","","","","","","","","","","","","","","0"
"328","Kansas","11/20/10","18","ROJAS","ALONSO","","","","","","","","","","","","0","0","","","","","","","","","","7","295","","","","","","","","","","","","","","","","","","","0"
"328","Kansas","11/27/10","18","ROJAS","ALONSO","","","","","","","","","","","","0","0","","","","","","","","","","5","207","","","","","","","","","","","","","","","","","","","0"
"328","Kansas","09/04/10","36","SANDS","DESHAUN","10","18","1","17","0","","","","","","","10","17","1","4","0","","","","","","","","","","","","","","","","","","","","","","","","","","","0"
"328","Kansas","09/17/10","36","SANDS","DESHAUN","8","35","1","34","1","","","","","","","8","34","","","","","","","","","","","","","","","","","","1","","","","","","","","","","","","6"
"328","Kansas","09/25/10","36","SANDS","DESHAUN","11","38","1","37","0","","","","","","","11","37","","","","","","","","","","","","","","","","","","","","","","","","","","","","","","0"
"328","Kansas","10/02/10","36","SANDS","DESHAUN","3","5","0","5","0","","","","","","","3","5","","","","","","","","","","","","","","","","","","","","","","","","","","","","","","0"
"328","Kansas","10/14/10","36","SANDS","DESHAUN","2","12","0","12","0","","","","","","","2","12","","","","","","","","","","","","","","","","","","","","","","","","","","","","","","0"
"328","Kansas","10/23/10","36","SANDS","DESHAUN","6","26","0","26","0","","","","","","","6","26","","","","","","","","","","","","","","","","","","","","","","","","","","","","","","0"
"328","Kansas","11/06/10","36","SANDS","DESHAUN","7","35","0","35","0","","","","","","","7","35","2","14","0","","","","","","","","","","","","","","","","","","","","","","","","","","","0"
"328","Kansas","11/20/10","36","SANDS","DESHAUN","2","10","0","10","0","","","","","","","2","10","1","3","0","","","","","","","","","","","","","","","","","","","","","","","","","","","0"
"328","Kansas","11/27/10","36","SANDS","DESHAUN","6","37","2","35","0","","","","","","","6","35","","","","","","","","","","","","","","","1","21","0","","","","","","","","","","","","","0"
"328","Kansas","09/11/10","29","SIMS","JAMES","17","101","0","101","1","","","","","","","17","101","","","","","","","","","","","","","","","","","","1","","","","","","","","","","","","6"
"328","Kansas","09/17/10","29","SIMS","JAMES","20","77","3","74","0","","","","","","","20","74","1","2","0","","","","","","","","","","","","","","","","","","","","","","","","","","","0"
"328","Kansas","09/25/10","29","SIMS","JAMES","16","115","0","115","2","","","","","","","16","115","2","49","0","","","","","","","","","","","","","","","2","","","","","","","","","","","","12"
"328","Kansas","10/02/10","29","SIMS","JAMES","14","40","1","39","0","","","","","","","14","39","1","30","0","","","","","","","","","","","","","","","","","","","","","","","","","","","0"
"328","Kansas","10/14/10","29","SIMS","JAMES","10","25","2","23","0","","","","","","","10","23","1","0","0","","","","","","","","","","","","","","","","","","","","","","","","","","","0"
"328","Kansas","10/23/10","29","SIMS","JAMES","5","23","0","23","0","","","","","","","5","23","3","13","0","","","","","","","","","","","","","","","","","","","","","","","","","","","0"
"328","Kansas","10/30/10","29","SIMS","JAMES","19","60","0","60","0","","","","","","","19","60","5","13","1","","","","","","","","","","","","","","","1","","","","","","","","","","","","6"
"328","Kansas","11/06/10","29","SIMS","JAMES","20","123","0","123","4","","","","","","","20","123","4","22","0","","","","","","","","","","","","","","","4","","","","","","","","","","","","24"
"328","Kansas","11/13/10","29","SIMS","JAMES","9","24","0","24","0","","","","","","","9","24","1","1","0","","","","","","","","","","","","","","","","","","","","","","","","","","","0"
"328","Kansas","11/20/10","29","SIMS","JAMES","17","78","0","78","1","","","","","","","17","78","","","","","","","","","","","","","","","","","","1","","","","","","","","","","","","6"
"328","Kansas","11/27/10","29","SIMS","JAMES","21","83","1","82","1","","","","","","","21","82","1","4","0","","","","","","","","","","","","","","","1","","","","","","","","","","","","6"
"328","Kansas","09/04/10","11","STEWARD","AJ","","","","","","","","","","","","0","0","1","8","0","","","","","","","","","","","","","","","","","","","","","","","","","","","0"
"328","Kansas","09/17/10","26","STROZIER","PHILLIP","","","","","","","","","","","","0","0","","","","1","0","0","","","","","","","","","","","","","","","","","","","","","","","","0"
"328","Kansas","09/04/10","2","WEBB","JORDAN","3","1","10","-9","0","11","6","0","59","0","","14","50","","","","","","","","","","","","","","","","","","","","","","","","","","","","","","0"
"328","Kansas","09/11/10","2","WEBB","JORDAN","8","11","26","-15","0","29","18","1","179","3","","37","164","","","","","","","","","","","","","","","","","","","","","","","","","","","","","","0"
"328","Kansas","09/17/10","2","WEBB","JORDAN","12","39","29","10","0","26","16","0","138","1","","38","148","","","","","","","","","","","","","","","","","","","","","","","","","","","","","","0"
"328","Kansas","09/25/10","2","WEBB","JORDAN","5","34","1","33","0","27","17","0","249","1","","32","282","","","","","","","","","","","","","","","","","","","","","","","","","","","","","","0"
"328","Kansas","10/02/10","2","WEBB","JORDAN","8","26","18","8","0","28","16","2","171","1","","36","179","","","","","","","","","","","","","","","","","","","","","","","","","","","","","","0"
"328","Kansas","10/14/10","2","WEBB","JORDAN","7","18","18","0","0","46","26","1","228","0","","53","228","","","","","","","","","","","","","","","","","","","","","","","","","","","","","","0"
"328","Kansas","10/23/10","2","WEBB","JORDAN","7","75","0","75","0","18","9","2","90","1","","25","165","","","","","","","","","","","","","","","","","","","","","","","","","","","","","","0"
"328","Kansas","11/20/10","2","WEBB","JORDAN","1","8","0","8","0","9","6","0","36","0","","10","44","","","","","","","","","","","","","","","","","","","","","","","","","","","","","","0"
"328","Kansas","11/27/10","2","WEBB","JORDAN","8","15","41","-26","0","20","7","2","45","0","","28","19","","","","","","","","","","","","","","","","","","","","","","","","","","","","","","0"
"328","Kansas","09/04/10","81","WILSON","JOHNATHAN","","","","","","","","","","","","0","0","6","25","0","","","","","","","","","","","","","","","","","","","","","","","","","","","0"
"328","Kansas","09/11/10","81","WILSON","JOHNATHAN","","","","","","","","","","","","0","0","2","24","0","","","","","","","","","","","","","","","","","","","","","","","","","","","0"
"328","Kansas","09/17/10","81","WILSON","JOHNATHAN","","","","","","","","","","","","0","0","4","67","1","","","","","","","","","","","","","","","1","","","","","","","","","","","","6"
"328","Kansas","09/25/10","81","WILSON","JOHNATHAN","","","","","","","","","","","","0","0","3","57","0","","","","","","","","","","","","","","","","","","","","","","","","","","","0"
"328","Kansas","10/02/10","81","WILSON","JOHNATHAN","","","","","","","","","","","","0","0","4","35","0","","","","","","","","","","","","","","","","","","","","","","","","","","","0"
"328","Kansas","10/14/10","81","WILSON","JOHNATHAN","","","","","","","","","","","","0","0","8","62","0","","","","","","","","","","","","","","","","","","","","","","","","","","","0"
"328","Kansas","10/23/10","81","WILSON","JOHNATHAN","","","","","","","","","","","","0","0","1","3","0","","","","","","","","","","","","","","","","","","","","","","","","","","","0"
"328","Kansas","11/06/10","81","WILSON","JOHNATHAN","","","","","","","","","","","","0","0","5","80","1","","","","","","","","","","","","","","","1","","","","","","","","","","","","6"
"328","Kansas","11/20/10","81","WILSON","JOHNATHAN","","","","","","","","","","","","0","0","4","23","0","","","","","","","","","","","","","","","","","","","","","","","","","","","0"
"328","Kansas","11/27/10","81","WILSON","JOHNATHAN","","","","","","","","","","","","0","0","1","11","0","","","","","","","","","","","","","","","","","","","","","","","","","","","0"
"327","Kansas St.","10/23/10","1G","BACHAMP","COLE","","","","","","","","","","","","0","0","1","23","0","","","","","","","","","","","","","","","","","","","","","","","","","","","0"
"327","Kansas St.","11/27/10","1G","BACHAMP","COLE","","","","","","","","","","","","0","0","1","10","0","","","","","","","","","","","","","","","","","","","","","","","","","","","0"
"327","Kansas St.","09/04/10","10","CANTELE","ANTHONY","","","","","","","","","","","","0","0","","","","","","","","","","","","","","","","","","","4","4","0","0","","","","","1","1","","7"
"327","Kansas St.","09/11/10","10","CANTELE","ANTHONY","1","3","0","3","1","","","","","","","1","3","","","","","","","","","","","","","","","","","","1","3","2","0","0","","","","","1","0","","8"
"327","Kansas St.","09/11/10","19","CHERRY","JOSH","","","","","","","","","","","","0","0","","","","","","","","","","","","","","","","","","","4","4","0","0","","","","","","","","4"
"327","Kansas St.","09/18/10","19","CHERRY","JOSH","","","","","","","","","","","","0","0","","","","","","","","","","","","","","","","","","","3","3","0","0","","","","","2","2","","9"
"327","Kansas St.","09/25/10","19","CHERRY","JOSH","","","","","","","","","","","","0","0","","","","","","","","","","","","","","","","","","","2","2","0","0","","","","","1","1","","5"
"327","Kansas St.","10/07/10","19","CHERRY","JOSH","","","","","","","","","","","","0","0","","","","","","","","","","","","","","","","","","","1","1","0","0","","","","","2","2","","7"
"327","Kansas St.","10/14/10","19","CHERRY","JOSH","","","","","","","","","","","","0","0","","","","","","","","","","","","","","","","","","","8","8","0","0","","","","","1","1","","11"
"327","Kansas St.","10/23/10","19","CHERRY","JOSH","","","","","","","","","","","","0","0","","","","","","","","","","","","","","","","","","","6","6","0","0","","","","","","","","6"
"327","Kansas St.","10/30/10","19","CHERRY","JOSH","","","","","","","","","","","","0","0","","","","","","","","","","","","","","","","","","","2","2","0","0","","","","","1","0","","2"
"327","Kansas St.","11/06/10","19","CHERRY","JOSH","","","","","","","","","","","","0","0","","","","","","","","","","","","","","","","","","","4","4","1","1","","","","","1","1","","9"
"327","Kansas St.","11/13/10","19","CHERRY","JOSH","","","","","","","","","","","","0","0","","","","","","","","","","","","","","","","","","","2","2","0","0","","","","","","","","2"
"327","Kansas St.","11/20/10","19","CHERRY","JOSH","","","","","","","","","","","","0","0","","","","","","","","","","","","","","","","","","","4","4","0","0","","","","","","","","4"
"327","Kansas St.","11/27/10","19","CHERRY","JOSH","","","","","","","","","","","","0","0","","","","","","","","","","","","","","","","","","","7","7","0","0","","","","","","","","7"
"327","Kansas St.","12/30/10","19","CHERRY","JOSH","","","","","","","","","","","","0","0","","","","","","","","","","","","","","","","","","","4","4","0","0","","","","","1","0","","4"
"327","Kansas St.","09/04/10","14","COFFMAN","CARSON","13","26","31","-5","0","16","11","0","66","1","","29","61","","","","","","","","","","","","","","","","","","","","","","","","","","","","","","0"
"327","Kansas St.","09/11/10","14","COFFMAN","CARSON","6","20","2","18","0","26","18","0","280","3","","32","298","","","","","","","","","","","","","","","","","","","","","","","","","","","","","","0"
"327","Kansas St.","09/18/10","14","COFFMAN","CARSON","10","48","11","37","1","12","6","1","104","0","","22","141","","","","","","","","","","","","","","","","","","1","","","","","","","","","","","","6"
"327","Kansas St.","09/25/10","14","COFFMAN","CARSON","7","17","7","10","1","22","11","1","189","1","","29","199","","","","","","","","","","","","","","","","","","1","","","","","","","","","","","","6"
"327","Kansas St.","10/07/10","14","COFFMAN","CARSON","7","54","9","45","0","22","14","1","91","1","","29","136","","","","","","","","","","","","","","","","","","","","","","","","","","","","","","0"
"327","Kansas St.","10/14/10","14","COFFMAN","CARSON","10","43","1","42","3","16","15","0","184","2","","26","226","","","","","","","","","","","","","","","","","","3","","","","","","","","","","","","18"
"327","Kansas St.","10/23/10","14","COFFMAN","CARSON","10","12","31","-19","2","29","20","1","231","0","","39","212","","","","","","","","","","","","","","","","","","2","","","","","","","","","","","","12"
"327","Kansas St.","10/30/10","14","COFFMAN","CARSON","4","5","6","-1","0","35","23","2","170","0","","39","169","","","","","","","","","","","","","","","","","","","","","","","","","","","","","","0"
"327","Kansas St.","11/13/10","14","COFFMAN","CARSON","10","18","37","-19","0","19","11","1","170","1","0","29","151","","","","","","","","","","","","","","","","","","","","","1","0","","","","","","","","0"
"327","Kansas St.","11/20/10","14","COFFMAN","CARSON","11","16","27","-11","1","23","16","0","270","2","","34","259","","","","","","","","","","","","","","","","","","1","","","","","","","","","","","","6"
"327","Kansas St.","11/27/10","14","COFFMAN","CARSON","14","38","4","34","1","20","9","0","77","1","","34","111","","","","","","","","","","","","","","","","","","1","","","","","","","","","","","","6"
"327","Kansas St.","12/30/10","14","COFFMAN","CARSON","8","30","4","26","0","23","17","0","228","2","0","31","254","1","30","0","","","","","","","","","","","","","","","","","","1","0","","","","","","","","0"
"327","Kansas St.","09/04/10","9","DOERR","RYAN","","","","","","","","","","","","0","0","","","","","","","","","","6","248","","","","","","","","","","","","","","","","","","","0"
"327","Kansas St.","09/11/10","9","DOERR","RYAN","","","","","","","","","","","","0","0","","","","","","","","","","4","167","","","","","","","","","","","","","","","","","","","0"
"327","Kansas St.","09/18/10","9","DOERR","RYAN","1","0","2","-2","0","","","","","","","1","-2","","","","","","","","","","2","95","","","","","","","","","","","","","","","","","","","0"
"327","Kansas St.","09/25/10","9","DOERR","RYAN","","","","","","","","","","","","0","0","","","","","","","","","","7","298","","","","","","","","","","","","","","","","","","","0"
"327","Kansas St.","10/07/10","9","DOERR","RYAN","","","","","","","","","","","","0","0","","","","","","","","","","5","182","","","","","","","","","","","","","","","","","","","0"
"327","Kansas St.","10/14/10","9","DOERR","RYAN","","","","","","","","","","","","0","0","","","","","","","","","","2","93","","","","","","","","","","","","","","","","","","","0"
"327","Kansas St.","10/23/10","9","DOERR","RYAN","","","","","","","","","","","","0","0","","","","","","","","","","4","166","","","","","","","","","","","","","","","","","","","0"
"327","Kansas St.","10/30/10","9","DOERR","RYAN","","","","","","","","","","","","0","0","","","","","","","","","","6","272","","","","","","","","","","","","","","","","","","","0"
"327","Kansas St.","11/06/10","9","DOERR","RYAN","","","","","","","","","","","","0","0","","","","","","","","","","4","160","","","","","","","","","","","","","","","","","","","0"
"327","Kansas St.","11/13/10","9","DOERR","RYAN","","","","","","","","","","","","0","0","","","","","","","","","","5","207","","","","","","","","","","","","","","","","","","","0"
"327","Kansas St.","11/20/10","9","DOERR","RYAN","","","","","","","","","","","","0","0","","","","","","","","","","5","233","","","","","","","","","","","","","","","","","","","0"
"327","Kansas St.","11/27/10","9","DOERR","RYAN","","","","","","","","","","","","0","0","","","","","","","","","","4","141","","","","","","","","","","","","","","","","","","","0"
"327","Kansas St.","12/30/10","9","DOERR","RYAN","1","0","3","-3","0","","","","","","","1","-3","","","","","","","","","","3","93","","","","","","","","","","","","","","","","","","","0"
"327","Kansas St.","09/04/10","27","GARRETT","DAVID","","","","","","","","","","","","0","0","","","","1","0","0","","","","","","","","","","","","","","","","","","","","","","","","0"
"327","Kansas St.","10/23/10","94","GUIDRY","RAPHAEL","","","","","","","","","","","","0","0","","","","1","0","0","","","","","","","","","","","","","","","","","","","","","","","","0"
"327","Kansas St.","11/06/10","49","HAMM","LUCAS","1","5","0","5","0","","","","","","","1","5","","","","","","","","","","","","","","","","","","","","","","","","","","","","","","0"
"327","Kansas St.","12/30/10","49","HAMM","LUCAS","","","","","","","","","","","","0","0","","","","","","","","","","","","","","","2","20","0","","","","","","","","","","","","","0"
"327","Kansas St.","09/25/10","39","HANLEY","JAY","","","","","","","","","","","","0","0","","","","","","","","","","","","","","","1","0","0","","","","","","","","","","","","","0"
"327","Kansas St.","11/27/10","39","HANLEY","JAY","","","","","","","","","","","","0","0","","","","","","","","","","","","","","","2","9","0","","","","","","","","","","","","","0"
"327","Kansas St.","09/04/10","3","HARPER","CHRIS","","","","","","","","","","","","0","0","2","10","0","","","","","","","","","","","","","","","","","","","","","","","","","","","0"
"327","Kansas St.","09/11/10","3","HARPER","CHRIS","","","","","","","","","","","","0","0","1","27","0","","","","","","","","","","","","","","","","","","","","","","","","","","","0"
"327","Kansas St.","10/07/10","3","HARPER","CHRIS","","","","","","","","","","","","0","0","2","13","1","","","","","","","","","","","","","","","1","","","","","","","","","","","","6"
"327","Kansas St.","10/14/10","3","HARPER","CHRIS","","","","","","","","","","","","0","0","1","35","0","","","","","","","","","","","","","","","","","","","","","","","","","","","0"
"327","Kansas St.","10/23/10","3","HARPER","CHRIS","1","17","0","17","0","","","","","","","1","17","4","56","0","","","","","","","","","","","","","","","","","","","","","","","","","","","0"
"327","Kansas St.","10/30/10","3","HARPER","CHRIS","1","0","0","0","0","","","","","","","1","0","4","33","0","","","","","","","","","","","","","","","","","","","","","","","","","","","0"
"327","Kansas St.","11/20/10","3","HARPER","CHRIS","","","","","","","","","","","","0","0","4","74","1","","","","","","","","","","","","","","","1","","","","","","","","","","","","6"
"327","Kansas St.","11/27/10","3","HARPER","CHRIS","1","29","0","29","0","","","","","","","1","29","2","26","1","","","","","","","","","","","","","","","1","","","","","","","","","","","","6"
"327","Kansas St.","12/30/10","3","HARPER","CHRIS","1","4","0","4","0","","","","","","","1","4","5","56","1","","","","","","","","","","","","","","","1","","","","","","","","","","","","6"
"327","Kansas St.","10/14/10","8A","HARRISON","STEPHEN","","","","","","","","","","","","0","0","","","","1","0","0","1","85","1","","","","","","","","","1","","","","","","","","","","","","6"
"327","Kansas St.","11/06/10","8A","HARRISON","STEPHEN","","","","","","","","","","","","0","0","","","","1","8","0","","","","","","","","","","","","","","","","","","","","","","","","0"
"327","Kansas St.","10/30/10","2","HARTMAN","TYSYN","","","","","","","","","","","","0","0","","","","","","","","","","","","2","27","0","","","","","","","","","","","","","","","","0"
"327","Kansas St.","11/06/10","2","HARTMAN","TYSYN","","","","","","","","","","","","0","0","","","","2","52","0","","","","","","1","6","0","","","","","","","","","","","","","","","","0"
"327","Kansas St.","11/27/10","2","HARTMAN","TYSYN","","","","","","","","","","","","0","0","","","","","","","","","","","","1","8","0","","","","","","","","","","","","","","","","0"
"327","Kansas St.","09/11/10","82","HILBURN","ADRIAN","","","","","","","","","","","","0","0","1","10","0","","","","","","","","","","","","","","","","","","","","","","","","","","","0"
"327","Kansas St.","10/07/10","82","HILBURN","ADRIAN","","","","","","","","","","","","0","0","2","11","0","","","","","","","","","","","","","","","","","","","","","","","","","","","0"
"327","Kansas St.","10/14/10","82","HILBURN","ADRIAN","","","","","","","","","","","","0","0","2","13","0","","","","","","","","","","","","","","","","","","","","","","","","","","","0"
"327","Kansas St.","10/23/10","82","HILBURN","ADRIAN","","","","","","","","","","","","0","0","3","15","0","","","","","","","","","","","","","","","","","","","","","","","","","","","0"
"327","Kansas St.","10/30/10","82","HILBURN","ADRIAN","","","","","","","","","","","","0","0","6","49","0","","","","","","","","","","","","","","","","","","","","","","","","","","","0"
"327","Kansas St.","11/13/10","82","HILBURN","ADRIAN","","","","","","","","","","","","0","0","3","69","1","","","","","","","","","","","","","","","1","","","","","","","","","","","","6"
"327","Kansas St.","11/20/10","82","HILBURN","ADRIAN","","","","","","","","","","","","0","0","3","28","0","","","","","","","","","","","","","","","","","","","","","","","","","","","0"
"327","Kansas St.","11/27/10","82","HILBURN","ADRIAN","","","","","","","","","","","","0","0","3","20","0","","","","","","","","","","","","","","","","","","","","","","","","","","","0"
"327","Kansas St.","12/30/10","82","HILBURN","ADRIAN","","","","","","","","","","","","0","0","5","84","1","","","","","","","","","","","","","","","1","","","","","","","","","","","","6"
"327","Kansas St.","10/23/10","56","HREBEC","ALEX","","","","","","","","","","","","0","0","","","","","","","","","","","","","","","1","12","0","","","","","","","","","","","","","0"
"327","Kansas St.","09/04/10","33","HUBERT","JOHN","1","0","0","0","0","","","","","","","1","0","","","","","","","","","","","","","","","","","","","","","","","","","","","","","","0"
"327","Kansas St.","09/11/10","33","HUBERT","JOHN","1","3","0","3","0","","","","","","","1","3","","","","","","","","","","","","","","","","","","","","","","","","","","","","","","0"
"327","Kansas St.","10/14/10","33","HUBERT","JOHN","5","19","0","19","0","","","","","","","5","19","","","","","","","","","","","","","","","","","","","","","","","","","","","","","","0"
"327","Kansas St.","11/06/10","33","HUBERT","JOHN","2","0","2","-2","0","","","","","","","2","-2","","","","","","","","","","","","","","","","","","","","","","","","","","","","","","0"
"327","Kansas St.","11/13/10","33","HUBERT","JOHN","2","3","0","3","0","","","","","","","2","3","","","","","","","","","","","","","","","3","61","0","","","","","","","","","","","","","0"
"327","Kansas St.","11/20/10","33","HUBERT","JOHN","","","","","","","","","","","","0","0","","","","","","","","","","","","","","","6","111","0","","","","","","","","","","","","","0"
"327","Kansas St.","11/27/10","33","HUBERT","JOHN","1","5","0","5","0","","","","","","","1","5","","","","","","","","","","","","","","","","","","","","","","","","","","","","","","0"
"327","Kansas St.","09/04/10","7","KLEIN","COLLIN","3","6","3","3","0","1","1","0","-2","0","","4","1","","","","","","","","","","","","","","","","","","","","","","","","","","","","","","0"
"327","Kansas St.","09/11/10","7","KLEIN","COLLIN","2","2","6","-4","0","1","1","0","10","0","","3","6","","","","","","","","","","","","","","","","","","","","","","","","","","","","","","0"
"327","Kansas St.","10/07/10","7","KLEIN","COLLIN","6","34","1","33","0","2","2","0","16","0","","8","49","","","","","","","","","","","","","","","","","","","","","","","","","","","","","","0"
"327","Kansas St.","10/14/10","7","KLEIN","COLLIN","2","60","0","60","1","1","0","0","0","0","","3","60","","","","","","","","","","","","","","","","","","1","","","","","","","","","","","","6"
"327","Kansas St.","10/30/10","7","KLEIN","COLLIN","2","3","0","3","0","","","","","","","2","3","","","","","","","","","","","","","","","","","","","","","","","","","","","","","","0"
"327","Kansas St.","11/06/10","7","KLEIN","COLLIN","25","151","24","127","2","4","2","0","9","0","","29","136","","","","","","","","","","","","","","","","","","2","","","","","","","","","","","","12"
"327","Kansas St.","11/13/10","7","KLEIN","COLLIN","18","142","1","141","0","6","4","0","65","1","","24","206","","","","","","","","","","","","","","","","","","","","","","","","","","","","","","0"
"327","Kansas St.","11/20/10","7","KLEIN","COLLIN","12","55","19","36","2","3","1","0","40","0","","15","76","","","","","","","","","","","","","","","","","","2","","","","","","","","","","","","12"
"327","Kansas St.","11/27/10","7","KLEIN","COLLIN","5","31","0","31","1","","","","","","","5","31","","","","","","","","","","","","","","","","","","1","","","","","","","","","","","","6"
"327","Kansas St.","12/30/10","7","KLEIN","COLLIN","1","2","0","2","0","","","","","","","1","2","","","","","","","","","","","","","","","","","","","","","","","","","","","","","","0"
"327","Kansas St.","09/25/10","23","LAMUR","EMMANUEL","","","","","","","","","","","","0","0","","","","1","10","0","","","","","","","","","","","","","","","","","","","","","","","","0"
"327","Kansas St.","10/07/10","13","LAMUR","SAMMUEL","3","20","0","20","0","3","3","0","28","0","","6","48","","","","","","","","","","","","","","","","","","","","","","","","","","","","","","0"
"327","Kansas St.","09/25/10","18","MCDONALD","ANDRE","","","","","","","","","","","","0","0","2","23","0","","","","","","","","","","","","","","","","","","","","","","","","","","","0"
"327","Kansas St.","10/14/10","18","MCDONALD","ANDRE","","","","","","","","","","","","0","0","1","29","1","","","","","","","","","","","","","","","1","","","","","","","","","","","","6"
"327","Kansas St.","11/20/10","18","MCDONALD","ANDRE","","","","","","","","","","","","0","0","2","24","0","","","","","","","","","","","","","","","","","","0","0","","","","","","","","0"
"327","Kansas St.","11/27/10","2B","MCFALL","ZACH","","","","","","","","","","","","0","0","2","12","0","","","","","","","","","","","","","","","","","","","","","","","","","","","0"
"327","Kansas St.","09/11/10","17","PIERSON","GEORGE","","","","","","","","","","","","0","0","","","","","","","","","","1","41","","","","","","","","","","","","","","","","","","","0"
"327","Kansas St.","11/06/10","17","PIERSON","GEORGE","","","","","","","","","","","","0","0","","","","","","","","","","2","75","","","","","","","","","","","","","","","","","","","0"
"327","Kansas St.","09/04/10","20","POWELL","WILLIAM","6","72","0","72","1","","","","","","","6","72","","","","","","","","","","","","","","","","","","1","","","","","","","","","","","","6"
"327","Kansas St.","09/11/10","20","POWELL","WILLIAM","4","50","1","49","1","","","","","","","4","49","","","","","","","","","","","","","","","3","106","0","1","","","","","","","","","","","","6"
"327","Kansas St.","09/18/10","20","POWELL","WILLIAM","2","13","0","13","0","","","","","","","2","13","","","","","","","","","","","","","","","4","116","0","","","","","","","","","","","","","0"
"327","Kansas St.","09/25/10","20","POWELL","WILLIAM","","","","","","","","","","","","0","0","","","","","","","","","","","","","","","1","33","0","","","","","","","","","","","","","0"
"327","Kansas St.","10/07/10","20","POWELL","WILLIAM","3","10","0","10","0","","","","","","","3","10","","","","","","","","","","","","","","","6","186","0","","","","","","","","","","","","","0"
"327","Kansas St.","10/14/10","20","POWELL","WILLIAM","5","70","0","70","0","","","","","","","5","70","","","","","","","","","","","","","","","","","","","","","","","","","","","","","","0"
"327","Kansas St.","10/23/10","20","POWELL","WILLIAM","","","","","","","","","","","","0","0","","","","","","","","","","","","","","","4","172","1","1","","","","","","","","","","","","6"
"327","Kansas St.","10/30/10","20","POWELL","WILLIAM","1","8","0","8","1","","","","","","","1","8","1","5","0","","","","","","","","","","","","2","51","0","1","","","","","","","","","","","","6"
"327","Kansas St.","11/06/10","20","POWELL","WILLIAM","2","28","0","28","1","","","","","","","2","28","","","","","","","","","","","","1","0","0","1","62","0","1","","","","","","","","","","","","6"
"327","Kansas St.","09/04/10","89","QUARLES","AUBREY","","","","","","","","","","","","0","0","1","13","0","","","","","","","","","","","","1","23","0","","","","","","","","","","","","","0"
"327","Kansas St.","09/11/10","89","QUARLES","AUBREY","","","","","","","","","","","","0","0","7","82","1","","","","","","","","","","","","","","","1","","","","","","","","","","","","6"
"327","Kansas St.","09/18/10","89","QUARLES","AUBREY","1","19","0","19","0","","","","","","","1","19","1","11","0","","","","","","","","","","","","","","","","","","","","","","","","","","","0"
"327","Kansas St.","09/25/10","89","QUARLES","AUBREY","","","","","","","","","","","","0","0","1","58","1","","","","","","","","","","","","1","16","0","1","","","","","","","","","","","","6"
"327","Kansas St.","10/07/10","89","QUARLES","AUBREY","","","","","","","","","","","","0","0","5","57","0","","","","","","","","","","","","","","","","","","","","","","","","","","","0"
"327","Kansas St.","10/14/10","89","QUARLES","AUBREY","1","4","0","4","0","","","","","","","1","4","3","23","0","","","","","","","","","","","","1","22","0","","","","","","","","","","","","","0"
"327","Kansas St.","10/23/10","89","QUARLES","AUBREY","","","","","","","","","","","","0","0","6","131","1","","","","","","","","","","","","2","40","0","1","","","","","","","","","","","","6"
"327","Kansas St.","10/30/10","89","QUARLES","AUBREY","","","","","","","","","","","","0","0","8","54","0","","","","","","","","","","","","2","35","0","","","","","","","","","","","","","0"
"327","Kansas St.","11/13/10","89","QUARLES","AUBREY","","","","","","","","","","","","0","0","9","133","1","","","","","","","","","","","","2","36","0","1","","","","","","","","","","","","6"
"327","Kansas St.","11/20/10","89","QUARLES","AUBREY","1","18","0","18","0","","","","","","","1","18","5","114","1","","","","","","","","","","","","1","19","0","1","","","","","","","","","","","","6"
"327","Kansas St.","11/27/10","89","QUARLES","AUBREY","","","","","","","","","","","","0","0","1","9","0","","","","","","","","","","","","5","197","1","1","","","","","","","","","","","","6"
"327","Kansas St.","12/30/10","89","QUARLES","AUBREY","","","","","","","","","","","","0","0","4","75","0","","","","","","","","","","","","3","71","0","","","","","","","","","","","","","0"
"327","Kansas St.","12/30/10","45","ROHLEDER","KEVIN","","","","","","","","","","","","0","0","","","","","","","","","","","","","","","1","13","0","","","","","","","","","","","","","0"
"327","Kansas St.","09/04/10","5","SMITH","BRODRICK","1","2","0","2","0","","","","","","","1","2","3","14","1","","","","","","","","","","","","","","","1","","","","","","","","","","","","6"
"327","Kansas St.","09/11/10","5","SMITH","BRODRICK","","","","","","","","","","","","0","0","6","99","2","","","","","","","","","","","","","","","2","","","","","","","","","","","","12"
"327","Kansas St.","09/18/10","5","SMITH","BRODRICK","1","15","0","15","0","","","","","","","1","15","3","66","0","","","","","","","","","","","","","","","","","","","","","","","","","","","0"
"327","Kansas St.","09/25/10","5","SMITH","BRODRICK","1","4","0","4","0","","","","","","","1","4","2","12","0","","","","","","","","","","","","","","","","","","","","","","","","","","","0"
"327","Kansas St.","09/04/10","16","SWEENEY","TERRANCE","","","","","","","","","","","","0","0","","","","1","1","0","","","","","","","","","","","","","","","","","","","","","","","","0"
"327","Kansas St.","09/04/10","80","TANNAHILL","TRAVIS","","","","","","","","","","","","0","0","1","13","0","","","","","","","","","","","","","","","","","","","","","","","","","","","0"
"327","Kansas St.","09/11/10","80","TANNAHILL","TRAVIS","","","","","","","","","","","","0","0","1","8","0","","","","","","","","","","","","","","","","","","","","","","","","","","","0"
"327","Kansas St.","10/14/10","80","TANNAHILL","TRAVIS","","","","","","","","","","","","0","0","1","13","1","","","","","","","","","","","","","","","1","","","","","","","","","","","","6"
"327","Kansas St.","11/20/10","80","TANNAHILL","TRAVIS","","","","","","","","","","","","0","0","2","64","0","","","","","","","","","","","","","","","","","","","","","","","","","","","0"
"327","Kansas St.","12/30/10","80","TANNAHILL","TRAVIS","","","","","","","","","","","","0","0","2","5","0","","","","","","","","","","","","","","","","","","","","","","","","","","","0"
"327","Kansas St.","09/04/10","8","THOMAS","DANIEL","28","235","1","234","2","","","","","","","28","234","2","15","0","","","","","","","","","","","","","","","2","","","","","","","","","","","","12"
"327","Kansas St.","09/11/10","8","THOMAS","DANIEL","21","140","3","137","2","","","","","","","21","137","","","","","","","","","","","","","","","","","","2","","","","","","","","","","","","12"
"327","Kansas St.","09/18/10","8","THOMAS","DANIEL","34","189","8","181","2","","","","","","","34","181","","","","","","","","","","","","","","","","","","2","","","","","","","","","","","","12"
"327","Kansas St.","09/25/10","8","THOMAS","DANIEL","22","79","3","76","0","","","","","","","22","76","2","1","0","","","","","","","","","","","","","","","","","","","","","","","","","","","0"
"327","Kansas St.","10/07/10","8","THOMAS","DANIEL","22","63","0","63","0","","","","","","","22","63","8","36","0","","","","","","","","","","","","","","","","","","","","","","","","","","","0"
"327","Kansas St.","10/14/10","8","THOMAS","DANIEL","18","92","1","91","1","","","","","","","18","91","1","9","0","","","","","","","","","","","","","","","1","","","","","","","","","","","","6"
"327","Kansas St.","10/23/10","8","THOMAS","DANIEL","22","116","3","113","2","1","1","0","67","1","","23","180","3","27","0","","","","","","","","","","","","","","","2","","","","","","","","","","","","12"
"327","Kansas St.","10/30/10","8","THOMAS","DANIEL","29","105","4","101","1","3","2","1","8","0","","32","109","5","32","0","","","","","","","","","","","","","","","1","","","","","","","","","","","","6"
"327","Kansas St.","11/06/10","8","THOMAS","DANIEL","18","107","1","106","2","","","","","","","18","106","2","9","0","","","","","","","","","","","","","","","2","","","","","","","","","","","","12"
"327","Kansas St.","11/13/10","8","THOMAS","DANIEL","12","66","0","66","2","1","0","0","0","0","","13","66","2","28","0","","","","","","","","","","","","","","","2","","","1","1","","","","","","","","14"
"327","Kansas St.","11/20/10","8","THOMAS","DANIEL","14","58","0","58","0","","","","","","1","14","58","1","6","0","","","","","","","","","","","","","","","","","","1","1","","","","","","","","2"
"327","Kansas St.","11/27/10","8","THOMAS","DANIEL","36","269","0","269","2","1","0","0","0","0","","37","269","","","","","","","","","","","","","","","","","","2","","","","","","","","","","","","12"
"327","Kansas St.","12/30/10","8","THOMAS","DANIEL","22","96","6","90","3","2","1","0","30","0","","24","120","1","8","0","","","","","","","","","","","","","","","3","","","","","","","","","","","","18"
"327","Kansas St.","09/04/10","86","THOMPSON","TRAMAINE","1","9","0","9","0","","","","","","","1","9","3","-1","0","","","","","","","","","3","38","0","","","","","","","","","","","","","","","","0"
"327","Kansas St.","09/11/10","86","THOMPSON","TRAMAINE","","","","","","","","","","","","0","0","2","41","0","","","","","","","","","5","17","0","","","","","","","","","","","","","","","","0"
"327","Kansas St.","09/18/10","86","THOMPSON","TRAMAINE","","","","","","","","","","","","0","0","2","27","0","","","","","","","","","1","-1","0","","","","","","","","","","","","","","","","0"
"327","Kansas St.","09/25/10","86","THOMPSON","TRAMAINE","","","","","","","","","","","","0","0","3","87","0","","","","","","","","","2","13","0","","","","","","","","","","","","","","","","0"
"327","Kansas St.","10/07/10","86","THOMPSON","TRAMAINE","1","8","0","8","0","","","","","","","1","8","","","","","","","","","","","","1","13","0","","","","","","","","","","","","","","","","0"
"327","Kansas St.","10/14/10","86","THOMPSON","TRAMAINE","","","","","","","","","","","","0","0","5","58","0","","","","","","","","","1","16","0","","","","","","","","","","","","","","","","0"
"327","Kansas St.","10/23/10","86","THOMPSON","TRAMAINE","","","","","","","","","","","","0","0","4","46","0","","","","","","","","","","","","","","","","","","","","","","","","","","","0"
"327","Kansas St.","11/13/10","50","WALKER","TRE","","","","","","","","","","","","0","0","","","","1","17","0","","","","","","1","0","0","","","","","","","","","","","","","","","","0"
"327","Kansas St.","09/11/10","37","WILSON","BRADEN","","","","","","","","","","","","0","0","1","23","0","","","","","","","","","","","","","","","","","","","","","","","","","","","0"
"327","Kansas St.","09/25/10","37","WILSON","BRADEN","","","","","","","","","","","","0","0","1","8","0","","","","","","","","","","","","","","","","","","","","","","","","","","","0"
"327","Kansas St.","10/07/10","37","WILSON","BRADEN","1","3","0","3","0","","","","","","","1","3","2","18","0","","","","","","","","","","","","","","","","","","","","","","","","","","","0"
"327","Kansas St.","10/14/10","37","WILSON","BRADEN","","","","","","","","","","","","0","0","1","4","0","","","","","","","","","","","","","","","","","","","","","","","","","","","0"
"327","Kansas St.","10/30/10","37","WILSON","BRADEN","","","","","","","","","","","","0","0","1","5","0","","","","","","","","","","","","","","","","","","","","","","","","","","","0"
"327","Kansas St.","11/13/10","37","WILSON","BRADEN","2","2","6","-4","0","","","","","","","2","-4","1","5","0","","","","","","","","","","","","","","","","","","","","","","","","","","","0"
"327","Kansas St.","11/27/10","37","WILSON","BRADEN","2","5","0","5","1","","","","","","","2","5","","","","","","","","","","","","","","","","","","1","","","","","","","","","","","","6"
"327","Kansas St.","12/30/10","37","WILSON","BRADEN","2","4","0","4","0","","","","","","","2","4","","","","","","","","","","","","","","","","","","","","","","","","","","","","","","0"
"327","Kansas St.","11/06/10","48","WRIGHT","JARETT","","","","","","","","","","","","0","0","","","","","","","","","","","","","","","1","3","0","","","","","","","","","","","","","0"
"327","Kansas St.","11/13/10","48","WRIGHT","JARETT","","","","","","","","","","","","0","0","","","","","","","","","","","","","","","1","7","0","","","","","","","","","","","","","0"
"327","Kansas St.","10/14/10","12","ZIMMERMAN","TY","","","","","","","","","","","","0","0","","","","","","","1","24","0","","","","","","","","","","","","","","","","","","","","","0"
"327","Kansas St.","11/06/10","12","ZIMMERMAN","TY","","","","","","","","","","","","0","0","","","","2","41","0","","","","","","","","","","","","","","","","","","","","","","","","0"
"327","Kansas St.","11/20/10","12","ZIMMERMAN","TY","","","","","","","","","","","","0","0","","","","","","","","","","","","2","41","0","","","","","","","","","","","","","","","","0"
"327","Kansas St.","11/27/10","12","ZIMMERMAN","TY","","","","","","","","","","","","0","0","","","","1","0","0","","","","","","","","","","","","","","","","","","","","","","","","0"
"327","Kansas St.","12/30/10","12","ZIMMERMAN","TY","","","","","","","","","","","","0","0","","","","","","","","","","","","2","11","0","","","","","","","","","","","","","","","","0"
"331","Kent St.","09/02/10","28","ARCHER","DRI","5","20","3","17","0","","","","","","","5","17","","","","","","","","","","","","3","25","0","2","40","0","","","","","","","","","","","","","0"
"331","Kent St.","09/11/10","28","ARCHER","DRI","2","0","5","-5","0","","","","","","","2","-5","6","41","1","","","","","","","","","2","-13","0","","","","1","","","","","","","","","","","","6"
"331","Kent St.","09/18/10","28","ARCHER","DRI","7","32","6","26","0","","","","","","","7","26","2","16","0","","","","","","","","","","","","1","12","0","","","","","","","","","","","","","0"
"331","Kent St.","10/02/10","28","ARCHER","DRI","2","10","0","10","0","","","","","","","2","10","1","2","0","","","","","","","","","","","","4","92","0","","","","","","","","","","","","","0"
"331","Kent St.","10/09/10","28","ARCHER","DRI","4","1","6","-5","0","","","","","","","4","-5","3","1","0","","","","","","","","","","","","","","","","","","","","","","","","","","","0"
"331","Kent St.","10/16/10","28","ARCHER","DRI","3","23","0","23","0","","","","","","","3","23","1","7","0","","","","","","","","","","","","3","53","0","","","","","","","","","","","","","0"
"331","Kent St.","10/23/10","28","ARCHER","DRI","7","23","1","22","0","","","","","","","7","22","","","","","","","","","","","","","","","1","24","0","","","","","","","","","","","","","0"
"331","Kent St.","10/30/10","28","ARCHER","DRI","8","51","1","50","1","","","","","","","8","50","","","","","","","","","","","","","","","2","45","0","1","","","","","","","","","","","","6"
"331","Kent St.","11/06/10","28","ARCHER","DRI","","","","","","","","","","","","0","0","3","8","0","","","","","","","","","","","","4","60","0","","","","","","","","","","","","","0"
"331","Kent St.","11/13/10","28","ARCHER","DRI","","","","","","","","","","","","0","0","","","","","","","","","","","","","","","2","55","0","","","","","","","","","","","","","0"
"331","Kent St.","11/20/10","28","ARCHER","DRI","2","4","2","2","0","","","","","","","2","2","","","","","","","","","","","","","","","3","70","0","","","","","","","","","","","","","0"
"331","Kent St.","11/13/10","2B","BATTLES","SAL","10","43","1","42","0","4","1","0","8","0","","14","50","","","","","","","","","","","","","","","","","","","","","","","","","","","","","","0"
"331","Kent St.","10/09/10","30","BATTON","LUKE","","","","","","","","","","","","0","0","","","","","","","0","0","1","","","","","","","","","1","","","","","","","","","","","","6"
"331","Kent St.","11/26/10","30","BATTON","LUKE","","","","","","","","","","","","0","0","","","","","","","0","0","1","","","","","","","","","1","","","","","","","","","","","","6"
"331","Kent St.","11/06/10","56","BOWENS","HOWARD","","","","","","","","","","","","0","0","","","","","","","","","","","","1","14","0","","","","","","","","","","","","","","","","0"
"331","Kent St.","09/02/10","25","BOWMAN","ANTHONY","","","","","","","","","","","","0","0","1","17","0","","","","","","","","","","","","1","92","1","1","","","","","","","","","","","","6"
"331","Kent St.","09/11/10","25","BOWMAN","ANTHONY","","","","","","","","","","","","0","0","1","1","0","","","","","","","","","","","","5","114","0","","","","","","","","","","","","","0"
"331","Kent St.","09/18/10","25","BOWMAN","ANTHONY","","","","","","","","","","","","0","0","2","11","0","","","","","","","","","","","","1","23","0","","","","","","","","","","","","","0"
"331","Kent St.","10/09/10","25","BOWMAN","ANTHONY","","","","","","","","","","","","0","0","","","","","","","","","","","","","","","3","53","0","","","","","","","","","","","","","0"
"331","Kent St.","10/16/10","25","BOWMAN","ANTHONY","","","","","","","","","","","","0","0","","","","","","","","","","","","","","","3","36","0","","","","","","","","","","","","","0"
"331","Kent St.","09/02/10","45","CORTEZ","FREDDY","","","","","","","","","","","","0","0","","","","","","","","","","","","","","","","","","","5","5","0","0","","","","","2","2","","11"
"331","Kent St.","09/11/10","45","CORTEZ","FREDDY","","","","","","","","","","","","0","0","","","","","","","","","","","","","","","","","","","1","1","0","0","","","","","2","2","","7"
"331","Kent St.","09/18/10","45","CORTEZ","FREDDY","","","","","","","","","","","","0","0","","","","","","","","","","","","","","","","","","","","","","","","","","","1","0","","0"
"331","Kent St.","10/02/10","45","CORTEZ","FREDDY","","","","","","","","","","","","0","0","","","","","","","","","","","","","","","","","","","3","3","0","0","","","","","1","0","","3"
"331","Kent St.","10/09/10","45","CORTEZ","FREDDY","","","","","","","","","","","","0","0","","","","","","","","","","","","","","","","","","","4","4","0","0","","","","","","","","4"
"331","Kent St.","10/16/10","45","CORTEZ","FREDDY","","","","","","","","","","","","0","0","","","","","","","","","","","","","","","","","","","3","3","0","0","","","","","","","","3"
"331","Kent St.","10/23/10","45","CORTEZ","FREDDY","","","","","","","","","","","","0","0","","","","","","","","","","","","","","","","","","","3","3","0","0","","","","","4","3","","12"
"331","Kent St.","10/30/10","45","CORTEZ","FREDDY","","","","","","","","","","","","0","0","","","","","","","","","","","","","","","","","","","3","3","0","0","","","","","3","2","","9"
"331","Kent St.","11/06/10","45","CORTEZ","FREDDY","","","","","","","","","","","","0","0","","","","","","","","","","","","","","","","","","","1","1","0","0","","","","","2","1","","4"
"331","Kent St.","11/13/10","45","CORTEZ","FREDDY","","","","","","","","","","","","0","0","","","","","","","","","","","","","","","","","","","4","4","0","0","","","","","","","","4"
"331","Kent St.","11/20/10","45","CORTEZ","FREDDY","","","","","","","","","","","","0","0","","","","","","","","","","","","","","","","","","","","","","","","","","","1","1","","3"
"331","Kent St.","11/26/10","45","CORTEZ","FREDDY","","","","","","","","","","","","0","0","","","","","","","","","","","","","","","","","","","4","4","0","0","","","","","1","0","","4"
"331","Kent St.","09/11/10","42","ERJAVEC","TIM","","","","","","","","","","","","0","0","1","9","0","","","","","","","","","","","","","","","","","","","","","","","","","","","0"
"331","Kent St.","09/18/10","42","ERJAVEC","TIM","","","","","","","","","","","","0","0","2","20","0","","","","","","","","","","","","","","","","","","","","","","","","","","","0"
"331","Kent St.","10/23/10","42","ERJAVEC","TIM","","","","","","","","","","","","0","0","1","4","0","","","","","","","","","","","","","","","","","","","","","","","","","","","0"
"331","Kent St.","10/30/10","42","ERJAVEC","TIM","","","","","","","","","","","","0","0","1","24","1","","","","","","","","","","","","","","","1","","","","","","","","","","","","6"
"331","Kent St.","11/20/10","42","ERJAVEC","TIM","","","","","","","","","","","","0","0","1","9","0","","","","","","","","","","","","","","","","","","","","","","","","","","","0"
"331","Kent St.","11/26/10","42","ERJAVEC","TIM","","","","","","","","","","","","0","0","1","5","0","","","","","","","","","","","","","","","","","","","","","","","","","","","0"
"331","Kent St.","09/02/10","10","FLOWERS","ANDRE","5","29","3","26","0","","","","","","","5","26","","","","","","","","","","","","","","","","","","","","","","","","","","","","","","0"
"331","Kent St.","10/30/10","10","FLOWERS","ANDRE","16","80","3","77","0","","","","","","","16","77","","","","","","","","","","","","","","","","","","","","","","","","","","","","","","0"
"331","Kent St.","11/06/10","10","FLOWERS","ANDRE","6","26","0","26","0","","","","","","","6","26","","","","","","","","","","","","","","","","","","","","","","","","","","","","","","0"
"331","Kent St.","11/20/10","10","FLOWERS","ANDRE","6","26","1","25","0","","","","","","","6","25","","","","","","","","","","","","","","","","","","","","","","","","","","","","","","0"
"331","Kent St.","11/26/10","10","FLOWERS","ANDRE","8","28","2","26","1","","","","","","","8","26","","","","","","","","","","","","","","","","","","1","","","","","","","","","","","","6"
"331","Kent St.","09/02/10","23","GILBERT","CHRIS","","","","","","","","","","","","0","0","1","2","0","","","","","","","","","","","","","","","","","","","","","","","","","","","0"
"331","Kent St.","10/09/10","23","GILBERT","CHRIS","","","","","","","","","","","","0","0","2","23","0","","","","","","","","","","","","","","","","","","","","","","","","","","","0"
"331","Kent St.","10/16/10","23","GILBERT","CHRIS","","","","","","","","","","","","0","0","1","12","0","","","","","","","","","","","","","","","","","","","","","","","","","","","0"
"331","Kent St.","10/23/10","23","GILBERT","CHRIS","","","","","","","","","","","","0","0","1","11","0","","","","","","","","","","","","","","","","","","","","","","","","","","","0"
"331","Kent St.","10/30/10","23","GILBERT","CHRIS","","","","","","","","","","","","0","0","1","46","0","","","","","","","","","","","","","","","","","","","","","","","","","","","0"
"331","Kent St.","11/06/10","23","GILBERT","CHRIS","","","","","","","","","","","","0","0","2","16","0","","","","","","","","","","","","","","","","","","","","","","","","","","","0"
"331","Kent St.","11/13/10","23","GILBERT","CHRIS","","","","","","","","","","","","0","0","2","20","0","","","","","","","","","","","","","","","","","","","","","","","","","","","0"
"331","Kent St.","11/20/10","23","GILBERT","CHRIS","","","","","","","","","","","","0","0","1","12","0","","","","","","","","","","","","","","","","","","","","","","","","","","","0"
"331","Kent St.","09/02/10","5","GOODE","TYSHON","1","3","0","3","0","","","","","","","1","3","3","20","0","","","","","","","","","","","","","","","","","","","","","","","","","","","0"
"331","Kent St.","09/11/10","5","GOODE","TYSHON","","","","","","","","","","","","0","0","7","53","0","","","","","","","","","","","","","","","","","","","","","","","","","","","0"
"331","Kent St.","09/18/10","5","GOODE","TYSHON","","","","","","","","","","","","0","0","3","24","0","","","","","","","","","","","","","","","","","","","","","","","","","","","0"
"331","Kent St.","10/02/10","5","GOODE","TYSHON","","","","","","","","","","","","0","0","3","55","0","","","","","","","","","","","","","","","","","","","","","","","","","","","0"
"331","Kent St.","10/09/10","5","GOODE","TYSHON","","","","","","","","","","","","0","0","3","26","1","","","","","","","","","","","","","","","1","","","","","","","","","","","","6"
"331","Kent St.","10/16/10","5","GOODE","TYSHON","","","","","","","","","","","","0","0","1","17","0","","","","","","","","","","","","","","","","","","","","","","","","","","","0"
"331","Kent St.","10/23/10","5","GOODE","TYSHON","","","","","","","","","","","","0","0","12","158","2","","","","","","","","","","","","","","","2","","","","","","","","","","","","12"
"331","Kent St.","10/30/10","5","GOODE","TYSHON","","","","","","","","","","","","0","0","6","64","1","","","","","","","","","","","","","","","1","","","","","","","","","","","","6"
"331","Kent St.","11/06/10","5","GOODE","TYSHON","","","","","","","","","","","","0","0","4","34","0","","","","","","","","","","","","","","","","","","","","","","","","","","","0"
"331","Kent St.","11/13/10","5","GOODE","TYSHON","","","","","","","","","","","","0","0","7","155","1","","","","","","","","","","","","","","","1","","","","","","","","","","","","6"
"331","Kent St.","11/20/10","5","GOODE","TYSHON","","","","","","","","","","","","0","0","7","79","0","","","","","","","","","","","","","","","","","","","","","","","","","","","0"
"331","Kent St.","11/26/10","5","GOODE","TYSHON","","","","","","","","","","","","0","0","3","58","0","","","","","","","","","","","","","","","","","","","","","","","","","","","0"
"331","Kent St.","10/23/10","82","GORDON","CHRIS","","","","","","","","","","","","0","0","2","9","0","","","","","","","","","","","","","","","","","","","","","","","","","","","0"
"331","Kent St.","11/06/10","82","GORDON","CHRIS","","","","","","","","","","","","0","0","1","8","0","","","","","","","","","","","","","","","","","","","","","","","","","","","0"
"331","Kent St.","10/09/10","58","GRESS","DANNY","","","","","","","","","","","","0","0","","","","","","","","","","","","","","","1","0","0","","","","","","","","","","","","","0"
"331","Kent St.","11/26/10","38","HARTMAN","DAN","","","","","","","","","","","","0","0","","","","2","0","0","","","","","","","","","","","","","","","","","","","","","","","","0"
"331","Kent St.","09/02/10","6","JARVIS","EUGENE","11","45","0","45","1","","","","","","","11","45","3","12","0","","","","","","","","","5","46","0","","","","1","","","","","","","","","","","","6"
"331","Kent St.","11/13/10","6","JARVIS","EUGENE","10","75","4","71","1","","","","","","","10","71","1","11","0","","","","","","","","","","","","","","","1","","","","","","","","","","","","6"
"331","Kent St.","11/20/10","6","JARVIS","EUGENE","16","74","2","72","0","","","","","","","16","72","3","24","0","","","","","","","","","","","","","","","","","","","","","","","","","","","0"
"331","Kent St.","11/26/10","6","JARVIS","EUGENE","21","111","5","106","1","","","","","","","21","106","2","5","0","","","","","","","","","","","","","","","1","","","","","","","","","","","","6"
"331","Kent St.","09/02/10","3","KEITH","SPENCER","5","17","20","-3","0","35","24","1","275","3","","40","272","","","","","","","","","","","","","","","","","","","","","","","","","","","","","","0"
"331","Kent St.","09/11/10","3","KEITH","SPENCER","2","3","7","-4","0","36","23","2","201","1","","38","197","","","","","","","","","","","","","","","","","","","","","","","","","","","","","","0"
"331","Kent St.","09/18/10","3","KEITH","SPENCER","6","13","15","-2","0","36","20","2","170","0","","42","168","","","","","","","","","","2","67","","","","","","","","","","","","","","","","","","","0"
"331","Kent St.","10/02/10","3","KEITH","SPENCER","8","52","8","44","1","26","11","2","152","0","","34","196","","","","","","","","","","","","","","","","","","1","","","","","","","","","","","","6"
"331","Kent St.","10/09/10","3","KEITH","SPENCER","5","24","7","17","0","34","17","0","186","1","","39","203","","","","","","","","","","","","","","","","","","","","","","","","","","","","","","0"
"331","Kent St.","10/16/10","3","KEITH","SPENCER","4","7","16","-9","0","28","16","1","145","0","","32","136","","","","","","","","","","","","","","","","","","","","","","","","","","","","","","0"
"331","Kent St.","10/23/10","3","KEITH","SPENCER","6","16","10","6","1","32","26","0","223","2","","38","229","","","","","","","","","","","","","","","","","","1","","","","","","","","","","","","6"
"331","Kent St.","10/30/10","3","KEITH","SPENCER","3","5","8","-3","0","38","18","0","252","1","0","41","249","","","","","","","","","","","","","","","","","","","","","1","0","","","","","","","","0"
"331","Kent St.","11/06/10","3","KEITH","SPENCER","7","2","38","-36","0","30","17","0","169","0","","37","133","","","","","","","","","","","","","","","","","","","","","","","","","","","","","","0"
"331","Kent St.","11/13/10","3","KEITH","SPENCER","","","","","","11","7","1","95","0","","11","95","","","","","","","","","","","","","","","","","","","","","","","","","","","","","","0"
"331","Kent St.","11/20/10","3","KEITH","SPENCER","6","10","10","0","0","39","25","2","244","0","","45","244","","","","","","","","","","","","","","","","","","","","","","","","","","","","","","0"
"331","Kent St.","11/26/10","3","KEITH","SPENCER","7","17","9","8","1","19","11","0","100","0","","26","108","","","","","","","","","","2","64","","","","","","","1","","","","","","","","","","","","6"
"331","Kent St.","09/02/10","18","KIRKLAND","SAM","","","","","","","","","","","","0","0","9","126","1","","","","","","","","","","","","","","","1","","","","","","","","","","","","6"
"331","Kent St.","09/11/10","18","KIRKLAND","SAM","","","","","","1","0","1","0","0","","1","0","3","24","0","","","","","","","","","","","","","","","","","","","","","","","","","","","0"
"331","Kent St.","09/18/10","18","KIRKLAND","SAM","","","","","","","","","","","","0","0","4","37","0","","","","","","","","","","","","","","","","","","","","","","","","","","","0"
"331","Kent St.","10/02/10","18","KIRKLAND","SAM","","","","","","","","","","","","0","0","4","51","0","","","","","","","","","","","","","","","","","","","","","","","","","","","0"
"331","Kent St.","10/09/10","18","KIRKLAND","SAM","","","","","","","","","","","","0","0","5","109","0","","","","","","","","","","","","","","","","","","","","","","","","","","","0"
"331","Kent St.","10/16/10","18","KIRKLAND","SAM","1","24","0","24","0","","","","","","","1","24","6","64","0","","","","","","","","","","","","","","","","","","","","","","","","","","","0"
"331","Kent St.","10/23/10","18","KIRKLAND","SAM","","","","","","","","","","","","0","0","3","10","0","","","","","","","","","","","","1","13","0","","","","","","","","","","","","","0"
"331","Kent St.","10/30/10","18","KIRKLAND","SAM","","","","","","1","1","0","24","1","","1","24","6","55","0","","","","","","","","","","","","1","9","0","","","","","","","","","","","","","0"
"331","Kent St.","11/06/10","18","KIRKLAND","SAM","","","","","","","","","","","","0","0","3","17","0","","","","","","","","","1","9","1","1","19","0","1","","","","","","","","","","","","6"
"331","Kent St.","11/13/10","18","KIRKLAND","SAM","","","","","","","","","","","","0","0","2","37","0","","","","","","","","","","","","4","91","0","","","","","","","","","","","","","0"
"331","Kent St.","11/20/10","18","KIRKLAND","SAM","2","60","0","60","0","","","","","","","2","60","7","55","0","","","","","","","","","","","","","","","","","","","","","","","","","","","0"
"331","Kent St.","11/26/10","18","KIRKLAND","SAM","","","","","","","","","","","","0","0","4","14","0","","","","","","","","","","","","3","61","0","","","","","","","","","","","","","0"
"331","Kent St.","09/02/10","31","LAINHART","BRIAN","1","19","0","19","0","","","","","","","1","19","","","","","","","","","","","","","","","","","","","","","","","","","","","","","","0"
"331","Kent St.","10/02/10","31","LAINHART","BRIAN","","","","","","","","","","","","0","0","","","","","","","","","","","","1","0","0","","","","","","","","","","","","","","","","0"
"331","Kent St.","10/09/10","31","LAINHART","BRIAN","","","","","","","","","","","","0","0","","","","","","","","","","","","2","15","0","","","","","","","","","","","","","","","","0"
"331","Kent St.","10/23/10","31","LAINHART","BRIAN","","","","","","","","","","","","0","0","","","","1","22","0","","","","","","","","","","","","","","","","","","","","","","","","0"
"331","Kent St.","11/20/10","31","LAINHART","BRIAN","","","","","","","","","","","","0","0","","","","1","17","0","","","","","","","","","","","","","","","","","","","","","","","","0"
"331","Kent St.","11/06/10","11","MIXON","COBRANI","","","","","","","","","","","","0","0","","","","1","6","0","","","","","","","","","","","","","","","","","","","","","","","","0"
"331","Kent St.","11/06/10","14","MORGAN","GIORGIO","2","13","0","13","0","9","5","0","38","0","","11","51","","","","","","","","","","","","","","","","","","","","","","","","","","","","","","0"
"331","Kent St.","11/13/10","14","MORGAN","GIORGIO","5","51","3","48","0","9","5","2","122","2","","14","170","","","","","","","","","","","","","","","","","","","","","","","","","","","","","","0"
"331","Kent St.","11/20/10","14","MORGAN","GIORGIO","","","","","","1","1","0","5","0","","1","5","","","","","","","","","","","","","","","","","","","","","","","","","","","","","","0"
"331","Kent St.","09/11/10","13","MULDROW","LENERIC","","","","","","","","","","","","0","0","1","11","0","","","","","","","","","1","-11","0","","","","","","","","","","","","","","","","0"
"331","Kent St.","09/18/10","13","MULDROW","LENERIC","","","","","","","","","","","","0","0","1","12","0","","","","","","","","","1","6","0","","","","","","","","","","","","","","","","0"
"331","Kent St.","10/02/10","13","MULDROW","LENERIC","1","0","5","-5","0","0","0","0","0","0","","1","-5","1","32","0","","","","","","","","","","","","","","","","","","","","","","","","","","","0"
"331","Kent St.","10/09/10","13","MULDROW","LENERIC","","","","","","","","","","","","0","0","1","5","0","","","","","","","","","2","20","0","","","","","","","","","","","","","","","","0"
"331","Kent St.","10/16/10","13","MULDROW","LENERIC","","","","","","","","","","","","0","0","2","10","0","","","","","","","","","","","","","","","","","","","","","","","","","","","0"
"331","Kent St.","10/23/10","13","MULDROW","LENERIC","1","13","0","13","0","","","","","","","1","13","1","2","0","","","","","","","","","2","9","0","","","","","","","","","","","","","","","","0"
"331","Kent St.","10/30/10","13","MULDROW","LENERIC","","","","","","","","","","","","0","0","2","67","0","","","","","","","","","2","11","0","","","","","","","","","","","","","","","","0"
"331","Kent St.","11/06/10","13","MULDROW","LENERIC","","","","","","","","","","","","0","0","4","45","0","","","","","","","","","1","1","0","","","","","","","","","","","","","","","","0"
"331","Kent St.","11/13/10","13","MULDROW","LENERIC","1","4","0","4","0","1","0","0","0","0","","2","4","","","","","","","","","","","","","","","","","","","","","","","","","","","","","","0"
"331","Kent St.","11/20/10","13","MULDROW","LENERIC","1","0","1","-1","0","","","","","","","1","-1","1","16","0","","","","","","","","","2","8","0","","","","","","","","","","","","","","","","0"
"331","Kent St.","10/30/10","2","PLEASANT","JOSH","","","","","","","","","","","","0","0","","","","2","32","0","","","","","","","","","","","","","","","","","","","","","","","","0"
"331","Kent St.","10/16/10","1","POLK","DARIUS","","","","","","","","","","","","0","0","","","","","","","","","","","","","","","1","9","0","","","","","","","","","","","","","0"
"331","Kent St.","09/18/10","15","PRESSLEY","KENDRICK","","","","","","","","","","","","0","0","1","16","0","","","","","","","","","","","","","","","","","","","","","","","","","","","0"
"331","Kent St.","10/16/10","15","PRESSLEY","KENDRICK","","","","","","","","","","","","0","0","2","10","0","","","","","","","","","","","","","","","","","","","","","","","","","","","0"
"331","Kent St.","10/23/10","15","PRESSLEY","KENDRICK","","","","","","","","","","","","0","0","2","10","0","","","","","","","","","","","","","","","","","","","","","","","","","","","0"
"331","Kent St.","10/30/10","15","PRESSLEY","KENDRICK","","","","","","","","","","","","0","0","2","16","0","","","","","","","","","","","","","","","","","","","","","","","","","","","0"
"331","Kent St.","11/06/10","15","PRESSLEY","KENDRICK","","","","","","","","","","","","0","0","3","30","0","","","","","","","","","","","","","","","","","","","","","","","","","","","0"
"331","Kent St.","11/20/10","15","PRESSLEY","KENDRICK","","","","","","","","","","","","0","0","2","13","0","","","","","","","","","","","","","","","","","","","","","","","","","","","0"
"331","Kent St.","10/02/10","48","RAINEY","QUINTON","","","","","","","","","","","","0","0","","","","","","","","","","","","","","","1","12","0","","","","","","","","","","","","","0"
"331","Kent St.","09/02/10","5R","RINEHART","MATT","","","","","","","","","","","","0","0","","","","","","","","","","5","231","","","","","","","","","","","","","","","","","","","0"
"331","Kent St.","09/11/10","5R","RINEHART","MATT","","","","","","","","","","","","0","0","","","","","","","","","","6","249","","","","","","","","","","","","","","","","","","","0"
"331","Kent St.","09/18/10","5R","RINEHART","MATT","","","","","","","","","","","","0","0","","","","","","","","","","6","216","","","","","","","","","","","","","","","","","","","0"
"331","Kent St.","10/02/10","5R","RINEHART","MATT","","","","","","","","","","","","0","0","","","","","","","","","","5","211","","","","","","","","","","","","","","","","","","","0"
"331","Kent St.","10/09/10","5R","RINEHART","MATT","","","","","","","","","","","","0","0","","","","","","","","","","9","371","","","","","","","","","","","","","","","","","","","0"
"331","Kent St.","10/16/10","5R","RINEHART","MATT","","","","","","","","","","","","0","0","","","","","","","","","","7","292","","","","","","","","","","","","","","","","","","","0"
"331","Kent St.","10/23/10","5R","RINEHART","MATT","","","","","","","","","","","","0","0","","","","","","","","","","4","181","","","","","","","","","","","","","","","","","","","0"
"331","Kent St.","10/30/10","5R","RINEHART","MATT","","","","","","","","","","","","0","0","","","","","","","","","","4","208","","","","","","","","","","","","","","","","","","","0"
"331","Kent St.","11/06/10","5R","RINEHART","MATT","1","0","8","-8","0","","","","","","","1","-8","","","","","","","","","","7","339","","","","","","","","","","","","","","","","","","","0"
"331","Kent St.","11/13/10","5R","RINEHART","MATT","","","","","","","","","","","","0","0","","","","","","","","","","3","115","","","","","","","","","","","","","","","","","","","0"
"331","Kent St.","11/20/10","5R","RINEHART","MATT","","","","","","","","","","","","0","0","","","","","","","","","","6","251","","","","","","","","","","","","","","","","","","","0"
"331","Kent St.","11/26/10","5R","RINEHART","MATT","","","","","","","","","","","","0","0","","","","","","","","","","5","194","","","","","","","","","","","","","","","","","","","0"
"331","Kent St.","10/09/10","29","TAYLOR","CALVIN","","","","","","","","","","","","0","0","","","","1","0","0","","","","","","","","","","","","","","","","","","","","","","","","0"
"331","Kent St.","09/02/10","22","TERRY","JACQUISE","11","39","9","30","0","","","","","","","11","30","4","73","2","","","","","","","","","","","","","","","2","","","","","","","","","","","","12"
"331","Kent St.","09/11/10","22","TERRY","JACQUISE","13","25","12","13","0","","","","","","","13","13","2","43","0","","","","","","","","","","","","","","","","","","","","","","","","","","","0"
"331","Kent St.","09/18/10","22","TERRY","JACQUISE","11","47","8","39","0","","","","","","","11","39","3","26","0","","","","","","","","","","","","","","","","","","","","","","","","","","","0"
"331","Kent St.","10/02/10","22","TERRY","JACQUISE","23","113","27","86","2","","","","","","","23","86","1","9","0","","","","","","","","","","","","","","","2","","","","","","","","","","","","12"
"331","Kent St.","10/09/10","22","TERRY","JACQUISE","21","73","4","69","1","","","","","","","21","69","1","11","0","","","","","","","","","","","","","","","1","","","","","","","","","","","","6"
"331","Kent St.","10/16/10","22","TERRY","JACQUISE","23","98","6","92","3","","","","","","","23","92","2","23","0","","","","","","","","","","","","","","","3","","","","","","","","","","","","18"
"331","Kent St.","10/23/10","22","TERRY","JACQUISE","22","94","0","94","0","","","","","","","22","94","4","19","0","","","","","","","","","","","","","","","","","","","","","","","","","","","0"
"331","Kent St.","10/30/10","22","TERRY","JACQUISE","9","54","0","54","0","","","","","","","9","54","1","4","0","","","","","","","","","","","","","","","","","","","","","","","","","","","0"
"331","Kent St.","11/06/10","22","TERRY","JACQUISE","5","21","0","21","0","","","","","","","5","21","2","49","0","","","","","","","","","","","","","","","","","","","","","","","","","","","0"
"331","Kent St.","11/13/10","22","TERRY","JACQUISE","4","22","2","20","1","","","","","","","4","20","","","","","","","","","","","","","","","","","","1","","","","","","","","","","","","6"
"331","Kent St.","11/20/10","22","TERRY","JACQUISE","9","24","0","24","0","","","","","","","9","24","3","28","0","","","","","","","","","","","","","","","","","","","","","","","","","","","0"
"331","Kent St.","09/02/10","81","THOMPSON","JUSTIN","","","","","","","","","","","","0","0","3","25","0","","","","","","","","","","","","","","","","","","","","","","","","","","","0"
"331","Kent St.","09/11/10","81","THOMPSON","JUSTIN","","","","","","","","","","","","0","0","2","19","0","","","","","","","","","","","","","","","","","","","","","","","","","","","0"
"331","Kent St.","09/18/10","81","THOMPSON","JUSTIN","","","","","","","","","","","","0","0","2","8","0","","","","","","","","","","","","","","","","","","","","","","","","","","","0"
"331","Kent St.","10/02/10","81","THOMPSON","JUSTIN","","","","","","","","","","","","0","0","1","3","0","","","","","","","","","","","","","","","","","","","","","","","","","","","0"
"331","Kent St.","10/09/10","81","THOMPSON","JUSTIN","","","","","","","","","","","","0","0","2","11","0","","","","","","","","","","","","","","","","","","","","","","","","","","","0"
"331","Kent St.","10/16/10","81","THOMPSON","JUSTIN","","","","","","","","","","","","0","0","1","2","0","","","","","","","","","","","","","","","","","","","","","","","","","","","0"
"331","Kent St.","11/13/10","81","THOMPSON","JUSTIN","","","","","","","","","","","","0","0","1","2","1","","","","","","","","","","","","","","","1","","","","","","","","","","","","6"
"331","Kent St.","11/20/10","81","THOMPSON","JUSTIN","","","","","","","","","","","","0","0","1","13","0","","","","","","","","","","","","","","","","","","","","","","","","","","","0"
"331","Kent St.","11/26/10","81","THOMPSON","JUSTIN","","","","","","","","","","","","0","0","1","18","0","","","","","","","","","","","","","","","","","","","","","","","","","","","0"
"331","Kent St.","10/09/10","39","WALLET","LUKE","","","","","","","","","","","","0","0","","","","1","12","1","","","","","","","","","","","","1","","","","","","","","","","","","6"
"331","Kent St.","10/16/10","39","WALLET","LUKE","","","","","","","","","","","","0","0","","","","","","","","","","","","2","8","0","","","","","","","","","","","","","","","","0"
"331","Kent St.","10/23/10","39","WALLET","LUKE","","","","","","","","","","","","0","0","","","","1","4","0","","","","","","2","29","0","","","","","","","","","","","","","","","","0"
"331","Kent St.","11/13/10","39","WALLET","LUKE","","","","","","","","","","","","0","0","","","","","","","","","","","","1","36","0","","","","","","","","","","","","","","","","0"
"331","Kent St.","09/11/10","36","WOLFE","NORMAN","","","","","","","","","","","","0","0","","","","1","24","0","","","","","","","","","","","","","","","","","","","","","","","","0"
"331","Kent St.","09/18/10","36","WOLFE","NORMAN","","","","","","","","","","","","0","0","","","","2","1","0","","","","","","","","","","","","","","","","","","","","","","","","0"
"331","Kent St.","10/09/10","36","WOLFE","NORMAN","","","","","","","","","","","","0","0","","","","1","0","0","","","","","","","","","","","","","","","","","","","","","","","","0"
"331","Kent St.","10/30/10","35","WOOD","DORIAN","","","","","","","","","","","","0","0","","","","1","61","1","","","","","","","","","","","","1","","","","","","","","","","","","6"
"334","Kentucky","09/18/10","87","ADAMS","BRIAN","","","","","","","","","","","","0","0","1","13","0","","","","","","","","","","","","","","","","","","","","","","","","","","","0"
"334","Kentucky","11/06/10","87","ADAMS","BRIAN","","","","","","","","","","","","0","0","2","10","0","","","","","","","","","","","","","","","","","","","","","","","","","","","0"
"334","Kentucky","09/04/10","30","ALLEN","MONCELL","2","7","0","7","0","","","","","","","2","7","","","","","","","","","","","","","","","","","","","","","","","","","","","","","","0"
"334","Kentucky","09/11/10","30","ALLEN","MONCELL","2","10","0","10","0","","","","","","","2","10","1","15","1","","","","","","","","","","","","1","17","0","1","","","","","","","","","","","","6"
"334","Kentucky","10/02/10","30","ALLEN","MONCELL","1","0","0","0","0","","","","","","","1","0","1","-1","0","","","","","","","","","","","","","","","","","","","","","","","","","","","0"
"334","Kentucky","10/16/10","30","ALLEN","MONCELL","2","9","0","9","0","","","","","","","2","9","","","","","","","","","","","","","","","","","","","","","","","","","","","","","","0"
"334","Kentucky","10/23/10","30","ALLEN","MONCELL","1","2","0","2","0","","","","","","","1","2","","","","","","","","","","","","","","","","","","","","","","","","","","","","","","0"
"334","Kentucky","10/30/10","30","ALLEN","MONCELL","3","11","0","11","0","","","","","","","3","11","1","2","1","","","","","","","","","","","","","","","1","","","","","","","","","","","","6"
"334","Kentucky","11/27/10","30","ALLEN","MONCELL","","","","","","","","","","","","0","0","","","","","","","","","","","","","","","1","0","0","","","","","","","","","","","","","0"
"334","Kentucky","01/08/11","30","ALLEN","MONCELL","1","1","0","1","1","","","","","","","1","1","","","","","","","","","","","","","","","","","","1","","","","","","","","","","","","6"
"334","Kentucky","09/04/10","86","AUMILLER","JORDAN","","","","","","","","","","","","0","0","2","23","0","","","","","","","","","","","","","","","","","","","","","","","","","","","0"
"334","Kentucky","09/11/10","86","AUMILLER","JORDAN","","","","","","","","","","","","0","0","2","26","0","","","","","","","","","","","","","","","","","","","","","","","","","","","0"
"334","Kentucky","09/18/10","86","AUMILLER","JORDAN","","","","","","","","","","","","0","0","3","55","0","","","","","","","","","","","","","","","","","","","","","","","","","","","0"
"334","Kentucky","10/02/10","86","AUMILLER","JORDAN","","","","","","","","","","","","0","0","1","2","0","","","","","","","","","","","","","","","","","","","","","","","","","","","0"
"334","Kentucky","10/09/10","86","AUMILLER","JORDAN","","","","","","","","","","","","0","0","2","13","1","","","","","","","","","","","","","","","1","","","","","","","","","","","","6"
"334","Kentucky","10/16/10","86","AUMILLER","JORDAN","","","","","","","","","","","","0","0","1","1","0","","","","","","","","","","","","","","","","","","","","","","","","","","","0"
"334","Kentucky","10/23/10","86","AUMILLER","JORDAN","","","","","","","","","","","","0","0","3","39","0","","","","","","","","","","","","","","","","","","","","","","","","","","","0"
"334","Kentucky","10/30/10","86","AUMILLER","JORDAN","","","","","","","","","","","","0","0","2","11","0","","","","","","","","","","","","","","","","","","","","","","","","","","","0"
"334","Kentucky","11/06/10","86","AUMILLER","JORDAN","","","","","","","","","","","","0","0","2","23","0","","","","","","","","","","","","","","","","","","","","","","","","","","","0"
"334","Kentucky","09/04/10","41","BAILEY","MYCHAL","","","","","","","","","","","","0","0","","","","1","0","0","","","","","","","","","","","","","","","","","","","","","","","","0"
"334","Kentucky","11/27/10","41","BAILEY","MYCHAL","","","","","","","","","","","","0","0","","","","1","0","0","","","","","","","","","","","","","","","","","","","","","","","","0"
"334","Kentucky","01/08/11","24","BURDEN","RANDALL","","","","","","","","","","","","0","0","","","","1","","","","","","","","","","","","","","","","","","","","","","","","","","0"
"334","Kentucky","09/04/10","18","COBB","RANDALL","4","80","0","80","1","1","1","0","19","0","","5","99","2","19","0","","","","","","","","","1","-8","0","2","59","0","1","","","","","","","","","","","","6"
"334","Kentucky","09/11/10","18","COBB","RANDALL","4","26","0","26","0","1","1","0","15","1","","5","41","5","98","1","","","","","","","","","4","52","1","1","16","0","2","","","","","","","","","","","","12"
"334","Kentucky","09/18/10","18","COBB","RANDALL","1","2","0","2","0","","","","","","","1","2","5","43","1","","","","","","","","","3","21","0","2","28","0","1","","","","","","","","","","","","6"
"334","Kentucky","09/25/10","18","COBB","RANDALL","2","3","0","3","0","2","1","0","11","1","","4","14","7","67","0","","","","","","","","","1","21","0","","","","","","","","","","","","","","","","0"
"334","Kentucky","10/02/10","18","COBB","RANDALL","2","10","0","10","0","1","0","0","0","0","","3","10","6","108","1","","","","","","","","","5","85","0","3","64","0","1","","","0","0","","","","","","","","6"
"334","Kentucky","10/09/10","18","COBB","RANDALL","11","57","10","47","2","1","1","0","6","1","","12","53","7","68","1","","","","","","","","","","","","3","86","0","3","","","","","","","","","","","","18"
"334","Kentucky","10/16/10","18","COBB","RANDALL","8","39","12","27","0","","","","","","","8","27","8","63","1","","","","","","","","","3","-5","0","3","75","0","1","","","1","1","","","","","","","","8"
"334","Kentucky","10/23/10","18","COBB","RANDALL","","","","","","","","","","","1","0","0","7","45","0","","","","","","","","","","","","5","127","0","","","","1","1","","","","","","","","2"
"334","Kentucky","10/30/10","18","COBB","RANDALL","5","11","0","11","0","1","0","0","0","0","","6","11","12","171","1","","","","","","","","","2","-1","0","5","111","0","1","","","","","","","","","","","","6"
"334","Kentucky","11/06/10","18","COBB","RANDALL","","","","","","","","","","","","0","0","4","101","1","","","","","","","","","1","13","0","2","35","0","1","","","","","","","","","","","","6"
"334","Kentucky","11/13/10","18","COBB","RANDALL","10","170","0","170","2","1","1","0","7","0","","11","177","3","56","0","","","","","","","","","5","19","0","1","34","0","2","","","","","","","","","","","","12"
"334","Kentucky","11/27/10","18","COBB","RANDALL","5","25","0","25","0","2","0","0","0","0","","7","25","13","116","0","","","","","","","","","1","4","0","","","","","","","","","","","","","","","","0"
"334","Kentucky","01/08/11","18","COBB","RANDALL","3","23","0","23","0","","","","","","","3","23","5","62","0","","","","","","","","","2","18","0","4","101","0","","","","","","","","","","","","","0"
"334","Kentucky","09/11/10","25","GEORGE","JONATHAN","2","7","0","7","0","","","","","","","2","7","","","","","","","","","","","","","","","","","","","","","","","","","","","","","","0"
"334","Kentucky","09/18/10","25","GEORGE","JONATHAN","3","3","5","-2","0","","","","","","","3","-2","","","","","","","","","","","","","","","","","","","","","","","","","","","","","","0"
"334","Kentucky","11/06/10","25","GEORGE","JONATHAN","2","12","0","12","0","","","","","","","2","12","","","","","","","","","","","","","","","1","7","0","","","","","","","","","","","","","0"
"334","Kentucky","11/13/10","25","GEORGE","JONATHAN","2","9","1","8","0","","","","","","","2","8","","","","","","","","","","","","","","","","","","","","","","","","","","","","","","0"
"334","Kentucky","10/16/10","21","GUY","WINSTON","","","","","","","","","","","","0","0","","","","1","0","0","","","","","","","","","","","","","","","","","","","","","","","","0"
"334","Kentucky","11/27/10","21","GUY","WINSTON","","","","","","","","","","","","0","0","","","","1","0","0","","","","","","","","","","","","","","","","","","","","","","","","0"
"334","Kentucky","09/04/10","5","HARTLINE","MIKE","1","5","0","5","0","26","17","0","217","0","","27","222","","","","","","","","","","","","","","","","","","","","","","","","","","","","","","0"
"334","Kentucky","09/11/10","5","HARTLINE","MIKE","2","10","3","7","1","20","16","0","213","3","","22","220","","","","","","","","","","","","","","","","","","1","","","","","","","","","","","","6"
"334","Kentucky","09/18/10","5","HARTLINE","MIKE","2","5","0","5","0","29","21","0","250","2","","31","255","","","","","","","","","","","","","","","","","","","","","","","","","","","","","","0"
"334","Kentucky","09/25/10","5","HARTLINE","MIKE","1","0","5","-5","0","39","21","2","242","1","","40","237","","","","","","","","","","","","","","","","","","","","","","","","","","","","","","0"
"334","Kentucky","10/02/10","5","HARTLINE","MIKE","3","24","0","24","0","46","27","1","300","2","1","49","324","","","","","","","","","","","","","","","","","","","","","1","1","","","","","","","","2"
"334","Kentucky","10/09/10","5","HARTLINE","MIKE","1","0","2","-2","0","28","23","0","220","1","","29","218","","","","","","","","","","","","","","","","","","","","","","","","","","","","","","0"
"334","Kentucky","10/16/10","5","HARTLINE","MIKE","4","2","27","-25","0","42","32","0","349","4","0","46","324","","","","","","","","","","","","","","","","","","","","","1","0","","","","","","","","0"
"334","Kentucky","10/23/10","5","HARTLINE","MIKE","6","5","29","-24","0","43","27","1","353","4","0","49","329","","","","","","","","","","","","","","","","","","","","","1","0","","","","","","","","0"
"334","Kentucky","10/30/10","5","HARTLINE","MIKE","5","8","27","-19","0","41","23","3","258","2","","46","239","","","","","","","","","","","","","","","","","","","","","","","","","","","","","","0"
"334","Kentucky","11/06/10","5","HARTLINE","MIKE","1","0","0","0","0","24","15","1","272","2","","25","272","","","","","","","","","","","","","","","","","","","","","","","","","","","","","","0"
"334","Kentucky","11/13/10","5","HARTLINE","MIKE","2","8","0","8","0","23","15","0","232","1","","25","240","","","","","","","","","","","","","","","","","","","","","","","","","","","","","","0"
"334","Kentucky","11/27/10","5","HARTLINE","MIKE","4","10","19","-9","0","44","31","1","272","1","","48","263","","","","","","","","","","","","","","","","","","","","","","","","","","","","","","0"
"334","Kentucky","09/11/10","2","HUZZIE","QUA","","","","","","","","","","","","0","0","","","","","","","","","","","","","","","1","23","0","","","","","","","","","","","","","0"
"334","Kentucky","11/27/10","82","KENDRICK","ANTHONY","","","","","","","","","","","","0","0","1","4","0","","","","","","","","","","","","","","","","","","","","","","","","","","","0"
"334","Kentucky","01/08/11","82","KENDRICK","ANTHONY","","","","","","","","","","","","0","0","2","19","0","","","","","","","","","","","","","","","","","","","","","","","","","","","0"
"334","Kentucky","09/04/10","16","KING","LA'ROD","","","","","","","","","","","","0","0","3","58","0","","","","","","","","","","","","","","","","","","","","","","","","","","","0"
"334","Kentucky","09/11/10","16","KING","LA'ROD","","","","","","","","","","","","0","0","3","16","1","","","","","","","","","","","","","","","1","","","","","","","","","","","","6"
"334","Kentucky","09/18/10","16","KING","LA'ROD","","","","","","","","","","","","0","0","3","34","0","","","","","","","","","","","","","","","","","","","","","","","","","","","0"
"334","Kentucky","09/25/10","16","KING","LA'ROD","","","","","","","","","","","","0","0","4","44","0","","","","","","","","","","","","","","","","","","","","","","","","","","","0"
"334","Kentucky","10/02/10","16","KING","LA'ROD","","","","","","","","","","","","0","0","2","10","0","","","","","","","","","","","","","","","","","","","","","","","","","","","0"
"334","Kentucky","10/09/10","16","KING","LA'ROD","","","","","","","","","","","","0","0","5","49","0","","","","","","","","","","","","","","","","","","","","","","","","","","","0"
"334","Kentucky","10/16/10","16","KING","LA'ROD","","","","","","","","","","","","0","0","4","38","2","","","","","","","","","","","","","","","2","","","","","","","","","","","","12"
"334","Kentucky","10/23/10","16","KING","LA'ROD","","","","","","","","","","","","0","0","3","88","2","","","","","","","","","","","","","","","2","","","","","","","","","","","","12"
"334","Kentucky","10/30/10","16","KING","LA'ROD","","","","","","","","","","","","0","0","2","12","0","","","","","","","","","","","","","","","","","","","","","","","","","","","0"
"334","Kentucky","11/06/10","16","KING","LA'ROD","","","","","","","","","","","","0","0","1","47","0","","","","","","","","","","","","","","","","","","","","","","","","","","","0"
"334","Kentucky","11/13/10","16","KING","LA'ROD","","","","","","","","","","","","0","0","2","31","0","","","","","","","","","","","","","","","","","","","","","","","","","","","0"
"334","Kentucky","11/27/10","16","KING","LA'ROD","","","","","","","","","","","","0","0","1","9","0","","","","","","","","","","","","","","","","","","","","","","","","","","","0"
"334","Kentucky","01/08/11","16","KING","LA'ROD","","","","","","","","","","","","0","0","3","42","0","","","","","","","","","","","","","","","","","","","","","","","","","","","0"
"334","Kentucky","09/04/10","20","LOCKE","DERRICK","23","115","11","104","2","","","","","","","23","104","3","21","0","","","","","","","","","","","","1","23","0","2","","","","","","","","","","","","12"
"334","Kentucky","09/11/10","20","LOCKE","DERRICK","21","105","3","102","1","","","","","","","21","102","2","10","0","","","","","","","","","","","","1","37","0","1","","","","","","","","","","","","6"
"334","Kentucky","09/18/10","20","LOCKE","DERRICK","17","166","0","166","2","","","","","","","17","166","3","29","0","","","","","","","","","1","8","0","","","","2","","","","","","","","","","","","12"
"334","Kentucky","09/25/10","20","LOCKE","DERRICK","23","108","5","103","0","","","","","","","23","103","3","10","0","","","","","","","","","","","","4","80","0","","","","","","","","","","","","","0"
"334","Kentucky","10/02/10","20","LOCKE","DERRICK","19","71","3","68","2","","","","","","","19","68","8","108","0","","","","","","","","","","","","1","38","0","2","","","","","","","","","","","","12"
"334","Kentucky","10/09/10","20","LOCKE","DERRICK","5","32","1","31","0","","","","","","","5","31","5","47","0","","","","","","","","","","","","2","63","0","","","","","","","","","","","","","0"
"334","Kentucky","11/13/10","20","LOCKE","DERRICK","22","151","6","145","2","","","","","","","22","145","2","26","0","","","","","","","","","","","","","","","2","","","","","","","","","","","","12"
"334","Kentucky","11/27/10","20","LOCKE","DERRICK","24","100","3","97","1","","","","","","","24","97","2","6","0","","","","","","","","","","","","4","105","0","1","","","","","","","","","","","","6"
"334","Kentucky","01/08/11","20","LOCKE","DERRICK","12","71","0","71","0","","","","","","","12","71","6","61","0","","","","","","","","","","","","2","49","0","","","","","","","","","","","","","0"
"334","Kentucky","09/04/10","8","MATTHEWS","CHRIS","","","","","","","","","","","","0","0","3","56","0","","","","","","","","","","","","","","","","","","","","","","","","","","","0"
"334","Kentucky","09/11/10","8","MATTHEWS","CHRIS","","","","","","","","","","","","0","0","2","32","1","","","","","","","","","","","","","","","1","","","","","","","","","","","","6"
"334","Kentucky","09/18/10","8","MATTHEWS","CHRIS","","","","","","","","","","","","0","0","2","26","1","","","","","","","","","","","","","","","1","","","","","","","","","","","","6"
"334","Kentucky","09/25/10","8","MATTHEWS","CHRIS","","","","","","","","","","","","0","0","6","114","2","","","","","","","","","","","","","","","2","","","","","","","","","","","","12"
"334","Kentucky","10/02/10","8","MATTHEWS","CHRIS","","","","","","","","","","","","0","0","6","59","1","","","","","","","","","","","","","","","1","","","","","","","","","","","","6"
"334","Kentucky","10/09/10","8","MATTHEWS","CHRIS","","","","","","","","","","","","0","0","2","18","0","","","","","","","","","","","","","","","","","","","","","","","","","","","0"
"334","Kentucky","10/16/10","8","MATTHEWS","CHRIS","","","","","","","","","","","","0","0","12","177","1","","","","","","","","","","","","","","","1","","","","","","","","","","","","6"
"334","Kentucky","10/23/10","8","MATTHEWS","CHRIS","","","","","","","","","","","","0","0","4","83","1","","","","","","","","","","","","","","","1","","","","","","","","","","","","6"
"334","Kentucky","10/30/10","8","MATTHEWS","CHRIS","","","","","","","","","","","","0","0","5","58","0","","","","","","","","","","","","","","","","","","","","","","","","","","","0"
"334","Kentucky","11/06/10","8","MATTHEWS","CHRIS","","","","","","","","","","","","0","0","4","92","1","","","","","","","","","","","","","","","1","","","","","","","","","","","","6"
"334","Kentucky","11/13/10","8","MATTHEWS","CHRIS","","","","","","","","","","","","0","0","5","97","1","","","","","","","","","","","","","","","1","","","","","","","","","","","","6"
"334","Kentucky","11/27/10","8","MATTHEWS","CHRIS","","","","","","","","","","","","0","0","6","85","0","","","","","","","","","","","","","","","","","","","","","","","","","","","0"
"334","Kentucky","01/08/11","8","MATTHEWS","CHRIS","","","","","","","","","","","","0","0","4","28","0","","","","","","","","","","","","","","","","","","","","","","","","","","","0"
"334","Kentucky","09/11/10","68","MCDERMOTT","LUKE","","","","","","","","","","","","0","0","","","","1","6","0","","","","","","","","","","","","","","","","","","","","","","","","0"
"334","Kentucky","09/18/10","93","MCINTOSH","CRAIG","","","","","","","","","","","","0","0","","","","","","","","","","","","","","","","","","","5","4","0","0","","","","","3","2","","10"
"334","Kentucky","09/25/10","93","MCINTOSH","CRAIG","","","","","","","","","","","","0","0","","","","","","","","","","","","","","","","","","","2","2","0","0","","","","","1","0","","2"
"334","Kentucky","10/02/10","93","MCINTOSH","CRAIG","","","","","","","","","","","","0","0","","","","","","","","","","","","","","","","","","","3","3","0","0","","","","","2","2","","9"
"334","Kentucky","10/09/10","93","MCINTOSH","CRAIG","","","","","","","","","","","","0","0","","","","","","","","","","","","","","","","","","","4","4","0","0","","","","","2","2","","10"
"334","Kentucky","10/16/10","93","MCINTOSH","CRAIG","","","","","","","","","","","","0","0","","","","","","","","","","","","","","","","","","","2","2","0","0","","","","","1","1","","5"
"334","Kentucky","10/23/10","93","MCINTOSH","CRAIG","","","","","","","","","","","","0","0","","","","","","","","","","","","","","","","","","","2","2","0","0","","","","","1","1","","5"
"334","Kentucky","10/30/10","93","MCINTOSH","CRAIG","","","","","","","","","","","","0","0","","","","","","","","","","","","","","","","","","","2","2","0","0","","","","","1","1","","5"
"334","Kentucky","11/06/10","93","MCINTOSH","CRAIG","","","","","","","","","","","","0","0","","","","","","","","","","","","","","","","","","","7","7","0","0","","","","","","","","7"
"334","Kentucky","11/13/10","93","MCINTOSH","CRAIG","","","","","","","","","","","","0","0","","","","","","","","","","","","","","","","","","","5","5","0","0","","","","","1","1","","8"
"334","Kentucky","11/27/10","93","MCINTOSH","CRAIG","","","","","","","","","","","","0","0","","","","","","","","","","","","","","","","","","","2","2","0","0","","","","","1","0","","2"
"334","Kentucky","01/08/11","93","MCINTOSH","CRAIG","","","","","","","","","","","","0","0","","","","","","","","","","","","","","","","","","","1","1","0","0","","","","","2","1","","4"
"334","Kentucky","11/13/10","37","MEISNER","GREG","1","0","1","-1","0","","","","","","","1","-1","","","","","","","","","","","","","","","","","","","","","","","","","","","","","","0"
"334","Kentucky","11/13/10","42","MELILLO","NICK","","","","","","","","","","","","0","0","1","10","0","","","","","","","","","","","","","","","","","","","","","","","","","","","0"
"334","Kentucky","10/16/10","14","MOSLEY","ANTHONY","","","","","","","","","","","","0","0","","","","1","0","0","","","","","","","","","","","","","","","","","","","","","","","","0"
"334","Kentucky","09/11/10","12","NEWTON","MORGAN","2","9","6","3","0","2","2","0","48","0","","4","51","","","","","","","","","","","","","","","","","","","","","","","","","","","","","","0"
"334","Kentucky","09/18/10","12","NEWTON","MORGAN","1","18","0","18","0","1","1","0","4","0","","2","22","","","","","","","","","","","","","","","","","","","","","","","","","","","","","","0"
"334","Kentucky","11/06/10","12","NEWTON","MORGAN","1","11","0","11","0","4","1","0","2","0","","5","13","","","","","","","","","","","","","","","","","","","","","","","","","","","","","","0"
"334","Kentucky","01/08/11","12","NEWTON","MORGAN","12","37","19","18","0","36","21","0","211","0","","48","229","","","","","","","","","","","","","","","","","","","","","","","","","","","","","","0"
"334","Kentucky","09/18/10","1","PRIESTER","JERRELL","","","","","","","","","","","","0","0","","","","","","","","","","","","","","","1","33","0","","","","","","","","","","","","","0"
"334","Kentucky","09/25/10","1","PRIESTER","JERRELL","","","","","","","","","","","","0","0","","","","","","","","","","","","","","","1","22","0","","","","","","","","","","","","","0"
"334","Kentucky","10/23/10","39","RATLIFF","JEWELL","","","","","","","","","","","","0","0","","","","","","","","","","","","","","","1","10","0","","","","","","","","","","","","","0"
"334","Kentucky","09/04/10","3","ROARK","MATT","","","","","","","","","","","","0","0","3","47","0","","","","","","","","","","","","","","","","","","","","","","","","","","","0"
"334","Kentucky","09/11/10","3","ROARK","MATT","","","","","","","","","","","","0","0","3","65","0","","","","","","","","","","","","","","","","","","","","","","","","","","","0"
"334","Kentucky","09/18/10","3","ROARK","MATT","","","","","","","","","","","","0","0","1","9","0","","","","","","","","","","","","","","","","","","","","","","","","","","","0"
"334","Kentucky","09/25/10","3","ROARK","MATT","","","","","","","","","","","","0","0","2","18","0","","","","","","","","","","","","","","","","","","","","","","","","","","","0"
"334","Kentucky","10/09/10","3","ROARK","MATT","","","","","","","","","","","","0","0","1","12","0","","","","","","","","","","","","","","","","","","","","","","","","","","","0"
"334","Kentucky","10/23/10","3","ROARK","MATT","","","","","","","","","","","","0","0","1","12","0","","","","","","","","","","","","","","","","","","0","0","","","","","","","","0"
"334","Kentucky","11/13/10","3","ROARK","MATT","","","","","","","","","","","","0","0","1","7","0","","","","","","","","","","","","","","","","","","","","","","","","","","","0"
"334","Kentucky","09/11/10","89","ROBINSON","TYLER","","","","","","","","","","","","0","0","1","14","0","","","","","","","","","","","","","","","","","","","","","","","","","","","0"
"334","Kentucky","09/18/10","89","ROBINSON","TYLER","","","","","","","","","","","","0","0","1","9","0","","","","","","","","","","","","","","","","","","","","","","","","","","","0"
"334","Kentucky","10/02/10","89","ROBINSON","TYLER","","","","","","","","","","","","0","0","2","11","0","","","","","","","","","","","","","","","","","","","","","","","","","","","0"
"334","Kentucky","10/23/10","89","ROBINSON","TYLER","","","","","","","","","","","","0","0","2","9","0","","","","","","","","","","","","","","","","","","","","","","","","","","","0"
"334","Kentucky","11/13/10","89","ROBINSON","TYLER","","","","","","","","","","","","0","0","1","12","0","","","","","","","","","","","","","","","","","","","","","","","","","","","0"
"334","Kentucky","11/27/10","89","ROBINSON","TYLER","","","","","","","","","","","","0","0","4","25","1","","","","","","","","","","","","","","","1","","","","","","","","","","","","6"
"334","Kentucky","09/04/10","23","RUSSELL","DONALD","6","40","4","36","0","","","","","","","6","36","2","12","0","","","","","","","","","","","","","","","","","","","","","","","","","","","0"
"334","Kentucky","09/11/10","23","RUSSELL","DONALD","4","19","0","19","0","","","","","","","4","19","","","","","","","","","","","","","","","","","","","","","","","","","","","","","","0"
"334","Kentucky","09/18/10","23","RUSSELL","DONALD","6","39","0","39","0","","","","","","","6","39","2","32","0","","","","","","","","","","","","","","","","","","","","","","","","","","","0"
"334","Kentucky","09/25/10","23","RUSSELL","DONALD","2","1","3","-2","0","","","","","","","2","-2","","","","","","","","","","","","","","","","","","","","","","","","","","","","","","0"
"334","Kentucky","10/09/10","23","RUSSELL","DONALD","9","32","0","32","0","","","","","","","9","32","2","19","0","","","","","","","","","","","","","","","","","","","","","","","","","","","0"
"334","Kentucky","10/16/10","23","RUSSELL","DONALD","18","49","8","41","0","","","","","","","18","41","7","70","0","","","","","","","","","","","","","","","","","","","","","","","","","","","0"
"334","Kentucky","10/23/10","23","RUSSELL","DONALD","7","13","0","13","0","","","","","","","7","13","","","","","","","","","","","","","","","","","","","","","","","","","","","","","","0"
"334","Kentucky","10/30/10","23","RUSSELL","DONALD","1","4","0","4","0","","","","","","","1","4","","","","","","","","","","","","","","","","","","","","","","","","","","","","","","0"
"334","Kentucky","11/06/10","23","RUSSELL","DONALD","10","110","0","110","2","","","","","","","10","110","1","1","0","","","","","","","","","","","","","","","2","","","","","","","","","","","","12"
"334","Kentucky","11/13/10","23","RUSSELL","DONALD","1","1","0","1","0","","","","","","","1","1","","","","","","","","","","","","","","","","","","","","","","","","","","","","","","0"
"334","Kentucky","09/11/10","4","SANDERS","RAYMOND","7","37","5","32","2","","","","","","","7","32","","","","","","","","","","","","1","12","0","","","","2","","","","","","","","","","","","12"
"334","Kentucky","09/18/10","4","SANDERS","RAYMOND","2","32","0","32","1","","","","","","","2","32","1","4","0","","","","","","","","","","","","","","","1","","","","","","","","","","","","6"
"334","Kentucky","10/02/10","4","SANDERS","RAYMOND","5","22","0","22","0","","","","","","","5","22","1","3","0","","","","","","","","","","","","","","","","","","","","","","","","","","","0"
"334","Kentucky","10/09/10","4","SANDERS","RAYMOND","4","5","3","2","0","","","","","","","4","2","","","","","","","","","","","","","","","1","25","0","","","","","","","","","","","","","0"
"334","Kentucky","10/16/10","4","SANDERS","RAYMOND","","","","","","","","","","","","0","0","","","","","","","","","","","","","","","2","46","0","","","","","","","","","","","","","0"
"334","Kentucky","10/23/10","4","SANDERS","RAYMOND","16","88","9","79","0","","","","","","","16","79","7","77","1","","","","","","","","","","","","1","15","0","1","","","","","","","","","","","","6"
"334","Kentucky","10/30/10","4","SANDERS","RAYMOND","24","84","13","71","0","","","","","","","24","71","1","4","0","","","","","","","","","","","","","","","","","","","","","","","","","","","0"
"334","Kentucky","11/13/10","4","SANDERS","RAYMOND","4","9","1","8","0","","","","","","","4","8","1","0","0","","","","","","","","","","","","","","","","","","","","","","","","","","","0"
"334","Kentucky","11/27/10","4","SANDERS","RAYMOND","3","6","1","5","0","","","","","","","3","5","4","27","0","","","","","","","","","","","","","","","","","","","","","","","","","","","0"
"334","Kentucky","01/08/11","4","SANDERS","RAYMOND","3","14","11","3","0","","","","","","","3","3","1","-1","0","","","","","","","","","","","","","","","","","","","","","","","","","","","0"
"334","Kentucky","11/13/10","1A","SARGENT","TYLER","1","2","0","2","0","","","","","","","1","2","","","","","","","","","","","","","","","","","","","","","","","","","","","","","","0"
"334","Kentucky","09/11/10","9S","SIMMONS","PAT","","","","","","","","","","","","","","","","","","","","","","","","","","","","","","","","1","1","","","","","","","","","","1"
"334","Kentucky","09/18/10","9S","SIMMONS","PAT","","","","","","","","","","","","","","","","","","","","","","","","","","","","","","","","1","1","","","","","","","","","","1"
"334","Kentucky","09/04/10","9A","TYDLACKA","RYAN","","","","","","","","","","","","0","0","","","","","","","","","","4","199","","","","","","","","3","2","0","0","","","","","2","1","","5"
"334","Kentucky","09/11/10","9A","TYDLACKA","RYAN","","","","","","","","","","","","0","0","","","","","","","","","","2","93","","","","","","","","8","8","0","0","","","","","1","0","","8"
"334","Kentucky","09/18/10","9A","TYDLACKA","RYAN","","","","","","","","","","","","0","0","","","","","","","","","","2","94","","","","","","","","","","","","","","","","","","","0"
"334","Kentucky","09/25/10","9A","TYDLACKA","RYAN","","","","","","","","","","","","0","0","","","","","","","","","","5","201","","","","","","","","","","","","","","","","","","","0"
"334","Kentucky","10/02/10","9A","TYDLACKA","RYAN","","","","","","","","","","","","0","0","","","","","","","","","","4","202","","","","","","","","","","","","","","","","","","","0"
"334","Kentucky","10/09/10","9A","TYDLACKA","RYAN","","","","","","","","","","","","0","0","","","","","","","","","","3","133","","","","","","","","","","","","","","","","","","","0"
"334","Kentucky","10/16/10","9A","TYDLACKA","RYAN","","","","","","","","","","","","0","0","","","","","","","","","","6","249","","","","","","","","","","","","","","","","","","","0"
"334","Kentucky","10/23/10","9A","TYDLACKA","RYAN","","","","","","","","","","","","0","0","","","","","","","","","","1","47","","","","","","","","","","","","","","","","","","","0"
"334","Kentucky","10/30/10","9A","TYDLACKA","RYAN","","","","","","","","","","","","0","0","","","","","","","","","","7","325","","","","","","","","","","","","","","","","","","","0"
"334","Kentucky","11/06/10","9A","TYDLACKA","RYAN","","","","","","","","","","","","0","0","","","","","","","","","","2","83","","","","","","","","","","","","","","","","","","","0"
"334","Kentucky","11/13/10","9A","TYDLACKA","RYAN","","","","","","","","","","","","0","0","","","","","","","","","","5","197","","","","","","","","","","","","","","","","","","","0"
"334","Kentucky","11/27/10","9A","TYDLACKA","RYAN","","","","","","","","","","","","0","0","","","","","","","","","","5","186","","","","","","","","","","","","","","","","","","","0"
"334","Kentucky","01/08/11","9A","TYDLACKA","RYAN","","","","","","","","","","","","0","0","","","","","","","","","","1","50","","","","","","","","","","","","","","","","","","","0"
"334","Kentucky","09/18/10","26","WILLIAMS","COSHIK","6","30","0","30","1","","","","","","","6","30","","","","","","","","","","","","","","","","","","1","","","","","","","","","","","","6"
"334","Kentucky","10/30/10","26","WILLIAMS","COSHIK","5","14","3","11","0","","","","","","","5","11","","","","","","","","","","","","","","","","","","","","","","","","","","","","","","0"
"334","Kentucky","11/06/10","26","WILLIAMS","COSHIK","13","96","1","95","3","","","","","","","13","95","2","0","0","","","","","","","","","","","","","","","3","","","","","","","","","","","","18"
"334","Kentucky","09/25/10","48","WILSON","RIDGE","","","","","","","","","","","","0","0","","","","1","0","0","","","","","","","","","","","","","","","","","","","","","","","","0"
"334","Kentucky","10/09/10","48","WILSON","RIDGE","","","","","","","","","","","","0","0","","","","","","","","","","","","","","","1","8","0","","","","","","","","","","","","","0"
"334","Kentucky","11/13/10","48","WILSON","RIDGE","","","","","","","","","","","","0","0","","","","","","","","","","","","","","","1","6","0","","","","","","","","","","","","","0"
"671","La.-Lafayette","09/04/10","10","ALBRECHT","TYLER","","","","","","","","","","","","0","0","","","","","","","","","","","","","","","","","","","1","1","0","0","","","","","","","","1"
"671","La.-Lafayette","09/11/10","10","ALBRECHT","TYLER","","","","","","","","","","","","0","0","","","","","","","","","","","","","","","","","","","4","4","0","0","","","","","4","1","","7"
"671","La.-Lafayette","09/25/10","10","ALBRECHT","TYLER","","","","","","","","","","","","0","0","","","","","","","","","","","","","","","","","","","2","2","0","0","","","","","1","0","","2"
"671","La.-Lafayette","10/02/10","10","ALBRECHT","TYLER","","","","","","","","","","","","0","0","","","","","","","","","","","","","","","","","","","4","4","0","0","","","","","1","0","","4"
"671","La.-Lafayette","09/25/10","2","AURIENE","ORKEYS","","","","","","","","","","","","0","0","","","","","","","","","","","","2","21","0","1","24","0","","","","","","","","","","","","","0"
"671","La.-Lafayette","10/02/10","2","AURIENE","ORKEYS","","","","","","","","","","","","0","0","","","","","","","","","","","","2","10","0","","","","","","","","","","","","","","","","0"
"671","La.-Lafayette","10/16/10","2","AURIENE","ORKEYS","","","","","","","","","","","","0","0","","","","1","0","0","","","","","","","","","","","","","","","","","","","","","","","","0"
"671","La.-Lafayette","10/30/10","2","AURIENE","ORKEYS","","","","","","","","","","","","0","0","","","","2","0","0","","","","","","","","","","","","","","","","","","","","","","","","0"
"671","La.-Lafayette","11/13/10","2","AURIENE","ORKEYS","","","","","","","","","","","","0","0","","","","","","","","","","","","1","4","0","","","","","","","","","","","","","","","","0"
"671","La.-Lafayette","11/20/10","2","AURIENE","ORKEYS","","","","","","","","","","","","0","0","","","","","","","","","","","","3","14","0","","","","","","","","","","","","","","","","0"
"671","La.-Lafayette","10/08/10","40","BAER","BRETT","","","","","","","","","","","","0","0","","","","","","","","","","","","","","","","","","","4","4","0","0","","","","","","","","4"
"671","La.-Lafayette","10/16/10","40","BAER","BRETT","","","","","","","","","","","","0","0","","","","","","","","","","","","","","","","","","","3","3","0","0","","","","","1","1","","6"
"671","La.-Lafayette","10/23/10","40","BAER","BRETT","","","","","","","","","","","","0","0","","","","","","","","","","","","","","","","","","","3","3","0","0","","","","","","","","3"
"671","La.-Lafayette","10/30/10","40","BAER","BRETT","","","","","","","","","","","","0","0","","","","","","","","","","","","","","","","","","","4","4","0","0","","","","","1","1","","7"
"671","La.-Lafayette","11/06/10","40","BAER","BRETT","","","","","","","","","","","","0","0","","","","","","","","","","","","","","","","","","","3","3","0","0","","","","","","","","3"
"671","La.-Lafayette","11/13/10","40","BAER","BRETT","","","","","","","","","","","","0","0","","","","","","","","","","","","","","","","","","","2","2","0","0","","","","","1","1","","5"
"671","La.-Lafayette","11/20/10","40","BAER","BRETT","","","","","","","","","","","","0","0","","","","","","","","","","","","","","","","","","","2","2","0","0","","","","","1","1","","5"
"671","La.-Lafayette","11/27/10","40","BAER","BRETT","","","","","","","","","","","","0","0","","","","","","","","","","","","","","","","","","","2","2","0","0","","","","","3","3","","11"
"671","La.-Lafayette","09/25/10","5","BENTLEY","DWIGHT","","","","","","","","","","","","0","0","","","","1","15","0","","","","","","","","","","","","","","","","","","","","","","","","0"
"671","La.-Lafayette","10/23/10","5","BENTLEY","DWIGHT","","","","","","","","","","","","0","0","","","","","","","","","","","","","","","1","23","0","","","","","","","","","","","","","0"
"671","La.-Lafayette","10/08/10","83","BUTLER","JAMES","","","","","","","","","","","","0","0","4","62","1","","","","","","","","","","","","","","","1","","","","","","","","","","","","6"
"671","La.-Lafayette","10/23/10","83","BUTLER","JAMES","","","","","","","","","","","","0","0","2","27","0","","","","","","","","","","","","","","","","","","","","","","","","","","","0"
"671","La.-Lafayette","10/30/10","83","BUTLER","JAMES","1","3","0","3","0","","","","","","","1","3","2","25","0","","","","","","","","","","","","","","","","","","","","","","","","","","","0"
"671","La.-Lafayette","11/27/10","83","BUTLER","JAMES","","","","","","","","","","","","0","0","6","86","0","","","","","","","","","","","","","","","","","","","","","","","","","","","0"
"671","La.-Lafayette","11/06/10","46","DESORMEAUX","MATT","1","0","0","0","0","","","","","","","1","0","","","","","","","","","","","","","","","","","","","","","","","","","","","","","","0"
"671","La.-Lafayette","11/13/10","46","DESORMEAUX","MATT","2","14","0","14","0","","","","","","","2","14","1","12","0","","","","","","","","","","","","","","","","","","","","","","","","","","","0"
"671","La.-Lafayette","11/20/10","46","DESORMEAUX","MATT","4","21","0","21","0","","","","","","","4","21","","","","","","","","","","","","","","","","","","","","","","","","","","","","","","0"
"671","La.-Lafayette","11/27/10","46","DESORMEAUX","MATT","1","1","0","1","0","","","","","","","1","1","","","","","","","","","","","","","","","","","","","","","","","","","","","","","","0"
"671","La.-Lafayette","09/04/10","81","FALGOUT","RICHIE","","","","","","","","","","","","0","0","1","16","0","","","","","","","","","","","","","","","","","","","","","","","","","","","0"
"671","La.-Lafayette","09/11/10","81","FALGOUT","RICHIE","","","","","","","","","","","","0","0","1","5","0","","","","","","","","","","","","","","","","","","","","","","","","","","","0"
"671","La.-Lafayette","09/25/10","81","FALGOUT","RICHIE","","","","","","","","","","","","0","0","3","28","0","","","","","","","","","","","","","","","","","","","","","","","","","","","0"
"671","La.-Lafayette","10/02/10","81","FALGOUT","RICHIE","","","","","","","","","","","","0","0","4","69","0","","","","","","","","","","","","","","","","","","","","","","","","","","","0"
"671","La.-Lafayette","10/08/10","81","FALGOUT","RICHIE","","","","","","","","","","","","0","0","5","30","0","","","","","","","","","","","","","","","","","","","","","","","","","","","0"
"671","La.-Lafayette","10/23/10","81","FALGOUT","RICHIE","","","","","","","","","","","","0","0","2","5","0","","","","","","","","","","","","","","","","","","","","","","","","","","","0"
"671","La.-Lafayette","11/13/10","81","FALGOUT","RICHIE","","","","","","","","","","","","0","0","1","0","0","","","","","","","","","","","","","","","","","","","","","","","","","","","0"
"671","La.-Lafayette","11/20/10","81","FALGOUT","RICHIE","","","","","","","","","","","","0","0","1","9","0","","","","","","","","","","","","","","","","","","","","","","","","","","","0"
"671","La.-Lafayette","10/02/10","47","FLEMING","GRANT","","","","","","","","","","","","0","0","","","","1","11","0","","","","","","","","","","","","","","","","","","","","","","","","0"
"671","La.-Lafayette","09/04/10","17","GAUTIER","BLAINE","5","3","2","1","0","9","3","2","37","0","","14","38","","","","","","","","","","","","","","","","","","","","","","","","","","","","","","0"
"671","La.-Lafayette","09/11/10","17","GAUTIER","BLAINE","","","","","","3","2","0","25","0","","3","25","","","","","","","","","","","","","","","","","","","","","","","","","","","","","","0"
"671","La.-Lafayette","09/25/10","17","GAUTIER","BLAINE","12","27","10","17","1","5","3","0","22","0","","17","39","","","","","","","","","","","","","","","","","","1","","","","","","","","","","","","6"
"671","La.-Lafayette","10/02/10","17","GAUTIER","BLAINE","2","6","0","6","1","","","","","","","2","6","","","","","","","","","","","","","","","","","","1","","","","","","","","","","","","6"
"671","La.-Lafayette","10/08/10","17","GAUTIER","BLAINE","10","30","0","30","1","7","3","0","26","0","","17","56","","","","","","","","","","","","","","","","","","1","","","","","","","","","","","","6"
"671","La.-Lafayette","10/23/10","17","GAUTIER","BLAINE","2","17","0","17","0","","","","","","","2","17","","","","","","","","","","","","","","","","","","","","","","","","","","","","","","0"
"671","La.-Lafayette","11/13/10","17","GAUTIER","BLAINE","15","105","19","86","1","36","21","1","254","2","0","51","340","","","","","","","","","","","","","","","","","","1","","","1","0","","","","","","","","6"
"671","La.-Lafayette","11/20/10","17","GAUTIER","BLAINE","28","138","26","112","1","29","13","3","186","1","","57","298","","","","","","","","","","","","","","","","","","1","","","","","","","","","","","","6"
"671","La.-Lafayette","11/27/10","17","GAUTIER","BLAINE","3","11","0","11","0","","","","","","","3","11","","","","","","","","","","","","","","","","","","","","","","","","","","","","","","0"
"671","La.-Lafayette","10/30/10","38","GERAMI","COOPER","","","","","","","","","","","","0","0","","","","1","2","0","","","","","","","","","","","","","","","","","","","","","","","","0"
"671","La.-Lafayette","10/08/10","30","GIBSON","LE'MARCUS","","","","","","","","","","","","0","0","","","","1","0","0","","","","","","","","","","","","","","","","","","","","","","","","0"
"671","La.-Lafayette","10/16/10","30","GIBSON","LE'MARCUS","","","","","","","","","","","","0","0","","","","1","0","0","","","","","","","","","","","","","","","","","","","","","","","","0"
"671","La.-Lafayette","10/08/10","15","GOODLETT","ROSS","","","","","","","","","","","","0","0","1","3","0","","","","","","","","","","","","","","","","","","","","","","","","","","","0"
"671","La.-Lafayette","09/04/10","89","GREEN","LADARIUS","","","","","","","","","","","","0","0","4","87","1","","","","","","","","","","","","","","","1","","","","","","","","","","","","6"
"671","La.-Lafayette","09/11/10","89","GREEN","LADARIUS","","","","","","","","","","","","0","0","7","97","1","","","","","","","","","","","","","","","1","","","","","","","","","","","","6"
"671","La.-Lafayette","09/25/10","89","GREEN","LADARIUS","","","","","","","","","","","","0","0","3","38","1","","","","","","","","","","","","","","","1","","","","","","","","","","","","6"
"671","La.-Lafayette","10/16/10","89","GREEN","LADARIUS","","","","","","","","","","","","0","0","4","96","0","","","","","","","","","","","","","","","","","","","","","","","","","","","0"
"671","La.-Lafayette","10/23/10","89","GREEN","LADARIUS","","","","","","","","","","","","0","0","1","12","0","","","","","","","","","","","","","","","","","","","","","","","","","","","0"
"671","La.-Lafayette","10/30/10","89","GREEN","LADARIUS","","","","","","","","","","","","0","0","6","107","1","","","","","","","","","","","","","","","1","","","","","","","","","","","","6"
"671","La.-Lafayette","11/06/10","89","GREEN","LADARIUS","","","","","","","","","","","","0","0","1","23","0","","","","","","","","","","","","","","","","","","","","","","","","","","","0"
"671","La.-Lafayette","11/13/10","89","GREEN","LADARIUS","","","","","","","","","","","","0","0","6","111","1","","","","","","","","","","","","","","","1","","","","","","","","","","","","6"
"671","La.-Lafayette","11/20/10","89","GREEN","LADARIUS","","","","","","","","","","","","0","0","6","103","1","","","","","","","","","","","","","","","1","","","","","","","","","","","","6"
"671","La.-Lafayette","11/27/10","89","GREEN","LADARIUS","","","","","","","","","","","","0","0","6","120","1","","","","","","","","","","","","","","","1","","","","","","","","","","","","6"
"671","La.-Lafayette","10/02/10","3","HILL","PIERRE","1","1","0","1","0","","","","","","","1","1","1","20","0","","","","","","","","","","","","","","","","","","","","","","","","","","","0"
"671","La.-Lafayette","10/08/10","3","HILL","PIERRE","","","","","","","","","","","","0","0","3","21","0","","","","","","","","","","","","","","","","","","","","","","","","","","","0"
"671","La.-Lafayette","10/16/10","3","HILL","PIERRE","","","","","","","","","","","","0","0","2","16","0","","","","","","","","","","","","","","","","","","","","","","","","","","","0"
"671","La.-Lafayette","10/23/10","3","HILL","PIERRE","","","","","","","","","","","","0","0","1","32","0","","","","","","","","","","","","","","","","","","","","","","","","","","","0"
"671","La.-Lafayette","10/30/10","3","HILL","PIERRE","","","","","","","","","","","","0","0","3","27","0","","","","","","","","","","","","","","","","","","","","","","","","","","","0"
"671","La.-Lafayette","11/06/10","3","HILL","PIERRE","","","","","","","","","","","","0","0","1","33","0","","","","","","","","","","","","","","","","","","","","","","","","","","","0"
"671","La.-Lafayette","11/13/10","3","HILL","PIERRE","","","","","","","","","","","","0","0","5","46","0","","","","","","","","","","","","","","","","","","","","","","","","","","","0"
"671","La.-Lafayette","11/27/10","3","HILL","PIERRE","1","1","0","1","0","","","","","","","1","1","1","9","0","","","","","","","","","","","","","","","","","","","","","","","","","","","0"
"671","La.-Lafayette","09/04/10","18","JOSEPH","ANDREW","1","3","0","3","0","","","","","","","1","3","","","","","","","","","","","","","","","","","","","","","","","","","","","","","","0"
"671","La.-Lafayette","09/11/10","18","JOSEPH","ANDREW","2","7","1","6","0","","","","","","","2","6","2","70","1","","","","","","","","","","","","1","13","0","1","","","","","","","","","","","","6"
"671","La.-Lafayette","09/25/10","18","JOSEPH","ANDREW","","","","","","","","","","","","0","0","3","13","0","","","","","","","","","","","","","","","","","","","","","","","","","","","0"
"671","La.-Lafayette","10/02/10","18","JOSEPH","ANDREW","","","","","","","","","","","","0","0","1","5","0","","","","","","","","","","","","1","9","0","","","","","","","","","","","","","0"
"671","La.-Lafayette","10/08/10","18","JOSEPH","ANDREW","","","","","","","","","","","","0","0","5","50","0","","","","","","","","","","","","","","","","","","","","","","","","","","","0"
"671","La.-Lafayette","10/16/10","18","JOSEPH","ANDREW","","","","","","","","","","","","0","0","3","31","0","","","","","","","","","","","","","","","","","","","","","","","","","","","0"
"671","La.-Lafayette","10/23/10","18","JOSEPH","ANDREW","","","","","","","","","","","","0","0","2","16","0","","","","","","","","","","","","","","","","","","","","","","","","","","","0"
"671","La.-Lafayette","10/30/10","18","JOSEPH","ANDREW","","","","","","","","","","","","0","0","3","25","0","","","","","","","","","","","","","","","","","","","","","","","","","","","0"
"671","La.-Lafayette","11/06/10","18","JOSEPH","ANDREW","","","","","","","","","","","","0","0","1","9","0","","","","","","","","","","","","","","","","","","","","","","","","","","","0"
"671","La.-Lafayette","11/13/10","18","JOSEPH","ANDREW","","","","","","","","","","","","0","0","1","5","0","","","","","","","","","","","","","","","","","","","","","","","","","","","0"
"671","La.-Lafayette","11/27/10","18","JOSEPH","ANDREW","","","","","","","","","","","","0","0","1","14","0","","","","","","","","","","","","","","","","","","","","","","","","","","","0"
"671","La.-Lafayette","09/04/10","21","KELLEY","LANCE","","","","","","","","","","","","0","0","","","","1","0","0","","","","","","","","","","","","","","","","","","","","","","","","0"
"671","La.-Lafayette","10/02/10","21","KELLEY","LANCE","","","","","","","","","","","","0","0","","","","","","","1","40","1","","","","","","","","","1","","","","","","","","","","","","6"
"671","La.-Lafayette","10/23/10","21","KELLEY","LANCE","","","","","","","","","","","","0","0","","","","","","","","","","","","","","","4","68","0","","","","","","","","","","","","","0"
"671","La.-Lafayette","11/20/10","84","KENSEY","","","","","","","1","0","0","0","0","","1","0","","","","","","","","","","","","","","","","","","","","","","","","","","","","","","0"
"671","La.-Lafayette","11/27/10","84","KENSEY","","","","","","","","","","","","","0","0","2","13","0","","","","","","","","","","","","","","","","","","","","","","","","","","","0"
"671","La.-Lafayette","09/11/10","82","LAWSON","JAVONE","","","","","","1","1","0","47","1","","1","47","1","9","0","","","","","","","","","","","","","","","","","","","","","","","","","","","0"
"671","La.-Lafayette","09/25/10","82","LAWSON","JAVONE","2","12","0","12","0","","","","","","","2","12","3","53","0","","","","","","","","","","","","1","19","0","","","","","","","","","","","","","0"
"671","La.-Lafayette","10/02/10","82","LAWSON","JAVONE","","","","","","","","","","","","0","0","4","77","1","","","","","","","","","","","","","","","1","","","","","","","","","","","","6"
"671","La.-Lafayette","10/08/10","82","LAWSON","JAVONE","","","","","","","","","","","","0","0","5","57","0","","","","","","","","","","","","","","","","","","","","","","","","","","","0"
"671","La.-Lafayette","10/16/10","82","LAWSON","JAVONE","","","","","","","","","","","","0","0","6","75","0","","","","","","","","","","","","2","42","0","","","","","","","","","","","","","0"
"671","La.-Lafayette","10/16/10","11","LEWIS-BUCHANAN","DEVON","","","","","","","","","","","","0","0","","","","1","29","0","","","","","","","","","","","","","","","","","","","","","","","","0"
"671","La.-Lafayette","09/04/10","7","MASSON","CHRIS","5","7","17","-10","0","15","5","1","77","1","","20","67","","","","","","","","","","","","","","","","","","","","","","","","","","","","","","0"
"671","La.-Lafayette","09/11/10","7","MASSON","CHRIS","5","60","25","35","1","24","14","0","142","1","","29","177","","","","","","","","","","","","","","","","","","1","","","","","","","","","","","","6"
"671","La.-Lafayette","09/25/10","7","MASSON","CHRIS","15","54","32","22","0","32","16","0","192","1","","47","214","","","","","","","","","","","","","","","","","","","","","","","","","","","","","","0"
"671","La.-Lafayette","10/02/10","7","MASSON","CHRIS","6","15","16","-1","0","32","18","0","310","2","","38","309","","","","","","","","","","","","","","","","","","","","","","","","","","","","","","0"
"671","La.-Lafayette","10/08/10","7","MASSON","CHRIS","5","10","29","-19","0","55","33","1","308","2","","60","289","","","","","","","","","","","","","","","","","","","","","","","","","","","","","","0"
"671","La.-Lafayette","10/16/10","7","MASSON","CHRIS","5","10","14","-4","0","41","23","1","246","1","","46","242","","","","","","","","","","","","","","","","","","","","","","","","","","","","","","0"
"671","La.-Lafayette","10/23/10","7","MASSON","CHRIS","5","15","13","2","0","34","16","2","223","1","","39","225","","","","","","","","","","","","","","","","","","","","","","","","","","","","","","0"
"671","La.-Lafayette","10/30/10","7","MASSON","CHRIS","1","0","1","-1","0","4","2","0","14","0","","5","13","","","","","","","","","","","","","","","","","","","","","","","","","","","","","","0"
"671","La.-Lafayette","11/27/10","7","MASSON","CHRIS","","","","","","43","21","1","330","2","","43","330","","","","","","","","","","","","","","","","","","","","","","","","","","","","","","0"
"671","La.-Lafayette","09/25/10","86","MAXWELL","JACOB","","","","","","","","","","","","0","0","1","4","0","","","","","","","","","","","","","","","","","","","","","","","","","","","0"
"671","La.-Lafayette","10/16/10","8","MCGUIRE","BRAD","9","17","0","17","2","3","2","0","6","0","","12","23","","","","","","","","","","","","","","","","","","2","","","","","","","","","","","","12"
"671","La.-Lafayette","10/23/10","8","MCGUIRE","BRAD","11","27","3","24","2","1","1","0","32","0","","12","56","","","","","","","","","","","","","","","","","","2","","","","","","","","","","","","12"
"671","La.-Lafayette","10/30/10","8","MCGUIRE","BRAD","22","60","27","33","0","39","25","1","384","2","","61","417","","","","","","","","","","","","","","","","","","","","","","","","","","","","","","0"
"671","La.-Lafayette","11/06/10","8","MCGUIRE","BRAD","14","71","29","42","1","21","7","2","139","1","","35","181","","","","","","","","","","","","","","","","","","1","","","","","","","","","","","","6"
"671","La.-Lafayette","09/04/10","19","MILLER","MARLIN","","","","","","","","","","","","0","0","1","9","0","","","","","","","","","","","","","","","","","","","","","","","","","","","0"
"671","La.-Lafayette","09/11/10","19","MILLER","MARLIN","1","0","0","0","0","","","","","","","1","0","","","","","","","","","","","","","","","","","","","","","","","","","","","","","","0"
"671","La.-Lafayette","09/25/10","19","MILLER","MARLIN","","","","","","","","","","","","0","0","4","43","0","","","","","","","","","","","","2","40","0","","","","","","","","","","","","","0"
"671","La.-Lafayette","10/02/10","19","MILLER","MARLIN","1","6","0","6","0","","","","","","","1","6","1","9","0","","","","","","","","","","","","3","47","0","","","","","","","","","","","","","0"
"671","La.-Lafayette","10/08/10","19","MILLER","MARLIN","","","","","","","","","","","","0","0","5","38","0","","","","","","","","","","","","","","","","","","","","","","","","","","","0"
"671","La.-Lafayette","10/16/10","19","MILLER","MARLIN","1","5","0","5","0","","","","","","","1","5","5","15","1","","","","","","","","","","","","","","","1","","","","","","","","","","","","6"
"671","La.-Lafayette","10/23/10","19","MILLER","MARLIN","","","","","","","","","","","","0","0","3","15","0","","","","","","","","","","","","","","","","","","","","","","","","","","","0"
"671","La.-Lafayette","11/13/10","19","MILLER","MARLIN","","","","","","","","","","","","0","0","1","11","0","","","","","","","","","","","","","","","","","","","","","","","","","","","0"
"671","La.-Lafayette","11/20/10","19","MILLER","MARLIN","","","","","","","","","","","","0","0","1","7","0","","","","","","","","","","","","","","","","","","","","","","","","","","","0"
"671","La.-Lafayette","11/13/10","91","MOORE","SHARRICK","","","","","","","","","","","","0","0","","","","","","","1","0","0","","","","","","","","","","","","","","","","","","","","","0"
"671","La.-Lafayette","09/04/10","35","ORTEGO","SPENCER","","","","","","","","","","","","0","0","","","","","","","","","","10","415","","","","","","","","","","","","","","","","","","","0"
"671","La.-Lafayette","09/11/10","35","ORTEGO","SPENCER","","","","","","","","","","","","0","0","","","","","","","","","","6","252","","","","","","","","","","","","","","","","","","","0"
"671","La.-Lafayette","09/25/10","35","ORTEGO","SPENCER","","","","","","","","","","","","0","0","","","","","","","","","","8","325","","","","","","","","","","","","","","","","","","","0"
"671","La.-Lafayette","10/02/10","35","ORTEGO","SPENCER","","","","","","","","","","","","0","0","","","","","","","","","","7","279","","","","","","","","","","","","","","","","","","","0"
"671","La.-Lafayette","10/08/10","35","ORTEGO","SPENCER","","","","","","","","","","","","0","0","","","","","","","","","","6","220","","","","","","","","","","","","","","","","","","","0"
"671","La.-Lafayette","10/16/10","35","ORTEGO","SPENCER","1","19","0","19","0","","","","","","","1","19","","","","","","","","","","7","288","","","","","","","","","","","","","","","","","","","0"
"671","La.-Lafayette","10/23/10","35","ORTEGO","SPENCER","1","14","10","4","0","","","","","","","1","4","","","","","","","","","","2","73","","","","","","","","","","","","","","","","","","","0"
"671","La.-Lafayette","10/30/10","35","ORTEGO","SPENCER","","","","","","","","","","","","0","0","","","","","","","","","","5","216","","","","","","","","","","","","","","","","","","","0"
"671","La.-Lafayette","11/06/10","35","ORTEGO","SPENCER","","","","","","","","","","","","0","0","","","","","","","","","","5","218","","","","","","","","","","","","","","","","","","","0"
"671","La.-Lafayette","11/13/10","35","ORTEGO","SPENCER","","","","","","1","0","0","0","0","","1","0","","","","","","","","","","6","223","","","","","","","","","","","","","","","","","","","0"
"671","La.-Lafayette","11/20/10","35","ORTEGO","SPENCER","","","","","","","","","","","","0","0","","","","","","","","","","3","114","","","","","","","","","","","","","","","","","","","0"
"671","La.-Lafayette","11/27/10","35","ORTEGO","SPENCER","","","","","","","","","","","","0","0","","","","","","","","","","7","262","","","","","","","","","","","","","","","","","","","0"
"671","La.-Lafayette","09/11/10","36","ROLLE","MAURICE","","","","","","","","","","","","0","0","","","","1","23","0","","","","","","","","","","","","","","","","","","","","","","","","0"
"671","La.-Lafayette","09/04/10","33","SHANKLE","JULIAN","4","5","2","3","0","","","","","","","4","3","1","-1","0","","","","","","","","","","","","1","10","0","","","","","","","","","","","","","0"
"671","La.-Lafayette","09/11/10","33","SHANKLE","JULIAN","10","44","0","44","0","","","","","","","10","44","1","16","0","","","","","","","","","","","","","","","","","","","","","","","","","","","0"
"671","La.-Lafayette","09/25/10","33","SHANKLE","JULIAN","4","15","0","15","0","","","","","","","4","15","","","","","","","","","","","","","","","","","","","","","","","","","","","","","","0"
"671","La.-Lafayette","10/02/10","33","SHANKLE","JULIAN","1","0","0","0","0","","","","","","","1","0","","","","","","","","","","","","","","","","","","","","","","","","","","","","","","0"
"671","La.-Lafayette","10/08/10","33","SHANKLE","JULIAN","1","5","0","5","0","","","","","","","1","5","","","","","","","","","","","","","","","","","","","","","","","","","","","","","","0"
"671","La.-Lafayette","09/04/10","20","SPIKES","AARON","7","11","3","8","0","","","","","","","7","8","","","","","","","","","","","","","","","2","21","0","","","","","","","","","","","","","0"
"671","La.-Lafayette","09/11/10","20","SPIKES","AARON","13","53","0","53","0","","","","","","","13","53","","","","","","","","","","","","","","","1","18","0","","","","","","","","","","","","","0"
"671","La.-Lafayette","09/25/10","20","SPIKES","AARON","2","2","5","-3","0","","","","","","","2","-3","1","18","0","","","","","","","","","","","","","","","","","","","","","","","","","","","0"
"671","La.-Lafayette","10/02/10","20","SPIKES","AARON","7","18","0","18","0","","","","","","","7","18","4","99","1","","","","","","","","","","","","","","","1","","","","","","","","","","","","6"
"671","La.-Lafayette","10/08/10","20","SPIKES","AARON","7","18","2","16","0","","","","","","","7","16","4","47","1","","","","","","","","","","","","","","","1","","","","","","","","","","","","6"
"671","La.-Lafayette","10/16/10","20","SPIKES","AARON","14","40","0","40","0","","","","","","","14","40","1","-6","0","","","","","","","","","","","","1","24","0","","","","","","","","","","","","","0"
"671","La.-Lafayette","10/23/10","20","SPIKES","AARON","9","43","1","42","0","","","","","","","9","42","2","54","1","","","","","","","","","","","","","","","1","","","","","","","","","","","","6"
"671","La.-Lafayette","10/30/10","20","SPIKES","AARON","12","44","7","37","2","","","","","","","12","37","4","46","1","","","","","","","","","","","","3","22","0","3","","","","","","","","","","","","18"
"671","La.-Lafayette","11/06/10","20","SPIKES","AARON","4","23","1","22","0","","","","","","","4","22","2","54","1","","","","","","","","","","","","","","","1","","","","","","","","","","","","6"
"671","La.-Lafayette","11/13/10","20","SPIKES","AARON","17","53","5","48","0","","","","","","","17","48","1","10","0","","","","","","","","","","","","","","","","","","","","","","","","","","","0"
"671","La.-Lafayette","11/20/10","20","SPIKES","AARON","5","47","1","46","0","","","","","","","5","46","","","","","","","","","","","","","","","1","6","0","","","","","","","","","","","","","0"
"671","La.-Lafayette","11/27/10","20","SPIKES","AARON","6","14","2","12","0","","","","","","","6","12","4","76","1","","","","","","","","","","","","","","","1","","","","","","","","","","","","6"
"671","La.-Lafayette","10/08/10","24","STOKES","LIONEL","","","","","","","","","","","","0","0","","","","1","0","0","","","","","","","","","","","","","","","","","","","","","","","","0"
"671","La.-Lafayette","10/30/10","24","STOKES","LIONEL","","","","","","","","","","","","0","0","","","","1","0","0","","","","","","","","","","","","","","","","","","","","","","","","0"
"671","La.-Lafayette","11/27/10","24","STOKES","LIONEL","","","","","","","","","","","","0","0","","","","1","0","0","","","","","","","","","","","","","","","","","","","","","","","","0"
"671","La.-Lafayette","09/04/10","25","STREETER","KEVIS","4","10","0","10","0","","","","","","","4","10","1","3","0","","","","","","","","","","","","4","85","0","","","","","","","","","","","","","0"
"671","La.-Lafayette","09/11/10","25","STREETER","KEVIS","2","71","0","71","1","","","","","","","2","71","4","13","0","","","","","","","","","","","","1","12","0","1","","","","","","","","","","","","6"
"671","La.-Lafayette","09/25/10","25","STREETER","KEVIS","11","65","2","63","0","","","","","","","11","63","","","","","","","","","","","","","","","1","14","0","","","","","","","","","","","","","0"
"671","La.-Lafayette","10/02/10","25","STREETER","KEVIS","3","9","0","9","0","","","","","","","3","9","2","11","0","","","","","","","","","","","","","","","","","","","","","","","","","","","0"
"671","La.-Lafayette","09/11/10","87","SURGENT","DARRYL","","","","","","","","","","","","0","0","1","4","0","","","","","","","","","","","","","","","","","","","","","","","","","","","0"
"671","La.-Lafayette","10/08/10","87","SURGENT","DARRYL","","","","","","","","","","","","0","0","1","14","0","","","","","","","","","","","","8","238","1","1","","","","","","","","","","","","6"
"671","La.-Lafayette","10/30/10","87","SURGENT","DARRYL","1","2","0","2","0","","","","","","","1","2","4","110","0","","","","","","","","","","","","3","30","0","","","","","","","","","","","","","0"
"671","La.-Lafayette","11/06/10","87","SURGENT","DARRYL","","","","","","","","","","","","0","0","","","","","","","","","","","","","","","9","160","0","","","","","","","","","","","","","0"
"671","La.-Lafayette","11/13/10","87","SURGENT","DARRYL","","","","","","","","","","","","0","0","","","","","","","","","","","","","","","3","40","0","","","","","","","","","","","","","0"
"671","La.-Lafayette","11/20/10","87","SURGENT","DARRYL","1","3","0","3","0","","","","","","","1","3","1","27","0","","","","","","","","","","","","3","69","0","","","","","","","","","","","","","0"
"671","La.-Lafayette","11/27/10","87","SURGENT","DARRYL","","","","","","","","","","","","0","0","","","","","","","","","","","","","","","5","92","0","","","","","","","","","","","","","0"
"671","La.-Lafayette","11/27/10","85","THOMPSON","IAN","","","","","","","","","","","","0","0","","","","","","","","","","","","","","","1","2","0","","","","","","","","","","","","","0"
"671","La.-Lafayette","09/04/10","6","WALKER","ROBERT","2","2","1","1","0","","","","","","","2","1","","","","","","","","","","","","","","","","","","","","","","","","","","","","","","0"
"671","La.-Lafayette","09/11/10","6","WALKER","ROBERT","4","29","0","29","0","","","","","","","4","29","","","","","","","","","","","","","","","","","","","","","","","","","","","","","","0"
"671","La.-Lafayette","10/02/10","6","WALKER","ROBERT","3","5","1","4","0","","","","","","","3","4","","","","","","","","","","","","","","","","","","","","","","","","","","","","","","0"
"671","La.-Lafayette","10/08/10","6","WALKER","ROBERT","1","3","0","3","0","","","","","","","1","3","2","8","0","","","","","","","","","","","","","","","","","","","","","","","","","","","0"
"671","La.-Lafayette","10/16/10","6","WALKER","ROBERT","8","21","0","21","0","","","","","","","8","21","4","25","0","","","","","","","","","","","","1","11","0","","","","","","","","","","","","","0"
"671","La.-Lafayette","10/23/10","6","WALKER","ROBERT","3","5","0","5","0","","","","","","","3","5","","","","","","","","","","","","","","","2","34","0","","","","","","","","","","","","","0"
"671","La.-Lafayette","10/30/10","6","WALKER","ROBERT","1","2","0","2","0","","","","","","","1","2","","","","","","","","","","","","","","","","","","","","","","","","","","","","","","0"
"671","La.-Lafayette","11/06/10","6","WALKER","ROBERT","5","17","5","12","0","","","","","","","5","12","1","9","0","","","","","","","","","","","","","","","","","","","","","","","","","","","0"
"671","La.-Lafayette","11/13/10","6","WALKER","ROBERT","9","33","0","33","0","","","","","","","9","33","2","14","0","","","","","","","","","","","","","","","","","","","","","","","","","","","0"
"671","La.-Lafayette","11/20/10","6","WALKER","ROBERT","5","22","0","22","0","","","","","","","5","22","","","","","","","","","","","","","","","1","16","0","","","","","","","","","","","","","0"
"671","La.-Lafayette","11/27/10","6","WALKER","ROBERT","9","31","1","30","0","","","","","","","9","30","1","12","0","","","","","","","","","","","","","","","","","","","","","","","","","","","0"
"671","La.-Lafayette","10/23/10","26","WALKER","YOBES","1","2","0","2","0","","","","","","","1","2","","","","","","","","","","","","","","","","","","","","","","","","","","","","","","0"
"671","La.-Lafayette","11/06/10","22","WHITE","MELVIN","","","","","","","","","","","","0","0","","","","","","","1","93","1","","","","","","","","","1","","","","","","","","","","","","6"
"671","La.-Lafayette","09/11/10","80","WOLFE","VERNON","1","4","0","4","0","","","","","","","1","4","","","","","","","","","","","","","","","","","","","","","","","","","","","","","","0"
"671","La.-Lafayette","09/25/10","80","WOLFE","VERNON","","","","","","","","","","","","0","0","1","17","0","","","","","","","","","","","","","","","","","","","","","","","","","","","0"
"671","La.-Lafayette","10/02/10","80","WOLFE","VERNON","","","","","","","","","","","","0","0","1","20","0","","","","","","","","","","","","","","","","","","","","","","","","","","","0"
"671","La.-Lafayette","10/08/10","80","WOLFE","VERNON","","","","","","","","","","","","0","0","1","4","0","","","","","","","","","","","","","","","","","","","","","","","","","","","0"
"671","La.-Lafayette","10/16/10","80","WOLFE","VERNON","","","","","","","","","","","","0","0","","","","","","","","","","","","","","","2","28","0","","","","","","","","","","","","","0"
"671","La.-Lafayette","10/23/10","80","WOLFE","VERNON","","","","","","","","","","","","0","0","4","94","0","","","","","","","","","","","","","","","","","","","","","","","","","","","0"
"671","La.-Lafayette","10/30/10","80","WOLFE","VERNON","","","","","","","","","","","","0","0","5","58","0","","","","","","","","","","","","","","","","","","","","","","","","","","","0"
"671","La.-Lafayette","11/06/10","80","WOLFE","VERNON","","","","","","","","","","","","0","0","1","11","0","","","","","","","","","","","","","","","","","","","","","","","","","","","0"
"671","La.-Lafayette","11/13/10","80","WOLFE","VERNON","2","0","8","-8","0","","","","","","","2","-8","2","51","1","","","","","","","","","","","","","","","1","","","","","","","","","","","","6"
"671","La.-Lafayette","11/20/10","80","WOLFE","VERNON","","","","","","","","","","","","0","0","4","40","0","","","","","","","","","1","47","0","","","","","","","","","","","","","","","","0"
"498","La.-Monroe","09/11/10","22","AMBROSE","LUTHER","3","8","0","8","0","","","","","","","3","8","1","25","1","","","","","","","","","","","","5","113","0","1","","","","","","","","","","","","6"
"498","La.-Monroe","09/18/10","22","AMBROSE","LUTHER","2","8","0","8","0","","","","","","","2","8","7","84","1","","","","","","","","","","","","6","115","0","1","","","","","","","","","","","","6"
"498","La.-Monroe","09/25/10","22","AMBROSE","LUTHER","","","","","","","","","","","","0","0","2","53","0","","","","","","","","","","","","4","84","0","","","","","","","","","","","","","0"
"498","La.-Monroe","10/02/10","22","AMBROSE","LUTHER","2","7","0","7","0","","","","","","","2","7","7","56","0","","","","","","","","","","","","3","47","0","","","","","","","","","","","","","0"
"498","La.-Monroe","10/09/10","22","AMBROSE","LUTHER","","","","","","","","","","","","0","0","6","61","0","","","","","","","","","","","","","","","","","","","","","","","","","","","0"
"498","La.-Monroe","10/16/10","22","AMBROSE","LUTHER","1","0","0","0","0","","","","","","","1","0","5","77","1","","","","","","","","","","","","","","","1","","","","","","","","","","","","6"
"498","La.-Monroe","10/23/10","22","AMBROSE","LUTHER","2","0","10","-10","0","","","","","","","2","-10","9","66","1","","","","","","","","","","","","","","","1","","","","","","","","","","","","6"
"498","La.-Monroe","10/30/10","22","AMBROSE","LUTHER","","","","","","","","","","","","0","0","7","73","0","","","","","","","","","","","","","","","","","","","","","","","","","","","0"
"498","La.-Monroe","11/06/10","22","AMBROSE","LUTHER","","","","","","","","","","","","0","0","8","67","0","","","","","","","","","","","","","","","","","","","","","","","","","","","0"
"498","La.-Monroe","11/13/10","22","AMBROSE","LUTHER","","","","","","","","","","","","0","0","2","21","0","","","","","","","","","","","","2","36","0","","","","","","","","","","","","","0"
"498","La.-Monroe","11/20/10","22","AMBROSE","LUTHER","","","","","","","","","","","","0","0","7","140","2","","","","","","","","","","","","","","","2","","","","","","","","","","","","12"
"498","La.-Monroe","11/27/10","22","AMBROSE","LUTHER","","","","","","","","","","","","0","0","4","29","0","","","","","","","","","","","","","","","","","","","","","","","","","","","0"
"498","La.-Monroe","09/25/10","35","BLAKES","CAMERON","","","","","","","","","","","","0","0","","","","1","0","0","","","","","","","","","","","","","","","","","","","","","","","","0"
"498","La.-Monroe","09/11/10","15","BROWNING","KOLTON","11","44","19","25","0","17","7","1","74","1","","28","99","","","","","","","","","","","","","","","","","","","","","","","","","","","","","","0"
"498","La.-Monroe","09/18/10","15","BROWNING","KOLTON","18","104","21","83","0","32","19","2","267","2","1","50","350","","","","","","","","","","","","","","","","","","","","","1","1","","","","","","","","2"
"498","La.-Monroe","09/25/10","15","BROWNING","KOLTON","22","87","12","75","1","34","23","1","249","2","","56","324","","","","","","","","","","","","","","","","","","1","","","","","","","","","","","","6"
"498","La.-Monroe","10/02/10","15","BROWNING","KOLTON","12","16","29","-13","0","33","25","0","203","0","","45","190","","","","","","","","","","","","","","","","","","","","","","","","","","","","","","0"
"498","La.-Monroe","10/09/10","15","BROWNING","KOLTON","16","47","39","8","0","41","25","1","282","1","1","57","290","","","","","","","","","","","","","","","","","","","","","1","1","","","","","","","","2"
"498","La.-Monroe","10/16/10","15","BROWNING","KOLTON","9","56","4","52","0","33","20","0","208","1","","42","260","","","","","","","","","","","","","","","","","","","","","","","","","","","","","","0"
"498","La.-Monroe","10/23/10","15","BROWNING","KOLTON","13","20","40","-20","0","43","25","2","232","1","","56","212","","","","","","","","","","","","","","","","","","","","","","","","","","","","","","0"
"498","La.-Monroe","10/30/10","15","BROWNING","KOLTON","19","57","31","26","2","30","20","0","226","1","","49","252","","","","","","","","","","","","","","","","","","2","","","","","","","","","","","","12"
"498","La.-Monroe","11/06/10","15","BROWNING","KOLTON","19","93","23","70","0","38","27","1","339","3","1","57","409","","","","","","","","","","","","","","","","","","","","","1","1","","","","","","","","2"
"498","La.-Monroe","11/13/10","15","BROWNING","KOLTON","6","19","19","0","0","17","8","2","61","0","","23","61","","","","","","","","","","","","","","","","","","","","","","","","","","","","","","0"
"498","La.-Monroe","11/20/10","15","BROWNING","KOLTON","16","87","14","73","0","23","18","1","247","5","","39","320","","","","","","","","","","","","","","","","","","","","","","","","","","","","","","0"
"498","La.-Monroe","11/27/10","15","BROWNING","KOLTON","10","18","12","6","1","37","17","1","164","1","","47","170","","","","","","","","","","","","","","","","","","1","","","","","","","","","","","","6"
"498","La.-Monroe","10/02/10","38","DONALD","CENTARIUS","9","30","3","27","0","","","","","","","9","27","","","","","","","","","","","","","","","2","34","0","","","","","","","","","","","","","0"
"498","La.-Monroe","10/16/10","38","DONALD","CENTARIUS","","","","","","","","","","","","0","0","","","","","","","","","","","","","","","1","36","0","","","","","","","","","","","","","0"
"498","La.-Monroe","10/23/10","38","DONALD","CENTARIUS","2","2","0","2","0","","","","","","","2","2","1","7","0","","","","","","","","","","","","1","30","0","","","","","","","","","","","","","0"
"498","La.-Monroe","11/13/10","38","DONALD","CENTARIUS","7","21","6","15","0","","","","","","","7","15","","","","","","","","","","","","","","","","","","","","","","","","","","","","","","0"
"498","La.-Monroe","11/20/10","38","DONALD","CENTARIUS","3","22","0","22","0","","","","","","","3","22","","","","","","","","","","","","","","","3","48","0","","","","","","","","","","","","","0"
"498","La.-Monroe","11/27/10","38","DONALD","CENTARIUS","","","","","","","","","","","","0","0","","","","","","","","","","","","","","","1","38","0","","","","","","","","","","","","","0"
"498","La.-Monroe","11/06/10","52","DORSEY","KEN","","","","","","","","","","","","0","0","","","","1","56","0","","","","","","","","","","","","","","","","","","","","","","","","0"
"498","La.-Monroe","09/11/10","7","EDWARDS","JYRUSS","6","35","2","33","0","","","","","","","6","33","","","","","","","","","","","","","","","","","","","","","","","","","","","","","","0"
"498","La.-Monroe","09/18/10","7","EDWARDS","JYRUSS","1","8","0","8","0","","","","","","","1","8","","","","","","","","","","","","","","","","","","","","","","","","","","","","","","0"
"498","La.-Monroe","09/25/10","7","EDWARDS","JYRUSS","5","21","0","21","0","","","","","","","5","21","","","","","","","","","","","","","","","","","","","","","","","","","","","","","","0"
"498","La.-Monroe","10/02/10","7","EDWARDS","JYRUSS","","","","","","","","","","","","0","0","4","26","0","","","","","","","","","","","","2","43","0","","","","","","","","","","","","","0"
"498","La.-Monroe","10/09/10","7","EDWARDS","JYRUSS","5","22","9","13","1","","","","","","","5","13","3","22","0","","","","","","","","","","","","3","93","0","1","","","","","","","","","","","","6"
"498","La.-Monroe","10/16/10","7","EDWARDS","JYRUSS","12","65","5","60","2","","","","","","","12","60","2","18","0","","","","","","","","","","","","4","117","0","2","","","","","","","","","","","","12"
"498","La.-Monroe","10/23/10","7","EDWARDS","JYRUSS","4","8","1","7","0","","","","","","","4","7","1","4","0","","","","","","","","","","","","3","77","0","","","","","","","","","","","","","0"
"498","La.-Monroe","10/30/10","7","EDWARDS","JYRUSS","11","42","3","39","0","","","","","","","11","39","1","1","0","","","","","","","","","","","","1","37","0","","","","","","","","","","","","","0"
"498","La.-Monroe","11/06/10","7","EDWARDS","JYRUSS","7","19","1","18","0","","","","","","","7","18","","","","","","","","","","","","","","","3","42","0","","","","","","","","","","","","","0"
"498","La.-Monroe","11/13/10","7","EDWARDS","JYRUSS","5","49","0","49","0","","","","","","","5","49","1","-4","0","","","","","","","","","","","","5","106","0","","","","","","","","","","","","","0"
"498","La.-Monroe","11/20/10","7","EDWARDS","JYRUSS","13","63","0","63","1","","","","","","","13","63","1","5","0","","","","","","","","","","","","5","130","0","1","","","","","","","","","","","","6"
"498","La.-Monroe","11/27/10","7","EDWARDS","JYRUSS","15","71","7","64","0","","","","","","","15","64","1","-2","0","","","","","","","","","","","","3","61","0","","","","","","","","","","","","","0"
"498","La.-Monroe","09/11/10","5","GOODIN","FRANK","12","46","2","44","0","","","","","","","12","44","1","4","0","","","","","","","","","","","","","","","","","","","","","","","","","","","0"
"498","La.-Monroe","09/18/10","5","GOODIN","FRANK","6","15","1","14","0","","","","","","","6","14","2","15","0","","","","","","","","","","","","","","","","","","","","","","","","","","","0"
"498","La.-Monroe","09/25/10","5","GOODIN","FRANK","19","47","4","43","0","","","","","","","19","43","1","4","0","","","","","","","","","","","","","","","","","","","","","","","","","","","0"
"498","La.-Monroe","10/02/10","5","GOODIN","FRANK","5","9","3","6","0","","","","","","","5","6","2","13","0","","","","","","","","","","","","","","","","","","","","","","","","","","","0"
"498","La.-Monroe","10/09/10","5","GOODIN","FRANK","11","35","5","30","0","","","","","","","11","30","2","9","0","","","","","","","","","","","","","","","","","","","","","","","","","","","0"
"498","La.-Monroe","10/16/10","5","GOODIN","FRANK","8","27","6","21","1","","","","","","","8","21","1","24","0","","","","","","","","","","","","","","","1","","","","","","","","","","","","6"
"498","La.-Monroe","10/23/10","5","GOODIN","FRANK","5","5","1","4","0","","","","","","","5","4","3","37","0","","","","","","","","","","","","1","23","0","","","","","","","","","","","","","0"
"498","La.-Monroe","10/30/10","5","GOODIN","FRANK","15","66","0","66","0","","","","","","","15","66","","","","","","","","","","","","","","","","","","","","","","","","","","","","","","0"
"498","La.-Monroe","11/06/10","5","GOODIN","FRANK","13","34","6","28","1","","","","","","","13","28","2","13","0","","","","","","","","","","","","","","","1","","","","","","","","","","","","6"
"498","La.-Monroe","11/13/10","5","GOODIN","FRANK","3","13","0","13","0","","","","","","","3","13","1","14","0","","","","","","","","","","","","","","","","","","","","","","","","","","","0"
"498","La.-Monroe","11/20/10","5","GOODIN","FRANK","17","77","2","75","1","","","","","","","17","75","2","5","1","","","","","","","","","","","","","","","2","","","","","","","","","","","","12"
"498","La.-Monroe","11/27/10","5","GOODIN","FRANK","17","97","3","94","0","","","","","","","17","94","","","","","","","","","","","","","","","","","","","","","","","","","","","","","","0"
"498","La.-Monroe","10/09/10","86","HAMM","JE'RON","","","","","","","","","","","","0","0","1","11","0","","","","","","","","","","","","","","","","","","","","","","","","","","","0"
"498","La.-Monroe","10/23/10","86","HAMM","JE'RON","","","","","","","","","","","","0","0","1","5","0","","","","","","","","","","","","","","","","","","","","","","","","","","","0"
"498","La.-Monroe","11/20/10","86","HAMM","JE'RON","","","","","","","","","","","","0","0","3","56","1","","","","","","","","","","","","","","","1","","","","","","","","","","","","6"
"498","La.-Monroe","11/27/10","86","HAMM","JE'RON","","","","","","","","","","","","0","0","3","39","0","","","","","","","","","","","","","","","","","","","","","","","","","","","0"
"498","La.-Monroe","09/11/10","3","IBE","ALEX","","","","","","","","","","","","0","0","","","","1","20","0","","","","","","","","","","","","","","","","","","","","","","","","0"
"498","La.-Monroe","11/27/10","3","IBE","ALEX","","","","","","","","","","","","0","0","","","","1","1","0","","","","","","","","","","","","","","","","","","","","","","","","0"
"498","La.-Monroe","09/11/10","85","JABOUR","RADI","","","","","","","","","","","","0","0","","","","","","","","","","","","","","","","","","","1","1","0","0","","","","","","","","1"
"498","La.-Monroe","09/18/10","85","JABOUR","RADI","","","","","","","","","","","","0","0","","","","","","","","","","","","","","","","","","","2","0","0","0","","","","","1","0","","0"
"498","La.-Monroe","09/25/10","85","JABOUR","RADI","","","","","","","","","","","","0","0","","","","","","","","","","","","","","","","","","","3","3","0","0","","","","","","","","3"
"498","La.-Monroe","10/02/10","85","JABOUR","RADI","","","","","","","","","","","","0","0","","","","","","","","","","","","","","","","","","","","","","","","","","","1","1","","3"
"498","La.-Monroe","10/09/10","85","JABOUR","RADI","","","","","","","","","","","","0","0","","","","","","","","","","","","","","","","","","","1","1","0","0","","","","","2","1","","4"
"498","La.-Monroe","10/16/10","85","JABOUR","RADI","","","","","","","","","","","","0","0","","","","","","","","","","","","","","","","","","","5","5","0","0","","","","","","","","5"
"498","La.-Monroe","10/23/10","85","JABOUR","RADI","","","","","","","","","","","","0","0","","","","","","","","","","","","","","","","","","","1","1","0","0","","","","","1","1","","4"
"498","La.-Monroe","10/30/10","85","JABOUR","RADI","","","","","","","","","","","","0","0","","","","","","","","","","","","","","","","","","","4","4","0","0","","","","","","","","4"
"498","La.-Monroe","11/06/10","85","JABOUR","RADI","","","","","","","","","","","","0","0","","","","","","","","","","","","","","","","","","","3","3","0","0","","","","","2","2","","9"
"498","La.-Monroe","11/20/10","85","JABOUR","RADI","","","","","","","","","","","","0","0","","","","","","","","","","","","","","","","","","","7","7","0","0","","","","","","","","7"
"498","La.-Monroe","11/27/10","85","JABOUR","RADI","","","","","","","","","","","","0","0","","","","","","","","","","","","","","","","","","","2","1","0","0","","","","","3","3","","10"
"498","La.-Monroe","09/11/10","17","JORDAN","ALVIN","","","","","","","","","","","","0","0","2","33","0","","","","","","","","","","","","","","","","","","","","","","","","","","","0"
"498","La.-Monroe","09/18/10","17","JORDAN","ALVIN","","","","","","","","","","","","0","0","1","9","0","","","","","","","","","","","","","","","","","","","","","","","","","","","0"
"498","La.-Monroe","10/16/10","17","JORDAN","ALVIN","","","","","","","","","","","","0","0","1","7","0","","","","","","","","","","","","","","","","","","","","","","","","","","","0"
"498","La.-Monroe","10/23/10","17","JORDAN","ALVIN","","","","","","","","","","","","0","0","1","6","0","","","","","","","","","","","","","","","","","","","","","","","","","","","0"
"498","La.-Monroe","10/30/10","17","JORDAN","ALVIN","","","","","","","","","","","","0","0","1","0","0","","","","","","","","","","","","","","","","","","","","","","","","","","","0"
"498","La.-Monroe","11/06/10","17","JORDAN","ALVIN","","","","","","","","","","","","0","0","3","24","0","","","","","","","","","","","","","","","","","","","","","","","","","","","0"
"498","La.-Monroe","11/27/10","17","JORDAN","ALVIN","","","","","","","","","","","","0","0","1","9","0","","","","","","","","","","","","","","","","","","","","","","","","","","","0"
"498","La.-Monroe","10/30/10","87","KITTLE","TY","","","","","","","","","","","","0","0","","","","","","","","","","","","","","","1","20","0","","","","","","","","","","","","","0"
"498","La.-Monroe","11/13/10","87","KITTLE","TY","","","","","","","","","","","","0","0","1","0","0","","","","","","","","","","","","","","","","","","","","","","","","","","","0"
"498","La.-Monroe","09/18/10","18","LEONARD","BRENT","","","","","","","","","","","","0","0","3","67","1","","","","","","","","","","","","","","","1","","","","","","","","","","","","6"
"498","La.-Monroe","09/25/10","18","LEONARD","BRENT","","","","","","","","","","","","0","0","6","51","0","","","","","","","","","4","7","0","","","","","","","","","","","","","","","","0"
"498","La.-Monroe","10/02/10","18","LEONARD","BRENT","","","","","","","","","","","","0","0","2","34","0","","","","","","","","","","","","","","","","","","","","","","","","","","","0"
"498","La.-Monroe","10/09/10","18","LEONARD","BRENT","","","","","","","","","","","","0","0","3","36","1","","","","","","","","","1","5","0","","","","1","","","0","0","","","","","","","","6"
"498","La.-Monroe","10/16/10","18","LEONARD","BRENT","","","","","","","","","","","","0","0","2","19","0","","","","","","","","","","","","","","","","","","","","","","","","","","","0"
"498","La.-Monroe","10/23/10","18","LEONARD","BRENT","","","","","","","","","","","","0","0","4","42","0","","","","","","","","","","","","","","","","","","","","","","","","","","","0"
"498","La.-Monroe","10/30/10","18","LEONARD","BRENT","","","","","","","","","","","","0","0","3","33","0","","","","","","","","","","","","","","","","","","","","","","","","","","","0"
"498","La.-Monroe","11/06/10","18","LEONARD","BRENT","","","","","","","","","","","","0","0","3","28","1","","","","","","","","","","","","","","","1","","","0","0","","","","","","","","6"
"498","La.-Monroe","11/13/10","18","LEONARD","BRENT","","","","","","","","","","","","0","0","2","15","0","","","","","","","","","","","","","","","","","","","","","","","","","","","0"
"498","La.-Monroe","11/20/10","18","LEONARD","BRENT","","","","","","","","","","","","0","0","1","9","0","","","","","","","","","","","","","","","","","","","","","","","","","","","0"
"498","La.-Monroe","11/27/10","18","LEONARD","BRENT","","","","","","","","","","","","0","0","3","44","0","","","","","","","","","","","","","","","","","","","","","","","","","","","0"
"498","La.-Monroe","10/02/10","28","LOVETT","RODNEY","","","","","","","","","","","","0","0","1","3","0","","","","","","","","","","","","1","25","0","","","","","","","","","","","","","0"
"498","La.-Monroe","10/23/10","28","LOVETT","RODNEY","","","","","","","","","","","","0","0","1","3","0","","","","","","","","","","","","","","","","","","","","","","","","","","","0"
"498","La.-Monroe","11/13/10","28","LOVETT","RODNEY","3","11","0","11","0","","","","","","","3","11","","","","","","","","","","","","","","","1","28","0","","","","","","","","","","","","","0"
"498","La.-Monroe","11/20/10","28","LOVETT","RODNEY","","","","","","","","","","","","0","0","1","1","1","","","","","","","","","","","","","","","1","","","","","","","","","","","","6"
"498","La.-Monroe","11/27/10","28","LOVETT","RODNEY","","","","","","","","","","","","0","0","","","","","","","","","","","","","","","1","26","0","","","","","","","","","","","","","0"
"498","La.-Monroe","09/11/10","81","MAYE","TAVARESE","","","","","","","","","","","","0","0","2","13","0","","","","","","","","","","","","","","","","","","","","","","","","","","","0"
"498","La.-Monroe","09/18/10","81","MAYE","TAVARESE","1","5","0","5","0","","","","","","","1","5","2","11","0","","","","","","","","","1","5","0","","","","","","","","","","","","","","","","0"
"498","La.-Monroe","09/25/10","81","MAYE","TAVARESE","","","","","","","","","","","","0","0","3","54","1","","","","","","","","","","","","","","","1","","","","","","","","","","","","6"
"498","La.-Monroe","10/02/10","81","MAYE","TAVARESE","","","","","","","","","","","","0","0","6","45","0","","","","","","","","","","","","1","9","0","","","","","","","","","","","","","0"
"498","La.-Monroe","10/09/10","81","MAYE","TAVARESE","2","19","0","19","0","","","","","","","2","19","3","27","0","","","","","","","","","","","","","","","","","","","","","","","","","","","0"
"498","La.-Monroe","10/16/10","81","MAYE","TAVARESE","","","","","","","","","","","","0","0","5","31","0","","","","","","","","","","","","","","","","","","","","","","","","","","","0"
"498","La.-Monroe","10/23/10","81","MAYE","TAVARESE","","","","","","","","","","","","0","0","3","27","0","","","","","","","","","","","","","","","","","","","","","","","","","","","0"
"498","La.-Monroe","10/30/10","81","MAYE","TAVARESE","2","44","0","44","1","","","","","","","2","44","4","77","1","","","","","","","","","","","","","","","2","","","","","","","","","","","","12"
"498","La.-Monroe","11/06/10","81","MAYE","TAVARESE","","","","","","","","","","","","0","0","7","146","1","","","","","","","","","","","","","","","1","","","","","","","","","","","","6"
"498","La.-Monroe","11/13/10","81","MAYE","TAVARESE","3","16","1","15","0","","","","","","","3","15","2","5","0","","","","","","","","","","","","","","","","","","","","","","","","","","","0"
"498","La.-Monroe","11/20/10","81","MAYE","TAVARESE","1","2","0","2","0","","","","","","","1","2","3","31","0","","","","","","","","","","","","","","","","","","","","","","","","","","","0"
"498","La.-Monroe","11/27/10","81","MAYE","TAVARESE","2","18","0","18","0","","","","","","","2","18","3","38","0","","","","","","","","","","","","","","","","","","","","","","","","","","","0"
"498","La.-Monroe","09/18/10","83","MCCALL","ANTHONY","","","","","","","","","","","","0","0","2","68","0","","","","","","","","","","","","","","","","","","0","0","","","","","","","","0"
"498","La.-Monroe","09/25/10","83","MCCALL","ANTHONY","","","","","","","","","","","","0","0","8","69","1","","","","","","","","","","","","","","","1","","","","","","","","","","","","6"
"498","La.-Monroe","10/02/10","83","MCCALL","ANTHONY","","","","","","","","","","","","0","0","2","15","0","","","","","","","","","","","","","","","","","","","","","","","","","","","0"
"498","La.-Monroe","10/09/10","83","MCCALL","ANTHONY","","","","","","","","","","","","0","0","5","96","0","","","","","","","","","","","","","","","","","","","","","","","","","","","0"
"498","La.-Monroe","10/16/10","83","MCCALL","ANTHONY","","","","","","","","","","","","0","0","2","19","0","","","","","","","","","","","","","","","","","","","","","","","","","","","0"
"498","La.-Monroe","10/23/10","83","MCCALL","ANTHONY","","","","","","","","","","","","0","0","2","65","0","","","","","","","","","","","","","","","","","","","","","","","","","","","0"
"498","La.-Monroe","10/30/10","83","MCCALL","ANTHONY","","","","","","","","","","","","0","0","5","53","0","","","","","","","","","","","","","","","","","","","","","","","","","","","0"
"498","La.-Monroe","11/06/10","83","MCCALL","ANTHONY","","","","","","","","","","","","0","0","6","88","1","","","","","","","","","","","","","","","1","","","","","","","","","","","","6"
"498","La.-Monroe","11/27/10","83","MCCALL","ANTHONY","","","","","","","","","","","","0","0","1","6","0","","","","","","","","","","","","","","","","","","","","","","","","","","","0"
"498","La.-Monroe","10/23/10","80","MILTON","KEAVON","","","","","","","","","","","","0","0","","","","1","0","0","","","","","","","","","","","","","","","","","","","","","","","","0"
"498","La.-Monroe","11/27/10","80","MILTON","KEAVON","","","","","","","","","","","","0","0","1","1","1","","","","","","","","","","","","","","","1","","","","","","","","","","","","6"
"498","La.-Monroe","09/11/10","2","MUNOZ","AARON","","","","","","","","","","","","0","0","","","","","","","","","","9","374","","","","","","","","","","","","","","","","","","","0"
"498","La.-Monroe","09/18/10","2","MUNOZ","AARON","","","","","","","","","","","","0","0","","","","","","","","","","2","77","","","","","","","","","","","","","","","","","","","0"
"498","La.-Monroe","09/25/10","2","MUNOZ","AARON","","","","","","","","","","","","0","0","","","","","","","","","","6","218","","","","","","","","","","","","","","","","","","","0"
"498","La.-Monroe","10/02/10","2","MUNOZ","AARON","1","0","11","-11","0","","","","","","","1","-11","","","","","","","","","","4","152","","","","","","","","","","","","","","","","","","","0"
"498","La.-Monroe","10/09/10","2","MUNOZ","AARON","1","14","0","14","0","1","1","0","56","0","","2","70","","","","","","","","","","4","113","","","","","","","","","","","","","","","","","","","0"
"498","La.-Monroe","10/16/10","2","MUNOZ","AARON","","","","","","2","0","0","0","0","","2","0","","","","","","","","","","5","171","","","","","","","","","","","","","","","","","","","0"
"498","La.-Monroe","10/23/10","2","MUNOZ","AARON","","","","","","","","","","","","0","0","","","","","","","","","","10","395","","","","","","","","","","","","","","","","","","","0"
"498","La.-Monroe","10/30/10","2","MUNOZ","AARON","","","","","","","","","","","","0","0","","","","","","","","","","8","328","","","","","","","","","","","","","","","","","","","0"
"498","La.-Monroe","11/06/10","2","MUNOZ","AARON","","","","","","","","","","","","0","0","","","","","","","","","","5","230","","","","","","","","","","","","","","","","","","","0"
"498","La.-Monroe","11/13/10","2","MUNOZ","AARON","","","","","","","","","","","","0","0","","","","","","","","","","7","238","","","","","","","","","","","","","","","","","","","0"
"498","La.-Monroe","11/20/10","2","MUNOZ","AARON","","","","","","","","","","","","0","0","","","","","","","","","","3","129","","","","","","","","","","","","","","","","","","","0"
"498","La.-Monroe","11/27/10","2","MUNOZ","AARON","","","","","","","","","","","","0","0","","","","","","","","","","5","202","","","","","","","","","","","","","","","","","","","0"
"498","La.-Monroe","10/16/10","6","NELSON","ROBERT","","","","","","","","","","","","0","0","","","","1","55","1","","","","","","3","18","0","","","","1","","","","","","","","","","","","6"
"498","La.-Monroe","10/23/10","6","NELSON","ROBERT","","","","","","","","","","","","0","0","","","","","","","","","","","","2","4","0","","","","","","","","","","","","","","","","0"
"498","La.-Monroe","10/30/10","6","NELSON","ROBERT","","","","","","","","","","","","0","0","","","","1","0","0","","","","","","","","","","","","","","","","","","","","","","","","0"
"498","La.-Monroe","11/06/10","6","NELSON","ROBERT","","","","","","","","","","","","0","0","","","","","","","","","","","","1","4","0","","","","","","","","","","","","","","","","0"
"498","La.-Monroe","11/13/10","6","NELSON","ROBERT","","","","","","","","","","","","0","0","","","","","","","","","","","","2","7","0","","","","","","","","","","","","","","","","0"
"498","La.-Monroe","11/20/10","6","NELSON","ROBERT","","","","","","","","","","","","0","0","","","","","","","","","","","","2","18","0","","","","","","","","","","","","","","","","0"
"498","La.-Monroe","11/27/10","6","NELSON","ROBERT","","","","","","","","","","","","0","0","","","","","","","","","","","","2","8","0","","","","","","","","","","","","","","","","0"
"498","La.-Monroe","10/02/10","25","NEWSOME","ISAIAH","","","","","","","","","","","","0","0","","","","","","","","","","","","","","","0","29","0","","","","","","","","","","","","","0"
"498","La.-Monroe","10/16/10","25","NEWSOME","ISAIAH","","","","","","","","","","","","0","0","","","","","","","","","","","","1","1","0","","","","","","","","","","","","","","","","0"
"498","La.-Monroe","10/02/10","9","PETERSON","OTIS","","","","","","","","","","","","0","0","","","","1","0","0","","","","","","","","","","","","","","","","","","","","","","","","0"
"498","La.-Monroe","10/30/10","37","PRELOW","DARIUS","","","","","","","","","","","","0","0","","","","1","16","0","","","","","","","","","","","","","","","","","","","","","","","","0"
"498","La.-Monroe","11/06/10","37","PRELOW","DARIUS","","","","","","","","","","","","0","0","","","","1","0","0","","","","","","","","","","","","","","","","","","","","","","","","0"
"498","La.-Monroe","09/11/10","4","RHODES","ZACH","3","10","0","10","0","","","","","","","3","10","","","","","","","","","","","","","","","","","","","","","","","","","","","","","","0"
"498","La.-Monroe","09/18/10","4","RHODES","ZACH","2","6","0","6","1","","","","","","","2","6","","","","","","","","","","","","","","","","","","1","","","","","","","","","","","","6"
"498","La.-Monroe","09/25/10","4","RHODES","ZACH","1","7","0","7","0","","","","","","","1","7","","","","","","","","","","","","","","","","","","","","","","","","","","","","","","0"
"498","La.-Monroe","10/02/10","4","RHODES","ZACH","1","3","0","3","0","","","","","","","1","3","","","","","","","","","","","","","","","","","","","","","","","","","","","","","","0"
"498","La.-Monroe","10/09/10","4","RHODES","ZACH","3","3","4","-1","0","","","","","","","3","-1","1","56","0","","","","","","","","","","","","","","","","","","","","","","","","","","","0"
"498","La.-Monroe","10/23/10","4","RHODES","ZACH","1","14","0","14","0","","","","","","","1","14","","","","","","","","","","","","","","","","","","","","","","","","","","","","","","0"
"498","La.-Monroe","10/30/10","4","RHODES","ZACH","1","10","0","10","0","1","1","0","11","0","","2","21","","","","","","","","","","","","","","","","","","","","","","","","","","","","","","0"
"498","La.-Monroe","10/02/10","19","RUSSELL","LUKE","","","","","","","","","","","","0","0","1","7","0","","","","","","","","","","","","","","","","","","","","","","","","","","","0"
"498","La.-Monroe","10/23/10","19","RUSSELL","LUKE","","","","","","1","1","0","34","0","","1","34","","","","","","","","","","","","","","","","","","","","","","","","","","","","","","0"
"498","La.-Monroe","11/13/10","19","RUSSELL","LUKE","11","21","1","20","0","","","","","","","11","20","","","","","","","","","","","","","","","","","","","","","","","","","","","","","","0"
"498","La.-Monroe","09/18/10","88","SANDERS","ZARRELL","","","","","","","","","","","","0","0","2","13","0","","","","","","","","","","","","","","","","","","","","","","","","","","","0"
"498","La.-Monroe","09/25/10","88","SANDERS","ZARRELL","","","","","","","","","","","","0","0","1","9","0","","","","","","","","","","","","","","","","","","","","","","","","","","","0"
"498","La.-Monroe","10/02/10","88","SANDERS","ZARRELL","2","10","0","10","0","","","","","","","2","10","3","27","0","","","","","","","","","","","","","","","","","","","","","","","","","","","0"
"498","La.-Monroe","10/09/10","88","SANDERS","ZARRELL","","","","","","","","","","","","0","0","1","13","0","","","","","","","","","","","","","","","","","","","","","","","","","","","0"
"498","La.-Monroe","10/16/10","88","SANDERS","ZARRELL","","","","","","","","","","","","0","0","1","10","0","","","","","","","","","","","","","","","","","","","","","","","","","","","0"
"498","La.-Monroe","10/23/10","88","SANDERS","ZARRELL","","","","","","","","","","","","0","0","1","11","0","","","","","","","","","","","","","","","","","","","","","","","","","","","0"
"498","La.-Monroe","10/30/10","88","SANDERS","ZARRELL","1","6","0","6","0","","","","","","","1","6","","","","","","","","","","","","","","","","","","","","","","","","","","","","","","0"
"498","La.-Monroe","10/09/10","42","SMITH","THEO","","","","","","","","","","","","0","0","","","","1","0","0","","","","","","","","","","","","","","","","","","","","","","","","0"
"498","La.-Monroe","09/25/10","82","STEED","KEVIN","","","","","","","","","","","","0","0","2","9","0","","","","","","","","","","","","","","","","","","","","","","","","","","","0"
"498","La.-Monroe","10/02/10","82","STEED","KEVIN","","","","","","","","","","","","0","0","1","6","0","","","","","","","","","","","","","","","","","","","","","","","","","","","0"
"498","La.-Monroe","10/09/10","82","STEED","KEVIN","","","","","","","","","","","","0","0","1","7","0","","","","","","","","","","","","","","","","","","","","","","","","","","","0"
"498","La.-Monroe","10/16/10","10","TAYLOR","TIM","","","","","","","","","","","","0","0","1","3","0","","","","","","","","","","","","1","0","0","","","","","","","","","","","","","0"
"498","La.-Monroe","11/13/10","10","TAYLOR","TIM","","","","","","","","","","","","0","0","1","16","0","","","","","","","","","","","","","","","","","","","","","","","","","","","0"
"498","La.-Monroe","09/11/10","14","WELLS","CODY","1","0","0","0","0","2","1","0","-2","0","","3","-2","","","","","","","","","","","","","","","","","","","","","","","","","","","","","","0"
"498","La.-Monroe","10/02/10","14","WELLS","CODY","1","9","0","9","0","8","4","1","29","0","","9","38","","","","","","","","","","","","","","","","","","","","","","","","","","","","","","0"
"498","La.-Monroe","10/23/10","14","WELLS","CODY","","","","","","1","1","0","7","0","","1","7","","","","","","","","","","","","","","","","","","","","","","","","","","","","","","0"
"498","La.-Monroe","11/06/10","14","WELLS","CODY","","","","","","2","2","0","27","0","","2","27","","","","","","","","","","","","","","","","","","","","","","","","","","","","","","0"
"498","La.-Monroe","11/13/10","14","WELLS","CODY","","","","","","5","2","1","6","0","","5","6","","","","","","","","","","","","","","","","","","","","","","","","","","","","","","0"
"366","Louisiana Tech","09/04/10","86","ALLEN","RYAN","","","","","","","","","","","","0","0","","","","","","","","","","4","133","","","","","","","","","","","","","","","","","","","0"
"366","Louisiana Tech","09/11/10","86","ALLEN","RYAN","","","","","","","","","","","","0","0","","","","","","","","","","8","335","","","","","","","","","","","","","","","","","","","0"
"366","Louisiana Tech","09/18/10","86","ALLEN","RYAN","","","","","","","","","","","","0","0","","","","","","","","","","3","132","","","","","","","","","","","","","","","","","","","0"
"366","Louisiana Tech","09/25/10","86","ALLEN","RYAN","","","","","","","","","","","","0","0","","","","","","","","","","8","331","","","","","","","","","","","","","","","","","","","0"
"366","Louisiana Tech","10/02/10","86","ALLEN","RYAN","","","","","","1","1","0","8","0","","1","8","","","","","","","","","","3","129","","","","","","","","","","","","","","","","","","","0"
"366","Louisiana Tech","10/09/10","86","ALLEN","RYAN","","","","","","","","","","","","0","0","","","","","","","","","","4","163","","","","","","","","","","","","","","","","","","","0"
"366","Louisiana Tech","10/16/10","86","ALLEN","RYAN","","","","","","","","","","","","0","0","","","","","","","","","","1","47","","","","","","","","","","","","","","","","","","","0"
"366","Louisiana Tech","10/26/10","86","ALLEN","RYAN","","","","","","","","","","","","0","0","","","","","","","","","","5","143","","","","","","","","","","","","","","","","","","","0"
"366","Louisiana Tech","11/06/10","86","ALLEN","RYAN","","","","","","","","","","","","0","0","","","","","","","","","","7","271","","","","","","","","","","","","","","","","","","","0"
"366","Louisiana Tech","11/13/10","86","ALLEN","RYAN","","","","","","","","","","","","0","0","","","","","","","","","","5","215","","","","","","","","","","","","","","","","","","","0"
"366","Louisiana Tech","11/27/10","86","ALLEN","RYAN","","","","","","","","","","","","0","0","","","","","","","","","","8","359","","","","","","","","","","","","","","","","","","","0"
"366","Louisiana Tech","12/04/10","86","ALLEN","RYAN","","","","","","","","","","","","0","0","","","","","","","","","","4","189","","","","","","","","","","","","","","","","","","","0"
"366","Louisiana Tech","09/04/10","31","BOYD","CHAD","","","","","","","","","","","","0","0","","","","1","46","0","","","","","","","","","1","14","0","","","","","","","","","","","","","0"
"366","Louisiana Tech","09/18/10","31","BOYD","CHAD","","","","","","","","","","","","0","0","","","","1","0","0","","","","","","","","","","","","","","","","","","","","","","","","0"
"366","Louisiana Tech","10/02/10","31","BOYD","CHAD","","","","","","","","","","","","0","0","","","","","","","1","6","0","","","","","","","","","","","","","","","","","","","","","0"
"366","Louisiana Tech","11/13/10","31","BOYD","CHAD","","","","","","","","","","","","0","0","","","","1","30","0","","","","","","","","","","","","","","","","","","","","","","","","0"
"366","Louisiana Tech","11/27/10","31","BOYD","CHAD","","","","","","","","","","","","0","0","","","","1","0","0","","","","","","","","","","","","","","","","","","","","","","","","0"
"366","Louisiana Tech","10/02/10","91","BROHA","MATT","","","","","","","","","","","","0","0","1","8","0","","","","","","","","","","","","","","","","","","","","","","","","","","","0"
"366","Louisiana Tech","11/06/10","91","BROHA","MATT","1","6","0","6","0","","","","","","","1","6","","","","","","","","","","","","","","","","","","","","","","","","","","","","","","0"
"366","Louisiana Tech","09/04/10","10","CAMERON","COLBY","3","13","4","9","0","12","8","0","95","0","","15","104","","","","","","","","","","","","","","","","","","","","","","","","","","","","","","0"
"366","Louisiana Tech","09/11/10","10","CAMERON","COLBY","14","44","23","21","0","31","15","2","115","0","","45","136","","","","","","","","","","","","","","","","","","","","","","","","","","","","","","0"
"366","Louisiana Tech","09/18/10","10","CAMERON","COLBY","8","35","20","15","0","43","31","2","251","1","","51","266","","","","","","","","","","","","","","","","","","","","","","","","","","","","","","0"
"366","Louisiana Tech","09/25/10","10","CAMERON","COLBY","","","","","","4","0","1","0","0","","4","0","","","","","","","","","","","","","","","","","","","","","","","","","","","","","","0"
"366","Louisiana Tech","10/02/10","10","CAMERON","COLBY","","","","","","1","0","0","0","0","","1","0","","","","","","","","","","","","","","","","","","","","","","","","","","","","","","0"
"366","Louisiana Tech","09/04/10","1","CASEY","RICHIE","","","","","","","","","","","","0","0","2","5","0","","","","","","","","","","","","","","","","","","","","","","","","","","","0"
"366","Louisiana Tech","09/18/10","1","CASEY","RICHIE","","","","","","","","","","","","0","0","4","45","0","","","","","","","","","","","","","","","","","","","","","","","","","","","0"
"366","Louisiana Tech","09/25/10","1","CASEY","RICHIE","","","","","","","","","","","","0","0","2","22","1","","","","","","","","","","","","","","","1","","","","","","","","","","","","6"
"366","Louisiana Tech","10/02/10","1","CASEY","RICHIE","","","","","","","","","","","","0","0","8","98","1","","","","","","","","","","","","","","","1","","","","","","","","","","","","6"
"366","Louisiana Tech","10/09/10","1","CASEY","RICHIE","","","","","","","","","","","","0","0","3","21","0","","","","","","","","","","","","","","","","","","","","","","","","","","","0"
"366","Louisiana Tech","10/16/10","1","CASEY","RICHIE","","","","","","","","","","","","0","0","9","117","0","","","","","","","","","","","","","","","","","","","","","","","","","","","0"
"366","Louisiana Tech","10/26/10","1","CASEY","RICHIE","","","","","","1","0","0","0","0","","1","0","3","12","0","","","","","","","","","","","","","","","","","","","","","","","","","","","0"
"366","Louisiana Tech","11/06/10","1","CASEY","RICHIE","","","","","","1","1","0","43","1","","1","43","4","56","1","","","","","","","","","","","","","","","1","","","","","","","","","","","","6"
"366","Louisiana Tech","11/13/10","1","CASEY","RICHIE","","","","","","","","","","","","0","0","4","47","0","","","","","","","","","","","","","","","","","","","","","","","","","","","0"
"366","Louisiana Tech","11/27/10","1","CASEY","RICHIE","","","","","","","","","","","","0","0","3","9","0","","","","","","","","","","","","","","","","","","","","","","","","","","","0"
"366","Louisiana Tech","12/04/10","1","CASEY","RICHIE","","","","","","1","0","0","0","0","","1","0","","","","","","","","","","","","","","","","","","","","","","","","","","","","","","0"
"366","Louisiana Tech","09/04/10","26","COMPTON","MYKE","4","10","0","10","2","","","","","","","4","10","","","","","","","","","","","","","","","","","","2","","","","","","","","","","","","12"
"366","Louisiana Tech","09/11/10","26","COMPTON","MYKE","4","2","4","-2","0","","","","","","","4","-2","1","6","0","","","","","","","","","","","","","","","","","","","","","","","","","","","0"
"366","Louisiana Tech","09/25/10","26","COMPTON","MYKE","3","4","0","4","0","","","","","","","3","4","1","-1","0","","","","","","","","","","","","","","","","","","","","","","","","","","","0"
"366","Louisiana Tech","10/02/10","26","COMPTON","MYKE","8","59","1","58","0","","","","","","","8","58","2","12","0","","","","","","","","","","","","","","","","","","","","","","","","","","","0"
"366","Louisiana Tech","10/09/10","26","COMPTON","MYKE","12","58","1","57","0","","","","","","","12","57","5","27","0","","","","","","","","","","","","","","","","","","","","","","","","","","","0"
"366","Louisiana Tech","10/16/10","26","COMPTON","MYKE","11","33","1","32","0","","","","","","","11","32","1","10","0","","","","","","","","","","","","","","","","","","","","","","","","","","","0"
"366","Louisiana Tech","10/26/10","26","COMPTON","MYKE","2","9","0","9","0","","","","","","","2","9","2","17","0","","","","","","","","","","","","","","","","","","","","","","","","","","","0"
"366","Louisiana Tech","11/06/10","26","COMPTON","MYKE","1","3","0","3","0","","","","","","","1","3","","","","","","","","","","","","","","","","","","","","","","","","","","","","","","0"
"366","Louisiana Tech","11/13/10","26","COMPTON","MYKE","2","3","1","2","0","","","","","","","2","2","","","","","","","","","","","","","","","3","68","0","","","","","","","","","","","","","0"
"366","Louisiana Tech","11/27/10","26","COMPTON","MYKE","1","4","0","4","0","","","","","","","1","4","","","","","","","","","","","","","","","1","28","0","","","","","","","","","","","","","0"
"366","Louisiana Tech","09/04/10","5","CREER","LENNON","17","78","9","69","0","","","","","","","17","69","3","18","0","","","","","","","","","","","","","","","","","","","","","","","","","","","0"
"366","Louisiana Tech","09/11/10","5","CREER","LENNON","7","42","11","31","0","","","","","","","7","31","1","1","0","","","","","","","","","","","","","","","","","","","","","","","","","","","0"
"366","Louisiana Tech","09/18/10","5","CREER","LENNON","13","91","1","90","0","","","","","","","13","90","1","9","0","","","","","","","","","","","","","","","","","","","","","","","","","","","0"
"366","Louisiana Tech","09/25/10","5","CREER","LENNON","5","22","0","22","0","","","","","","","5","22","1","-3","0","","","","","","","","","","","","","","","","","","","","","","","","","","","0"
"366","Louisiana Tech","10/02/10","5","CREER","LENNON","12","57","0","57","0","","","","","","","12","57","2","39","0","","","","","","","","","","","","","","","","","","","","","","","","","","","0"
"366","Louisiana Tech","10/09/10","5","CREER","LENNON","18","120","0","120","2","","","","","","","18","120","1","0","0","","","","","","","","","","","","","","","2","","","","","","","","","","","","12"
"366","Louisiana Tech","10/16/10","5","CREER","LENNON","23","181","2","179","2","","","","","","","23","179","1","0","0","","","","","","","","","","","","","","","2","","","","","","","","","","","","12"
"366","Louisiana Tech","10/26/10","5","CREER","LENNON","35","157","8","149","2","","","","","","","35","149","3","41","0","","","","","","","","","","","","","","","2","","","","","","","","","","","","12"
"366","Louisiana Tech","11/06/10","5","CREER","LENNON","17","69","13","56","0","","","","","","","17","56","6","41","0","","","","","","","","","","","","","","","","","","","","","","","","","","","0"
"366","Louisiana Tech","11/13/10","5","CREER","LENNON","17","112","5","107","1","","","","","","","17","107","1","4","0","","","","","","","","","","","","","","","1","","","","","","","","","","","","6"
"366","Louisiana Tech","11/27/10","5","CREER","LENNON","30","263","11","252","3","","","","","","","30","252","3","25","0","","","","","","","","","","","","","","","3","","","","","","","","","","","","18"
"366","Louisiana Tech","12/04/10","5","CREER","LENNON","18","56","7","49","0","","","","","","","18","49","2","6","0","","","","","","","","","","","","","","","","","","","","","","","","","","","0"
"366","Louisiana Tech","11/13/10","47","CROWE","JAVONTAY","","","","","","","","","","","","0","0","","","","1","7","0","","","","","","","","","","","","","","","","","","","","","","","","0"
"366","Louisiana Tech","10/09/10","7","ENSMINGER","STEVEN","1","7","0","7","0","","","","","","","1","7","","","","","","","","","","","","","","","","","","","","","","","","","","","","","","0"
"366","Louisiana Tech","09/04/10","39","FALLS","ROOSEVELT","1","3","0","3","0","","","","","","","1","3","","","","","","","","","","","","","","","","","","","","","","","","","","","","","","0"
"366","Louisiana Tech","09/04/10","2","FITTE","LYLE","","","","","","","","","","","","0","0","3","25","0","","","","","","","","","","","","1","20","0","","","","","","","","","","","","","0"
"366","Louisiana Tech","09/11/10","2","FITTE","LYLE","2","5","1","4","0","","","","","","","2","4","","","","","","","","","","","","","","","1","17","0","","","","","","","","","","","","","0"
"366","Louisiana Tech","09/18/10","2","FITTE","LYLE","4","21","0","21","1","","","","","","","4","21","5","37","0","","","","","","","","","","","","1","56","0","1","","","","","","","","","","","","6"
"366","Louisiana Tech","09/25/10","2","FITTE","LYLE","","","","","","","","","","","","0","0","2","38","0","","","","","","","","","","","","2","47","0","","","","","","","","","","","","","0"
"366","Louisiana Tech","10/02/10","2","FITTE","LYLE","1","1","0","1","0","","","","","","","1","1","2","9","0","","","","","","","","","","","","1","41","0","","","","","","","","","","","","","0"
"366","Louisiana Tech","10/09/10","2","FITTE","LYLE","","","","","","","","","","","","0","0","1","4","0","","","","","","","","","","","","2","35","0","","","","","","","","","","","","","0"
"366","Louisiana Tech","10/16/10","2","FITTE","LYLE","5","31","0","31","0","","","","","","","5","31","3","39","0","","","","","","","","","","","","2","68","0","","","","","","","","","","","","","0"
"366","Louisiana Tech","10/26/10","2","FITTE","LYLE","","","","","","","","","","","","0","0","","","","","","","","","","","","","","","1","21","0","","","","","","","","","","","","","0"
"366","Louisiana Tech","11/06/10","2","FITTE","LYLE","","","","","","","","","","","","0","0","3","26","0","","","","","","","","","","","","","","","","","","","","","","","","","","","0"
"366","Louisiana Tech","11/13/10","2","FITTE","LYLE","","","","","","","","","","","","0","0","3","8","0","","","","","","","","","","","","","","","","","","","","","","","","","","","0"
"366","Louisiana Tech","11/27/10","2","FITTE","LYLE","","","","","","","","","","","","0","0","1","7","0","","","","","","","","","","","","1","16","0","","","","","","","","","","","","","0"
"366","Louisiana Tech","12/04/10","2","FITTE","LYLE","","","","","","","","","","","","0","0","2","26","0","","","","","","","","","","","","","","","","","","","","","","","","","","","0"
"366","Louisiana Tech","09/25/10","9","FORTSON","CAREY","","","","","","","","","","","","0","0","3","66","0","","","","","","","","","","","","","","","","","","","","","","","","","","","0"
"366","Louisiana Tech","11/13/10","27","GILES","QUINN","","","","","","","","","","","","0","0","1","3","0","","","","","","","","","","","","","","","","","","","","","","","","","","","0"
"366","Louisiana Tech","10/16/10","85","GRIGSBY","RANDY","","","","","","","","","","","","0","0","","","","1","0","0","","","","","","","","","","","","","","","","","","","","","","","","0"
"366","Louisiana Tech","09/04/10","30","GRU","DAVID","","","","","","","","","","","","0","0","1","27","0","","","","","","","","","","","","","","","","","","","","","","","","","","","0"
"366","Louisiana Tech","09/11/10","30","GRU","DAVID","","","","","","","","","","","","0","0","2","14","0","","","","","","","","","","","","","","","","","","","","","","","","","","","0"
"366","Louisiana Tech","10/16/10","30","GRU","DAVID","","","","","","","","","","","","0","0","3","40","0","","","","","","","","","","","","","","","","","","","","","","","","","","","0"
"366","Louisiana Tech","10/26/10","30","GRU","DAVID","","","","","","","","","","","","0","0","1","16","0","","","","","","","","","","","","","","","","","","","","","","","","","","","0"
"366","Louisiana Tech","12/04/10","30","GRU","DAVID","","","","","","","","","","","","0","0","3","25","0","","","","","","","","","","","","","","","","","","","","","","","","","","","0"
"366","Louisiana Tech","09/04/10","19","GUILLOT","ANDREW","","","","","","","","","","","","0","0","1","15","0","","","","","","","","","","","","","","","","","","","","","","","","","","","0"
"366","Louisiana Tech","09/11/10","19","GUILLOT","ANDREW","","","","","","","","","","","","0","0","3","19","0","","","","","","","","","","","","","","","","","","","","","","","","","","","0"
"366","Louisiana Tech","09/25/10","19","GUILLOT","ANDREW","","","","","","","","","","","","0","0","1","6","0","","","","","","","","","","","","","","","","","","","","","","","","","","","0"
"366","Louisiana Tech","10/02/10","19","GUILLOT","ANDREW","","","","","","","","","","","","0","0","2","0","0","","","","","","","","","","","","","","","","","","","","","","","","","","","0"
"366","Louisiana Tech","10/09/10","19","GUILLOT","ANDREW","","","","","","","","","","","","0","0","2","5","0","","","","","","","","","","","","","","","","","","","","","","","","","","","0"
"366","Louisiana Tech","10/26/10","19","GUILLOT","ANDREW","","","","","","","","","","","","0","0","1","6","0","","","","","","","","","","","","","","","","","","","","","","","","","","","0"
"366","Louisiana Tech","11/13/10","19","GUILLOT","ANDREW","","","","","","","","","","","","0","0","2","19","1","","","","","","","","","","","","","","","1","","","","","","","","","","","","6"
"366","Louisiana Tech","11/27/10","19","GUILLOT","ANDREW","","","","","","","","","","","","0","0","2","11","0","","","","","","","","","","","","","","","","","","","","","","","","","","","0"
"366","Louisiana Tech","09/11/10","3","HAKMI","TARIK","10","15","5","10","1","8","6","0","93","1","","18","103","","","","","","","","","","","","","","","","","","1","","","","","","","","","","","","6"
"366","Louisiana Tech","09/25/10","3","HAKMI","TARIK","12","38","12","26","0","35","22","2","262","1","","47","288","","","","","","","","","","","","","","","","","","","","","","","","","","","","","","0"
"366","Louisiana Tech","10/02/10","3","HAKMI","TARIK","1","5","0","5","0","11","4","2","0","0","","12","5","","","","","","","","","","","","","","","","","","","","","","","","","","","","","","0"
"366","Louisiana Tech","09/11/10","80","HARPER","ERIC","","","","","","","","","","","","0","0","4","56","1","","","","","","","","","","","","","","","1","","","","","","","","","","","","6"
"366","Louisiana Tech","09/18/10","80","HARPER","ERIC","","","","","","","","","","","","0","0","1","20","0","","","","","","","","","","","","","","","","","","","","","","","","","","","0"
"366","Louisiana Tech","12/04/10","80","HARPER","ERIC","","","","","","","","","","","","0","0","1","20","1","","","","","","","","","","","","","","","1","","","","","","","","","","","","6"
"366","Louisiana Tech","09/04/10","32","HOLLEY","RAY","5","30","0","30","0","","","","","","","5","30","3","26","0","","","","","","","","","","","","","","","","","","","","","","","","","","","0"
"366","Louisiana Tech","09/11/10","32","HOLLEY","RAY","2","5","0","5","0","1","0","0","0","0","","3","5","","","","","","","","","","","","","","","","","","","","","","","","","","","","","","0"
"366","Louisiana Tech","09/18/10","32","HOLLEY","RAY","6","29","1","28","0","","","","","","","6","28","4","20","0","","","","","","","","","","","","","","","","","","","","","","","","","","","0"
"366","Louisiana Tech","09/25/10","32","HOLLEY","RAY","1","2","0","2","0","","","","","","","1","2","","","","","","","","","","","","","","","","","","","","","","","","","","","","","","0"
"366","Louisiana Tech","10/02/10","32","HOLLEY","RAY","1","1","0","1","1","","","","","","","1","1","","","","","","","","","","","","","","","","","","1","","","","","","","","","","","","6"
"366","Louisiana Tech","10/09/10","32","HOLLEY","RAY","3","6","0","6","0","","","","","","","3","6","2","17","0","","","","","","","","","","","","","","","","","","","","","","","","","","","0"
"366","Louisiana Tech","10/26/10","32","HOLLEY","RAY","4","27","0","27","0","","","","","","","4","27","1","13","0","","","","","","","","","","","","","","","","","","","","","","","","","","","0"
"366","Louisiana Tech","11/13/10","32","HOLLEY","RAY","7","25","0","25","0","","","","","","","7","25","1","22","0","","","","","","","","","","","","1","8","0","","","","","","","","","","","","","0"
"366","Louisiana Tech","11/27/10","32","HOLLEY","RAY","13","65","7","58","1","","","","","","","13","58","","","","","","","","","","","","","","","","","","1","","","","","","","","","","","","6"
"366","Louisiana Tech","12/04/10","32","HOLLEY","RAY","7","27","3","24","0","","","","","","","7","24","","","","","","","","","","","","","","","","","","","","","","","","","","","","","","0"
"366","Louisiana Tech","09/04/10","17","IKHARO","TAULIB","","","","","","","","","","","","0","0","2","31","0","","","","","","","","","","","","","","","","","","","","","","","","","","","0"
"366","Louisiana Tech","09/11/10","17","IKHARO","TAULIB","","","","","","","","","","","","0","0","4","52","0","","","","","","","","","","","","","","","","","","","","","","","","","","","0"
"366","Louisiana Tech","09/18/10","17","IKHARO","TAULIB","","","","","","","","","","","","0","0","10","88","1","","","","","","","","","","","","","","","1","","","","","","","","","","","","6"
"366","Louisiana Tech","09/25/10","17","IKHARO","TAULIB","","","","","","","","","","","","0","0","2","22","0","","","","","","","","","","","","","","","","","","","","","","","","","","","0"
"366","Louisiana Tech","10/02/10","17","IKHARO","TAULIB","","","","","","","","","","","","0","0","3","25","0","","","","","","","","","","","","","","","","","","","","","","","","","","","0"
"366","Louisiana Tech","10/09/10","17","IKHARO","TAULIB","","","","","","","","","","","","0","0","3","29","0","","","","","","","","","","","","","","","","","","","","","","","","","","","0"
"366","Louisiana Tech","10/16/10","17","IKHARO","TAULIB","","","","","","","","","","","","0","0","7","62","0","","","","","","","","","","","","","","","","","","","","","","","","","","","0"
"366","Louisiana Tech","10/26/10","17","IKHARO","TAULIB","","","","","","","","","","","","0","0","7","45","0","","","","","","","","","","","","","","","","","","","","","","","","","","","0"
"366","Louisiana Tech","11/06/10","17","IKHARO","TAULIB","","","","","","","","","","","","0","0","3","53","3","","","","","","","","","","","","","","","3","","","","","","","","","","","","18"
"366","Louisiana Tech","11/13/10","17","IKHARO","TAULIB","","","","","","","","","","","","0","0","2","11","0","","","","","","","","","","","","","","","","","","","","","","","","","","","0"
"366","Louisiana Tech","11/27/10","17","IKHARO","TAULIB","","","","","","","","","","","","0","0","3","27","0","","","","","","","","","","","","","","","","","","","","","","","","","","","0"
"366","Louisiana Tech","12/04/10","17","IKHARO","TAULIB","","","","","","","","","","","","0","0","4","85","0","","","","","","","","","","","","","","","","","","","","","","","","","","","0"
"366","Louisiana Tech","09/04/10","8","JACKSON","JACARRI","","","","","","","","","","","","0","0","4","27","0","","","","","","","","","","","","","","","","","","","","","","","","","","","0"
"366","Louisiana Tech","09/18/10","8","JACKSON","JACARRI","","","","","","","","","","","","0","0","2","11","0","","","","","","","","","","","","","","","","","","","","","","","","","","","0"
"366","Louisiana Tech","09/25/10","8","JACKSON","JACARRI","","","","","","","","","","","","0","0","2","24","0","","","","","","","","","","","","","","","","","","","","","","","","","","","0"
"366","Louisiana Tech","10/09/10","8","JACKSON","JACARRI","","","","","","","","","","","","0","0","1","10","0","","","","","","","","","","","","","","","","","","","","","","","","","","","0"
"366","Louisiana Tech","11/13/10","8","JACKSON","JACARRI","","","","","","","","","","","","0","0","1","41","0","","","","","","","","","","","","","","","","","","","","","","","","","","","0"
"366","Louisiana Tech","09/04/10","11","JENKINS","ROSS","4","6","16","-10","0","19","15","0","101","0","","23","91","","","","","","","","","","","","","","","","","","","","","","","","","","","","","","0"
"366","Louisiana Tech","10/02/10","11","JENKINS","ROSS","5","10","5","5","0","26","19","1","215","2","","31","220","","","","","","","","","","","","","","","","","","","","","","","","","","","","","","0"
"366","Louisiana Tech","10/09/10","11","JENKINS","ROSS","3","5","7","-2","0","33","21","1","147","1","","36","145","","","","","","","","","","","","","","","","","","","","","","","","","","","","","","0"
"366","Louisiana Tech","10/16/10","11","JENKINS","ROSS","8","37","3","34","1","44","31","0","422","3","","52","456","","","","","","","","","","","","","","","","","","1","","","","","","","","","","","","6"
"366","Louisiana Tech","10/26/10","11","JENKINS","ROSS","8","11","24","-13","0","39","24","0","222","1","","47","209","","","","","","","","","","","","","","","","","","","","","","","","","","","","","","0"
"366","Louisiana Tech","11/06/10","11","JENKINS","ROSS","5","32","8","24","0","30","16","1","176","3","","35","200","1","43","0","","","","","","","","","","","","","","","","","","","","","","","","","","","0"
"366","Louisiana Tech","11/13/10","11","JENKINS","ROSS","6","24","0","24","1","31","19","1","184","1","","37","208","","","","","","","","","","","","","","","","","","1","","","","","","","","","","","","6"
"366","Louisiana Tech","11/27/10","11","JENKINS","ROSS","11","48","9","39","1","29","13","2","105","0","","40","144","","","","","","","","","","","","","","","","","","1","","","","","","","","","","","","6"
"366","Louisiana Tech","12/04/10","11","JENKINS","ROSS","5","17","10","7","1","23","14","0","188","1","","28","195","","","","","","","","","","","","","","","","","","1","","","","","","","","","","","","6"
"366","Louisiana Tech","09/04/10","6","LIVAS","PHILLIP","3","30","0","30","0","","","","","","","3","30","1","4","0","","","","","","","","","1","5","0","","","","","","","","","","","","","","","","0"
"366","Louisiana Tech","09/11/10","6","LIVAS","PHILLIP","","","","","","","","","","","","0","0","2","14","0","","","","","","","","","2","5","0","7","186","0","","","","","","","","","","","","","0"
"366","Louisiana Tech","09/25/10","6","LIVAS","PHILLIP","2","6","1","5","0","","","","","","","2","5","5","47","0","","","","","","","","","","","","2","40","0","","","","","","","","","","","","","0"
"366","Louisiana Tech","10/02/10","6","LIVAS","PHILLIP","","","","","","","","","","","","0","0","2","24","0","","","","","","","","","","","","5","80","0","","","","","","","","","","","","","0"
"366","Louisiana Tech","10/16/10","6","LIVAS","PHILLIP","2","0","12","-12","0","","","","","","","2","-12","2","59","1","","","","","","","","","2","12","0","2","31","0","1","","","","","","","","","","","","6"
"366","Louisiana Tech","10/26/10","6","LIVAS","PHILLIP","","","","","","","","","","","","0","0","3","37","1","","","","","","","","","1","11","0","5","111","0","1","","","","","","","","","","","","6"
"366","Louisiana Tech","11/06/10","6","LIVAS","PHILLIP","","","","","","","","","","","","0","0","","","","","","","","","","","","1","29","0","7","225","1","1","","","","","","","","","","","","6"
"366","Louisiana Tech","11/13/10","6","LIVAS","PHILLIP","5","84","0","84","2","","","","","","","5","84","4","29","0","","","","","","","","","1","3","0","","","","2","","","","","","","","","","","","12"
"366","Louisiana Tech","11/27/10","6","LIVAS","PHILLIP","5","22","0","22","0","","","","","","","5","22","1","26","0","","","","","","","","","3","103","1","1","27","0","1","","","","","","","","","","","","6"
"366","Louisiana Tech","12/04/10","6","LIVAS","PHILLIP","2","24","0","24","0","","","","","","","2","24","2","26","0","","","","","","","","","1","18","0","6","162","0","","","","","","","","","","","","","0"
"366","Louisiana Tech","09/11/10","81","MOLTON","TIM","","","","","","1","0","0","0","0","","1","0","3","36","0","","","","","","","","","","","","","","","","","","","","","","","","","","","0"
"366","Louisiana Tech","09/18/10","81","MOLTON","TIM","1","0","0","0","0","","","","","","","1","0","2","5","0","","","","","","","","","","","","","","","","","","","","","","","","","","","0"
"366","Louisiana Tech","10/02/10","81","MOLTON","TIM","","","","","","","","","","","","0","0","2","8","1","","","","","","","","","","","","","","","1","","","","","","","","","","","","6"
"366","Louisiana Tech","10/09/10","81","MOLTON","TIM","8","93","0","93","0","","","","","","","8","93","3","34","1","","","","","","","","","","","","","","","1","","","","","","","","","","","","6"
"366","Louisiana Tech","09/04/10","33","NELSON","MATT","","","","","","","","","","","","0","0","","","","","","","","","","","","","","","","","","","2","2","0","0","","","","","3","2","","8"
"366","Louisiana Tech","09/11/10","33","NELSON","MATT","","","","","","","","","","","","0","0","","","","","","","","","","","","","","","","","","","2","1","0","0","","","","","1","1","","4"
"366","Louisiana Tech","09/18/10","33","NELSON","MATT","","","","","","","","","","","","0","0","","","","","","","","","","","","","","","","","","","2","2","0","0","","","","","3","3","","11"
"366","Louisiana Tech","09/25/10","33","NELSON","MATT","","","","","","","","","","","","0","0","","","","","","","","","","","","","","","","","","","1","1","0","0","","","","","1","1","","4"
"366","Louisiana Tech","10/02/10","33","NELSON","MATT","","","","","","","","","","","","0","0","","","","","","","","","","","","","","","","","","","3","3","0","0","","","","","","","","3"
"366","Louisiana Tech","10/09/10","33","NELSON","MATT","","","","","","","","","","","","0","0","","","","","","","","","","","","","","","","","","","3","3","0","0","","","","","2","1","","6"
"366","Louisiana Tech","10/16/10","33","NELSON","MATT","","","","","","","","","","","","0","0","","","","","","","","","","","","","","","","","","","6","6","0","0","","","","","3","2","","12"
"366","Louisiana Tech","10/26/10","33","NELSON","MATT","","","","","","","","","","","","0","0","","","","","","","","","","","","","","","","","","","3","2","0","0","","","","","","","","2"
"366","Louisiana Tech","11/06/10","33","NELSON","MATT","","","","","","","","","","","","0","0","","","","","","","","","","","","","","","","","","","5","4","0","0","","","","","","","","4"
"366","Louisiana Tech","11/13/10","33","NELSON","MATT","","","","","","","","","","","","0","0","","","","","","","","","","","","","","","","","","","5","5","0","0","","","","","3","2","","11"
"366","Louisiana Tech","11/27/10","33","NELSON","MATT","","","","","","","","","","","","0","0","","","","","","","","","","","","","","","","","","","6","6","0","0","","","","","1","1","","9"
"366","Louisiana Tech","12/04/10","33","NELSON","MATT","","","","","","","","","","","","0","0","","","","","","","","","","","","","","","","","","","2","2","0","0","","","","","1","1","","5"
"366","Louisiana Tech","09/04/10","13","PAIGE","AHMAD","","","","","","","","","","","","0","0","3","18","0","","","","","","","","","","","","","","","","","","","","","","","","","","","0"
"366","Louisiana Tech","09/11/10","13","PAIGE","AHMAD","","","","","","","","","","","","0","0","1","10","0","","","","","","","","","","","","","","","","","","","","","","","","","","","0"
"366","Louisiana Tech","09/18/10","13","PAIGE","AHMAD","","","","","","","","","","","","0","0","2","16","0","","","","","","","","","","","","","","","","","","","","","","","","","","","0"
"366","Louisiana Tech","09/25/10","13","PAIGE","AHMAD","","","","","","","","","","","","0","0","3","41","0","","","","","","","","","","","","","","","","","","","","","","","","","","","0"
"366","Louisiana Tech","10/16/10","13","PAIGE","AHMAD","","","","","","","","","","","","0","0","5","95","2","","","","","","","","","","","","","","","2","","","","","","","","","","","","12"
"366","Louisiana Tech","10/26/10","13","PAIGE","AHMAD","","","","","","","","","","","","0","0","2","37","0","","","","","","","","","","","","","","","","","","","","","","","","","","","0"
"366","Louisiana Tech","11/06/10","24","PAIGE","OLAJUWON","","","","","","","","","","","","0","0","","","","1","15","0","","","","","","","","","","","","","","","","","","","","","","","","0"
"366","Louisiana Tech","09/25/10","46","PORTER","RUFUS","","","","","","","","","","","","0","0","","","","","","","","","","","","1","26","0","","","","","","","","","","","","","","","","0"
"366","Louisiana Tech","10/26/10","56","RANDLE","SOLOMON","","","","","","","","","","","","0","0","","","","1","28","0","","","","","","","","","","","","","","","","","","","","","","","","0"
"366","Louisiana Tech","09/04/10","89","SPENCE","CHANDLER","","","","","","","","","","","","0","0","","","","","","","","","","","","","","","1","10","0","","","","","","","","","","","","","0"
"366","Louisiana Tech","09/25/10","89","SPENCE","CHANDLER","","","","","","","","","","","","0","0","","","","","","","","","","","","","","","1","14","0","","","","","","","","","","","","","0"
"366","Louisiana Tech","10/02/10","89","SPENCE","CHANDLER","","","","","","","","","","","","0","0","","","","","","","","","","","","","","","1","8","0","","","","","","","","","","","","","0"
"366","Louisiana Tech","11/13/10","89","SPENCE","CHANDLER","","","","","","","","","","","","0","0","","","","","","","","","","","","","","","1","8","0","","","","","","","","","","","","","0"
"366","Louisiana Tech","09/04/10","15","VICTORIAN","JOSH","","","","","","","","","","","","0","0","","","","1","9","0","","","","","","","","","","","","","","","","","","","","","","","","0"
"366","Louisiana Tech","09/25/10","15","VICTORIAN","JOSH","","","","","","","","","","","","0","0","","","","1","1","0","","","","","","","","","","","","","","","","","","","","","","","","0"
"366","Louisiana Tech","09/18/10","23","WILLIAMS","RYAN","","","","","","","","","","","","0","0","","","","","","","","","","","","1","2","0","6","143","0","","","","","","","","","","","","","0"
"366","Louisiana Tech","10/09/10","23","WILLIAMS","RYAN","","","","","","","","","","","","0","0","","","","","","","","","","","","2","4","0","1","9","0","","","","","","","","","","","","","0"
"366","Louisiana Tech","11/06/10","23","WILLIAMS","RYAN","","","","","","","","","","","","0","0","","","","","","","","","","","","","","","1","37","0","","","","","","","","","","","","","0"
"366","Louisiana Tech","11/27/10","23","WILLIAMS","RYAN","","","","","","","","","","","","0","0","","","","2","18","0","","","","","","","","","2","46","0","","","","","","","","","","","","","0"
"367","Louisville","09/04/10","20","ANDERSON","VIC","8","34","2","32","0","","","","","","","8","32","2","10","0","","","","","","","","","","","","2","91","0","","","","","","","","","","","","","0"
"367","Louisville","09/11/10","20","ANDERSON","VIC","11","69","2","67","0","","","","","","","11","67","2","17","0","","","","","","","","","","","","1","59","0","","","","","","","","","","","","","0"
"367","Louisville","09/18/10","20","ANDERSON","VIC","8","19","4","15","0","","","","","","","8","15","3","17","0","","","","","","","","","","","","4","92","0","","","","","","","","","","","","","0"
"367","Louisville","10/02/10","20","ANDERSON","VIC","18","109","1","108","0","","","","","","","18","108","3","11","0","","","","","","","","","","","","3","66","0","","","","","","","","","","","","","0"
"367","Louisville","10/09/10","20","ANDERSON","VIC","3","23","0","23","0","","","","","","","3","23","","","","","","","","","","","","","","","","","","","","","","","","","","","","","","0"
"367","Louisville","11/06/10","20","ANDERSON","VIC","10","46","0","46","0","","","","","","","10","46","1","6","0","","","","","","","","","","","","","","","","","","","","","","","","","","","0"
"367","Louisville","11/13/10","20","ANDERSON","VIC","2","2","0","2","0","","","","","","","2","2","","","","","","","","","","","","","","","","","","","","","","","","","","","","","","0"
"367","Louisville","11/26/10","20","ANDERSON","VIC","1","0","0","0","0","","","","","","","1","0","","","","","","","","","","","","","","","2","61","0","","","","","","","","","","","","","0"
"367","Louisville","12/21/10","20","ANDERSON","VIC","","","","","","","","","","","","0","0","","","","","","","","","","","","","","","1","24","0","","","","","","","","","","","","","0"
"367","Louisville","09/11/10","8","ASHLEY","DARIUS","","","","","","","","","","","","0","0","","","","1","2","0","","","","","","","","","","","","","","","","","","","","","","","","0"
"367","Louisville","10/15/10","8","ASHLEY","DARIUS","","","","","","","","","","","","0","0","","","","1","0","0","","","","","","","","","","","","","","","","","","","","","","","","0"
"367","Louisville","09/04/10","27","BEAUMONT","DOUG","","","","","","","","","","","","0","0","3","40","0","","","","","","","","","1","28","0","","","","","","","","","","","","","","","","0"
"367","Louisville","09/11/10","27","BEAUMONT","DOUG","","","","","","","","","","","","0","0","4","83","1","","","","","","","","","1","1","0","","","","1","","","","","","","","","","","","6"
"367","Louisville","09/18/10","27","BEAUMONT","DOUG","","","","","","","","","","","","0","0","9","121","0","","","","","","","","","3","44","0","","","","","","","","","","","","","","","","0"
"367","Louisville","10/15/10","27","BEAUMONT","DOUG","","","","","","1","1","0","27","0","","1","27","1","11","0","","","","","","","","","","","","","","","","","","","","","","","","","","","0"
"367","Louisville","10/23/10","27","BEAUMONT","DOUG","","","","","","","","","","","","0","0","7","53","0","","","","","","","","","2","105","1","","","","1","","","","","","","","","","","","6"
"367","Louisville","10/30/10","27","BEAUMONT","DOUG","","","","","","","","","","","","0","0","7","50","0","","","","","","","","","","","","","","","","","","","","","","","","","","","0"
"367","Louisville","11/06/10","27","BEAUMONT","DOUG","","","","","","","","","","","","0","0","1","11","0","","","","","","","","","3","12","0","","","","","","","","","","","","","","","","0"
"367","Louisville","11/13/10","27","BEAUMONT","DOUG","","","","","","","","","","","","0","0","1","9","0","","","","","","","","","1","-3","0","","","","","","","","","","","","","","","","0"
"367","Louisville","11/20/10","27","BEAUMONT","DOUG","","","","","","","","","","","","0","0","1","5","0","","","","","","","","","1","0","0","","","","","","","","","","","","","","","","0"
"367","Louisville","11/26/10","27","BEAUMONT","DOUG","","","","","","","","","","","","0","0","","","","","","","","","","","","1","12","0","","","","","","","","","","","","","","","","0"
"367","Louisville","12/21/10","27","BEAUMONT","DOUG","","","","","","","","","","","","0","0","7","57","0","","","","","","","","","1","14","0","","","","","","","","","","","","","","","","0"
"367","Louisville","09/11/10","1","BELLAMY","JOSH","","","","","","","","","","","","0","0","2","22","0","","","","","","","","","1","9","0","","","","","","","","","","","","","","","","0"
"367","Louisville","09/18/10","1","BELLAMY","JOSH","","","","","","","","","","","","0","0","3","65","0","","","","","","","","","1","2","0","1","15","0","","","","","","","","","","","","","0"
"367","Louisville","10/02/10","1","BELLAMY","JOSH","","","","","","","","","","","","0","0","4","66","2","","","","","","","","","2","24","0","","","","2","","","","","","","","","","","","12"
"367","Louisville","10/09/10","1","BELLAMY","JOSH","","","","","","","","","","","","0","0","6","112","2","","","","","","","","","2","30","0","1","32","0","2","","","","","","","","","","","","12"
"367","Louisville","10/15/10","1","BELLAMY","JOSH","1","12","0","12","0","","","","","","","1","12","2","10","0","","","","","","","","","1","-2","0","5","120","0","","","","","","","","","","","","","0"
"367","Louisville","10/23/10","1","BELLAMY","JOSH","","","","","","","","","","","","0","0","1","9","0","","","","","","","","","","","","","","","","","","","","","","","","","","","0"
"367","Louisville","11/06/10","1","BELLAMY","JOSH","","","","","","","","","","","","0","0","2","20","0","","","","","","","","","","","","","","","","","","","","","","","","","","","0"
"367","Louisville","11/13/10","1","BELLAMY","JOSH","","","","","","","","","","","","0","0","5","58","1","","","","","","","","","","","","","","","1","","","","","","","","","","","","6"
"367","Louisville","11/20/10","1","BELLAMY","JOSH","","","","","","","","","","","","0","0","1","5","0","","","","","","","","","","","","","","","","","","","","","","","","","","","0"
"367","Louisville","11/26/10","1","BELLAMY","JOSH","","","","","","","","","","","","0","0","1","5","0","","","","","","","","","","","","","","","","","","","","","","","","","","","0"
"367","Louisville","12/21/10","1","BELLAMY","JOSH","","","","","","","","","","","","0","0","2","29","0","","","","","","","","","","","","","","","","","","","","","","","","","","","0"
"367","Louisville","09/04/10","40","BLESER","JOSH","","","","","","","","","","","","0","0","","","","","","","","","","4","146","","","","","","","","","","","","","","","","","","","0"
"367","Louisville","09/11/10","40","BLESER","JOSH","","","","","","","","","","","","0","0","","","","","","","","","","6","266","","","","","","","","","","","","","","","","","","","0"
"367","Louisville","09/18/10","40","BLESER","JOSH","","","","","","","","","","","","0","0","","","","","","","","","","5","218","","","","","","","","","","","","","","","","","","","0"
"367","Louisville","10/02/10","40","BLESER","JOSH","","","","","","","","","","","","0","0","","","","","","","","","","3","88","","","","","","","","","","","","","","","","","","","0"
"367","Louisville","10/09/10","40","BLESER","JOSH","","","","","","","","","","","","0","0","","","","","","","","","","5","220","","","","","","","","","","","","","","","","","","","0"
"367","Louisville","10/15/10","40","BLESER","JOSH","","","","","","","","","","","","0","0","","","","","","","","","","3","100","","","","","","","","","","","","","","","","","","","0"
"367","Louisville","10/23/10","40","BLESER","JOSH","","","","","","","","","","","","0","0","","","","","","","","","","3","118","","","","","","","","","","","","","","","","","","","0"
"367","Louisville","10/30/10","40","BLESER","JOSH","","","","","","","","","","","","0","0","","","","","","","","","","1","37","","","","","","","","","","","","","","","","","","","0"
"367","Louisville","11/20/10","24","BROWN","DANIEL","","","","","","","","","","","","0","0","","","","","","","0","0","1","","","","","","","","","1","","","","","","","","","","","","6"
"367","Louisville","10/02/10","10","BROWN","","4","14","1","13","0","","","","","","","4","13","","","","","","","","","","","","","","","","","","","","","","","","","","","","","","0"
"367","Louisville","10/09/10","10","BROWN","","1","0","1","-1","0","","","","","","","1","-1","3","32","0","","","","","","","","","","","","","","","","","","","","","","","","","","","0"
"367","Louisville","10/15/10","10","BROWN","","1","0","1","-1","0","","","","","","","1","-1","","","","","","","","","","","","","","","","","","","","","","","","","","","","","","0"
"367","Louisville","10/23/10","10","BROWN","","2","7","0","7","0","","","","","","","2","7","","","","","","","","","","","","","","","","","","","","","","","","","","","","","","0"
"367","Louisville","10/30/10","10","BROWN","","5","18","0","18","0","","","","","","","5","18","","","","","","","","","","","","","","","","","","","","","","","","","","","","","","0"
"367","Louisville","11/06/10","10","BROWN","","","","","","","","","","","","","0","0","","","","","","","","","","","","","","","3","40","0","","","","","","","","","","","","","0"
"367","Louisville","11/13/10","10","BROWN","","7","23","0","23","0","1","0","1","0","0","","8","23","","","","","","","","","","","","","","","","","","","","","","","","","","","","","","0"
"367","Louisville","11/20/10","10","BROWN","","","","","","","","","","","","","0","0","","","","","","","","","","","","","","","1","12","0","","","","","","","","","","","","","0"
"367","Louisville","10/09/10","13","BURKE","JUSTIN","","","","","","6","5","0","40","1","","6","40","","","","","","","","","","","","","","","","","","","","","","","","","","","","","","0"
"367","Louisville","10/30/10","13","BURKE","JUSTIN","","","","","","1","0","1","0","0","","1","0","","","","","","","","","","","","","","","","","","","","","","","","","","","","","","0"
"367","Louisville","11/06/10","13","BURKE","JUSTIN","5","7","13","-6","0","25","13","0","143","2","","30","137","","","","","","","","","","","","","","","","","","","","","","","","","","","","","","0"
"367","Louisville","11/13/10","13","BURKE","JUSTIN","3","1","0","1","0","30","16","1","146","3","","33","147","","","","","","","","","","","","","","","","","","","","","","","","","","","","","","0"
"367","Louisville","11/20/10","13","BURKE","JUSTIN","9","26","34","-8","0","24","12","1","145","0","","33","137","","","","","","","","","","","","","","","","","","","","","","","","","","","","","","0"
"367","Louisville","11/26/10","13","BURKE","JUSTIN","","","","","","11","9","0","138","2","","11","138","","","","","","","","","","","","","","","","","","","","","","","","","","","","","","0"
"367","Louisville","12/21/10","13","BURKE","JUSTIN","4","22","1","21","0","32","20","0","178","2","","36","199","","","","","","","","","","","","","","","","","","","","","","","","","","","","","","0"
"367","Louisville","09/11/10","11","CHICHESTER","JOSH","","","","","","","","","","","","0","0","2","22","0","","","","","","","","","","","","","","","","","","","","","","","","","","","0"
"367","Louisville","09/18/10","11","CHICHESTER","JOSH","","","","","","","","","","","","0","0","1","13","0","","","","","","","","","","","","","","","","","","","","","","","","","","","0"
"367","Louisville","10/02/10","11","CHICHESTER","JOSH","","","","","","","","","","","","0","0","4","66","0","","","","","","","","","","","","","","","","","","","","","","","","","","","0"
"367","Louisville","10/09/10","11","CHICHESTER","JOSH","","","","","","","","","","","","0","0","2","67","1","","","","","","","","","","","","","","","1","","","","","","","","","","","","6"
"367","Louisville","10/15/10","11","CHICHESTER","JOSH","","","","","","","","","","","","0","0","2","14","1","","","","","","","","","","","","","","","1","","","","","","","","","","","","6"
"367","Louisville","10/23/10","11","CHICHESTER","JOSH","","","","","","","","","","","","0","0","2","33","0","","","","","","","","","","","","","","","","","","","","","","","","","","","0"
"367","Louisville","11/06/10","11","CHICHESTER","JOSH","","","","","","","","","","","","0","0","2","50","1","","","","","","","","","","","","","","","1","","","","","","","","","","","","6"
"367","Louisville","11/13/10","11","CHICHESTER","JOSH","","","","","","","","","","","","0","0","1","2","1","","","","","","","","","","","","","","","1","","","","","","","","","","","","6"
"367","Louisville","11/20/10","11","CHICHESTER","JOSH","","","","","","","","","","","","0","0","1","4","0","","","","","","","","","","","","","","","","","","","","","","","","","","","0"
"367","Louisville","11/26/10","11","CHICHESTER","JOSH","","","","","","","","","","","","0","0","2","19","0","","","","","","","","","","","","","","","","","","","","","","","","","","","0"
"367","Louisville","12/21/10","11","CHICHESTER","JOSH","","","","","","","","","","","","0","0","3","27","1","","","","","","","","","","","","","","","1","","","","","","","","","","","","6"
"367","Louisville","10/02/10","7","COPELAND","DAMIAN","","","","","","","","","","","","0","0","3","61","0","","","","","","","","","","","","","","","","","","","","","","","","","","","0"
"367","Louisville","11/13/10","7","COPELAND","DAMIAN","","","","","","","","","","","","0","0","1","15","0","","","","","","","","","","","","","","","","","","","","","","","","","","","0"
"367","Louisville","11/20/10","7","COPELAND","DAMIAN","","","","","","","","","","","","0","0","1","4","0","","","","","","","","","","","","","","","","","","","","","","","","","","","0"
"367","Louisville","11/26/10","7","COPELAND","DAMIAN","","","","","","","","","","","","0","0","3","33","0","","","","","","","","","","","","","","","","","","","","","","","","","","","0"
"367","Louisville","10/09/10","87","DOMINGUEZ","","","","","","","","","","","","","0","0","1","4","0","","","","","","","","","","","","","","","","","","","","","","","","","","","0"
"367","Louisville","09/04/10","45","DONNELL","BLAYNE","2","11","1","10","0","","","","","","","2","10","1","1","0","","","","","","","","","","","","","","","","","","","","","","","","","","","0"
"367","Louisville","09/11/10","45","DONNELL","BLAYNE","","","","","","","","","","","","0","0","","","","","","","","","","","","","","","1","7","0","","","","","","","","","","","","","0"
"367","Louisville","09/18/10","45","DONNELL","BLAYNE","3","21","0","21","0","","","","","","","3","21","1","10","0","","","","","","","","","","","","1","12","0","","","","","","","","","","","","","0"
"367","Louisville","10/02/10","45","DONNELL","BLAYNE","","","","","","","","","","","","0","0","","","","","","","","","","","","","","","1","6","0","","","","","","","","","","","","","0"
"367","Louisville","10/09/10","45","DONNELL","BLAYNE","1","3","0","3","0","","","","","","","1","3","1","1","0","","","","","","","","","","","","","","","","","","","","","","","","","","","0"
"367","Louisville","10/15/10","45","DONNELL","BLAYNE","3","11","0","11","0","","","","","","","3","11","1","5","0","","","","","","","","","","","","1","21","0","","","","","","","","","","","","","0"
"367","Louisville","10/23/10","45","DONNELL","BLAYNE","3","20","2","18","0","","","","","","","3","18","","","","","","","","","","","","","","","","","","","","","","","","","","","","","","0"
"367","Louisville","10/30/10","45","DONNELL","BLAYNE","5","14","0","14","0","","","","","","","5","14","","","","","","","","","","","","","","","","","","","","","","","","","","","","","","0"
"367","Louisville","11/06/10","45","DONNELL","BLAYNE","5","22","0","22","0","","","","","","","5","22","1","4","0","","","","","","","","","","","","","","","","","","","","","","","","","","","0"
"367","Louisville","11/13/10","45","DONNELL","BLAYNE","1","0","2","-2","0","","","","","","","1","-2","1","8","0","","","","","","","","","","","","","","","","","","","","","","","","","","","0"
"367","Louisville","11/26/10","45","DONNELL","BLAYNE","2","7","0","7","0","","","","","","","2","7","1","4","0","","","","","","","","","","","","","","","","","","","","","","","","","","","0"
"367","Louisville","12/21/10","45","DONNELL","BLAYNE","","","","","","","","","","","","0","0","1","8","0","","","","","","","","","","","","","","","","","","","","","","","","","","","0"
"367","Louisville","10/09/10","26","EVANS","ZED","3","9","8","1","0","","","","","","","3","1","","","","","","","","","","","","","","","","","","","","","","","","","","","","","","0"
"367","Louisville","09/04/10","9","FROMAN","ADAM","5","19","14","5","0","29","14","1","127","0","","34","132","","","","","","","","","","","","","","","","","","","","","","","","","","","","","","0"
"367","Louisville","09/11/10","9","FROMAN","ADAM","5","24","4","20","0","23","15","1","219","1","","28","239","","","","","","","","","","","","","","","","","","","","","","","","","","","","","","0"
"367","Louisville","09/18/10","9","FROMAN","ADAM","8","51","5","46","2","38","22","1","288","1","","46","334","","","","","","","","","","","","","","","","","","2","","","","","","","","","","","","12"
"367","Louisville","10/02/10","9","FROMAN","ADAM","4","9","15","-6","0","33","20","1","308","3","","37","302","","","","","","","","","","","","","","","","","","","","","","","","","","","","","","0"
"367","Louisville","10/09/10","9","FROMAN","ADAM","1","11","0","11","0","16","12","0","235","4","","17","246","","","","","","","","","","","","","","","","","","","","","","","","","","","","","","0"
"367","Louisville","10/15/10","9","FROMAN","ADAM","5","8","11","-3","0","27","18","0","179","1","","32","176","1","27","0","","","","","","","","","","","","","","","","","","","","","","","","","","","0"
"367","Louisville","10/23/10","9","FROMAN","ADAM","3","20","0","20","0","30","18","0","195","1","","33","215","","","","","","","","","","","","","","","","","","","","","","","","","","","","","","0"
"367","Louisville","10/30/10","9","FROMAN","ADAM","5","5","23","-18","0","22","13","0","82","0","","27","64","","","","","","","","","","","","","","","","","","","","","","","","","","","","","","0"
"367","Louisville","09/04/10","83","GRAHAM","CAMERON","","","","","","","","","","","","0","0","3","38","0","","","","","","","","","","","","","","","","","","","","","","","","","","","0"
"367","Louisville","09/11/10","83","GRAHAM","CAMERON","","","","","","","","","","","","0","0","3","44","0","","","","","","","","","","","","","","","","","","","","","","","","","","","0"
"367","Louisville","09/18/10","83","GRAHAM","CAMERON","","","","","","","","","","","","0","0","3","41","1","","","","","","","","","","","","","","","1","","","","","","","","","","","","6"
"367","Louisville","10/02/10","83","GRAHAM","CAMERON","","","","","","","","","","","","0","0","2","15","0","","","","","","","","","","","","","","","","","","","","","","","","","","","0"
"367","Louisville","10/09/10","83","GRAHAM","CAMERON","","","","","","","","","","","","0","0","3","55","1","","","","","","","","","","","","","","","1","","","","","","","","","","","","6"
"367","Louisville","10/15/10","83","GRAHAM","CAMERON","","","","","","","","","","","","0","0","5","38","0","","","","","","","","","","","","","","","","","","","","","","","","","","","0"
"367","Louisville","10/23/10","83","GRAHAM","CAMERON","","","","","","","","","","","","0","0","3","33","1","","","","","","","","","","","","","","","1","","","","","","","","","","","","6"
"367","Louisville","10/30/10","83","GRAHAM","CAMERON","","","","","","","","","","","","0","0","1","5","0","","","","","","","","","","","","","","","","","","","","","","","","","","","0"
"367","Louisville","11/06/10","83","GRAHAM","CAMERON","","","","","","","","","","","","0","0","3","30","0","","","","","","","","","","","","","","","","","","","","","","","","","","","0"
"367","Louisville","11/13/10","83","GRAHAM","CAMERON","","","","","","","","","","","","0","0","1","3","0","","","","","","","","","","","","","","","","","","","","","","","","","","","0"
"367","Louisville","11/20/10","83","GRAHAM","CAMERON","","","","","","","","","","","","0","0","6","95","0","","","","","","","","","","","","","","","","","","","","","","","","","","","0"
"367","Louisville","11/26/10","83","GRAHAM","CAMERON","","","","","","","","","","","","0","0","4","42","1","","","","","","","","","","","","","","","1","","","","","","","","","","","","6"
"367","Louisville","12/21/10","83","GRAHAM","CAMERON","","","","","","","","","","","","0","0","3","31","1","","","","","","","","","","","","","","","1","","","","","","","","","","","","6"
"367","Louisville","10/02/10","36","HOLTON","SHENARD","","","","","","","","","","","","0","0","","","","1","0","0","","","","","","","","","","","","","","","","","","","","","","","","0"
"367","Louisville","11/20/10","82","NOCHTA","PETE","","","","","","","","","","","","0","0","1","17","0","","","","","","","","","","","","","","","","","","","","","","","","","","","0"
"367","Louisville","09/04/10","85","NORD","NATE","","","","","","","","","","","","0","0","1","5","0","","","","","","","","","","","","","","","","","","","","","","","","","","","0"
"367","Louisville","10/15/10","85","NORD","NATE","","","","","","","","","","","","0","0","2","29","0","","","","","","","","","","","","","","","","","","","","","","","","","","","0"
"367","Louisville","11/06/10","85","NORD","NATE","","","","","","","","","","","","0","0","1","2","0","","","","","","","","","","","","","","","","","","","","","","","","","","","0"
"367","Louisville","09/04/10","21","PASCLEY","TROY","1","0","10","-10","0","","","","","","","1","-10","1","10","0","","","","","","","","","","","","","","","","","","","","","","","","","","","0"
"367","Louisville","10/02/10","19","PATRICK","JOHNNY","","","","","","","","","","","","0","0","","","","1","31","0","","","","","","","","","","","","","","","","","","","","","","","","0"
"367","Louisville","10/09/10","19","PATRICK","JOHNNY","","","","","","","","","","","","0","0","","","","1","20","0","","","","","","","","","","","","","","","","","","","","","","","","0"
"367","Louisville","10/23/10","19","PATRICK","JOHNNY","","","","","","","","","","","","0","0","","","","1","13","0","","","","","","","","","","","","","","","","","","","","","","","","0"
"367","Louisville","11/26/10","19","PATRICK","JOHNNY","","","","","","","","","","","","0","0","","","","2","35","1","","","","","","","","","","","","1","","","","","","","","","","","","6"
"367","Louisville","09/04/10","12","PHILPOTT","CHRIS","","","","","","","","","","","","0","0","","","","","","","","","","","","","","","","","","","1","1","0","0","","","","","3","3","","10"
"367","Louisville","09/11/10","12","PHILPOTT","CHRIS","","","","","","","","","","","","0","0","","","","","","","","","","","","","","","","","","","3","3","0","0","","","","","","","","3"
"367","Louisville","09/18/10","12","PHILPOTT","CHRIS","","","","","","","","","","","","0","0","","","","","","","","","","","","","","","","","","","4","4","0","0","","","","","","","","4"
"367","Louisville","10/02/10","12","PHILPOTT","CHRIS","","","","","","","","","","","","0","0","","","","","","","","","","","","","","","","","","","4","4","0","0","","","","","3","2","","10"
"367","Louisville","10/09/10","12","PHILPOTT","CHRIS","","","","","","","","","","","","0","0","","","","","","","","","","","","","","","","","","","8","8","0","0","","","","","","","","8"
"367","Louisville","10/15/10","12","PHILPOTT","CHRIS","","","","","","","","","","","","0","0","","","","","","","","","","","","","","","","","","","3","3","0","0","","","","","4","2","","9"
"367","Louisville","10/23/10","12","PHILPOTT","CHRIS","","","","","","","","","","","","0","0","","","","","","","","","","","","","","","","","","","2","2","0","0","","","","","4","4","","14"
"367","Louisville","10/30/10","12","PHILPOTT","CHRIS","","","","","","","","","","","","0","0","","","","","","","","","","3","142","","","","","","","","","","","","","","","","2","1","","3"
"367","Louisville","11/06/10","12","PHILPOTT","CHRIS","","","","","","","","","","","","0","0","","","","","","","","","","6","248","","","","","","","","4","4","0","0","","","","","","","","4"
"367","Louisville","11/13/10","12","PHILPOTT","CHRIS","","","","","","","","","","","","0","0","","","","","","","","","","8","284","","","","","","","","3","3","0","0","","","","","","","","3"
"367","Louisville","11/20/10","12","PHILPOTT","CHRIS","1","21","0","21","0","","","","","","","1","21","","","","","","","","","","8","367","","","","","","","","1","1","0","0","","","","","1","1","","4"
"367","Louisville","11/26/10","12","PHILPOTT","CHRIS","","","","","","","","","","","","0","0","","","","","","","","","","5","184","","","","","","","","6","4","0","0","","","","","","","","4"
"367","Louisville","12/21/10","12","PHILPOTT","CHRIS","","","","","","","","","","","","0","0","","","","","","","","","","7","272","","","","","","","","4","4","0","0","","","","","1","1","","7"
"367","Louisville","09/04/10","15","POWELL","BILAL","16","156","3","153","1","","","","","","","16","153","1","6","0","","","","","","","","","","","","","","","1","","","","","","","","","","","","6"
"367","Louisville","09/11/10","15","POWELL","BILAL","16","95","3","92","2","","","","","","","16","92","1","4","0","","","","","","","","","","","","","","","2","","","","","","","","","","","","12"
"367","Louisville","09/18/10","15","POWELL","BILAL","20","92","9","83","1","","","","","","","20","83","2","21","0","","","","","","","","","","","","","","","1","","","","","","","","","","","","6"
"367","Louisville","10/02/10","15","POWELL","BILAL","21","162","5","157","1","","","","","","","21","157","2","65","1","","","","","","","","","","","","","","","2","","","","","","","","","","","","12"
"367","Louisville","10/09/10","15","POWELL","BILAL","18","208","4","204","2","","","","","","","18","204","","","","","","","","","","","","","","","","","","2","","","","","","","","","","","","12"
"367","Louisville","10/15/10","15","POWELL","BILAL","24","215","6","209","2","","","","","","","24","209","2","13","0","","","","","","","","","","","","","","","2","","","","","","","","","","","","12"
"367","Louisville","10/23/10","15","POWELL","BILAL","27","121","16","105","0","","","","","","","27","105","2","5","0","","","","","","","","","","","","","","","","","","","","","","","","","","","0"
"367","Louisville","10/30/10","15","POWELL","BILAL","11","71","7","64","0","","","","","","","11","64","2","4","0","","","","","","","","","","","","","","","","","","","","","","","","","","","0"
"367","Louisville","11/13/10","15","POWELL","BILAL","31","149","9","140","0","","","","","","","31","140","2","2","0","","","","","","","","","","","","","","","","","","","","","","","","","","","0"
"367","Louisville","11/20/10","15","POWELL","BILAL","4","3","3","0","0","","","","","","","4","0","","","","","","","","","","","","","","","","","","","","","","","","","","","","","","0"
"367","Louisville","11/26/10","15","POWELL","BILAL","23","129","6","123","1","","","","","","","23","123","2","28","2","","","","","","","","","","","","","","","3","","","","","","","","","","","","18"
"367","Louisville","12/21/10","15","POWELL","BILAL","18","87","12","75","1","","","","","","","18","75","2","10","0","","","","","","","","","","","","","","","1","","","","","","","","","","","","6"
"367","Louisville","10/02/10","89","RADCLIFF","SCOTT","","","","","","","","","","","","0","0","1","6","0","","","","","","","","","","","","","","","","","","","","","","","","","","","0"
"367","Louisville","10/09/10","89","RADCLIFF","SCOTT","","","","","","","","","","","","0","0","","","","","","","","","","","","2","14","0","","","","","","","","","","","","","","","","0"
"367","Louisville","10/15/10","6","SCRUGGS","GREG","","","","","","","","","","","","0","0","","","","1","3","0","","","","","","","","","","","","","","","","","","","","","","","","0"
"367","Louisville","09/04/10","14","SMITH","ANDRELL","","","","","","","","","","","","0","0","2","17","0","","","","","","","","","","","","","","","","","","","","","","","","","","","0"
"367","Louisville","09/11/10","14","SMITH","ANDRELL","","","","","","","","","","","","0","0","1","27","0","","","","","","","","","","","","","","","","","","","","","","","","","","","0"
"367","Louisville","10/02/10","14","SMITH","ANDRELL","","","","","","","","","","","","0","0","1","18","0","","","","","","","","","","","","","","","","","","","","","","","","","","","0"
"367","Louisville","10/09/10","14","SMITH","ANDRELL","","","","","","","","","","","","0","0","1","4","1","","","","","","","","","","","","","","","1","","","","","","","","","","","","6"
"367","Louisville","10/15/10","14","SMITH","ANDRELL","","","","","","","","","","","","0","0","3","59","0","","","","","","","","","","","","","","","","","","","","","","","","","","","0"
"367","Louisville","10/23/10","14","SMITH","ANDRELL","","","","","","","","","","","","0","0","3","62","0","","","","","","","","","","","","","","","","","","","","","","","","","","","0"
"367","Louisville","10/30/10","14","SMITH","ANDRELL","","","","","","","","","","","","0","0","2","13","0","","","","","","","","","","","","","","","","","","","","","","","","","","","0"
"367","Louisville","11/06/10","14","SMITH","ANDRELL","","","","","","","","","","","","0","0","2","20","1","","","","","","","","","","","","","","","1","","","","","","","","","","","","6"
"367","Louisville","11/13/10","14","SMITH","ANDRELL","","","","","","","","","","","","0","0","3","43","1","","","","","","","","","","","","","","","1","","","","","","","","","","","","6"
"367","Louisville","11/20/10","14","SMITH","ANDRELL","","","","","","","","","","","","0","0","1","15","0","","","","","","","","","","","","","","","","","","","","","","","","","","","0"
"367","Louisville","11/26/10","14","SMITH","ANDRELL","","","","","","","","","","","","0","0","4","83","0","","","","","","","","","","","","","","","","","","","","","","","","","","","0"
"367","Louisville","12/21/10","14","SMITH","ANDRELL","","","","","","","","","","","","0","0","2","16","0","","","","","","","","","","","","","","","","","","","","","","","","","","","0"
"367","Louisville","11/26/10","4","STEIN","WILL","2","22","0","22","0","14","9","0","72","1","","16","94","","","","","","","","","","","","","","","","","","","","","","","","","","","","","","0"
"367","Louisville","10/09/10","28","WRIGHT","JEREMY","7","59","1","58","1","","","","","","","7","58","","","","","","","","","","","","","","","","","","1","","","","","","","","","","","","6"
"367","Louisville","10/23/10","28","WRIGHT","JEREMY","1","12","0","12","0","","","","","","","1","12","","","","","","","","","","","","","","","1","9","0","","","","","","","","","","","","","0"
"367","Louisville","10/30/10","28","WRIGHT","JEREMY","6","26","1","25","0","","","","","","","6","25","1","10","0","","","","","","","","","","","","5","113","0","","","","","","","","","","","","","0"
"367","Louisville","11/06/10","28","WRIGHT","JEREMY","19","98","0","98","2","","","","","","","19","98","","","","","","","","","","","","","","","1","31","0","2","","","","","","","","","","","","12"
"367","Louisville","11/13/10","28","WRIGHT","JEREMY","5","18","0","18","0","","","","","","","5","18","1","6","0","","","","","","","","","","","","4","128","0","","","","","","","","","","","","","0"
"367","Louisville","11/20/10","28","WRIGHT","JEREMY","13","24","4","20","0","","","","","","","13","20","","","","","","","","","","","","","","","1","28","0","","","","","","","","","","","","","0"
"367","Louisville","11/26/10","28","WRIGHT","JEREMY","3","66","1","65","1","","","","","","","3","65","1","-4","0","","","","","","","","","","","","1","46","0","1","","","","","","","","","","","","6"
"367","Louisville","12/21/10","28","WRIGHT","JEREMY","5","31","0","31","0","","","","","","","5","31","","","","","","","","","","","","","","","3","134","1","1","","","","","","","","","","","","6"
"365","LSU","09/11/10","24","BLUE","","5","23","0","23","1","","","","","","","5","23","","","","","","","","","","","","","","","","","","1","","","","","","","","","","","","6"
"365","LSU","09/18/10","24","BLUE","","5","36","0","36","0","","","","","","","5","36","","","","","","","","","","","","","","","","","","","","","","","","","","","","","","0"
"365","LSU","09/25/10","24","BLUE","","3","7","0","7","0","","","","","","","3","7","1","1","0","","","","","","","","","","","","","","","","","","","","","","","","","","","0"
"365","LSU","10/09/10","24","BLUE","","1","4","0","4","0","","","","","","","1","4","","","","","","","","","","","","","","","","","","","","","","","","","","","","","","0"
"365","LSU","11/13/10","24","BLUE","","6","31","0","31","0","","","","","","","6","31","","","","","","","","","","","","1","4","0","","","","","","","","","","","","","","","","0"
"365","LSU","11/06/10","86","BOONE","KADRON","","","","","","","","","","","","0","0","1","1","0","","","","","","","","","","","","","","","","","","","","","","","","","","","0"
"365","LSU","11/13/10","86","BOONE","KADRON","","","","","","","","","","","","0","0","1","11","0","","","","","","","","","","","","","","","","","","","","","","","","","","","0"
"365","LSU","11/27/10","86","BOONE","KADRON","","","","","","","","","","","","0","0","2","40","0","","","","","","","","","","","","","","","","","","","","","","","","","","","0"
"365","LSU","09/04/10","13","BROOKS","RON","","","","","","","","","","","","0","0","","","","","","","","","","","","","","","2","63","0","","","","","","","","","","","","","0"
"365","LSU","09/25/10","13","BROOKS","RON","","","","","","","","","","","","0","0","","","","","","","","","","","","","","","1","24","0","","","","","","","","","","","","","0"
"365","LSU","10/16/10","13","BROOKS","RON","","","","","","","","","","","","0","0","","","","","","","","","","","","","","","1","11","0","","","","","","","","","","","","","0"
"365","LSU","10/23/10","13","BROOKS","RON","","","","","","","","","","","","0","0","","","","","","","","","","","","","","","1","21","0","","","","","","","","","","","","","0"
"365","LSU","11/13/10","13","BROOKS","RON","","","","","","","","","","","","0","0","","","","1","32","1","","","","","","","","","1","19","0","1","","","","","","","","","","","","6"
"365","LSU","11/27/10","13","BROOKS","RON","","","","","","","","","","","","0","0","","","","","","","","","","","","","","","1","24","0","","","","","","","","","","","","","0"
"365","LSU","09/18/10","17","CLAIBORNE","MORRIS","","","","","","","","","","","","0","0","","","","2","57","0","","","","","","","","","","","","","","","","","","","","","","","","0"
"365","LSU","09/25/10","17","CLAIBORNE","MORRIS","","","","","","","","","","","","0","0","","","","","","","","","","","","","","","1","25","0","","","","","","","","","","","","","0"
"365","LSU","10/09/10","17","CLAIBORNE","MORRIS","","","","","","","","","","","","0","0","","","","1","15","0","","","","","","","","","1","32","0","","","","","","","","","","","","","0"
"365","LSU","10/16/10","17","CLAIBORNE","MORRIS","","","","","","","","","","","","0","0","","","","1","29","0","","","","","","","","","","","","","","","","","","","","","","","","0"
"365","LSU","11/27/10","17","CLAIBORNE","MORRIS","","","","","","","","","","","","0","0","","","","1","0","0","","","","","","","","","","","","","","","","","","","","","","","","0"
"365","LSU","10/09/10","88","CLEMENT","CHASE","","","","","","","","","","","","0","0","1","21","0","","","","","","","","","","","","","","","","","","","","","","","","","","","0"
"365","LSU","11/20/10","88","CLEMENT","CHASE","","","","","","","","","","","","0","0","1","21","0","","","","","","","","","","","","1","0","0","","","","","","","","","","","","","0"
"365","LSU","11/13/10","89","EDWARDS","LAVAR","","","","","","","","","","","","0","0","","","","","","","1","29","1","","","","","","","","","1","","","","","","","","","","","","6"
"365","LSU","11/20/10","89","EDWARDS","LAVAR","","","","","","","","","","","","0","0","","","","1","17","0","","","","","","","","","","","","","","","","","","","","","","","","0"
"365","LSU","01/07/11","47","EDWARDS","TYLER","","","","","","","","","","","","0","0","1","10","0","","","","","","","","","","","","","","","","","","","","","","","","","","","0"
"365","LSU","09/11/10","42","FORD","MICHAEL","3","16","0","16","0","","","","","","","3","16","","","","","","","","","","","","","","","","","","","","","","","","","","","","","","0"
"365","LSU","10/02/10","42","FORD","MICHAEL","2","6","0","6","0","","","","","","","2","6","","","","","","","","","","","","","","","","","","","","","","","","","","","","","","0"
"365","LSU","10/09/10","42","FORD","MICHAEL","2","25","1","24","0","","","","","","","2","24","","","","","","","","","","","","","","","","","","","","","","","","","","","","","","0"
"365","LSU","10/16/10","42","FORD","MICHAEL","10","88","2","86","2","","","","","","","10","86","","","","","","","","","","","","","","","","","","2","","","","","","","","","","","","12"
"365","LSU","10/23/10","42","FORD","MICHAEL","2","3","2","1","0","","","","","","","2","1","","","","","","","","","","","","","","","","","","","","","","","","","","","","","","0"
"365","LSU","11/06/10","42","FORD","MICHAEL","4","16","3","13","0","","","","","","","4","13","1","3","0","","","","","","","","","","","","","","","","","","","","","","","","","","","0"
"365","LSU","11/13/10","42","FORD","MICHAEL","6","30","14","16","1","","","","","","","6","16","","","","","","","","","","","","","","","","","","1","","","","","","","","","","","","6"
"365","LSU","11/20/10","42","FORD","MICHAEL","9","58","0","58","0","","","","","","","9","58","1","27","1","","","","","","","","","","","","","","","1","","","","","","","","","","","","6"
"365","LSU","11/27/10","42","FORD","MICHAEL","3","15","0","15","0","","","","","","","3","15","","","","","","","","","","","","","","","","","","","","","","","","","","","","","","0"
"365","LSU","01/07/11","42","FORD","MICHAEL","4","9","0","9","0","","","","","","","4","9","","","","","","","","","","","","","","","","","","","","","","","","","","","","","","0"
"365","LSU","09/04/10","38","HELTON","DEREK","","","","","","","","","","","","0","0","","","","","","","","","","3","104","","","","","","","","","","","","","","","","","","","0"
"365","LSU","09/11/10","38","HELTON","DEREK","","","","","","","","","","","","0","0","","","","","","","","","","5","195","","","","","","","","","","","","","","","","","","","0"
"365","LSU","09/25/10","38","HELTON","DEREK","","","","","","","","","","","","0","0","","","","","","","","","","4","184","","","","","","","","","","","","","","","","","","","0"
"365","LSU","10/02/10","38","HELTON","DEREK","","","","","","","","","","","","0","0","","","","","","","","","","2","91","","","","","","","","","","","","","","","","","","","0"
"365","LSU","10/09/10","38","HELTON","DEREK","","","","","","","","","","","","0","0","","","","","","","","","","3","123","","","","","","","","","","","","","","","","","","","0"
"365","LSU","10/16/10","38","HELTON","DEREK","","","","","","","","","","","","0","0","","","","","","","","","","2","94","","","","","","","","","","","","","","","","","","","0"
"365","LSU","10/23/10","38","HELTON","DEREK","","","","","","","","","","","","0","0","","","","","","","","","","5","266","","","","","","","","","","","","","","","","","","","0"
"365","LSU","11/06/10","38","HELTON","DEREK","","","","","","","","","","","","0","0","","","","","","","","","","2","78","","","","","","","","","","","","","","","","","","","0"
"365","LSU","11/13/10","38","HELTON","DEREK","","","","","","","","","","","","0","0","","","","","","","","","","3","143","","","","","","","","","","","","","","","","","","","0"
"365","LSU","11/20/10","38","HELTON","DEREK","","","","","","","","","","","","0","0","","","","","","","","","","1","48","","","","","","","","","","","","","","","","","","","0"
"365","LSU","11/27/10","38","HELTON","DEREK","","","","","","","","","","","","0","0","","","","","","","","","","3","171","","","","","","","","","","","","","","","","","","","0"
"365","LSU","01/07/11","38","HELTON","DEREK","","","","","","","","","","","","0","0","","","","","","","","","","1","58","","","","","","","","","","","","","","","","","","","0"
"365","LSU","09/04/10","30","JASPER","JOSH","","","","","","","","","","","","0","0","","","","","","","","","","3","125","","","","","","","","4","4","0","0","","","","","1","0","","4"
"365","LSU","09/11/10","30","JASPER","JOSH","","","","","","","","","","","","0","0","","","","","","","","","","","","","","","","","","","3","3","0","0","","","","","2","2","","9"
"365","LSU","09/18/10","30","JASPER","JOSH","","","","","","","","","","","","0","0","","","","","","","","","","1","39","","","","","","","","2","2","0","0","","","","","5","5","","17"
"365","LSU","09/25/10","30","JASPER","JOSH","","","","","","","","","","","","0","0","","","","","","","","","","2","81","","","","","","","","2","2","0","0","","","","","2","2","","8"
"365","LSU","10/02/10","30","JASPER","JOSH","","","","","","","","","","","","0","0","","","","","","","","","","1","53","","","","","","","","1","1","0","0","","","","","2","1","","4"
"365","LSU","10/09/10","30","JASPER","JOSH","1","5","0","5","0","","","","","","","1","5","","","","","","","","","","1","44","","","","","","","","3","3","0","0","","","","","2","2","","9"
"365","LSU","10/16/10","30","JASPER","JOSH","1","11","0","11","0","","","","","","","1","11","","","","","","","","","","3","127","","","","","","","","4","3","0","0","","","","","2","1","","6"
"365","LSU","10/23/10","30","JASPER","JOSH","","","","","","","","","","","","0","0","","","","","","","","","","1","36","","","","","","","","2","2","0","0","","","","","1","1","","5"
"365","LSU","11/06/10","30","JASPER","JOSH","1","29","0","29","0","","","","","","","1","29","","","","","","","","","","3","100","","","","","","","","1","1","0","0","","","","","4","3","","10"
"365","LSU","11/13/10","30","JASPER","JOSH","","","","","","","","","","","","0","0","","","","","","","","","","2","78","","","","","","","","6","6","0","0","","","","","3","3","","15"
"365","LSU","11/20/10","30","JASPER","JOSH","","","","","","","","","","","","0","0","","","","","","","","","","1","43","","","","","","","","2","2","0","0","","","","","3","3","","11"
"365","LSU","11/27/10","30","JASPER","JOSH","","","","","","","","","","","","0","0","","","","","","","","","","3","134","","","","","","","","2","2","0","0","","","","","4","3","","11"
"365","LSU","01/07/11","30","JASPER","JOSH","","","","","","","","","","","","0","0","","","","","","","","","","","","","","","","","","","5","5","0","0","","","","","3","2","","11"
"365","LSU","09/04/10","9","JEFFERSON","JORDAN","10","36","21","15","0","21","15","1","151","2","","31","166","","","","","","","","","","","","","","","","","","","","","","","","","","","","","","0"
"365","LSU","09/11/10","9","JEFFERSON","JORDAN","13","39","26","13","0","20","8","1","96","0","","33","109","","","","","","","","","","","","","","","","","","","","","","","","","","","","","","0"
"365","LSU","09/18/10","9","JEFFERSON","JORDAN","10","43","3","40","1","16","10","0","97","0","","26","137","","","","","","","","","","","","","","","","","","1","","","","","","","","","","","","6"
"365","LSU","09/25/10","9","JEFFERSON","JORDAN","9","29","8","21","0","22","10","2","75","0","","31","96","","","","","","","","","","","","","","","","","","","","","","","","","","","","","","0"
"365","LSU","10/02/10","9","JEFFERSON","JORDAN","5","100","0","100","1","10","3","2","30","0","","15","130","","","","","","","","","","","","","","","","","","1","","","","","","","","","","","","6"
"365","LSU","10/09/10","9","JEFFERSON","JORDAN","11","50","8","42","2","12","7","1","100","0","","23","142","","","","","","","","","","","","","","","","","","2","","","1","0","","","","","","","","12"
"365","LSU","10/16/10","9","JEFFERSON","JORDAN","4","1","25","-24","0","8","5","0","28","0","","12","4","","","","","","","","","","","","","","","","","","","","","","","","","","","","","","0"
"365","LSU","10/23/10","9","JEFFERSON","JORDAN","16","93","19","74","1","14","7","1","46","0","","30","120","","","","","","","","","","","","","","","","","","1","","","","","","","","","","","","6"
"365","LSU","11/06/10","9","JEFFERSON","JORDAN","7","28","1","27","0","13","10","0","141","1","1","20","168","","","","","","","","","","","","","","","","","","","","","1","1","","","","","","","","2"
"365","LSU","11/13/10","9","JEFFERSON","JORDAN","3","2","6","-4","0","10","4","0","51","0","","13","47","","","","","","","","","","","","","","","","","","","","","","","","","","","","","","0"
"365","LSU","11/20/10","9","JEFFERSON","JORDAN","9","54","9","45","1","17","13","1","254","1","0","26","299","","","","","","","","","","","","","","","","","","1","","","2","1","","","","","","","","8"
"365","LSU","11/27/10","9","JEFFERSON","JORDAN","14","54","20","34","0","27","16","0","184","0","","41","218","","","","","","","","","","","","","","","","","","","","","","","","","","","","","","0"
"365","LSU","01/07/11","9","JEFFERSON","JORDAN","12","78","11","67","1","19","10","1","158","3","","31","225","","","","","","","","","","","","","","","","","","1","","","","","","","","","","","","6"
"365","LSU","09/04/10","83","JOSEPH","MITCH","","","","","","","","","","","","0","0","3","41","0","","","","","","","","","","","","","","","","","","","","","","","","","","","0"
"365","LSU","09/11/10","83","JOSEPH","MITCH","","","","","","","","","","","","0","0","1","10","0","","","","","","","","","","","","","","","","","","","","","","","","","","","0"
"365","LSU","09/18/10","83","JOSEPH","MITCH","","","","","","","","","","","","0","0","1","0","0","","","","","","","","","","","","","","","","","","","","","","","","","","","0"
"365","LSU","09/11/10","12","LEE","JARRETT","","","","","","1","1","0","16","0","","1","16","","","","","","","","","","","","","","","","","","","","","","","","","","","","","","0"
"365","LSU","09/25/10","12","LEE","JARRETT","","","","","","1","1","0","5","0","","1","5","","","","","","","","","","","","","","","","","","","","","","","","","","","","","","0"
"365","LSU","10/02/10","12","LEE","JARRETT","3","2","17","-15","0","23","16","1","185","0","","26","170","","","","","","","","","","","","","","","","","","","","","","","","","","","","","","0"
"365","LSU","10/09/10","12","LEE","JARRETT","","","","","","11","9","0","124","2","","11","124","","","","","","","","","","","","","","","","","","","","","","","","","","","","","","0"
"365","LSU","10/16/10","12","LEE","JARRETT","2","8","7","1","0","14","9","0","75","0","","16","76","","","","","","","","","","","","","","","","","","","","","","","","","","","","","","0"
"365","LSU","10/23/10","12","LEE","JARRETT","3","2","12","-10","0","14","8","0","43","0","","17","33","","","","","","","","","","","","","","","","","","","","","","","","","","","","","","0"
"365","LSU","11/06/10","12","LEE","JARRETT","1","0","12","-12","0","7","4","0","67","0","","8","55","","","","","","","","","","","","","","","","","","","","","","","","","","","","","","0"
"365","LSU","11/13/10","12","LEE","JARRETT","1","0","10","-10","0","12","4","0","44","0","","13","34","","","","","","","","","","","","","","","","","","","","","","","","","","","","","","0"
"365","LSU","11/20/10","12","LEE","JARRETT","","","","","","4","1","0","4","0","","4","4","","","","","","","","","","","","","","","","","","","","","","","","","","","","","","0"
"365","LSU","11/27/10","12","LEE","JARRETT","","","","","","2","1","0","10","0","","2","10","","","","","","","","","","","","","","","","","","","","","","","","","","","","","","0"
"365","LSU","09/25/10","6","LOSTON","CRAIG","","","","","","","","","","","","0","0","","","","","","","","","","","","","","","1","12","0","","","","","","","","","","","","","0"
"365","LSU","10/16/10","6","LOSTON","CRAIG","","","","","","","","","","","","0","0","","","","","","","","","","","","","","","1","13","0","","","","","","","","","","","","","0"
"365","LSU","11/13/10","6","LOSTON","CRAIG","","","","","","","","","","","","0","0","","","","1","11","0","","","","","","","","","","","","","","","","","","","","","","","","0"
"365","LSU","09/25/10","14","MATHIEU","TYRANN","","","","","","","","","","","","0","0","","","","1","0","0","1","3","0","","","","","","","","","","","","","","","","","","","","","0"
"365","LSU","01/07/11","14","MATHIEU","TYRANN","","","","","","","","","","","","0","0","","","","1","0","0","1","10","0","","","","","","","","","","","","","","","","","","","","","0"
"365","LSU","11/20/10","52","MUNCIE","LUKE","","","","","","","","","","","","0","0","","","","","","","","","","","","","","","1","14","0","","","","","","","","","","","","","0"
"365","LSU","09/04/10","18","MURPHY","RICHARD","2","1","2","-1","0","","","","","","","2","-1","1","3","0","","","","","","","","","","","","","","","","","","","","","","","","","","","0"
"365","LSU","09/11/10","18","MURPHY","RICHARD","4","13","0","13","0","","","","","","","4","13","","","","","","","","","","","","","","","","","","","","","","","","","","","","","","0"
"365","LSU","10/02/10","18","MURPHY","RICHARD","2","5","12","-7","0","","","","","","","2","-7","1","0","0","","","","","","","","","","","","","","","","","","","","","","","","","","","0"
"365","LSU","10/09/10","18","MURPHY","RICHARD","2","9","0","9","0","","","","","","","2","9","","","","","","","","","","","","","","","","","","","","","","","","","","","","","","0"
"365","LSU","10/16/10","18","MURPHY","RICHARD","1","3","0","3","0","","","","","","","1","3","3","23","0","","","","","","","","","","","","","","","","","","","","","","","","","","","0"
"365","LSU","10/23/10","18","MURPHY","RICHARD","2","5","3","2","0","","","","","","","2","2","1","3","0","","","","","","","","","","","","","","","","","","","","","","","","","","","0"
"365","LSU","11/06/10","18","MURPHY","RICHARD","2","7","0","7","0","","","","","","","2","7","3","5","0","","","","","","","","","","","","","","","","","","","","","","","","","","","0"
"365","LSU","11/13/10","18","MURPHY","RICHARD","5","44","0","44","0","","","","","","","5","44","","","","","","","","","","","","","","","","","","","","","","","","","","","","","","0"
"365","LSU","11/20/10","18","MURPHY","RICHARD","1","3","0","3","0","","","","","","","1","3","","","","","","","","","","","","","","","","","","","","","","","","","","","","","","0"
"365","LSU","11/27/10","18","MURPHY","RICHARD","2","9","0","9","0","","","","","","","2","9","1","10","0","","","","","","","","","","","","","","","","","","","","","","","","","","","0"
"365","LSU","01/07/11","18","MURPHY","RICHARD","2","3","0","3","0","","","","","","","2","3","","","","","","","","","","","","","","","","","","","","","","","","","","","","","","0"
"365","LSU","09/18/10","92","NEVIS","DRAKE","","","","","","","","","","","","0","0","","","","1","3","0","","","","","","","","","","","","","","","","","","","","","","","","0"
"365","LSU","09/25/10","19","PETERSON","DEANGELO","","","","","","","","","","","","0","0","1","5","0","","","","","","","","","","","","","","","","","","","","","","","","","","","0"
"365","LSU","10/02/10","19","PETERSON","DEANGELO","","","","","","","","","","","","0","0","5","45","0","","","","","","","","","","","","","","","","","","","","","","","","","","","0"
"365","LSU","10/09/10","19","PETERSON","DEANGELO","","","","","","","","","","","","0","0","2","38","0","","","","","","","","","","","","","","","","","","","","","","","","","","","0"
"365","LSU","10/23/10","19","PETERSON","DEANGELO","","","","","","","","","","","","0","0","1","7","0","","","","","","","","","","","","","","","","","","","","","","","","","","","0"
"365","LSU","11/06/10","19","PETERSON","DEANGELO","1","23","0","23","0","","","","","","","1","23","2","25","0","","","","","","","","","","","","","","","","","","","","","","","","","","","0"
"365","LSU","11/20/10","19","PETERSON","DEANGELO","","","","","","","","","","","","0","0","3","76","0","","","","","","","","","","","","","","","","","","","","","","","","","","","0"
"365","LSU","11/27/10","19","PETERSON","DEANGELO","","","","","","","","","","","","0","0","1","3","0","","","","","","","","","","","","","","","","","","","","","","","","","","","0"
"365","LSU","09/04/10","7","PETERSON","PATRICK","","","","","","","","","","","","0","0","","","","","","","","","","","","4","157","1","3","100","0","1","","","","","","","","","","","","6"
"365","LSU","09/11/10","7","PETERSON","PATRICK","","","","","","","","","","","","0","0","","","","","","","","","","","","2","8","0","2","51","0","","","","","","","","","","","","","0"
"365","LSU","09/18/10","7","PETERSON","PATRICK","","","","","","","","","","","","0","0","","","","2","46","0","","","","","","1","2","0","1","39","0","","","","","","","","","","","","","0"
"365","LSU","09/25/10","7","PETERSON","PATRICK","","","","","","","","","","","","0","0","","","","","","","","","","","","2","86","1","","","","1","","","","","","","","","","","","6"
"365","LSU","10/02/10","7","PETERSON","PATRICK","","","","","","","","","","","","0","0","","","","","","","","","","","","3","30","0","3","64","0","","","","","","","","","","","","","0"
"365","LSU","10/09/10","7","PETERSON","PATRICK","","","","","","","","","","","","0","0","","","","","","","","","","","","1","0","0","4","106","0","","","","","","","","","","","","","0"
"365","LSU","10/16/10","7","PETERSON","PATRICK","","","","","","","","","","","","0","0","","","","","","","","","","","","2","34","0","2","63","0","","","","","","","","","","","","","0"
"365","LSU","10/23/10","7","PETERSON","PATRICK","","","","","","","","","","","","0","0","","","","","","","","","","","","2","18","0","4","99","0","","","","","","","","","","","","","0"
"365","LSU","11/06/10","7","PETERSON","PATRICK","","","","","","","","","","","","0","0","","","","","","","","","","","","2","22","0","2","45","0","","","","","","","","","","","","","0"
"365","LSU","11/13/10","7","PETERSON","PATRICK","","","","","","","","","","","","0","0","","","","1","85","0","","","","","","3","31","0","","","","","","","","","","","","","","","","0"
"365","LSU","11/20/10","7","PETERSON","PATRICK","","","","","","","","","","","","0","0","","","","1","3","0","","","","","","3","30","0","4","121","0","","","","","","","","","","","","","0"
"365","LSU","11/27/10","7","PETERSON","PATRICK","","","","","","","","","","","","0","0","","","","","","","","","","","","1","0","0","4","163","0","","","","","","","","","","","","","0"
"365","LSU","01/07/11","7","PETERSON","PATRICK","","","","","","","","","","","","0","0","","","","","","","","","","","","","","","3","81","0","","","","","","","","","","","","","0"
"365","LSU","09/04/10","2","RANDLE","RUEBEN","","","","","","","","","","","","0","0","4","71","1","","","","","","","","","1","6","0","","","","1","","","","","","","","","","","","6"
"365","LSU","09/11/10","2","RANDLE","RUEBEN","","","","","","","","","","","","0","0","2","30","0","","","","","","","","","","","","","","","","","","","","","","","","","","","0"
"365","LSU","09/18/10","2","RANDLE","RUEBEN","","","","","","","","","","","","0","0","4","34","0","","","","","","","","","","","","","","","","","","","","","","","","","","","0"
"365","LSU","09/25/10","2","RANDLE","RUEBEN","","","","","","","","","","","","0","0","4","38","0","","","","","","","","","1","4","0","","","","","","","","","","","","","","","","0"
"365","LSU","10/02/10","2","RANDLE","RUEBEN","","","","","","","","","","","","0","0","4","69","0","","","","","","","","","","","","","","","","","","","","","","","","","","","0"
"365","LSU","10/09/10","2","RANDLE","RUEBEN","","","","","","","","","","","","0","0","1","29","0","","","","","","","","","","","","","","","","","","","","","","","","","","","0"
"365","LSU","10/23/10","2","RANDLE","RUEBEN","","","","","","","","","","","","0","0","6","73","1","","","","","","","","","","","","","","","1","","","","","","","","","","","","6"
"365","LSU","11/06/10","2","RANDLE","RUEBEN","","","","","","","","","","","","0","0","3","125","1","","","","","","","","","","","","","","","1","","","0","0","","","","","","","","6"
"365","LSU","11/20/10","2","RANDLE","RUEBEN","","","","","","","","","","","","0","0","2","51","0","","","","","","","","","","","","","","","","","","","","","","","","","","","0"
"365","LSU","11/27/10","2","RANDLE","RUEBEN","","","","","","","","","","","","0","0","1","5","0","","","","","","","","","","","","","","","","","","","","","","","","","","","0"
"365","LSU","01/07/11","2","RANDLE","RUEBEN","","","","","","","","","","","","0","0","2","19","0","","","","","","","","","","","","","","","","","","","","","","","","","","","0"
"365","LSU","11/27/10","1","REID","ERIC","","","","","","","","","","","","0","0","","","","1","31","0","","","","","","","","","","","","","","","","","","","","","","","","0"
"365","LSU","01/07/11","1","REID","ERIC","","","","","","","","","","","","0","0","","","","1","34","0","","","","","","","","","","","","","","","","","","","","","","","","0"
"365","LSU","09/04/10","34","RIDLEY","STEVAN","19","89","8","81","0","","","","","","","19","81","2","7","0","","","","","","","","","","","","","","","","","","","","","","","","","","","0"
"365","LSU","09/11/10","34","RIDLEY","STEVAN","17","159","0","159","1","","","","","","","17","159","","","","","","","","","","","","","","","","","","1","","","","","","","","","","","","6"
"365","LSU","09/18/10","34","RIDLEY","STEVAN","19","82","4","78","1","","","","","","","19","78","","","","","","","","","","","","","","","","","","1","","","","","","","","","","","","6"
"365","LSU","09/25/10","34","RIDLEY","STEVAN","20","116","0","116","1","","","","","","","20","116","2","28","0","","","","","","","","","","","","","","","1","","","","","","","","","","","","6"
"365","LSU","10/02/10","34","RIDLEY","STEVAN","22","124","1","123","1","","","","","","","22","123","2","7","0","","","","","","","","","","","","","","","1","","","","","","","","","","","","6"
"365","LSU","10/09/10","34","RIDLEY","STEVAN","28","88","5","83","0","","","","","","","28","83","","","","","","","","","","","","","","","","","","","","","","","","","","","","","","0"
"365","LSU","10/16/10","34","RIDLEY","STEVAN","15","48","2","46","2","","","","","","","15","46","","","","","","","","","","","","","","","","","","2","","","","","","","","","","","","12"
"365","LSU","10/23/10","34","RIDLEY","STEVAN","12","41","4","37","0","","","","","","","12","37","","","","","","","","","","","","","","","","","","","","","","","","","","","","","","0"
"365","LSU","11/06/10","34","RIDLEY","STEVAN","24","92","4","88","1","","","","","","","24","88","","","","","","","","","","","","","","","","","","1","","","","","","","","","","","","6"
"365","LSU","11/13/10","34","RIDLEY","STEVAN","14","67","0","67","2","","","","","","","14","67","1","3","0","","","","","","","","","","","","","","","2","","","","","","","","","","","","12"
"365","LSU","11/20/10","34","RIDLEY","STEVAN","18","96","7","89","3","","","","","","","18","89","","","","","","","","","","","","","","","","","","3","","","","","","","","","","","","18"
"365","LSU","11/27/10","34","RIDLEY","STEVAN","17","75","0","75","2","","","","","","","17","75","4","16","0","","","","","","","","","","","","","","","2","","","","","","","","","","","","12"
"365","LSU","01/07/11","34","RIDLEY","STEVAN","24","110","5","105","1","","","","","","","24","105","","","","","","","","","","","","","","","","","","1","","","","","","","","","","","","6"
"365","LSU","09/04/10","10","SHEPARD","RUSSELL","5","68","1","67","1","","","","","","","5","67","2","12","1","","","","","","","","","","","","","","","2","","","","","","","","","","","","12"
"365","LSU","09/11/10","10","SHEPARD","RUSSELL","7","55","7","48","1","","","","","","","7","48","2","18","0","","","","","","","","","","","","","","","1","","","","","","","","","","","","6"
"365","LSU","09/18/10","10","SHEPARD","RUSSELL","5","21","8","13","0","","","","","","","5","13","2","28","0","","","","","","","","","","","","","","","","","","","","","","","","","","","0"
"365","LSU","09/25/10","10","SHEPARD","RUSSELL","2","12","0","12","0","","","","","","","2","12","1","-6","0","","","","","","","","","","","","","","","","","","","","","","","","","","","0"
"365","LSU","10/02/10","10","SHEPARD","RUSSELL","2","12","0","12","0","","","","","","","2","12","3","26","0","","","","","","","","","","","","","","","","","","","","","","","","","","","0"
"365","LSU","10/09/10","10","SHEPARD","RUSSELL","2","0","6","-6","0","","","","","","","2","-6","3","11","0","","","","","","","","","","","","","","","","","","","","","","","","","","","0"
"365","LSU","10/16/10","10","SHEPARD","RUSSELL","3","25","0","25","0","","","","","","","3","25","7","53","0","","","","","","","","","","","","","","","","","","","","","","","","","","","0"
"365","LSU","10/23/10","10","SHEPARD","RUSSELL","1","9","0","9","0","","","","","","","1","9","5","20","0","","","","","","","","","","","","","","","","","","","","","","","","","","","0"
"365","LSU","11/06/10","10","SHEPARD","RUSSELL","3","47","0","47","0","","","","","","","3","47","1","7","0","","","","","","","","","","","","","","","","","","","","","","","","","","","0"
"365","LSU","11/13/10","10","SHEPARD","RUSSELL","","","","","","","","","","","","0","0","2","26","0","","","","","","","","","","","","","","","","","","","","","","","","","","","0"
"365","LSU","11/20/10","10","SHEPARD","RUSSELL","","","","","","","","","","","","0","0","3","29","0","","","","","","","","","","","","","","","","","","","","","","","","","","","0"
"365","LSU","11/27/10","10","SHEPARD","RUSSELL","1","0","5","-5","0","","","","","","","1","-5","2","30","0","","","","","","","","","","","","","","","","","","","","","","","","","","","0"
"365","LSU","01/07/11","10","SHEPARD","RUSSELL","1","4","0","4","0","","","","","","","1","4","","","","","","","","","","","","","","","","","","","","","","","","","","","","","","0"
"365","LSU","10/16/10","11","SHEPPARD","KELVIN","","","","","","","","","","","","0","0","","","","","","","1","1","0","","","","","","","","","","","","","","","","","","","","","0"
"365","LSU","11/06/10","11","SHEPPARD","KELVIN","","","","","","","","","","","","0","0","","","","1","0","0","","","","","","","","","","","","","","","","","","","","","","","","0"
"365","LSU","01/07/11","26","SIMON","THAROLD","","","","","","","","","","","","0","0","","","","1","0","0","","","","","","","","","","","","","","","","","","","","","","","","0"
"365","LSU","09/04/10","80","TOLIVER","TERRENCE","","","","","","","","","","","","0","0","3","17","0","","","","","","","","","","","","","","","","","","","","","","","","","","","0"
"365","LSU","09/11/10","80","TOLIVER","TERRENCE","","","","","","","","","","","","0","0","3","30","0","","","","","","","","","","","","","","","","","","","","","","","","","","","0"
"365","LSU","09/18/10","80","TOLIVER","TERRENCE","","","","","","","","","","","","0","0","3","35","0","","","","","","","","","","","","","","","","","","","","","","","","","","","0"
"365","LSU","09/25/10","80","TOLIVER","TERRENCE","","","","","","","","","","","","0","0","2","14","0","","","","","","","","","","","","","","","","","","","","","","","","","","","0"
"365","LSU","10/02/10","80","TOLIVER","TERRENCE","","","","","","","","","","","","0","0","3","52","0","","","","","","","","","","","","","","","","","","","","","","","","","","","0"
"365","LSU","10/09/10","80","TOLIVER","TERRENCE","","","","","","","","","","","","0","0","6","111","2","","","","","","","","","","","","","","","2","","","","","","","","","","","","12"
"365","LSU","10/16/10","80","TOLIVER","TERRENCE","","","","","","","","","","","","0","0","2","27","0","","","","","","","","","","","","","","","","","","","","","","","","","","","0"
"365","LSU","10/23/10","80","TOLIVER","TERRENCE","","","","","","","","","","","","0","0","3","25","0","","","","","","","","","","","","","","","","","","","","","","","","","","","0"
"365","LSU","11/06/10","80","TOLIVER","TERRENCE","","","","","","","","","","","","0","0","3","42","0","","","","","","","","","","","","","","","","","","","","","","","","","","","0"
"365","LSU","11/13/10","80","TOLIVER","TERRENCE","","","","","","","","","","","","0","0","3","42","0","","","","","","","","","","","","","","","","","","","","","","","","","","","0"
"365","LSU","11/20/10","80","TOLIVER","TERRENCE","","","","","","","","","","","","0","0","2","31","0","","","","","","","","","","","","","","","","","","1","0","","","","","","","","0"
"365","LSU","11/27/10","80","TOLIVER","TERRENCE","","","","","","","","","","","","0","0","3","41","0","","","","","","","","","","","","","","","","","","","","","","","","","","","0"
"365","LSU","01/07/11","80","TOLIVER","TERRENCE","","","","","","","","","","","","0","0","5","112","3","","","","","","","","","","","","","","","3","","","","","","","","","","","","18"
"365","LSU","11/20/10","21","TOLLIVER","CHRIS","","","","","","","","","","","","0","0","1","23","0","","","","","","","","","","","","","","","","","","","","","","","","","","","0"
"365","LSU","11/27/10","21","TOLLIVER","CHRIS","","","","","","","","","","","","0","0","1","12","0","","","","","","","","","","","","","","","","","","","","","","","","","","","0"
"365","LSU","09/11/10","16","WARE","SPENCER","1","8","0","8","0","","","","","","","1","8","1","24","0","","","","","","","","","","","","","","","","","","","","","","","","","","","0"
"365","LSU","10/02/10","16","WARE","SPENCER","","","","","","","","","","","","0","0","1","16","0","","","","","","","","","","","","","","","","","","","","","","","","","","","0"
"365","LSU","10/09/10","16","WARE","SPENCER","","","","","","","","","","","","0","0","3","14","0","","","","","","","","","","","","","","","","","","","","","","","","","","","0"
"365","LSU","10/16/10","16","WARE","SPENCER","5","31","0","31","0","","","","","","","5","31","1","1","0","","","","","","","","","","","","","","","","","","","","","","","","","","","0"
"365","LSU","10/23/10","16","WARE","SPENCER","1","2","0","2","0","1","1","0","39","1","","2","41","","","","","","","","","","","","","","","","","","","","","","","","","","","","","","0"
"365","LSU","11/06/10","16","WARE","SPENCER","2","3","0","3","0","","","","","","","2","3","","","","","","","","","","","","","","","","","","","","","","","","","","","","","","0"
"365","LSU","11/13/10","16","WARE","SPENCER","4","12","0","12","1","","","","","","","4","12","","","","","","","","","","","","","","","","","","1","","","","","","","","","","","","6"
"365","LSU","11/20/10","16","WARE","SPENCER","1","17","0","17","0","","","","","","","1","17","1","0","0","","","","","","","","","","","","","","","","","","","","","","","","","","","0"
"365","LSU","11/27/10","16","WARE","SPENCER","","","","","","","","","","","","0","0","1","29","0","","","","","","","","","","","","","","","","","","","","","","","","","","","0"
"365","LSU","01/07/11","16","WARE","SPENCER","10","102","0","102","0","","","","","","","10","102","2","17","0","","","","","","","","","","","","","","","","","","","","","","","","","","","0"
"365","LSU","11/13/10","82","WRIGHT","JAMES","","","","","","","","","","","","0","0","1","13","0","","","","","","","","","","","","","","","","","","","","","","","","","","","0"
"365","LSU","11/27/10","82","WRIGHT","JAMES","","","","","","","","","","","","0","0","1","8","0","","","","","","","","","","","","","","","","","","","","","","","","","","","0"
"388","Marshall","09/02/10","12","ANDERSON","BRIAN","4","7","13","-6","0","28","17","1","135","0","","32","129","","","","","","","","","","","","","","","","","","","","","","","","","","","","","","0"
"388","Marshall","09/10/10","12","ANDERSON","BRIAN","3","0","9","-9","0","29","20","0","229","3","","32","220","","","","","","","","","","","","","","","","","","","","","","","","","","","","","","0"
"388","Marshall","09/18/10","12","ANDERSON","BRIAN","","","","","","44","20","4","191","1","","44","191","","","","","","","","","","","","","","","","","","","","","","","","","","","","","","0"
"388","Marshall","09/25/10","12","ANDERSON","BRIAN","1","4","0","4","0","30","21","0","295","3","1","31","299","","","","","","","","","","","","","","","","","","","","","1","1","","","","","","","","2"
"388","Marshall","10/02/10","12","ANDERSON","BRIAN","2","2","0","2","0","16","7","0","30","1","","18","32","","","","","","","","","","","","","","","","","","","","","","","","","","","","","","0"
"388","Marshall","10/13/10","12","ANDERSON","BRIAN","4","10","2","8","0","30","15","1","129","1","","34","137","","","","","","","","","","","","","","","","","","","","","","","","","","","","","","0"
"388","Marshall","10/23/10","12","ANDERSON","BRIAN","2","10","0","10","0","47","27","3","217","1","","49","227","","","","","","","","","","","","","","","","","","","","","","","","","","","","","","0"
"388","Marshall","10/30/10","12","ANDERSON","BRIAN","5","43","0","43","0","26","13","0","138","1","","31","181","","","","","","","","","","","","","","","","","","","","","","","","","","","","","","0"
"388","Marshall","11/06/10","12","ANDERSON","BRIAN","5","26","0","26","0","41","25","1","304","3","","46","330","","","","","","","","","","","","","","","","","","","","","","","","","","","","","","0"
"388","Marshall","11/13/10","12","ANDERSON","BRIAN","7","26","29","-3","0","28","20","1","251","3","","35","248","","","","","","","","","","","","","","","","","","","","","","","","","","","","","","0"
"388","Marshall","11/20/10","12","ANDERSON","BRIAN","6","2","15","-13","0","42","24","3","277","1","","48","264","","","","","","","","","","","","","","","","","","","","","","","","","","","","","","0"
"388","Marshall","11/27/10","12","ANDERSON","BRIAN","8","45","17","28","0","23","9","1","162","2","","31","190","","","","","","","","","","","","","","","","","","","","","","","","","","","","","","0"
"388","Marshall","09/02/10","19","BOOKER","ANDRE","8","11","6","5","0","","","","","","","8","5","1","4","0","","","","","","","","","","","","6","151","0","","","","","","","","","","","","","0"
"388","Marshall","09/10/10","19","BOOKER","ANDRE","7","38","9","29","0","","","","","","","7","29","1","-3","0","","","","","","","","","","","","3","50","0","","","","","","","","","","","","","0"
"388","Marshall","09/18/10","19","BOOKER","ANDRE","7","122","1","121","1","","","","","","","7","121","2","26","0","","","","","","","","","","","","4","111","0","1","","","","","","","","","","","","6"
"388","Marshall","09/25/10","19","BOOKER","ANDRE","16","49","2","47","0","","","","","","","16","47","3","51","1","","","","","","","","","","","","2","53","0","1","","","","","","","","","","","","6"
"388","Marshall","10/02/10","19","BOOKER","ANDRE","5","5","9","-4","0","","","","","","","5","-4","2","13","0","","","","","","","","","","","","","","","","","","","","","","","","","","","0"
"388","Marshall","10/13/10","19","BOOKER","ANDRE","2","4","0","4","0","","","","","","","2","4","2","17","0","","","","","","","","","","","","","","","","","","","","","","","","","","","0"
"388","Marshall","10/23/10","19","BOOKER","ANDRE","8","12","2","10","0","","","","","","","8","10","2","23","0","","","","","","","","","","","","","","","","","","","","","","","","","","","0"
"388","Marshall","10/30/10","19","BOOKER","ANDRE","3","17","0","17","0","","","","","","","3","17","1","19","0","","","","","","","","","","","","2","52","0","","","","","","","","","","","","","0"
"388","Marshall","11/06/10","19","BOOKER","ANDRE","6","17","1","16","0","","","","","","","6","16","1","-2","0","","","","","","","","","1","0","0","3","54","0","","","","","","","","","","","","","0"
"388","Marshall","11/20/10","19","BOOKER","ANDRE","4","16","1","15","0","","","","","","","4","15","1","32","0","","","","","","","","","","","","","","","","","","","","","","","","","","","0"
"388","Marshall","11/27/10","19","BOOKER","ANDRE","1","4","0","4","0","","","","","","","1","4","1","56","0","","","","","","","","","1","-3","0","","","","","","","","","","","","","","","","0"
"388","Marshall","10/13/10","18","BROWN","DONALD","","","","","","","","","","","","0","0","","","","1","0","0","","","","","","","","","","","","","","","","","","","","","","","","0"
"388","Marshall","10/23/10","18","BROWN","DONALD","","","","","","","","","","","","0","0","","","","1","0","0","","","","","","","","","","","","","","","","","","","","","","","","0"
"388","Marshall","10/30/10","18","BROWN","DONALD","","","","","","","","","","","","0","0","","","","","","","","","","","","","","","","","","","","","0","0","","","1","1","","","","2"
"388","Marshall","11/06/10","18","BROWN","DONALD","","","","","","","","","","","","0","0","","","","1","3","0","","","","","","","","","","","","","","","","","","","","","","","","0"
"388","Marshall","10/30/10","31","BROWN","OMAR","","","","","","","","","","","","0","0","","","","1","0","0","","","","","","","","","","","","","","","","","","","","","","","","0"
"388","Marshall","11/27/10","31","BROWN","OMAR","","","","","","","","","","","","0","0","","","","2","24","0","","","","","","","","","","","","","","","","","","","","","","","","0"
"388","Marshall","10/23/10","21","CRAWFORD","C.J.","","","","","","","","","","","","0","0","1","7","0","","","","","","","","","","","","","","","","","","","","","","","","","","","0"
"388","Marshall","11/20/10","21","CRAWFORD","C.J.","","","","","","","","","","","","0","0","1","32","1","","","","","","","","","","","","","","","1","","","","","","","","","","","","6"
"388","Marshall","09/02/10","3","DOBSON","AARON","","","","","","","","","","","","0","0","3","34","0","","","","","","","","","","","","","","","","","","","","","","","","","","","0"
"388","Marshall","09/10/10","3","DOBSON","AARON","","","","","","","","","","","","0","0","4","120","1","","","","","","","","","","","","","","","1","","","","","","","","","","","","6"
"388","Marshall","09/18/10","3","DOBSON","AARON","1","1","0","1","0","","","","","","","1","1","6","51","0","","","","","","","","","","","","","","","","","","","","","","","","","","","0"
"388","Marshall","09/25/10","3","DOBSON","AARON","","","","","","","","","","","","0","0","4","72","0","","","","","","","","","","","","","","","","","","","","","","","","","","","0"
"388","Marshall","10/02/10","3","DOBSON","AARON","","","","","","","","","","","","0","0","2","6","1","","","","","","","","","","","","","","","1","","","","","","","","","","","","6"
"388","Marshall","10/13/10","3","DOBSON","AARON","","","","","","","","","","","","0","0","5","119","2","","","","","","","","","","","","","","","2","","","","","","","","","","","","12"
"388","Marshall","10/23/10","3","DOBSON","AARON","","","","","","","","","","","","0","0","5","42","0","","","","","","","","","","","","","","","","","","","","","","","","","","","0"
"388","Marshall","10/30/10","3","DOBSON","AARON","","","","","","","","","","","","0","0","4","60","1","","","","","","","","","","","","","","","1","","","","","","","","","","","","6"
"388","Marshall","11/06/10","3","DOBSON","AARON","","","","","","","","","","","","0","0","3","74","0","","","","","","","","","","","","","","","","","","","","","","","","","","","0"
"388","Marshall","11/13/10","3","DOBSON","AARON","","","","","","","","","","","","0","0","2","54","0","","","","","","","","","","","","","","","","","","","","","","","","","","","0"
"388","Marshall","11/20/10","3","DOBSON","AARON","1","17","0","17","0","","","","","","","1","17","6","57","0","","","","","","","","","","","","","","","","","","","","","","","","","","","0"
"388","Marshall","09/02/10","80","EDMONSON","COURTNEY","","","","","","","","","","","","0","0","1","26","0","","","","","","","","","","","","","","","","","","","","","","","","","","","0"
"388","Marshall","09/10/10","80","EDMONSON","COURTNEY","1","4","0","4","0","","","","","","","1","4","3","28","0","","","","","","","","","","","","","","","","","","","","","","","","","","","0"
"388","Marshall","09/25/10","80","EDMONSON","COURTNEY","","","","","","","","","","","","0","0","1","2","0","","","","","","","","","","","","","","","","","","","","","","","","","","","0"
"388","Marshall","10/13/10","80","EDMONSON","COURTNEY","","","","","","","","","","","","0","0","3","32","0","","","","","","","","","","","","","","","","","","","","","","","","","","","0"
"388","Marshall","10/23/10","80","EDMONSON","COURTNEY","","","","","","","","","","","","0","0","3","17","0","","","","","","","","","","","","","","","","","","","","","","","","","","","0"
"388","Marshall","11/06/10","80","EDMONSON","COURTNEY","","","","","","","","","","","","0","0","4","59","0","","","","","","","","","","","","","","","","","","","","","","","","","","","0"
"388","Marshall","11/13/10","80","EDMONSON","COURTNEY","","","","","","","","","","","","0","0","3","16","1","","","","","","","","","","","","","","","1","","","","","","","","","","","","6"
"388","Marshall","11/20/10","80","EDMONSON","COURTNEY","","","","","","","","","","","","0","0","4","53","0","","","","","","","","","","","","","","","","","","","","","","","","","","","0"
"388","Marshall","11/27/10","80","EDMONSON","COURTNEY","","","","","","","","","","","","0","0","3","65","1","","","","","","","","","","","","","","","1","","","","","","","","","","","","6"
"388","Marshall","09/02/10","88","EVANS","DEMETRIUS","","","","","","","","","","","","0","0","1","20","0","","","","","","","","","","","","","","","","","","","","","","","","","","","0"
"388","Marshall","10/02/10","88","EVANS","DEMETRIUS","","","","","","","","","","","","0","0","1","7","0","","","","","","","","","","","","","","","","","","","","","","","","","","","0"
"388","Marshall","11/13/10","88","EVANS","DEMETRIUS","","","","","","","","","","","","0","0","2","18","0","","","","","","","","","","","","","","","","","","","","","","","","","","","0"
"388","Marshall","11/20/10","88","EVANS","DEMETRIUS","","","","","","","","","","","","0","0","2","6","0","","","","","","","","","","","","","","","","","","","","","","","","","","","0"
"388","Marshall","09/02/10","4","EVANS","TROY","","","","","","","","","","","","0","0","2","2","0","","","","","","","","","","","","","","","","","","","","","","","","","","","0"
"388","Marshall","09/10/10","4","EVANS","TROY","1","3","0","3","0","","","","","","","1","3","2","7","0","","","","","","","","","1","8","0","1","26","0","","","","","","","","","","","","","0"
"388","Marshall","09/18/10","4","EVANS","TROY","","","","","","","","","","","","0","0","2","16","0","","","","","","","","","1","15","0","1","23","0","","","","","","","","","","","","","0"
"388","Marshall","09/25/10","4","EVANS","TROY","","","","","","","","","","","","0","0","2","28","0","","","","","","","","","2","23","0","","","","","","","","","","","","","","","","0"
"388","Marshall","10/02/10","4","EVANS","TROY","","","","","","","","","","","","0","0","","","","","","","","","","","","1","10","0","7","185","1","1","","","","","","","","","","","","6"
"388","Marshall","10/13/10","4","EVANS","TROY","1","0","5","-5","0","","","","","","","1","-5","","","","","","","","","","","","1","7","0","6","105","0","","","","","","","","","","","","","0"
"388","Marshall","10/23/10","4","EVANS","TROY","","","","","","","","","","","","0","0","6","50","1","","","","","","","","","","","","6","97","0","1","","","","","","","","","","","","6"
"388","Marshall","11/06/10","4","EVANS","TROY","2","14","0","14","1","","","","","","","2","14","1","5","1","","","","","","","","","3","23","0","1","33","0","2","","","","","","","","","","","","12"
"388","Marshall","11/13/10","4","EVANS","TROY","5","28","0","28","1","","","","","","","5","28","3","81","1","","","","","","","","","4","38","0","3","73","0","2","","","","","","","","","","","","12"
"388","Marshall","11/20/10","4","EVANS","TROY","2","1","3","-2","0","","","","","","","2","-2","3","36","0","","","","","","","","","3","-4","0","4","105","0","","","","","","","","","","","","","0"
"388","Marshall","11/27/10","4","EVANS","TROY","","","","","","","","","","","","0","0","","","","","","","","","","","","","","","2","64","0","","","","","","","","","","","","","0"
"388","Marshall","09/18/10","1","GRAHAM","A.J.","2","1","0","1","1","","","","","","","2","1","","","","","","","","","","","","","","","","","","1","","","","","","","","","","","","6"
"388","Marshall","10/02/10","1","GRAHAM","A.J.","4","11","3","8","0","12","10","0","95","0","","16","103","","","","","","","","","","","","","","","","","","","","","","","","","","","","","","0"
"388","Marshall","10/23/10","86","HATTEN","JAMIE","","","","","","","","","","","","0","0","1","8","0","","","","","","","","","","","","","","","","","","","","","","","","","","","0"
"388","Marshall","11/20/10","5","JACKSON","RASHAD","","","","","","","","","","","","0","0","","","","2","52","0","","","","","","","","","","","","","","","","","","","","","","","","0"
"388","Marshall","11/27/10","5","JACKSON","RASHAD","","","","","","","","","","","","0","0","","","","1","84","1","","","","","","","","","","","","1","","","","","","","","","","","","6"
"388","Marshall","09/02/10","28","KELSON","JERMAINE","","","","","","","","","","","","0","0","","","","","","","","","","","","1","2","0","1","22","0","","","","","","","","","","","","","0"
"388","Marshall","09/18/10","28","KELSON","JERMAINE","","","","","","","","","","","","0","0","","","","","","","","","","","","1","5","0","","","","","","","","","","","","","","","","0"
"388","Marshall","10/30/10","28","KELSON","JERMAINE","1","1","0","1","0","","","","","","","1","1","","","","","","","","","","","","","","","","","","","","","","","","","","","","","","0"
"388","Marshall","11/27/10","28","KELSON","JERMAINE","","","","","","1","1","0","18","1","","1","18","","","","","","","","","","","","","","","","","","","","","","","","","","","","","","0"
"388","Marshall","09/25/10","36","LOVETT","MONTERIUS","","","","","","","","","","","","0","0","","","","1","8","0","","","","","","","","","","","","","","","","","","","","","","","","0"
"388","Marshall","09/02/10","32","MARTINEZ","TRON","2","6","0","6","0","","","","","","","2","6","","","","","","","","","","","","","","","","","","","","","","","","","","","","","","0"
"388","Marshall","09/10/10","32","MARTINEZ","TRON","3","5","0","5","0","","","","","","","3","5","1","7","0","","","","","","","","","","","","","","","","","","","","","","","","","","","0"
"388","Marshall","09/25/10","32","MARTINEZ","TRON","","","","","","","","","","","","0","0","","","","","","","","","","","","","","","1","15","0","","","","","","","","","","","","","0"
"388","Marshall","10/02/10","32","MARTINEZ","TRON","3","8","0","8","0","","","","","","","3","8","1","5","0","","","","","","","","","","","","1","12","0","","","","","","","","","","","","","0"
"388","Marshall","10/23/10","32","MARTINEZ","TRON","6","29","0","29","0","","","","","","","6","29","","","","","","","","","","","","","","","","","","","","","","","","","","","","","","0"
"388","Marshall","10/30/10","32","MARTINEZ","TRON","24","117","1","116","1","","","","","","","24","116","3","23","0","","","","","","","","","","","","2","48","0","1","","","","","","","","","","","","6"
"388","Marshall","11/06/10","32","MARTINEZ","TRON","17","43","4","39","0","","","","","","","17","39","1","23","0","","","","","","","","","","","","","","","","","","","","","","","","","","","0"
"388","Marshall","11/27/10","32","MARTINEZ","TRON","23","63","4","59","0","","","","","","","23","59","2","16","1","","","","","","","","","","","","","","","1","","","","","","","","","","","","6"
"388","Marshall","10/02/10","27","MITCHELL","BILLY","","","","","","","","","","","","0","0","","","","","","","","","","","","1","0","0","","","","","","","","","","","","","","","","0"
"388","Marshall","11/27/10","22","PERRY","KEVIN","","","","","","","","","","","","0","0","","","","","","","","","","","","0","2","1","","","","1","","","","","","","","","","","","6"
"388","Marshall","09/18/10","39","ROBERTS","DARRYL","","","","","","","","","","","","0","0","","","","1","9","0","","","","","","","","","","","","","","","","","","","","","","","","0"
"388","Marshall","09/02/10","6","SHAKOOR","AHMED","","","","","","","","","","","","0","0","","","","","","","0","0","1","","","","","","","","","1","","","","","","","","","","","","6"
"388","Marshall","09/02/10","16","SMITH","LEE","","","","","","","","","","","","0","0","1","8","0","","","","","","","","","","","","","","","","","","","","","","","","","","","0"
"388","Marshall","09/10/10","16","SMITH","LEE","","","","","","","","","","","","0","0","4","39","0","","","","","","","","","","","","","","","","","","","","","","","","","","","0"
"388","Marshall","09/25/10","16","SMITH","LEE","","","","","","","","","","","","0","0","2","16","0","","","","","","","","","","","","","","","","","","","","","","","","","","","0"
"388","Marshall","10/02/10","16","SMITH","LEE","","","","","","","","","","","","0","0","2","21","0","","","","","","","","","","","","","","","","","","","","","","","","","","","0"
"388","Marshall","10/13/10","16","SMITH","LEE","","","","","","","","","","","","0","0","3","33","0","","","","","","","","","","","","","","","","","","","","","","","","","","","0"
"388","Marshall","10/23/10","16","SMITH","LEE","","","","","","","","","","","","0","0","3","31","0","","","","","","","","","","","","","","","","","","","","","","","","","","","0"
"388","Marshall","10/30/10","16","SMITH","LEE","","","","","","","","","","","","0","0","4","25","0","","","","","","","","","","","","","","","","","","","","","","","","","","","0"
"388","Marshall","11/06/10","16","SMITH","LEE","","","","","","","","","","","","0","0","9","81","2","","","","","","","","","","","","","","","2","","","","","","","","","","","","12"
"388","Marshall","11/13/10","16","SMITH","LEE","","","","","","","","","","","","0","0","7","73","1","","","","","","","","","","","","","","","1","","","","","","","","","","","","6"
"388","Marshall","11/20/10","16","SMITH","LEE","","","","","","","","","","","","0","0","2","16","0","","","","","","","","","","","","","","","","","","","","","","","","","","","0"
"388","Marshall","11/27/10","16","SMITH","LEE","","","","","","","","","","","","0","0","1","15","0","","","","","","","","","","","","1","7","0","","","","","","","","","","","","","0"
"388","Marshall","09/02/10","8","SULLIVAN","EDDIE","1","11","4","7","0","7","1","0","20","0","","8","27","","","","","","","","","","","","","","","","","","","","","","","","","","","","","","0"
"388","Marshall","09/18/10","8","SULLIVAN","EDDIE","2","21","0","21","0","3","0","0","0","0","","5","21","","","","","","","","","","","","","","","","","","","","","","","","","","","","","","0"
"388","Marshall","10/13/10","8","SULLIVAN","EDDIE","2","3","4","-1","0","7","2","0","97","1","","9","96","","","","","","","","","","","","","","","","","","","","","","","","","","","","","","0"
"388","Marshall","10/23/10","8","SULLIVAN","EDDIE","4","23","0","23","0","7","3","0","17","0","","11","40","","","","","","","","","","","","","","","","","","","","","","","","","","","","","","0"
"388","Marshall","11/13/10","8","SULLIVAN","EDDIE","2","4","0","4","0","","","","","","","2","4","","","","","","","","","","","","","","","","","","","","","","","","","","","","","","0"
"388","Marshall","11/13/10","42","TALIAFERRO","ESSRAY","12","66","0","66","0","","","","","","","12","66","2","3","0","","","","","","","","","","","","","","","","","","","","","","","","","","","0"
"388","Marshall","11/20/10","42","TALIAFERRO","ESSRAY","8","33","1","32","1","","","","","","","8","32","2","7","0","","","","","","","","","","","","","","","1","","","","","","","","","","","","6"
"388","Marshall","11/27/10","42","TALIAFERRO","ESSRAY","","","","","","","","","","","","0","0","","","","","","","","","","","","1","25","0","","","","","","","","","","","","","","","","0"
"388","Marshall","09/02/10","17","WALKER","CHUCK","","","","","","","","","","","","0","0","2","18","0","","","","","","","","","","","","","","","","","","","","","","","","","","","0"
"388","Marshall","09/10/10","17","WALKER","CHUCK","1","2","0","2","0","","","","","","","1","2","1","2","0","","","","","","","","","","","","","","","","","","","","","","","","","","","0"
"388","Marshall","09/18/10","17","WALKER","CHUCK","","","","","","","","","","","","0","0","7","66","0","","","","","","","","","","","","","","","","","","","","","","","","","","","0"
"388","Marshall","09/25/10","17","WALKER","CHUCK","","","","","","","","","","","","0","0","2","7","0","","","","","","","","","","","","","","","","","","0","0","","","","","","","","0"
"388","Marshall","10/02/10","17","WALKER","CHUCK","","","","","","","","","","","","0","0","4","11","0","","","","","","","","","","","","","","","","","","","","","","","","","","","0"
"388","Marshall","11/06/10","17","WALKER","CHUCK","","","","","","","","","","","","0","0","4","49","0","","","","","","","","","","","","","","","","","","","","","","","","","","","0"
"388","Marshall","11/20/10","17","WALKER","CHUCK","","","","","","","","","","","","0","0","3","38","0","","","","","","","","","","","","","","","","","","","","","","","","","","","0"
"388","Marshall","11/27/10","17","WALKER","CHUCK","","","","","","","","","","","","0","0","3","28","1","","","","","","","","","","","","","","","1","","","","","","","","","","","","6"
"388","Marshall","09/02/10","29","WARD","MARTIN","6","32","0","32","0","","","","","","","6","32","2","5","0","","","","","","","","","","","","","","","","","","","","","","","","","","","0"
"388","Marshall","09/10/10","29","WARD","MARTIN","11","102","1","101","0","","","","","","","11","101","1","5","0","","","","","","","","","","","","","","","","","","","","","","","","","","","0"
"388","Marshall","09/18/10","29","WARD","MARTIN","14","45","4","41","1","","","","","","","14","41","","","","","","","","","","","","","","","","","","1","","","","","","","","","","","","6"
"388","Marshall","09/25/10","29","WARD","MARTIN","18","51","6","45","0","","","","","","","18","45","","","","","","","","","","","","","","","","","","","","","","","","","","","","","","0"
"388","Marshall","10/02/10","29","WARD","MARTIN","9","37","6","31","0","","","","","","","9","31","2","3","0","","","","","","","","","","","","","","","","","","","","","","","","","","","0"
"388","Marshall","10/13/10","29","WARD","MARTIN","11","38","7","31","0","","","","","","","11","31","1","5","0","","","","","","","","","","","","","","","","","","","","","","","","","","","0"
"388","Marshall","10/23/10","29","WARD","MARTIN","8","22","0","22","0","","","","","","","8","22","4","17","0","","","","","","","","","","","","","","","","","","","","","","","","","","","0"
"388","Marshall","11/06/10","29","WARD","MARTIN","6","4","3","1","0","","","","","","","6","1","2","15","0","","","","","","","","","","","","","","","","","","","","","","","","","","","0"
"388","Marshall","11/13/10","29","WARD","MARTIN","10","37","0","37","0","","","","","","","10","37","1","6","0","","","","","","","","","","","","","","","","","","","","","","","","","","","0"
"388","Marshall","11/20/10","29","WARD","MARTIN","3","4","0","4","0","","","","","","","3","4","","","","","","","","","","","","","","","","","","","","","","","","","","","","","","0"
"388","Marshall","09/02/10","37","WARNER","TYLER","","","","","","","","","","","","0","0","","","","","","","","","","","","","","","","","","","1","1","0","0","","","","","1","0","","1"
"388","Marshall","09/10/10","37","WARNER","TYLER","","","","","","","","","","","","0","0","","","","","","","","","","","","","","","","","","","3","3","0","0","","","","","1","0","","3"
"388","Marshall","09/18/10","37","WARNER","TYLER","","","","","","","","","","","","0","0","","","","","","","","","","","","","","","","","","","4","4","0","0","","","","","1","0","","4"
"388","Marshall","09/25/10","37","WARNER","TYLER","","","","","","","","","","","","0","0","","","","","","","","","","","","","","","","","","","2","1","0","0","","","","","1","1","","4"
"388","Marshall","10/02/10","37","WARNER","TYLER","","","","","","","","","","","","0","0","","","","","","","","","","","","","","","","","","","2","2","0","0","","","","","","","","2"
"388","Marshall","10/13/10","37","WARNER","TYLER","","","","","","","","","","","","0","0","","","","","","","","","","","","","","","","","","","2","2","0","0","","","","","","","","2"
"388","Marshall","10/23/10","37","WARNER","TYLER","","","","","","","","","","","","0","0","","","","","","","","","","","","","","","","","","","1","1","0","0","","","","","1","1","","4"
"388","Marshall","10/30/10","37","WARNER","TYLER","","","","","","","","","","","","0","0","","","","","","","","","","","","","","","","","","","2","2","0","0","","","","","","","","2"
"388","Marshall","11/06/10","37","WARNER","TYLER","","","","","","","","","","","","0","0","","","","","","","","","","","","","","","","","","","4","4","0","0","","","","","1","1","","7"
"388","Marshall","11/13/10","37","WARNER","TYLER","","","","","","","","","","","","0","0","","","","","","","","","","","","","","","","","","","4","4","0","0","","","","","","","","4"
"388","Marshall","11/20/10","37","WARNER","TYLER","","","","","","","","","","","","0","0","","","","","","","","","","","","","","","","","","","2","2","0","0","","","","","1","1","","5"
"388","Marshall","11/27/10","37","WARNER","TYLER","","","","","","","","","","","","0","0","","","","","","","","","","","","","","","","","","","5","5","0","0","","","","","1","1","","8"
"388","Marshall","09/02/10","41","WHITEHEAD","KASE","","","","","","","","","","","","0","0","","","","","","","","","","8","295","","","","","","","","","","","","","","","","","","","0"
"388","Marshall","09/10/10","41","WHITEHEAD","KASE","","","","","","","","","","","","0","0","","","","","","","","","","7","282","","","","","","","","","","","","","","","","","","","0"
"388","Marshall","09/18/10","41","WHITEHEAD","KASE","","","","","","","","","","","","0","0","","","","","","","","","","6","215","","","","","","","","","","","","","","","","","","","0"
"388","Marshall","09/25/10","41","WHITEHEAD","KASE","","","","","","","","","","","","0","0","","","","","","","","","","4","167","","","","","","","","","","","","","","","","","","","0"
"388","Marshall","10/02/10","41","WHITEHEAD","KASE","","","","","","","","","","","","0","0","","","","","","","","","","8","312","","","","","","","","","","","","","","","","","","","0"
"388","Marshall","10/13/10","41","WHITEHEAD","KASE","","","","","","","","","","","","0","0","","","","","","","","","","8","361","","","","","","","","","","","","","","","","","","","0"
"388","Marshall","10/23/10","41","WHITEHEAD","KASE","","","","","","","","","","","","0","0","","","","","","","","","","4","140","","","","","","","","","","","","","","","","","","","0"
"388","Marshall","10/30/10","41","WHITEHEAD","KASE","","","","","","","","","","","","0","0","","","","","","","","","","5","210","","","","","","","","","","","","","","","","","","","0"
"388","Marshall","11/06/10","41","WHITEHEAD","KASE","","","","","","","","","","","","0","0","","","","","","","","","","8","320","","","","","","","","","","","","","","","","","","","0"
"388","Marshall","11/13/10","41","WHITEHEAD","KASE","","","","","","","","","","","","0","0","","","","","","","","","","6","238","","","","","","","","","","","","","","","","","","","0"
"388","Marshall","11/20/10","41","WHITEHEAD","KASE","","","","","","","","","","","","0","0","","","","","","","","","","6","268","","","","","","","","","","","","","","","","","","","0"
"388","Marshall","11/27/10","41","WHITEHEAD","KASE","","","","","","","","","","","","0","0","","","","","","","","","","8","321","","","","","","","","","","","","","","","","","","","0"
"388","Marshall","09/02/10","9","WILSON","ANTAVIOUS","","","","","","","","","","","","0","0","5","38","0","","","","","","","","","","","","","","","","","","","","","","","","","","","0"
"388","Marshall","09/10/10","9","WILSON","ANTAVIOUS","","","","","","","","","","","","0","0","3","24","2","","","","","","","","","","","","","","","2","","","","","","","","","","","","12"
"388","Marshall","09/18/10","9","WILSON","ANTAVIOUS","","","","","","","","","","","","0","0","3","32","1","","","","","","","","","","","","","","","1","","","","","","","","","","","","6"
"388","Marshall","09/25/10","9","WILSON","ANTAVIOUS","","","","","","","","","","","","0","0","7","119","2","","","","","","","","","","","","","","","2","","","","","","","","","","","","12"
"388","Marshall","10/02/10","9","WILSON","ANTAVIOUS","","","","","","","","","","","","0","0","3","59","0","","","","","","","","","","","","","","","","","","","","","","","","","","","0"
"388","Marshall","10/13/10","9","WILSON","ANTAVIOUS","","","","","","","","","","","","0","0","3","20","0","","","","","","","","","","","","","","","","","","","","","","","","","","","0"
"388","Marshall","10/23/10","9","WILSON","ANTAVIOUS","","","","","","","","","","","","0","0","4","39","0","","","","","","","","","","","","","","","","","","","","","","","","","","","0"
"388","Marshall","10/30/10","9","WILSON","ANTAVIOUS","","","","","","","","","","","","0","0","1","11","0","","","","","","","","","","","","","","","","","","","","","","","","","","","0"
"392","Maryland","09/06/10","10","ADAMS","D.J.","1","1","0","1","0","","","","","","","1","1","","","","","","","","","","","","","","","","","","","","","","","","","","","","","","0"
"392","Maryland","09/11/10","10","ADAMS","D.J.","11","73","3","70","2","","","","","","","11","70","","","","","","","","","","","","","","","","","","2","","","","","","","","","","","","12"
"392","Maryland","10/02/10","10","ADAMS","D.J.","1","1","0","1","0","","","","","","","1","1","","","","","","","","","","","","","","","","","","","","","","","","","","","","","","0"
"392","Maryland","10/30/10","10","ADAMS","D.J.","16","85","1","84","1","","","","","","","16","84","","","","","","","","","","","","","","","","","","1","","","","","","","","","","","","6"
"392","Maryland","11/13/10","10","ADAMS","D.J.","13","38","1","37","3","","","","","","","13","37","","","","","","","","","","","","","","","","","","3","","","","","","","","","","","","18"
"392","Maryland","11/20/10","10","ADAMS","D.J.","5","12","0","12","0","","","","","","","5","12","","","","","","","","","","","","","","","","","","","","","","","","","","","","","","0"
"392","Maryland","11/27/10","10","ADAMS","D.J.","7","4","5","-1","1","","","","","","","7","-1","","","","","","","","","","","","","","","","","","1","","","","","","","","","","","","6"
"392","Maryland","12/29/10","10","ADAMS","D.J.","13","39","4","35","4","","","","","","","13","35","","","","","","","","","","","","","","","","","","4","","","","","","","","","","","","24"
"392","Maryland","09/06/10","35","BALTZ","TRAVIS","","","","","","","","","","","","0","0","","","","","","","","","","3","159","","","","","","","","2","2","0","0","","","","","1","1","","5"
"392","Maryland","09/11/10","35","BALTZ","TRAVIS","","","","","","","","","","","","0","0","","","","","","","","","","4","165","","","","","","","","8","8","0","0","","","","","2","2","","14"
"392","Maryland","09/18/10","35","BALTZ","TRAVIS","","","","","","","","","","","","0","0","","","","","","","","","","7","317","","","","","","","","2","2","0","0","","","","","1","1","","5"
"392","Maryland","09/25/10","35","BALTZ","TRAVIS","","","","","","","","","","","","0","0","","","","","","","","","","8","320","","","","","","","","6","6","0","0","","","","","1","0","","6"
"392","Maryland","10/02/10","35","BALTZ","TRAVIS","","","","","","","","","","","","0","0","","","","","","","","","","8","291","","","","","","","","3","3","0","0","","","","","","","","3"
"392","Maryland","10/16/10","35","BALTZ","TRAVIS","","","","","","","","","","","","0","0","","","","","","","","","","7","306","","","","","","","","1","1","0","0","","","","","1","0","","1"
"392","Maryland","10/23/10","35","BALTZ","TRAVIS","","","","","","","","","","","","0","0","","","","","","","","","","6","245","","","","","","","","3","3","0","0","","","","","1","1","","6"
"392","Maryland","10/30/10","35","BALTZ","TRAVIS","","","","","","","","","","","","0","0","","","","","","","","","","3","135","","","","","","","","8","8","0","0","","","","","2","2","","14"
"392","Maryland","11/06/10","35","BALTZ","TRAVIS","","","","","","","","","","","","0","0","","","","","","","","","","6","285","","","","","","","","2","2","0","0","","","","","2","2","","8"
"392","Maryland","11/13/10","35","BALTZ","TRAVIS","","","","","","","","","","","","0","0","","","","","","","","","","5","220","","","","","","","","6","6","0","0","","","","","","","","6"
"392","Maryland","11/20/10","35","BALTZ","TRAVIS","","","","","","","","","","","","0","0","","","","","","","","","","2","70","","","","","","","","1","1","0","0","","","","","3","3","","10"
"392","Maryland","11/27/10","35","BALTZ","TRAVIS","","","","","","","","","","","","0","0","","","","","","","","","","5","173","","","","","","","","5","5","0","0","","","","","2","1","","8"
"392","Maryland","12/29/10","35","BALTZ","TRAVIS","","","","","","","","","","","","0","0","","","","","","","","","","3","110","","","","","","","","7","6","0","0","","","","","2","1","","9"
"392","Maryland","09/18/10","13","BOYKINS","KERRY","","","","","","","","","","","","0","0","1","6","0","","","","","","","","","","","","","","","","","","","","","","","","","","","0"
"392","Maryland","09/25/10","13","BOYKINS","KERRY","","","","","","","","","","","","0","0","1","27","0","","","","","","","","","","","","","","","","","","","","","","","","","","","0"
"392","Maryland","10/23/10","13","BOYKINS","KERRY","","","","","","","","","","","","0","0","3","32","1","","","","","","","","","","","","","","","1","","","","","","","","","","","","6"
"392","Maryland","11/13/10","13","BOYKINS","KERRY","","","","","","","","","","","","0","0","1","9","0","","","","","","","","","","","","","","","","","","","","","","","","","","","0"
"392","Maryland","11/20/10","13","BOYKINS","KERRY","","","","","","","","","","","","0","0","1","20","0","","","","","","","","","","","","","","","","","","","","","","","","","","","0"
"392","Maryland","11/27/10","13","BOYKINS","KERRY","","","","","","","","","","","","0","0","1","16","0","","","","","","","","","","","","","","","","","","","","","","","","","","","0"
"392","Maryland","12/29/10","13","BOYKINS","KERRY","","","","","","","","","","","","0","0","2","14","0","","","","","","","","","","","","","","","","","","","","","","","","","","","0"
"392","Maryland","09/11/10","16","BROWN","C.J.","1","12","0","12","0","1","0","0","0","0","","2","12","","","","","","","","","","","","","","","","","","","","","","","","","","","","","","0"
"392","Maryland","10/30/10","32","BROWN","HAROON","1","4","0","4","0","","","","","","","1","4","2","11","1","","","","","","","","","","","","","","","1","","","","","","","","","","","","6"
"392","Maryland","10/23/10","34","CAMPBELL","DEVONTE","","","","","","","","","","","","0","0","","","","","","","","","","","","","","","1","12","0","","","","","","","","","","","","","0"
"392","Maryland","11/20/10","34","CAMPBELL","DEVONTE","","","","","","","","","","","","0","0","1","14","0","","","","","","","","","","","","","","","","","","","","","","","","","","","0"
"392","Maryland","09/06/10","7","CANNON","ADRIAN","","","","","","","","","","","","0","0","1","5","0","","","","","","","","","","","","","","","","","","","","","","","","","","","0"
"392","Maryland","09/11/10","7","CANNON","ADRIAN","","","","","","","","","","","","0","0","1","19","1","","","","","","","","","","","","","","","1","","","","","","","","","","","","6"
"392","Maryland","09/18/10","7","CANNON","ADRIAN","","","","","","","","","","","","0","0","3","24","0","","","","","","","","","","","","","","","","","","","","","","","","","","","0"
"392","Maryland","09/25/10","7","CANNON","ADRIAN","","","","","","","","","","","","0","0","1","15","0","","","","","","","","","","","","","","","","","","","","","","","","","","","0"
"392","Maryland","10/02/10","7","CANNON","ADRIAN","1","5","0","5","0","","","","","","","1","5","3","22","0","","","","","","","","","","","","","","","","","","","","","","","","","","","0"
"392","Maryland","10/16/10","7","CANNON","ADRIAN","","","","","","","","","","","","0","0","7","67","0","","","","","","","","","","","","","","","","","","","","","","","","","","","0"
"392","Maryland","10/23/10","7","CANNON","ADRIAN","","","","","","","","","","","","0","0","4","23","0","","","","","","","","","","","","","","","","","","","","","","","","","","","0"
"392","Maryland","10/30/10","7","CANNON","ADRIAN","","","","","","","","","","","","0","0","2","14","0","","","","","","","","","","","","","","","","","","","","","","","","","","","0"
"392","Maryland","11/06/10","7","CANNON","ADRIAN","","","","","","","","","","","","0","0","1","26","0","","","","","","","","","","","","","","","","","","","","","","","","","","","0"
"392","Maryland","11/13/10","7","CANNON","ADRIAN","","","","","","","","","","","","0","0","4","23","0","","","","","","","","","","","","","","","","","","","","","","","","","","","0"
"392","Maryland","11/20/10","7","CANNON","ADRIAN","","","","","","","","","","","","0","0","4","50","0","","","","","","","","","","","","","","","","","","","","","","","","","","","0"
"392","Maryland","11/27/10","7","CANNON","ADRIAN","","","","","","","","","","","","0","0","5","36","0","","","","","","","","","","","","","","","","","","","","","","","","","","","0"
"392","Maryland","11/20/10","22","CHISM","CAMERON","","","","","","","","","","","","0","0","","","","","","","","","","","","1","1","0","","","","","","","","","","","","","","","","0"
"392","Maryland","10/30/10","51","DONOHUE","RYAN","","","","","","","","","","","","0","0","","","","1","25","1","","","","","","","","","","","","1","","","","","","","","","","","","6"
"392","Maryland","09/25/10","12","DORSEY","KEVIN","","","","","","","","","","","","0","0","1","4","0","","","","","","","","","","","","","","","","","","","","","","","","","","","0"
"392","Maryland","10/16/10","12","DORSEY","KEVIN","","","","","","","","","","","","0","0","2","8","0","","","","","","","","","","","","","","","","","","","","","","","","","","","0"
"392","Maryland","10/23/10","12","DORSEY","KEVIN","","","","","","","","","","","","0","0","2","15","0","","","","","","","","","","","","","","","","","","","","","","","","","","","0"
"392","Maryland","10/30/10","12","DORSEY","KEVIN","","","","","","","","","","","","0","0","2","21","0","","","","","","","","","","","","","","","","","","","","","","","","","","","0"
"392","Maryland","11/06/10","12","DORSEY","KEVIN","","","","","","","","","","","","0","0","3","63","1","","","","","","","","","","","","","","","1","","","","","","","","","","","","6"
"392","Maryland","11/20/10","12","DORSEY","KEVIN","1","4","0","4","0","","","","","","","1","4","2","6","0","","","","","","","","","","","","","","","","","","","","","","","","","","","0"
"392","Maryland","11/27/10","12","DORSEY","KEVIN","","","","","","","","","","","","0","0","1","20","0","","","","","","","","","","","","","","","","","","","","","","","","","","","0"
"392","Maryland","12/29/10","12","DORSEY","KEVIN","","","","","","","","","","","","0","0","2","50","1","","","","","","","","","","","","","","","1","","","","","","","","","","","","6"
"392","Maryland","09/11/10","20","DOUGLAS","GARY","2","8","0","8","0","","","","","","","2","8","","","","","","","","","","","","","","","","","","","","","","","","","","","","","","0"
"392","Maryland","11/13/10","48","FRANKLIN","ERIC","","","","","","","","","","","","0","0","","","","1","31","0","","","","","","","","","","","","","","","","","","","","","","","","0"
"392","Maryland","11/27/10","48","FRANKLIN","ERIC","","","","","","","","","","","","0","0","","","","1","26","0","","","","","","","","","","","","","","","","","","","","","","","","0"
"392","Maryland","12/29/10","48","FRANKLIN","ERIC","","","","","","","","","","","","0","0","","","","1","0","0","","","","","","","","","","","","","","","","","","","","","","","","0"
"392","Maryland","09/11/10","89","FURSTENBERG","MATT","","","","","","","","","","","","0","0","3","48","1","","","","","","","","","","","","","","","1","","","","","","","","","","","","6"
"392","Maryland","09/18/10","89","FURSTENBERG","MATT","","","","","","","","","","","","0","0","","","","","","","","","","","","","","","1","8","0","","","","","","","","","","","","","0"
"392","Maryland","09/25/10","89","FURSTENBERG","MATT","","","","","","","","","","","","0","0","1","11","0","","","","","","","","","","","","","","","","","","","","","","","","","","","0"
"392","Maryland","10/16/10","89","FURSTENBERG","MATT","","","","","","","","","","","","0","0","5","98","0","","","","","","","","","","","","","","","","","","","","","","","","","","","0"
"392","Maryland","10/30/10","89","FURSTENBERG","MATT","","","","","","","","","","","","0","0","1","9","0","","","","","","","","","","","","1","13","0","","","","","","","","","","","","","0"
"392","Maryland","12/29/10","89","FURSTENBERG","MATT","","","","","","","","","","","","0","0","2","40","0","","","","","","","","","","","","","","","","","","","","","","","","","","","0"
"392","Maryland","12/29/10","3G","GADDIS","LAMONTE","","","","","","","","","","","","0","0","","","","","","","","","","","","","","","1","16","0","","","","","","","","","","","","","0"
"392","Maryland","09/06/10","24","GRAHAM","AVERY","","","","","","","","","","","","0","0","","","","","","","","","","","","","","","1","21","0","","","","","","","","","","","","","0"
"392","Maryland","09/11/10","24","GRAHAM","AVERY","","","","","","","","","","","","0","0","","","","","","","","","","","","","","","1","17","0","","","","","","","","","","","","","0"
"392","Maryland","09/11/10","9","HARTSFIELD","DEMETRIUS","","","","","","","","","","","","0","0","","","","1","14","1","","","","","","","","","","","","1","","","","","","","","","","","","6"
"392","Maryland","09/25/10","21","HUGHES","TRENTON","","","","","","","","","","","","0","0","","","","1","2","0","","","","","","","","","","","","","","","","","","","","","","","","0"
"392","Maryland","10/02/10","21","HUGHES","TRENTON","","","","","","","","","","","","0","0","","","","","","","","","","","","","","","1","19","0","","","","","","","","","","","","","0"
"392","Maryland","10/16/10","21","HUGHES","TRENTON","","","","","","","","","","","","0","0","","","","","","","","","","","","","","","2","38","0","","","","","","","","","","","","","0"
"392","Maryland","09/06/10","85","LOGAN","TONY","","","","","","","","","","","","0","0","","","","","","","","","","","","1","57","0","","","","","","","","","","","","","","","","0"
"392","Maryland","09/11/10","85","LOGAN","TONY","","","","","","","","","","","","0","0","","","","","","","","","","","","4","128","0","","","","","","","","","","","","","","","","0"
"392","Maryland","09/18/10","85","LOGAN","TONY","","","","","","","","","","","","0","0","","","","","","","","","","","","2","7","0","","","","","","","","","","","","","","","","0"
"392","Maryland","09/25/10","85","LOGAN","TONY","2","0","0","0","0","","","","","","","2","0","","","","","","","","","","","","6","135","1","1","13","0","1","","","","","","","","","","","","6"
"392","Maryland","10/02/10","85","LOGAN","TONY","","","","","","","","","","","","0","0","","","","","","","","","","","","2","88","1","","","","1","","","","","","","","","","","","6"
"392","Maryland","10/16/10","85","LOGAN","TONY","","","","","","","","","","","","0","0","","","","","","","","","","","","3","28","0","","","","","","","","","","","","","","","","0"
"392","Maryland","10/23/10","85","LOGAN","TONY","","","","","","","","","","","","0","0","","","","","","","","","","","","3","45","0","","","","","","","","","","","","","","","","0"
"392","Maryland","10/30/10","85","LOGAN","TONY","","","","","","1","0","0","0","0","","1","0","","","","","","","","","","","","3","22","0","","","","","","","","","","","","","","","","0"
"392","Maryland","11/06/10","85","LOGAN","TONY","","","","","","","","","","","","0","0","","","","","","","","","","","","4","52","0","","","","","","","","","","","","","","","","0"
"392","Maryland","11/13/10","85","LOGAN","TONY","","","","","","","","","","","","0","0","","","","","","","","","","","","1","1","0","","","","","","","","","","","","","","","","0"
"392","Maryland","11/27/10","85","LOGAN","TONY","","","","","","","","","","","","0","0","","","","","","","","","","","","1","0","0","0","22","0","","","","","","","","","","","","","0"
"392","Maryland","12/29/10","85","LOGAN","TONY","","","","","","","","","","","","0","0","1","7","0","","","","","","","","","1","-3","0","1","11","0","","","","","","","","","","","","","0"
"392","Maryland","12/29/10","59","MACKALL","DAVID","","","","","","","","","","","","0","0","","","","1","34","0","","","","","","","","","","","","","","","","","","","","","","","","0"
"392","Maryland","09/11/10","17","MCCREE","QUINTIN","1","3","0","3","0","","","","","","","1","3","1","10","0","","","","","","","","","","","","","","","","","","","","","","","","","","","0"
"392","Maryland","09/18/10","17","MCCREE","QUINTIN","","","","","","","","","","","","0","0","1","12","0","","","","","","","","","","","","","","","","","","","","","","","","","","","0"
"392","Maryland","09/25/10","17","MCCREE","QUINTIN","","","","","","","","","","","","0","0","2","2","0","","","","","","","","","","","","","","","","","","","","","","","","","","","0"
"392","Maryland","10/16/10","17","MCCREE","QUINTIN","","","","","","","","","","","","0","0","1","4","0","","","","","","","","","","","","","","","","","","","","","","","","","","","0"
"392","Maryland","10/23/10","17","MCCREE","QUINTIN","","","","","","","","","","","","0","0","2","14","0","","","","","","","","","","","","","","","","","","","","","","","","","","","0"
"392","Maryland","10/30/10","17","MCCREE","QUINTIN","","","","","","","","","","","","0","0","2","30","1","","","","","","","","","","","","","","","1","","","","","","","","","","","","6"
"392","Maryland","11/06/10","17","MCCREE","QUINTIN","","","","","","","","","","","","0","0","1","11","0","","","","","","","","","","","","","","","","","","","","","","","","","","","0"
"392","Maryland","11/13/10","17","MCCREE","QUINTIN","","","","","","","","","","","","0","0","1","55","0","","","","","","","","","","","","","","","","","","","","","","","","","","","0"
"392","Maryland","11/20/10","17","MCCREE","QUINTIN","","","","","","","","","","","","0","0","1","6","0","","","","","","","","","","","","","","","","","","","","","","","","","","","0"
"392","Maryland","11/27/10","17","MCCREE","QUINTIN","","","","","","","","","","","","0","0","4","44","0","","","","","","","","","","","","","","","","","","","","","","","","","","","0"
"392","Maryland","09/06/10","25","MCDOUGLE","DEXTER","","","","","","","","","","","","0","0","","","","","","","","","","","","","","","2","26","0","","","","","","","","","","","","","0"
"392","Maryland","10/30/10","25","MCDOUGLE","DEXTER","","","","","","","","","","","","0","0","","","","","","","","","","","","","","","1","29","0","","","","","","","","","","","","","0"
"392","Maryland","11/06/10","25","MCDOUGLE","DEXTER","","","","","","","","","","","","0","0","","","","","","","","","","","","","","","2","16","0","","","","","","","","","","","","","0"
"392","Maryland","09/06/10","8","MEGGETT","DAVIN","8","105","0","105","1","","","","","","","8","105","","","","","","","","","","","","","","","","","","1","","","","","","","","","","","","6"
"392","Maryland","09/11/10","8","MEGGETT","DAVIN","8","51","1","50","0","","","","","","","8","50","","","","","","","","","","","","","","","","","","","","","","","","","","","","","","0"
"392","Maryland","09/18/10","8","MEGGETT","DAVIN","9","30","0","30","0","","","","","","","9","30","","","","","","","","","","","","","","","","","","","","","","","","","","","","","","0"
"392","Maryland","09/25/10","8","MEGGETT","DAVIN","8","87","4","83","1","","","","","","","8","83","","","","","","","","","","","","","","","","","","1","","","","","","","","","","","","6"
"392","Maryland","10/02/10","8","MEGGETT","DAVIN","18","61","4","57","1","","","","","","","18","57","1","5","0","","","","","","","","","","","","","","","1","","","","","","","","","","","","6"
"392","Maryland","10/16/10","8","MEGGETT","DAVIN","8","29","0","29","0","","","","","","","8","29","","","","","","","","","","","","","","","","","","","","","","","","","","","","","","0"
"392","Maryland","10/23/10","8","MEGGETT","DAVIN","15","40","1","39","0","","","","","","","15","39","1","0","0","","","","","","","","","","","","","","","","","","","","","","","","","","","0"
"392","Maryland","10/30/10","8","MEGGETT","DAVIN","16","94","0","94","1","","","","","","","16","94","","","","","","","","","","","","","","","","","","1","","","","","","","","","","","","6"
"392","Maryland","11/06/10","8","MEGGETT","DAVIN","9","70","0","70","0","","","","","","","9","70","","","","","","","","","","","","","","","","","","","","","","","","","","","","","","0"
"392","Maryland","11/13/10","8","MEGGETT","DAVIN","5","18","0","18","0","","","","","","","5","18","","","","","","","","","","","","","","","","","","","","","","","","","","","","","","0"
"392","Maryland","11/20/10","8","MEGGETT","DAVIN","11","72","0","72","0","","","","","","","11","72","","","","","","","","","","","","","","","","","","","","","","","","","","","","","","0"
"392","Maryland","11/27/10","8","MEGGETT","DAVIN","4","12","1","11","0","","","","","","","4","11","2","2","0","","","","","","","","","","","","","","","","","","","","","","","","","","","0"
"392","Maryland","12/29/10","8","MEGGETT","DAVIN","7","62","0","62","0","","","","","","","7","62","2","52","0","","","","","","","","","","","","","","","","","","","","","","","","","","","0"
"392","Maryland","09/11/10","1","MOTEN","ADRIAN","","","","","","","","","","","","0","0","","","","1","0","0","","","","","","","","","","","","","","","","","","","","","","","","0"
"392","Maryland","09/25/10","1","MOTEN","ADRIAN","","","","","","","","","","","","0","0","","","","1","0","0","","","","","","","","","","","","","","","","","","","","","","","","0"
"392","Maryland","10/02/10","1","MOTEN","ADRIAN","","","","","","","","","","","","0","0","","","","1","0","0","","","","","","","","","","","","","","","","","","","","","","","","0"
"392","Maryland","11/13/10","1","MOTEN","ADRIAN","","","","","","","","","","","","0","0","","","","1","0","0","","","","","","","","","","","","","","","","","","","","","","","","0"
"392","Maryland","09/06/10","5","O'BRIEN","DANNY","1","0","0","0","0","","","","","","","1","0","","","","","","","","","","","","","","","","","","","","","","","","","","","","","","0"
"392","Maryland","09/11/10","5","O'BRIEN","DANNY","2","3","0","3","0","10","5","0","79","3","","12","82","","","","","","","","","","","","","","","","","","","","","","","","","","","","","","0"
"392","Maryland","09/25/10","5","O'BRIEN","DANNY","2","0","10","-10","0","27","18","0","250","2","","29","240","","","","","","","","","","","","","","","","","","","","","","","","","","","","","","0"
"392","Maryland","10/02/10","5","O'BRIEN","DANNY","3","14","0","14","0","26","9","0","170","1","","29","184","","","","","","","","","","","","","","","","","","","","","","","","","","","","","","0"
"392","Maryland","10/16/10","5","O'BRIEN","DANNY","5","11","26","-15","0","45","24","3","302","0","","50","287","1","4","1","","","","","","","","","","","","","","","1","","","","","","","","","","","","6"
"392","Maryland","10/23/10","5","O'BRIEN","DANNY","3","0","15","-15","0","39","26","0","179","3","","42","164","","","","","","","","","","","","","","","","","","","","","","","","","","","","","","0"
"392","Maryland","10/30/10","5","O'BRIEN","DANNY","","","","","","20","13","0","168","4","","20","168","","","","","","","","","","","","","","","","","","","","","","","","","","","","","","0"
"392","Maryland","11/06/10","5","O'BRIEN","DANNY","3","0","11","-11","0","28","9","1","134","1","","31","123","","","","","","","","","","","","","","","","","","","","","","","","","","","","","","0"
"392","Maryland","11/13/10","5","O'BRIEN","DANNY","2","13","0","13","1","28","17","0","289","2","","30","302","","","","","","","","","","","","","","","","","","1","","","","","","","","","","","","6"
"392","Maryland","11/20/10","5","O'BRIEN","DANNY","6","10","22","-12","0","45","25","2","269","1","","51","257","","","","","","","","","","","","","","","","","","","","","","","","","","","","","","0"
"392","Maryland","11/27/10","5","O'BRIEN","DANNY","3","4","13","-9","0","47","33","0","417","4","","50","408","","","","","","","","","","","","","","","","","","","","","","","","","","","","","","0"
"392","Maryland","12/29/10","5","O'BRIEN","DANNY","","","","","","22","13","2","181","1","","22","181","","","","","","","","","","","","","","","","","","","","","","","","","","","","","","0"
"392","Maryland","10/02/10","2","PEREZ","ANTWINE","","","","","","","","","","","","0","0","","","","1","0","0","","","","","","","","","","","","","","","","","","","","","","","","0"
"392","Maryland","10/23/10","2","PEREZ","ANTWINE","","","","","","","","","","","","0","0","","","","2","11","0","","","","","","","","","","","","","","","","","","","","","","","","0"
"392","Maryland","10/30/10","45","PETERSON","NICK","","","","","","","","","","","","0","0","","","","","","","","","","","","1","15","0","","","","","","","","","","","","","","","","0"
"392","Maryland","11/27/10","71","PINEGAR","PAUL","0","2","0","2","0","","","","","","","0","2","","","","","","","","","","","","","","","","","","","","","","","","","","","","","","0"
"392","Maryland","09/06/10","11","ROBINSON","JAMARR","12","103","11","92","0","5","2","1","11","0","","17","103","","","","","","","","","","","","","","","","","","","","","","","","","","","","","","0"
"392","Maryland","09/11/10","11","ROBINSON","JAMARR","5","40","4","36","0","14","6","1","70","2","","19","106","","","","","","","","","","","","","","","","","","","","","","","","","","","","","","0"
"392","Maryland","09/18/10","11","ROBINSON","JAMARR","13","20","60","-40","0","24","13","0","227","2","","37","187","","","","","","","","","","","","","","","","","","","","","","","","","","","","","","0"
"392","Maryland","10/16/10","11","ROBINSON","JAMARR","1","1","0","1","0","1","0","0","0","0","","2","1","","","","","","","","","","","","","","","","","","","","","","","","","","","","","","0"
"392","Maryland","10/23/10","11","ROBINSON","JAMARR","1","5","0","5","0","","","","","","","1","5","","","","","","","","","","","","","","","","","","","","","","","","","","","","","","0"
"392","Maryland","10/30/10","11","ROBINSON","JAMARR","2","9","0","9","0","3","3","0","17","0","","5","26","","","","","","","","","","","","","","","","","","","","","","","","","","","","","","0"
"392","Maryland","11/06/10","11","ROBINSON","JAMARR","1","0","8","-8","0","2","2","0","24","0","","3","16","","","","","","","","","","","","","","","","","","","","","","","","","","","","","","0"
"392","Maryland","11/13/10","11","ROBINSON","JAMARR","1","3","0","3","0","","","","","","","1","3","","","","","","","","","","","","","","","","","","","","","","","","","","","","","","0"
"392","Maryland","11/27/10","11","ROBINSON","JAMARR","1","0","1","-1","0","","","","","","","1","-1","","","","","","","","","","","","","","","","","","","","","","","","","","","","","","0"
"392","Maryland","09/11/10","56","ROSS","ISAIAH","","","","","","","","","","","","0","0","","","","","","","1","10","0","","","","","","","","","","","","","","","","","","","","","0"
"392","Maryland","09/11/10","3J","SALVATICO","MIKE","3","9","2","7","0","","","","","","","3","7","","","","","","","","","","","","","","","","","","","","","","","","","","","","","","0"
"392","Maryland","10/30/10","3J","SALVATICO","MIKE","6","17","4","13","0","","","","","","","6","13","","","","","","","","","","","","","","","","","","","","","","","","","","","","","","0"
"392","Maryland","12/29/10","3J","SALVATICO","MIKE","2","1","","1","","","","","","","","2","1","","","","","","","","","","","","","","","","","","","","","","","","","","","","","","0"
"392","Maryland","11/20/10","81","SCHLOTHAUER","RYAN","","","","","","","","","","","","0","0","","","","","","","","","","","","","","","1","15","0","","","","","","","","","","","","","0"
"392","Maryland","09/06/10","23","SCOTT","DA'REL","10","58","0","58","1","","","","","","","10","58","","","","","","","","","","","","","","","","","","1","","","","","","","","","","","","6"
"392","Maryland","09/11/10","23","SCOTT","DA'REL","8","42","0","42","0","","","","","","","8","42","3","31","1","","","","","","","","","","","","","","","1","","","","","","","","","","","","6"
"392","Maryland","09/18/10","23","SCOTT","DA'REL","4","7","1","6","0","","","","","","","4","6","3","26","0","","","","","","","","","","","","","","","","","","","","","","","","","","","0"
"392","Maryland","09/25/10","23","SCOTT","DA'REL","15","103","0","103","2","","","","","","","15","103","","","","","","","","","","","","","","","","","","2","","","","","","","","","","","","12"
"392","Maryland","10/02/10","23","SCOTT","DA'REL","14","52","2","50","0","","","","","","","14","50","1","71","1","","","","","","","","","","","","","","","1","","","","","","","","","","","","6"
"392","Maryland","10/16/10","23","SCOTT","DA'REL","4","18","0","18","0","1","1","0","4","1","","5","22","","","","","","","","","","","","","","","","","","","","","","","","","","","","","","0"
"392","Maryland","10/23/10","23","SCOTT","DA'REL","9","19","0","19","0","","","","","","","9","19","1","4","0","","","","","","","","","","","","1","25","0","","","","","","","","","","","","","0"
"392","Maryland","10/30/10","23","SCOTT","DA'REL","11","54","4","50","0","","","","","","","11","50","1","10","0","","","","","","","","","","","","1","8","0","","","","","","","","","","","","","0"
"392","Maryland","11/06/10","23","SCOTT","DA'REL","9","30","0","30","0","","","","","","","9","30","1","12","0","","","","","","","","","","","","","","","","","","","","","","","","","","","0"
"392","Maryland","11/13/10","23","SCOTT","DA'REL","11","56","1","55","0","","","","","","","11","55","2","8","1","","","","","","","","","","","","","","","1","","","","","","","","","","","","6"
"392","Maryland","11/20/10","23","SCOTT","DA'REL","10","87","0","87","0","","","","","","","10","87","2","8","0","","","","","","","","","","","","","","","","","","","","","","","","","","","0"
"392","Maryland","11/27/10","23","SCOTT","DA'REL","4","3","13","-10","0","0","0","0","0","0","","4","-10","","","","","","","","","","","","","","","","","","","","","","","","","","","","","","0"
"392","Maryland","12/29/10","23","SCOTT","DA'REL","13","201","1","200","2","","","","","","","13","200","","","","","","","","","","","","","","","","","","2","","","","","","","","","","","","12"
"392","Maryland","09/06/10","82","SMITH","TORREY","2","5","0","5","0","","","","","","","2","5","1","6","0","","","","","","","","","","","","","","","","","","","","","","","","","","","0"
"392","Maryland","09/11/10","82","SMITH","TORREY","","","","","","","","","","","","0","0","3","41","2","","","","","","","","","","","","1","23","0","2","","","","","","","","","","","","12"
"392","Maryland","09/18/10","82","SMITH","TORREY","","","","","","","","","","","","0","0","3","149","2","","","","","","","","","","","","4","93","0","2","","","","","","","","","","","","12"
"392","Maryland","09/25/10","82","SMITH","TORREY","","","","","","","","","","","","0","0","8","159","1","","","","","","","","","","","","3","34","0","1","","","","","","","","","","","","6"
"392","Maryland","10/02/10","82","SMITH","TORREY","","","","","","","","","","","","0","0","2","50","0","","","","","","","","","","","","3","55","0","","","","","","","","","","","","","0"
"392","Maryland","10/16/10","82","SMITH","TORREY","1","0","4","-4","0","","","","","","","1","-4","4","55","0","","","","","","","","","","","","2","37","0","","","","","","","","","","","","","0"
"392","Maryland","10/23/10","82","SMITH","TORREY","2","3","1","2","0","","","","","","","2","2","8","34","1","","","","","","","","","","","","2","38","0","1","","","","","","","","","","","","6"
"392","Maryland","10/30/10","82","SMITH","TORREY","1","9","0","9","0","","","","","","","1","9","5","66","1","","","","","","","","","","","","","","","1","","","","","","","","","","","","6"
"392","Maryland","11/06/10","82","SMITH","TORREY","","","","","","","","","","","","0","0","3","35","0","","","","","","","","","","","","2","46","0","","","","","","","","","","","","","0"
"392","Maryland","11/13/10","82","SMITH","TORREY","2","0","2","-2","0","","","","","","","2","-2","7","157","1","","","","","","","","","","","","3","59","0","1","","","","","","","","","","","","6"
"392","Maryland","11/20/10","82","SMITH","TORREY","","","","","","","","","","","","0","0","7","69","0","","","","","","","","","","","","4","78","0","","","","","","","","","","","","","0"
"392","Maryland","11/27/10","82","SMITH","TORREY","","","","","","","","","","","","0","0","14","224","4","","","","","","","","","","","","3","48","0","4","","","","","","","","","","","","24"
"392","Maryland","12/29/10","82","SMITH","TORREY","1","0","3","-3","0","","","","","","","1","-3","2","10","0","","","","","","","","","1","0","0","3","74","0","","","","","","","","","","","","","0"
"392","Maryland","09/25/10","86","STINEBAUGH","DAVE","","","","","","","","","","","","0","0","3","23","0","","","","","","","","","","","","","","","","","","","","","","","","","","","0"
"392","Maryland","10/02/10","86","STINEBAUGH","DAVE","","","","","","","","","","","","0","0","1","19","0","","","","","","","","","","","","","","","","","","","","","","","","","","","0"
"392","Maryland","09/18/10","6","TATE","KENNY","","","","","","","","","","","","0","0","","","","1","53","0","","","","","","","","","","","","","","","","","","","","","","","","0"
"392","Maryland","10/30/10","6","TATE","KENNY","","","","","","","","","","","","0","0","","","","1","8","1","","","","","","","","","","","","1","","","","","","","","","","","","6"
"392","Maryland","11/20/10","6","TATE","KENNY","","","","","","","","","","","","0","0","","","","1","20","0","","","","","","","","","","","","","","","","","","","","","","","","0"
"392","Maryland","09/11/10","4","TYLER","RONNIE","2","7","0","7","0","","","","","","","2","7","","","","","","","","","","","","","","","","","","","","","","","","","","","","","","0"
"392","Maryland","09/18/10","4","TYLER","RONNIE","","","","","","","","","","","","0","0","1","0","0","","","","","","","","","","","","","","","","","","","","","","","","","","","0"
"392","Maryland","10/02/10","4","TYLER","RONNIE","","","","","","","","","","","","0","0","1","3","0","","","","","","","","","","","","","","","","","","","","","","","","","","","0"
"392","Maryland","10/16/10","4","TYLER","RONNIE","","","","","","","","","","","","0","0","1","18","0","","","","","","","","","","","","","","","","","","","","","","","","","","","0"
"392","Maryland","10/23/10","4","TYLER","RONNIE","","","","","","","","","","","","0","0","5","57","1","","","","","","","","","","","","","","","1","","","","","","","","","","","","6"
"392","Maryland","11/06/10","4","TYLER","RONNIE","","","","","","","","","","","","0","0","2","11","0","","","","","","","","","","","","","","","","","","","","","","","","","","","0"
"392","Maryland","11/13/10","4","TYLER","RONNIE","1","1","0","1","0","","","","","","","1","1","1","11","0","","","","","","","","","","","","","","","","","","","","","","","","","","","0"
"392","Maryland","11/20/10","4","TYLER","RONNIE","1","0","0","0","0","","","","","","","1","0","2","49","0","","","","","","","","","","","","","","","","","","","","","","","","","","","0"
"392","Maryland","10/16/10","36","WATSON","TAYLOR","2","15","0","15","0","","","","","","","2","15","1","11","0","","","","","","","","","","","","1","20","0","","","","","","","","","","","","","0"
"392","Maryland","11/06/10","36","WATSON","TAYLOR","2","16","0","16","0","","","","","","","2","16","","","","","","","","","","","","","","","","","","","","","","","","","","","","","","0"
"392","Maryland","11/13/10","36","WATSON","TAYLOR","1","11","0","11","0","","","","","","","1","11","","","","","","","","","","","","","","","","","","","","","","","","","","","","","","0"
"392","Maryland","12/29/10","36","WATSON","TAYLOR","2","2","0","2","0","","","","","","","2","2","1","5","0","","","","","","","","","","","","","","","","","","","","","","","","","","","0"
"392","Maryland","09/18/10","3","WILLIAMS","LAQUAN","","","","","","","","","","","","0","0","1","10","0","","","","","","","","","","","","","","","","","","","","","","","","","","","0"
"392","Maryland","09/25/10","3","WILLIAMS","LAQUAN","","","","","","","","","","","","0","0","1","9","1","","","","","","","","","","","","","","","1","","","","","","","","","","","","6"
"392","Maryland","10/30/10","3","WILLIAMS","LAQUAN","","","","","","","","","","","","0","0","1","24","1","","","","","","","","","","","","","","","1","","","","","","","","","","","","6"
"392","Maryland","11/13/10","3","WILLIAMS","LAQUAN","","","","","","","","","","","","0","0","1","26","0","","","","","","","","","","","","","","","","","","","","","","","","","","","0"
"392","Maryland","11/27/10","3","WILLIAMS","LAQUAN","","","","","","","","","","","","0","0","1","29","0","","","","","","","","","","","","","","","","","","","","","","","","","","","0"
"392","Maryland","12/29/10","3","WILLIAMS","LAQUAN","","","","","","","","","","","","0","0","1","3","0","","","","","","","","","","","","","","","","","","","","","","","","","","","0"
"392","Maryland","11/06/10","33","WUJCIAK","ALEX","","","","","","","","","","","","0","0","","","","2","86","1","","","","","","","","","","","","1","","","","","","","","","","","","6"
"392","Maryland","10/16/10","88","YEATMAN","WILL","","","","","","","","","","","","0","0","3","41","0","","","","","","","","","","","","","","","","","","","","","","","","","","","0"
"392","Maryland","11/20/10","88","YEATMAN","WILL","","","","","","","","","","","","0","0","5","47","1","","","","","","","","","","","","","","","1","","","","","","","","","","","","6"
"392","Maryland","11/27/10","88","YEATMAN","WILL","","","","","","","","","","","","0","0","5","46","0","","","","","","","","","","","","","","","","","","","","","","","","","","","0"
"404","Memphis","11/27/10","82","ADAMS","DEJARRIUS","","","","","","","","","","","","0","0","1","5","0","","","","","","","","","","","","","","","","","","","","","","","","","","","0"
"404","Memphis","10/09/10","1A","BAKER","CAM","","","","","","","","","","","","0","0","1","13","0","","","","","","","","","","","","","","","","","","","","","","","","","","","0"
"404","Memphis","11/20/10","1","BALL","MARCUS","","","","","","","","","","","","0","0","","","","2","63","0","","","","","","","","","","","","","","","","","","","","","","","","0"
"404","Memphis","10/16/10","13","BASS","TYLER","1","2","0","2","0","2","0","0","0","0","","3","2","","","","","","","","","","","","","","","","","","","","","","","","","","","","","","0"
"404","Memphis","09/04/10","6","FOSTER","BILLY","","","","","","","","","","","","0","0","2","15","0","","","","","","","","","","","","7","160","0","","","","","","","","","","","","","0"
"404","Memphis","09/11/10","6","FOSTER","BILLY","1","16","0","16","0","","","","","","","1","16","1","35","0","","","","","","","","","","","","7","111","0","","","","","","","","","","","","","0"
"404","Memphis","09/18/10","6","FOSTER","BILLY","1","7","0","7","0","","","","","","","1","7","2","11","0","","","","","","","","","","","","2","37","0","","","","","","","","","","","","","0"
"404","Memphis","09/25/10","6","FOSTER","BILLY","2","8","0","8","0","","","","","","","2","8","1","3","0","","","","","","","","","","","","1","15","0","","","","","","","","","","","","","0"
"404","Memphis","10/16/10","6","FOSTER","BILLY","","","","","","","","","","","","0","0","1","0","0","","","","","","","","","","","","","","","","","","","","","","","","","","","0"
"404","Memphis","10/30/10","6","FOSTER","BILLY","1","1","0","1","0","","","","","","","1","1","","","","","","","","","","","","","","","","","","","","","","","","","","","","","","0"
"404","Memphis","11/06/10","6","FOSTER","BILLY","1","5","0","5","0","","","","","","","1","5","3","29","0","","","","","","","","","","","","","","","","","","","","","","","","","","","0"
"404","Memphis","11/20/10","6","FOSTER","BILLY","3","6","2","4","0","","","","","","","3","4","1","4","0","","","","","","","","","","","","","","","","","","","","","","","","","","","0"
"404","Memphis","11/27/10","6","FOSTER","BILLY","","","","","","","","","","","","0","0","2","80","0","","","","","","","","","","","","","","","","","","","","","","","","","","","0"
"404","Memphis","11/13/10","14","FURR","DERON","","","","","","","","","","","","0","0","","","","1","14","0","","","","","","","","","","","","","","","","","","","","","","","","0"
"404","Memphis","10/09/10","5","GRIFFIN","D.A.","","","","","","","","","","","","0","0","","","","","","","","","","","","1","0","0","3","68","0","","","","","","","","","","","","","0"
"404","Memphis","10/16/10","5","GRIFFIN","D.A.","","","","","","","","","","","","0","0","","","","","","","","","","","","","","","5","128","0","","","","","","","","","","","","","0"
"404","Memphis","10/30/10","5","GRIFFIN","D.A.","","","","","","","","","","","","0","0","","","","","","","","","","","","","","","8","145","0","","","","","","","","","","","","","0"
"404","Memphis","11/06/10","5","GRIFFIN","D.A.","","","","","","","","","","","","0","0","","","","","","","","","","","","","","","6","89","0","","","","","","","","","","","","","0"
"404","Memphis","11/13/10","5","GRIFFIN","D.A.","","","","","","","","","","","","0","0","","","","","","","","","","","","2","1","0","5","100","0","","","","","","","","","","","","","0"
"404","Memphis","11/20/10","5","GRIFFIN","D.A.","","","","","","","","","","","","0","0","","","","","","","","","","","","","","","6","118","0","","","","","","","","","","","","","0"
"404","Memphis","11/27/10","5","GRIFFIN","D.A.","","","","","","","","","","","","0","0","","","","","","","","","","","","1","-1","0","6","100","0","","","","","","","","","","","","","0"
"404","Memphis","09/04/10","48","HENDERSON","JUSTIN","","","","","","","","","","","","0","0","1","2","0","","","","","","","","","","","","","","","","","","","","","","","","","","","0"
"404","Memphis","11/27/10","48","HENDERSON","JUSTIN","","","","","","","","","","","","","","1","6","","","","","","","","","","","","","","","","","","","","","","","","","","","",""
"404","Memphis","09/04/10","98","HENRIQUES","PAULO","","","","","","","","","","","","0","0","","","","","","","","","","","","","","","","","","","1","1","0","0","","","","","2","0","","1"
"404","Memphis","09/11/10","98","HENRIQUES","PAULO","","","","","","","","","","","","0","0","","","","","","","","","","","","","","","","","","","3","3","0","0","","","","","2","2","","9"
"404","Memphis","09/18/10","98","HENRIQUES","PAULO","","","","","","","","","","","","0","0","","","","","","","","","","","","","","","","","","","3","3","0","0","","","","","1","1","","6"
"404","Memphis","09/25/10","98","HENRIQUES","PAULO","","","","","","","","","","","","0","0","","","","","","","","","","","","","","","","","","","1","1","0","0","","","","","2","2","","7"
"404","Memphis","10/02/10","98","HENRIQUES","PAULO","","","","","","","","","","","","0","0","","","","","","","","","","","","","","","","","","","1","1","0","0","","","","","1","0","","1"
"404","Memphis","10/09/10","98","HENRIQUES","PAULO","","","","","","","","","","","","0","0","","","","","","","","","","","","","","","","","","","","","","","","","","","1","0","","0"
"404","Memphis","10/16/10","98","HENRIQUES","PAULO","","","","","","","","","","","","0","0","","","","","","","","","","","","","","","","","","","2","1","0","0","","","","","2","2","","7"
"404","Memphis","10/30/10","98","HENRIQUES","PAULO","","","","","","","","","","","","0","0","","","","","","","","","","","","","","","","","","","2","2","0","0","","","","","1","1","","5"
"404","Memphis","11/06/10","98","HENRIQUES","PAULO","","","","","","","","","","","","0","0","","","","","","","","","","","","","","","","","","","2","2","0","0","","","","","","","","2"
"404","Memphis","11/13/10","98","HENRIQUES","PAULO","","","","","","","","","","","","0","0","","","","","","","","","","","","","","","","","","","1","1","0","0","","","","","2","2","","7"
"404","Memphis","11/20/10","98","HENRIQUES","PAULO","","","","","","","","","","","","0","0","","","","","","","","","","","","","","","","","","","","","","","","","","","3","3","","9"
"404","Memphis","11/27/10","98","HENRIQUES","PAULO","","","","","","","","","","","","0","0","","","","","","","","","","","","","","","","","","","2","2","0","0","","","","","1","1","","5"
"404","Memphis","09/18/10","2","HIGHTOWER","MARCUS","1","0","3","-3","0","","","","","","","1","-3","1","1","0","","","","","","","","","","","","2","12","0","","","","","","","","","","","","","0"
"404","Memphis","10/02/10","2","HIGHTOWER","MARCUS","7","29","0","29","0","","","","","","","7","29","","","","","","","","","","","","","","","1","11","0","","","","","","","","","","","","","0"
"404","Memphis","09/04/10","43","HORNSEY","TOM","","","","","","","","","","","","0","0","","","","","","","","","","9","438","","","","","","","","","","","","","","","","","","","0"
"404","Memphis","09/11/10","43","HORNSEY","TOM","","","","","","","","","","","","0","0","","","","","","","","","","4","172","","","","","","","","","","","","","","","","","","","0"
"404","Memphis","09/18/10","43","HORNSEY","TOM","","","","","","","","","","","","0","0","","","","","","","","","","10","417","","","","","","","","","","","","","","","","","","","0"
"404","Memphis","09/25/10","43","HORNSEY","TOM","","","","","","","","","","","","0","0","","","","","","","","","","5","215","","","","","","","","","","","","","","","","","","","0"
"404","Memphis","10/02/10","43","HORNSEY","TOM","","","","","","","","","","","","0","0","","","","","","","","","","5","193","","","","","","","","","","","","","","","","","","","0"
"404","Memphis","10/09/10","43","HORNSEY","TOM","","","","","","","","","","","","0","0","","","","","","","","","","10","419","","","","","","","","","","","","","","","","","","","0"
"404","Memphis","10/16/10","43","HORNSEY","TOM","","","","","","","","","","","","0","0","","","","","","","","","","7","318","","","","","","","","","","","","","","","","","","","0"
"404","Memphis","10/30/10","43","HORNSEY","TOM","","","","","","","","","","","","0","0","","","","","","","","","","6","215","","","","","","","","","","","","","","","","","","","0"
"404","Memphis","11/06/10","43","HORNSEY","TOM","","","","","","","","","","","","0","0","","","","","","","","","","5","229","","","","","","","","","","","","","","","","","","","0"
"404","Memphis","11/13/10","43","HORNSEY","TOM","","","","","","","","","","","","0","0","","","","","","","","","","8","349","","","","","","","","","","","","","","","","","","","0"
"404","Memphis","11/20/10","43","HORNSEY","TOM","","","","","","","","","","","","0","0","","","","","","","","","","5","214","","","","","","","","","","","","","","","","","","","0"
"404","Memphis","11/27/10","43","HORNSEY","TOM","","","","","","","","","","","","0","0","","","","","","","","","","6","237","","","","","","","","","","","","","","","","","","","0"
"404","Memphis","09/04/10","80","JOHNSON","BROOKS","","","","","","","","","","","","0","0","1","3","0","","","","","","","","","","","","","","","","","","","","","","","","","","","0"
"404","Memphis","09/11/10","80","JOHNSON","BROOKS","","","","","","","","","","","","0","0","2","16","0","","","","","","","","","","","","","","","","","","","","","","","","","","","0"
"404","Memphis","09/25/10","80","JOHNSON","BROOKS","","","","","","","","","","","","0","0","1","3","0","","","","","","","","","","","","","","","","","","","","","","","","","","","0"
"404","Memphis","11/06/10","80","JOHNSON","BROOKS","","","","","","","","","","","","0","0","1","10","0","","","","","","","","","","","","","","","","","","","","","","","","","","","0"
"404","Memphis","11/27/10","80","JOHNSON","BROOKS","","","","","","","","","","","","0","0","1","29","0","","","","","","","","","","","","","","","","","","","","","","","","","","","0"
"404","Memphis","09/04/10","86","JOHNSON","CURTIS","","","","","","","","","","","","0","0","2","32","0","","","","","","","","","1","1","0","","","","","","","","","","","","","","","","0"
"404","Memphis","09/11/10","86","JOHNSON","CURTIS","","","","","","","","","","","","0","0","4","50","0","","","","","","","","","2","9","0","","","","","","","","","","","","","","","","0"
"404","Memphis","09/18/10","86","JOHNSON","CURTIS","","","","","","","","","","","","0","0","2","20","0","","","","","","","","","","","","","","","","","","","","","","","","","","","0"
"404","Memphis","09/25/10","86","JOHNSON","CURTIS","","","","","","","","","","","","0","0","6","30","0","","","","","","","","","1","6","0","","","","","","","","","","","","","","","","0"
"404","Memphis","10/09/10","86","JOHNSON","CURTIS","","","","","","","","","","","","0","0","1","10","0","","","","","","","","","1","-2","0","","","","","","","","","","","","","","","","0"
"404","Memphis","10/16/10","86","JOHNSON","CURTIS","","","","","","","","","","","","0","0","1","45","0","","","","","","","","","","","","","","","","","","","","","","","","","","","0"
"404","Memphis","10/30/10","86","JOHNSON","CURTIS","","","","","","","","","","","","0","0","1","18","0","","","","","","","","","","","","","","","","","","","","","","","","","","","0"
"404","Memphis","11/06/10","86","JOHNSON","CURTIS","","","","","","","","","","","","0","0","1","5","0","","","","","","","","","","","","","","","","","","","","","","","","","","","0"
"404","Memphis","11/27/10","86","JOHNSON","CURTIS","","","","","","","","","","","","0","0","3","15","0","","","","","","","","","","","","","","","","","","","","","","","","","","","0"
"404","Memphis","11/06/10","28","LONGSTREET","JEREMY","8","32","6","26","0","","","","","","","8","26","3","40","0","","","","","","","","","","","","","","","","","","","","","","","","","","","0"
"404","Memphis","11/13/10","28","LONGSTREET","JEREMY","7","16","0","16","0","","","","","","","7","16","","","","","","","","","","","","","","","","","","","","","","","","","","","","","","0"
"404","Memphis","09/04/10","9","MCKENZIE","JERMAINE","","","","","","","","","","","","0","0","5","45","0","","","","","","","","","","","","","","","","","","","","","","","","","","","0"
"404","Memphis","09/11/10","9","MCKENZIE","JERMAINE","","","","","","","","","","","","0","0","2","40","0","","","","","","","","","","","","","","","","","","","","","","","","","","","0"
"404","Memphis","09/18/10","9","MCKENZIE","JERMAINE","","","","","","","","","","","","0","0","2","37","1","","","","","","","","","","","","","","","1","","","","","","","","","","","","6"
"404","Memphis","09/25/10","9","MCKENZIE","JERMAINE","","","","","","","","","","","","0","0","1","15","1","","","","","","","","","","","","","","","1","","","","","","","","","","","","6"
"404","Memphis","10/02/10","9","MCKENZIE","JERMAINE","","","","","","","","","","","","0","0","1","6","0","","","","","","","","","","","","","","","","","","","","","","","","","","","0"
"404","Memphis","10/09/10","9","MCKENZIE","JERMAINE","","","","","","","","","","","","0","0","3","71","0","","","","","","","","","","","","","","","","","","","","","","","","","","","0"
"404","Memphis","11/06/10","9","MCKENZIE","JERMAINE","","","","","","","","","","","","0","0","2","37","0","","","","","","","","","","","","","","","","","","","","","","","","","","","0"
"404","Memphis","11/13/10","9","MCKENZIE","JERMAINE","","","","","","","","","","","","0","0","6","109","1","","","","","","","","","","","","","","","1","","","","","","","","","","","","6"
"404","Memphis","11/20/10","9","MCKENZIE","JERMAINE","","","","","","","","","","","","0","0","2","45","0","","","","","","","","","","","","","","","","","","","","","","","","","","","0"
"404","Memphis","11/27/10","9","MCKENZIE","JERMAINE","","","","","","","","","","","","0","0","1","4","0","","","","","","","","","","","","","","","","","","","","","","","","","","","0"
"404","Memphis","10/09/10","30","NIXON","TAUREAN","","","","","","","","","","","","0","0","","","","","","","","","","","","","","","1","13","0","","","","","","","","","","","","","0"
"404","Memphis","10/16/10","30","NIXON","TAUREAN","","","","","","","","","","","","0","0","","","","","","","","","","","","","","","1","16","0","","","","","","","","","","","","","0"
"404","Memphis","11/06/10","30","NIXON","TAUREAN","","","","","","","","","","","","0","0","","","","","","","","","","","","","","","1","14","0","","","","","","","","","","","","","0"
"404","Memphis","11/27/10","30","NIXON","TAUREAN","","","","","","","","","","","","0","0","","","","","","","","","","","","","","","1","10","0","","","","","","","","","","","","","0"
"404","Memphis","09/18/10","81","ONARHEIM","DEVEN","","","","","","","","","","","","0","0","1","3","0","","","","","","","","","","","","","","","","","","","","","","","","","","","0"
"404","Memphis","09/25/10","81","ONARHEIM","DEVEN","","","","","","","","","","","","0","0","3","33","0","","","","","","","","","","","","","","","","","","","","","","","","","","","0"
"404","Memphis","10/02/10","81","ONARHEIM","DEVEN","","","","","","","","","","","","0","0","2","16","0","","","","","","","","","","","","","","","","","","","","","","","","","","","0"
"404","Memphis","10/16/10","81","ONARHEIM","DEVEN","","","","","","","","","","","","0","0","2","21","0","","","","","","","","","","","","","","","","","","","","","","","","","","","0"
"404","Memphis","10/30/10","81","ONARHEIM","DEVEN","","","","","","","","","","","","0","0","1","9","0","","","","","","","","","","","","","","","","","","","","","","","","","","","0"
"404","Memphis","11/13/10","81","ONARHEIM","DEVEN","","","","","","","","","","","","0","0","1","21","0","","","","","","","","","","","","","","","","","","","","","","","","","","","0"
"404","Memphis","11/20/10","81","ONARHEIM","DEVEN","","","","","","","","","","","","0","0","3","20","0","","","","","","","","","","","","","","","","","","","","","","","","","","","0"
"404","Memphis","11/27/10","81","ONARHEIM","DEVEN","","","","","","","","","","","","0","0","3","12","1","","","","","","","","","","","","","","","1","","","","","","","","","","","","6"
"404","Memphis","10/02/10","17","POWELL","RANDY","1","7","0","7","0","","","","","","","1","7","","","","","","","","","","","","","","","","","","","","","","","","","","","","","","0"
"404","Memphis","10/09/10","17","POWELL","RANDY","1","0","0","0","0","","","","","","","1","0","","","","","","","","","","","","","","","","","","","","","","","","","","","","","","0"
"404","Memphis","09/04/10","3","RAY","GREGORY","9","35","15","20","0","","","","","","","9","20","2","27","0","","","","","","","","","","","","1","24","0","","","","","","","","","","","","","0"
"404","Memphis","09/11/10","3","RAY","GREGORY","10","35","1","34","0","","","","","","","10","34","4","45","1","","","","","","","","","","","","","","","1","","","","","","","","","","","","6"
"404","Memphis","09/18/10","3","RAY","GREGORY","25","127","6","121","2","","","","","","","25","121","","","","","","","","","","","","","","","","","","2","","","","","","","","","","","","12"
"404","Memphis","09/25/10","3","RAY","GREGORY","9","46","0","46","0","","","","","","","9","46","1","9","0","","","","","","","","","","","","","","","","","","","","","","","","","","","0"
"404","Memphis","10/02/10","3","RAY","GREGORY","13","49","1","48","0","","","","","","","13","48","2","3","0","","","","","","","","","","","","","","","","","","","","","","","","","","","0"
"404","Memphis","10/09/10","3","RAY","GREGORY","11","31","3","28","0","","","","","","","11","28","","","","","","","","","","","","","","","","","","","","","","","","","","","","","","0"
"404","Memphis","10/16/10","3","RAY","GREGORY","8","24","0","24","0","","","","","","","8","24","","","","","","","","","","","","","","","","","","","","","","","","","","","","","","0"
"404","Memphis","10/30/10","3","RAY","GREGORY","23","179","3","176","1","","","","","","","23","176","","","","","","","","","","","","","","","","","","1","","","","","","","","","","","","6"
"404","Memphis","11/06/10","3","RAY","GREGORY","14","60","0","60","0","","","","","","","14","60","3","34","0","","","","","","","","","","","","","","","","","","","","","","","","","","","0"
"404","Memphis","11/13/10","3","RAY","GREGORY","15","64","4","60","0","","","","","","","15","60","1","10","0","","","","","","","","","","","","","","","","","","","","","","","","","","","0"
"404","Memphis","11/20/10","3","RAY","GREGORY","7","18","0","18","0","","","","","","","7","18","3","43","0","","","","","","","","","","","","","","","","","","","","","","","","","","","0"
"404","Memphis","11/27/10","3","RAY","GREGORY","13","43","2","41","0","","","","","","","13","41","1","2","0","","","","","","","","","","","","","","","","","","","","","","","","","","","0"
"404","Memphis","09/04/10","85","REHRER","TANNAR","","","","","","","","","","","","0","0","1","18","0","","","","","","","","","","","","","","","","","","","","","","","","","","","0"
"404","Memphis","09/11/10","85","REHRER","TANNAR","","","","","","","","","","","","0","0","2","42","0","","","","","","","","","","","","","","","","","","","","","","","","","","","0"
"404","Memphis","09/18/10","85","REHRER","TANNAR","","","","","","","","","","","","0","0","3","37","0","","","","","","","","","","","","","","","","","","","","","","","","","","","0"
"404","Memphis","09/25/10","85","REHRER","TANNAR","","","","","","","","","","","","0","0","3","34","0","","","","","","","","","","","","","","","","","","","","","","","","","","","0"
"404","Memphis","10/02/10","85","REHRER","TANNAR","","","","","","","","","","","","0","0","1","12","0","","","","","","","","","","","","","","","","","","","","","","","","","","","0"
"404","Memphis","10/09/10","85","REHRER","TANNAR","","","","","","","","","","","","0","0","3","41","0","","","","","","","","","","","","","","","","","","","","","","","","","","","0"
"404","Memphis","10/16/10","85","REHRER","TANNAR","","","","","","","","","","","","0","0","2","13","0","","","","","","","","","","","","","","","","","","","","","","","","","","","0"
"404","Memphis","11/06/10","85","REHRER","TANNAR","","","","","","","","","","","","0","0","2","13","0","","","","","","","","","","","","","","","","","","","","","","","","","","","0"
"404","Memphis","11/13/10","85","REHRER","TANNAR","","","","","","","","","","","","0","0","2","18","0","","","","","","","","","","","","","","","","","","","","","","","","","","","0"
"404","Memphis","11/20/10","85","REHRER","TANNAR","","","","","","","","","","","","0","0","2","18","0","","","","","","","","","","","","","","","","","","","","","","","","","","","0"
"404","Memphis","11/27/10","85","REHRER","TANNAR","","","","","","","","","","","","0","0","2","38","0","","","","","","","","","","","","","","","","","","","","","","","","","","","0"
"404","Memphis","09/04/10","22","RHODES","JERRELL","10","28","2","26","0","","","","","","","10","26","2","3","0","","","","","","","","","","","","","","","","","","","","","","","","","","","0"
"404","Memphis","09/11/10","22","RHODES","JERRELL","17","65","6","59","0","","","","","","","17","59","1","35","1","","","","","","","","","","","","","","","1","","","","","","","","","","","","6"
"404","Memphis","09/18/10","22","RHODES","JERRELL","12","50","4","46","0","","","","","","","12","46","2","5","0","","","","","","","","","","","","","","","","","","","","","","","","","","","0"
"404","Memphis","09/25/10","22","RHODES","JERRELL","23","94","4","90","0","","","","","","","23","90","1","-3","0","","","","","","","","","","","","","","","","","","","","","","","","","","","0"
"404","Memphis","10/02/10","22","RHODES","JERRELL","10","64","2","62","1","","","","","","","10","62","","","","","","","","","","","","","","","","","","1","","","","","","","","","","","","6"
"404","Memphis","10/09/10","22","RHODES","JERRELL","11","52","3","49","0","","","","","","","11","49","3","17","0","","","","","","","","","","","","","","","","","","","","","","","","","","","0"
"404","Memphis","10/16/10","22","RHODES","JERRELL","11","36","11","25","0","","","","","","","11","25","1","3","0","","","","","","","","","","","","","","","","","","","","","","","","","","","0"
"404","Memphis","10/30/10","22","RHODES","JERRELL","8","27","1","26","0","","","","","","","8","26","","","","","","","","","","","","","","","","","","","","","","","","","","","","","","0"
"404","Memphis","11/20/10","22","RHODES","JERRELL","11","87","2","85","0","","","","","","","11","85","1","8","0","","","","","","","","","","","","","","","","","","","","","","","","","","","0"
"404","Memphis","11/27/10","22","RHODES","JERRELL","3","2","1","1","0","","","","","","","3","1","","","","","","","","","","","","","","","","","","","","","","","","","","","","","","0"
"404","Memphis","09/04/10","35","ROBINSON","DELMON","","","","","","","","","","","","0","0","1","6","0","","","","","","","","","","","","","","","","","","","","","","","","","","","0"
"404","Memphis","09/18/10","35","ROBINSON","DELMON","","","","","","","","","","","","0","0","1","7","0","","","","","","","","","","","","","","","","","","","","","","","","","","","0"
"404","Memphis","09/25/10","35","ROBINSON","DELMON","3","16","0","16","0","","","","","","","3","16","1","-1","0","","","","","","","","","","","","2","51","0","","","","","","","","","","","","","0"
"404","Memphis","10/02/10","35","ROBINSON","DELMON","","","","","","","","","","","","0","0","1","3","0","","","","","","","","","","","","6","99","0","","","","","","","","","","","","","0"
"404","Memphis","10/30/10","35","ROBINSON","DELMON","","","","","","","","","","","","0","0","","","","","","","","","","","","","","","1","18","0","","","","","","","","","","","","","0"
"404","Memphis","11/06/10","35","ROBINSON","DELMON","","","","","","","","","","","","0","0","","","","","","","","","","","","","","","1","12","0","","","","","","","","","","","","","0"
"404","Memphis","09/04/10","18","RUCKER","MARCUS","","","","","","","","","","","","0","0","3","45","1","","","","","","","","","","","","","","","1","","","","","","","","","","","","6"
"404","Memphis","09/11/10","18","RUCKER","MARCUS","","","","","","","","","","","","0","0","5","49","1","","","","","","","","","","","","","","","1","","","","","","","","","","","","6"
"404","Memphis","09/18/10","18","RUCKER","MARCUS","","","","","","","","","","","","0","0","1","8","0","","","","","","","","","","","","","","","","","","","","","","","","","","","0"
"404","Memphis","09/25/10","18","RUCKER","MARCUS","","","","","","","","","","","","0","0","2","21","0","","","","","","","","","","","","","","","","","","","","","","","","","","","0"
"404","Memphis","10/02/10","18","RUCKER","MARCUS","","","","","","","","","","","","0","0","1","37","0","","","","","","","","","","","","","","","","","","","","","","","","","","","0"
"404","Memphis","10/09/10","18","RUCKER","MARCUS","","","","","","","","","","","","0","0","5","32","0","","","","","","","","","","","","","","","","","","","","","","","","","","","0"
"404","Memphis","10/16/10","18","RUCKER","MARCUS","","","","","","","","","","","","0","0","4","155","2","","","","","","","","","","","","","","","2","","","","","","","","","","","","12"
"404","Memphis","10/30/10","18","RUCKER","MARCUS","","","","","","","","","","","","0","0","2","65","0","","","","","","","","","","","","","","","","","","","","","","","","","","","0"
"404","Memphis","11/06/10","18","RUCKER","MARCUS","","","","","","","","","","","","0","0","5","76","2","","","","","","","","","","","","","","","2","","","","","","","","","","","","12"
"404","Memphis","11/13/10","18","RUCKER","MARCUS","","","","","","","","","","","","0","0","3","45","0","","","","","","","","","","","","","","","","","","","","","","","","","","","0"
"404","Memphis","11/20/10","18","RUCKER","MARCUS","1","0","0","0","0","","","","","","","1","0","4","90","1","","","","","","","","","","","","","","","1","","","","","","","","","","","","6"
"404","Memphis","11/27/10","18","RUCKER","MARCUS","","","","","","","","","","","","0","0","6","81","1","","","","","","","","","","","","","","","1","","","","","","","","","","","","6"
"404","Memphis","09/18/10","12","SEISAY","MOHAMMED","","","","","","","","","","","","0","0","","","","1","20","0","","","","","","","","","","","","","","","","","","","","","","","","0"
"404","Memphis","09/25/10","12","SEISAY","MOHAMMED","","","","","","","","","","","","0","0","","","","1","0","0","","","","","","","","","","","","","","","","","","","","","","","","0"
"404","Memphis","09/04/10","16","SMITH","CANNON","1","1","0","1","0","15","10","0","111","1","","16","112","","","","","","","","","","","","","","","","","","","","","","","","","","","","","","0"
"404","Memphis","09/11/10","16","SMITH","CANNON","4","25","16","9","0","6","3","1","19","0","","10","28","","","","","","","","","","","","","","","","","","","","","","","","","","","","","","0"
"404","Memphis","10/02/10","16","SMITH","CANNON","3","0","18","-18","0","8","4","0","18","0","","11","0","","","","","","","","","","","","","","","","","","","","","","","","","","","","","","0"
"404","Memphis","10/09/10","16","SMITH","CANNON","4","5","15","-10","0","3","1","0","10","0","","7","0","","","","","","","","","","","","","","","","","","","","","","","","","","","","","","0"
"404","Memphis","10/16/10","16","SMITH","CANNON","","","","","","1","0","0","0","0","","1","0","","","","","","","","","","","","","","","","","","","","","","","","","","","","","","0"
"404","Memphis","10/30/10","16","SMITH","CANNON","5","22","0","22","1","5","2","1","65","0","","10","87","","","","","","","","","","","","","","","","","","1","","","","","","","","","","","","6"
"404","Memphis","11/06/10","16","SMITH","CANNON","2","2","5","-3","0","5","2","1","23","0","","7","20","","","","","","","","","","","","","","","","","","","","","","","","","","","","","","0"
"404","Memphis","09/04/10","23","THOMAS","TERRENCE","","","","","","","","","","","","0","0","","","","1","10","0","","","","","","","","","","","","","","","","","","","","","","","","0"
"404","Memphis","09/18/10","29","WASHINGTON","TODD","","","","","","","","","","","","0","0","","","","2","13","0","","","","","","","","","","","","","","","","","","","","","","","","0"
"404","Memphis","09/04/10","11","WILLIAMS","RYAN","1","0","6","-6","0","17","10","2","85","0","","18","79","","","","","","","","","","","","","","","","","","","","","","","","","","","","","","0"
"404","Memphis","09/11/10","11","WILLIAMS","RYAN","4","0","15","-15","0","25","18","0","293","3","","29","278","","","","","","","","","","","","","","","","","","","","","","","","","","","","","","0"
"404","Memphis","09/18/10","11","WILLIAMS","RYAN","3","3","13","-10","0","28","15","0","129","1","","31","119","","","","","","","","","","","","","","","","","","","","","","","","","","","","","","0"
"404","Memphis","09/25/10","11","WILLIAMS","RYAN","3","2","18","-16","0","30","20","2","144","1","","33","128","","","","","","","","","","","","","","","","","","","","","","","","","","","","","","0"
"404","Memphis","10/02/10","11","WILLIAMS","RYAN","1","0","1","-1","0","11","5","1","64","0","","12","63","","","","","","","","","","","","","","","","","","","","","","","","","","","","","","0"
"404","Memphis","10/09/10","11","WILLIAMS","RYAN","7","5","33","-28","0","27","15","1","174","0","","34","146","","","","","","","","","","","","","","","","","","","","","","","","","","","","","","0"
"404","Memphis","10/16/10","11","WILLIAMS","RYAN","6","9","28","-19","0","21","11","0","237","2","","27","218","","","","","","","","","","","","","","","","","","","","","","","","","","","","","","0"
"404","Memphis","10/30/10","11","WILLIAMS","RYAN","5","21","17","4","0","7","2","0","27","0","","12","31","","","","","","","","","","","","","","","","","","","","","","","","","","","","","","0"
"404","Memphis","11/06/10","11","WILLIAMS","RYAN","6","2","26","-24","0","27","18","2","221","2","","33","197","","","","","","","","","","","","","","","","","","","","","","","","","","","","","","0"
"404","Memphis","11/13/10","11","WILLIAMS","RYAN","4","0","36","-36","0","32","14","0","201","1","","36","165","","","","","","","","","","","","","","","","","","","","","","","","","","","","","","0"
"404","Memphis","11/20/10","11","WILLIAMS","RYAN","3","6","10","-4","0","31","16","1","228","1","0","34","224","","","","","","","","","","","","","","","","","","","","","1","0","","","","","","","","0"
"404","Memphis","11/27/10","11","WILLIAMS","RYAN","5","2","21","-19","0","34","21","1","272","2","","39","253","","","","","","","","","","","","","","","","","","","","","","","","","","","","","","0"
"415","Miami (FL)","09/02/10","26","ARMSTRONG","RAY RAY","","","","","","","","","","","","0","0","","","","1","22","1","","","","","","","","","","","","1","","","","","","","","","","","","6"
"415","Miami (FL)","10/02/10","26","ARMSTRONG","RAY RAY","","","","","","","","","","","","0","0","","","","1","19","0","","","","","","","","","","","","","","","","","","","","","","","","0"
"415","Miami (FL)","10/16/10","26","ARMSTRONG","RAY RAY","1","0","0","0","0","","","","","","","1","0","","","","","","","","","","","","","","","","","","","","","","","","","","","","","","0"
"415","Miami (FL)","11/06/10","26","ARMSTRONG","RAY RAY","","","","","","","","","","","","0","0","","","","1","0","0","","","","","","","","","","","","","","","","","","","","","","","","0"
"415","Miami (FL)","09/02/10","3","BENJAMIN","TRAVIS","","","","","","","","","","","","0","0","1","11","0","","","","","","","","","2","17","0","","","","","","","","","","","","","","","","0"
"415","Miami (FL)","09/11/10","3","BENJAMIN","TRAVIS","","","","","","","","","","","","0","0","3","51","0","","","","","","","","","1","79","1","","","","1","","","","","","","","","","","","6"
"415","Miami (FL)","09/23/10","3","BENJAMIN","TRAVIS","","","","","","","","","","","","0","0","6","96","1","","","","","","","","","1","2","0","","","","1","","","","","","","","","","","","6"
"415","Miami (FL)","10/02/10","3","BENJAMIN","TRAVIS","","","","","","","","","","","","0","0","1","7","0","","","","","","","","","4","1","0","","","","","","","","","","","","","","","","0"
"415","Miami (FL)","10/09/10","3","BENJAMIN","TRAVIS","1","19","0","19","0","","","","","","","1","19","4","59","0","","","","","","","","","1","1","0","","","","","","","","","","","","","","","","0"
"415","Miami (FL)","10/16/10","3","BENJAMIN","TRAVIS","","","","","","","","","","","","0","0","3","67","0","","","","","","","","","1","0","0","","","","","","","","","","","","","","","","0"
"415","Miami (FL)","10/23/10","3","BENJAMIN","TRAVIS","","","","","","","","","","","","0","0","4","67","1","","","","","","","","","4","0","0","","","","1","","","","","","","","","","","","6"
"415","Miami (FL)","10/30/10","3","BENJAMIN","TRAVIS","1","36","0","36","0","","","","","","","1","36","4","78","1","","","","","","","","","","","","","","","1","","","","","","","","","","","","6"
"415","Miami (FL)","11/06/10","3","BENJAMIN","TRAVIS","1","0","11","-11","0","","","","","","","1","-11","5","127","0","","","","","","","","","2","-2","0","","","","","","","","","","","","","","","","0"
"415","Miami (FL)","11/13/10","3","BENJAMIN","TRAVIS","","","","","","","","","","","","0","0","4","64","0","","","","","","","","","","","","","","","","","","","","","","","","","","","0"
"415","Miami (FL)","11/20/10","3","BENJAMIN","TRAVIS","","","","","","","","","","","","0","0","3","64","0","","","","","","","","","1","-4","0","","","","","","","","","","","","","","","","0"
"415","Miami (FL)","11/27/10","3","BENJAMIN","TRAVIS","","","","","","","","","","","","0","0","2","8","0","","","","","","","","","4","12","0","","","","","","","","","","","","","","","","0"
"415","Miami (FL)","12/31/10","3","BENJAMIN","TRAVIS","","","","","","","","","","","","0","0","3","44","0","","","","","","","","","2","0","0","1","31","0","","","","","","","","","","","","","0"
"415","Miami (FL)","09/02/10","20","BERRY","DAMIEN","6","45","0","45","0","","","","","","","6","45","1","32","1","","","","","","","","","","","","","","","1","","","","","","","","","","","","6"
"415","Miami (FL)","09/11/10","20","BERRY","DAMIEN","16","97","3","94","0","","","","","","","16","94","2","15","0","","","","","","","","","","","","","","","","","","","","","","","","","","","0"
"415","Miami (FL)","09/23/10","20","BERRY","DAMIEN","21","90","3","87","1","","","","","","","21","87","2","18","0","","","","","","","","","","","","","","","1","","","","","","","","","","","","6"
"415","Miami (FL)","10/02/10","20","BERRY","DAMIEN","24","114","13","101","0","","","","","","","24","101","1","9","0","","","","","","","","","","","","","","","","","","","","","","","","","","","0"
"415","Miami (FL)","10/09/10","20","BERRY","DAMIEN","20","108","7","101","1","","","","","","","20","101","1","4","0","","","","","","","","","","","","","","","1","","","","","","","","","","","","6"
"415","Miami (FL)","10/16/10","20","BERRY","DAMIEN","25","115","4","111","1","","","","","","","25","111","","","","","","","","","","","","","","","","","","1","","","","","","","","","","","","6"
"415","Miami (FL)","10/23/10","20","BERRY","DAMIEN","19","109","0","109","1","","","","","","","19","109","2","15","0","","","","","","","","","","","","","","","1","","","","","","","","","","","","6"
"415","Miami (FL)","10/30/10","20","BERRY","DAMIEN","11","43","1","42","0","","","","","","","11","42","","","","","","","","","","","","","","","","","","","","","","","","","","","","","","0"
"415","Miami (FL)","11/13/10","20","BERRY","DAMIEN","15","73","0","73","1","","","","","","","15","73","","","","","","","","","","","","","","","","","","1","","","","","","","","","","","","6"
"415","Miami (FL)","11/20/10","20","BERRY","DAMIEN","9","47","0","47","0","","","","","","","9","47","","","","","","","","","","","","","","","","","","","","","","","","","","","","","","0"
"415","Miami (FL)","11/27/10","20","BERRY","DAMIEN","15","55","0","55","0","","","","","","","15","55","","","","","","","","","","","","","","","","","","","","","","","","","","","","","","0"
"415","Miami (FL)","12/31/10","20","BERRY","DAMIEN","9","34","0","34","0","","","","","","","9","34","1","4","0","","","","","","","","","","","","","","","","","","","","","","","","","","","0"
"415","Miami (FL)","09/02/10","25","BOSHER","MATT","","","","","","","","","","","","0","0","","","","","","","","","","","","","","","","","","","6","6","0","0","","","","","1","1","","9"
"415","Miami (FL)","09/11/10","25","BOSHER","MATT","","","","","","","","","","","","0","0","","","","","","","","","","2","98","","","","","","","","3","3","0","0","","","","","3","1","","6"
"415","Miami (FL)","09/23/10","25","BOSHER","MATT","","","","","","","","","","","","0","0","","","","","","","","","","6","267","","","","","","","","4","4","0","0","","","","","1","1","","7"
"415","Miami (FL)","10/02/10","25","BOSHER","MATT","","","","","","","","","","","","0","0","","","","","","","","","","10","463","","","","","","","","4","3","0","0","","","","","1","1","","6"
"415","Miami (FL)","10/09/10","25","BOSHER","MATT","","","","","","","","","","","","0","0","","","","","","","","","","6","265","","","","","","","","2","2","0","0","","","","","2","1","","5"
"415","Miami (FL)","10/16/10","25","BOSHER","MATT","","","","","","","","","","","","0","0","","","","","","","","","","5","211","","","","","","","","4","4","0","0","","","","","","","","4"
"415","Miami (FL)","10/23/10","25","BOSHER","MATT","","","","","","","","","","","","0","0","","","","","","","","","","3","106","","","","","","","","4","3","0","0","","","","","2","2","","9"
"415","Miami (FL)","10/30/10","25","BOSHER","MATT","","","","","","","","","","","","0","0","","","","","","","","","","4","231","","","","","","","","2","1","0","0","","","","","","","","1"
"415","Miami (FL)","11/06/10","25","BOSHER","MATT","","","","","","","","","","","","0","0","","","","","","","","","","5","221","","","","","","","","","","","","","","","","2","2","","6"
"415","Miami (FL)","11/13/10","25","BOSHER","MATT","","","","","","","","","","","","0","0","","","","","","","","","","3","123","","","","","","","","5","5","0","0","","","","","","","","5"
"415","Miami (FL)","11/20/10","25","BOSHER","MATT","","","","","","","","","","","","0","0","","","","","","","","","","3","124","","","","","","","","2","2","0","0","","","","","2","1","","5"
"415","Miami (FL)","11/27/10","25","BOSHER","MATT","","","","","","","","","","","","0","0","","","","","","","","","","8","325","","","","","","","","2","2","0","0","","","","","2","2","","8"
"415","Miami (FL)","12/31/10","25","BOSHER","MATT","","","","","","","","","","","","0","0","","","","","","","","","","4","163","","","","","","","","2","2","0","0","","","","","1","1","","5"
"415","Miami (FL)","10/23/10","45","BUCHANAN","RAMON","","","","","","","","","","","","0","0","","","","1","3","0","","","","","","","","","","","","","","","","","","","","","","","","0"
"415","Miami (FL)","09/02/10","47","BYRD","LARON","","","","","","","","","","","","0","0","2","14","0","","","","","","","","","","","","","","","","","","","","","","","","","","","0"
"415","Miami (FL)","09/11/10","47","BYRD","LARON","","","","","","","","","","","","0","0","4","35","0","","","","","","","","","","","","","","","","","","","","","","","","","","","0"
"415","Miami (FL)","09/23/10","47","BYRD","LARON","","","","","","","","","","","","0","0","6","69","0","","","","","","","","","","","","","","","","","","","","","","","","","","","0"
"415","Miami (FL)","10/09/10","47","BYRD","LARON","","","","","","","","","","","","0","0","3","34","0","","","","","","","","","","","","","","","","","","","","","","","","","","","0"
"415","Miami (FL)","10/16/10","47","BYRD","LARON","","","","","","","","","","","","0","0","2","33","0","","","","","","","","","","","","","","","","","","","","","","","","","","","0"
"415","Miami (FL)","10/23/10","47","BYRD","LARON","","","","","","","","","","","","0","0","4","31","1","","","","","","","","","","","","","","","1","","","","","","","","","","","","6"
"415","Miami (FL)","10/30/10","47","BYRD","LARON","","","","","","","","","","","","0","0","6","78","0","","","","","","","","","","","","","","","","","","","","","","","","","","","0"
"415","Miami (FL)","11/06/10","47","BYRD","LARON","","","","","","","","","","","","0","0","5","61","0","","","","","","","","","","","","","","","","","","","","","","","","","","","0"
"415","Miami (FL)","11/20/10","47","BYRD","LARON","","","","","","","","","","","","0","0","2","20","0","","","","","","","","","","","","","","","","","","","","","","","","","","","0"
"415","Miami (FL)","11/27/10","47","BYRD","LARON","","","","","","","","","","","","0","0","3","19","0","","","","","","","","","","","","","","","","","","","","","","","","","","","0"
"415","Miami (FL)","12/31/10","47","BYRD","LARON","","","","","","","","","","","","0","0","4","47","0","","","","","","","","","","","","","","","","","","","","","","","","","","","0"
"415","Miami (FL)","09/02/10","23","CLEMENTS","EDUARDO","6","24","1","23","0","","","","","","","6","23","1","9","0","","","","","","","","","","","","","","","","","","","","","","","","","","","0"
"415","Miami (FL)","09/11/10","23","CLEMENTS","EDUARDO","","","","","","","","","","","","0","0","","","","","","","","","","","","","","","1","14","0","","","","","","","","","","","","","0"
"415","Miami (FL)","10/02/10","23","CLEMENTS","EDUARDO","","","","","","","","","","","","0","0","","","","","","","","","","","","","","","1","24","0","","","","","","","","","","","","","0"
"415","Miami (FL)","10/09/10","23","CLEMENTS","EDUARDO","2","9","0","9","0","","","","","","","2","9","","","","","","","","","","","","","","","1","12","0","","","","","","","","","","","","","0"
"415","Miami (FL)","10/16/10","23","CLEMENTS","EDUARDO","","","","","","","","","","","","0","0","","","","","","","","","","","","","","","1","21","0","","","","","","","","","","","","","0"
"415","Miami (FL)","10/23/10","23","CLEMENTS","EDUARDO","","","","","","","","","","","","0","0","","","","","","","","","","","","","","","1","29","0","","","","","","","","","","","","","0"
"415","Miami (FL)","11/20/10","23","CLEMENTS","EDUARDO","","","","","","","","","","","","0","0","","","","","","","","","","","","","","","2","42","0","","","","","","","","","","","","","0"
"415","Miami (FL)","11/27/10","23","CLEMENTS","EDUARDO","","","","","","","","","","","","0","0","","","","","","","","","","","","","","","3","53","0","","","","","","","","","","","","","0"
"415","Miami (FL)","10/16/10","82","CLEVELAND","ASANTE","","","","","","","","","","","","0","0","2","20","0","","","","","","","","","","","","","","","","","","","","","","","","","","","0"
"415","Miami (FL)","10/23/10","82","CLEVELAND","ASANTE","","","","","","","","","","","","0","0","2","34","0","","","","","","","","","","","","","","","","","","","","","","","","","","","0"
"415","Miami (FL)","11/20/10","82","CLEVELAND","ASANTE","","","","","","","","","","","","0","0","2","32","0","","","","","","","","","","","","","","","","","","","","","","","","","","","0"
"415","Miami (FL)","11/27/10","82","CLEVELAND","ASANTE","","","","","","","","","","","","0","0","1","9","0","","","","","","","","","","","","","","","","","","","","","","","","","","","0"
"415","Miami (FL)","12/31/10","82","CLEVELAND","ASANTE","","","","","","","","","","","","0","0","1","15","0","","","","","","","","","","","","","","","","","","","","","","","","","","","0"
"415","Miami (FL)","09/02/10","2","COOPER","GRAIG","2","11","0","11","0","","","","","","","2","11","2","13","0","","","","","","","","","","","","","","","","","","","","","","","","","","","0"
"415","Miami (FL)","10/09/10","2","COOPER","GRAIG","2","22","0","22","0","","","","","","","2","22","1","11","0","","","","","","","","","","","","1","21","0","","","","","","","","","","","","","0"
"415","Miami (FL)","10/16/10","2","COOPER","GRAIG","2","12","0","12","0","","","","","","","2","12","","","","","","","","","","","","","","","2","8","0","","","","","","","","","","","","","0"
"415","Miami (FL)","10/23/10","2","COOPER","GRAIG","","","","","","","","","","","","0","0","","","","","","","","","","","","","","","2","38","0","","","","","","","","","","","","","0"
"415","Miami (FL)","10/30/10","2","COOPER","GRAIG","3","30","0","30","0","1","0","0","0","0","","4","30","","","","","","","","","","","","3","9","0","","","","","","","","","","","","","","","","0"
"415","Miami (FL)","11/06/10","2","COOPER","GRAIG","10","43","3","40","0","","","","","","","10","40","1","5","0","","","","","","","","","1","4","0","1","17","0","","","","","","","","","","","","","0"
"415","Miami (FL)","11/13/10","2","COOPER","GRAIG","4","20","0","20","1","","","","","","","4","20","","","","","","","","","","","","","","","3","43","0","1","","","","","","","","","","","","6"
"415","Miami (FL)","11/20/10","2","COOPER","GRAIG","6","16","6","10","0","","","","","","","6","10","","","","","","","","","","","","1","3","0","1","34","0","","","","","","","","","","","","","0"
"415","Miami (FL)","11/27/10","2","COOPER","GRAIG","6","20","0","20","0","","","","","","","6","20","2","-1","0","","","","","","","","","3","16","0","","","","","","","","","","","","","","","","0"
"415","Miami (FL)","12/31/10","2","COOPER","GRAIG","","","","","","","","","","","","0","0","","","","","","","","","","","","","","","2","41","0","","","","","","","","","","","","","0"
"415","Miami (FL)","09/11/10","9","FORD","CHASE","","","","","","","","","","","","0","0","2","13","1","","","","","","","","","","","","","","","1","","","","","","","","","","","","6"
"415","Miami (FL)","10/09/10","9","FORD","CHASE","","","","","","","","","","","","0","0","2","32","0","","","","","","","","","","","","","","","","","","","","","","","","","","","0"
"415","Miami (FL)","11/13/10","9","FORD","CHASE","","","","","","","","","","","","0","0","1","14","0","","","","","","","","","","","","","","","","","","","","","","","","","","","0"
"415","Miami (FL)","12/31/10","9","FORD","CHASE","","","","","","","","","","","","0","0","2","37","0","","","","","","","","","","","","","","","","","","","","","","","","","","","0"
"415","Miami (FL)","10/02/10","99","FORSTON","MARCUS","","","","","","","","","","","","0","0","","","","1","0","0","","","","","","","","","","","","","","","","","","","","","","","","0"
"415","Miami (FL)","09/23/10","84","GORDON","RICHARD","","","","","","","","","","","","0","0","2","11","0","","","","","","","","","","","","","","","","","","","","","","","","","","","0"
"415","Miami (FL)","10/02/10","84","GORDON","RICHARD","","","","","","","","","","","","0","0","1","5","0","","","","","","","","","","","","","","","","","","","","","","","","","","","0"
"415","Miami (FL)","10/16/10","84","GORDON","RICHARD","","","","","","","","","","","","0","0","1","9","0","","","","","","","","","","","","","","","","","","","","","","","","","","","0"
"415","Miami (FL)","10/23/10","84","GORDON","RICHARD","","","","","","","","","","","","0","0","1","1","0","","","","","","","","","","","","","","","","","","","","","","","","","","","0"
"415","Miami (FL)","12/31/10","84","GORDON","RICHARD","","","","","","","","","","","","0","0","1","4","0","","","","","","","","","","","","","","","","","","","","","","","","","","","0"
"415","Miami (FL)","09/02/10","85","HANKERSON","LEONARD","","","","","","","","","","","","0","0","6","115","2","","","","","","","","","","","","","","","2","","","","","","","","","","","","12"
"415","Miami (FL)","09/11/10","85","HANKERSON","LEONARD","","","","","","","","","","","","0","0","7","90","0","","","","","","","","","","","","","","","","","","","","","","","","","","","0"
"415","Miami (FL)","09/23/10","85","HANKERSON","LEONARD","","","","","","","","","","","","0","0","3","36","1","","","","","","","","","","","","","","","1","","","","","","","","","","","","6"
"415","Miami (FL)","10/02/10","85","HANKERSON","LEONARD","","","","","","","","","","","","0","0","7","147","3","","","","","","","","","","","","","","","3","","","","","","","","","","","","18"
"415","Miami (FL)","10/09/10","85","HANKERSON","LEONARD","","","","","","","","","","","","0","0","5","72","0","","","","","","","","","","","","","","","","","","","","","","","","","","","0"
"415","Miami (FL)","10/16/10","85","HANKERSON","LEONARD","","","","","","","","","","","","0","0","6","80","1","","","","","","","","","","","","","","","1","","","","","","","","","","","","6"
"415","Miami (FL)","10/23/10","85","HANKERSON","LEONARD","","","","","","","","","","","","0","0","4","51","1","","","","","","","","","","","","","","","1","","","","","","","","","","","","6"
"415","Miami (FL)","10/30/10","85","HANKERSON","LEONARD","","","","","","","","","","","","0","0","6","90","1","","","","","","","","","","","","","","","1","","","","","","","","","","","","6"
"415","Miami (FL)","11/06/10","85","HANKERSON","LEONARD","","","","","","","","","","","","0","0","4","66","1","","","","","","","","","","","","","","","1","","","","","","","","","","","","6"
"415","Miami (FL)","11/13/10","85","HANKERSON","LEONARD","","","","","","","","","","","","0","0","3","132","1","","","","","","","","","","","","","","","1","","","","","","","","","","","","6"
"415","Miami (FL)","11/20/10","85","HANKERSON","LEONARD","","","","","","","","","","","","0","0","6","79","1","","","","","","","","","","","","","","","1","","","","","","","","","","","","6"
"415","Miami (FL)","11/27/10","85","HANKERSON","LEONARD","","","","","","","","","","","","0","0","9","127","0","","","","","","","","","","","","","","","","","","","","","","","","","","","0"
"415","Miami (FL)","12/31/10","85","HANKERSON","LEONARD","","","","","","","","","","","","0","0","6","71","1","","","","","","","","","","","","","","","1","","","","","","","","","","","","6"
"415","Miami (FL)","10/23/10","1","HARRIS","BRANDON","","","","","","","","","","","","0","0","","","","1","0","0","","","","","","","","","","","","","","","","","","","","","","","","0"
"415","Miami (FL)","09/02/10","12","HARRIS","JACORY","2","1","4","-3","0","15","12","0","210","3","","17","207","","","","","","","","","","","","","","","","","","","","","","","","","","","","","","0"
"415","Miami (FL)","09/11/10","12","HARRIS","JACORY","5","26","18","8","0","39","22","4","232","1","","44","240","","","","","","","","","","","","","","","","","","","","","","","","","","","","","","0"
"415","Miami (FL)","09/23/10","12","HARRIS","JACORY","4","5","17","-12","0","32","21","2","248","2","","36","236","","","","","","","","","","","","","","","","","","","","","","","","","","","","","","0"
"415","Miami (FL)","10/02/10","12","HARRIS","JACORY","4","17","29","-12","0","33","13","2","205","4","","37","193","","","","","","","","","","","","","","","","","","","","","","","","","","","","","","0"
"415","Miami (FL)","10/09/10","12","HARRIS","JACORY","6","42","11","31","1","47","19","1","225","0","","53","256","","","","","","","","","","","","","","","","","","1","","","","","","","","","","","","6"
"415","Miami (FL)","10/16/10","12","HARRIS","JACORY","3","19","0","19","1","34","17","0","224","1","","37","243","","","","","","","","","","","","","","","","","","1","","","","","","","","","","","","6"
"415","Miami (FL)","10/23/10","12","HARRIS","JACORY","1","0","3","-3","0","32","21","1","217","3","","33","214","","","","","","","","","","","","","","","","","","","","","","","","","","","","","","0"
"415","Miami (FL)","10/30/10","12","HARRIS","JACORY","2","4","8","-4","0","13","7","1","85","0","","15","81","","","","","","","","","","","","","","","","","","","","","","","","","","","","","","0"
"415","Miami (FL)","11/27/10","12","HARRIS","JACORY","2","9","6","3","0","18","12","1","110","0","","20","113","","","","","","","","","","","","","","","","","","","","","","","","","","","","","","0"
"415","Miami (FL)","12/31/10","12","HARRIS","JACORY","","","","","","7","4","3","37","0","","7","37","","","","","","","","","","","","","","","","","","","","","","","","","","","","","","0"
"415","Miami (FL)","09/02/10","11","HIGHSMITH","ALONZO","2","8","9","-1","0","7","4","1","18","0","","9","17","","","","","","","","","","","","","","","","","","","","","","","","","","","","","","0"
"415","Miami (FL)","09/11/10","30","HILL","PATRICK","","","","","","","","","","","","0","0","1","5","0","","","","","","","","","","","","","","","","","","","","","","","","","","","0"
"415","Miami (FL)","10/16/10","30","HILL","PATRICK","","","","","","","","","","","","0","0","1","5","0","","","","","","","","","","","","","","","","","","","","","","","","","","","0"
"415","Miami (FL)","10/30/10","30","HILL","PATRICK","","","","","","","","","","","","0","0","","","","","","","","","","","","","","","1","13","0","","","","","","","","","","","","","0"
"415","Miami (FL)","11/13/10","30","HILL","PATRICK","1","5","0","5","0","","","","","","","1","5","","","","","","","","","","","","","","","","","","","","","","","","","","","","","","0"
"415","Miami (FL)","11/27/10","30","HILL","PATRICK","","","","","","","","","","","","0","0","1","20","0","","","","","","","","","","","","","","","","","","","","","","","","","","","0"
"415","Miami (FL)","09/23/10","13","HILL","RYAN","","","","","","","","","","","","0","0","","","","1","0","0","","","","","","","","","","","","","","","","","","","","","","","","0"
"415","Miami (FL)","10/02/10","13","HILL","RYAN","","","","","","","","","","","","0","0","","","","1","2","0","","","","","","","","","","","","","","","","","","","","","","","","0"
"415","Miami (FL)","10/16/10","13","HILL","RYAN","","","","","","","","","","","","0","0","","","","1","0","0","","","","","","","","","","","","","","","","","","","","","","","","0"
"415","Miami (FL)","09/02/10","5","JAMES","MIKE","6","36","0","36","1","","","","","","","6","36","","","","","","","","","","","","","","","","","","1","","","","","","","","","","","","6"
"415","Miami (FL)","09/11/10","5","JAMES","MIKE","3","10","0","10","0","","","","","","","3","10","1","6","0","","","","","","","","","","","","","","","","","","","","","","","","","","","0"
"415","Miami (FL)","09/23/10","5","JAMES","MIKE","","","","","","","","","","","","0","0","1","1","0","","","","","","","","","","","","","","","","","","","","","","","","","","","0"
"415","Miami (FL)","10/02/10","5","JAMES","MIKE","6","34","3","31","0","","","","","","","6","31","2","29","1","","","","","","","","","","","","","","","1","","","","","","","","","","","","6"
"415","Miami (FL)","10/09/10","5","JAMES","MIKE","4","10","6","4","0","","","","","","","4","4","1","0","0","","","","","","","","","","","","","","","","","","","","","","","","","","","0"
"415","Miami (FL)","10/16/10","5","JAMES","MIKE","8","84","0","84","0","","","","","","","8","84","1","1","0","","","","","","","","","","","","","","","","","","","","","","","","","","","0"
"415","Miami (FL)","10/23/10","5","JAMES","MIKE","11","54","0","54","0","","","","","","","11","54","1","-2","0","","","","","","","","","","","","","","","","","","","","","","","","","","","0"
"415","Miami (FL)","10/30/10","5","JAMES","MIKE","3","24","0","24","0","","","","","","","3","24","","","","","","","","","","","","","","","","","","","","","","","","","","","","","","0"
"415","Miami (FL)","11/06/10","5","JAMES","MIKE","10","51","0","51","1","","","","","","","10","51","","","","","","","","","","","","","","","","","","1","","","","","","","","","","","","6"
"415","Miami (FL)","11/13/10","5","JAMES","MIKE","10","61","1","60","1","","","","","","","10","60","1","5","0","","","","","","","","","","","","","","","1","","","","","","","","","","","","6"
"415","Miami (FL)","11/20/10","5","JAMES","MIKE","5","30","0","30","0","","","","","","","5","30","1","2","0","","","","","","","","","","","","","","","","","","","","","","","","","","","0"
"415","Miami (FL)","12/31/10","5","JAMES","MIKE","4","15","1","14","0","","","","","","","4","14","4","14","0","","","","","","","","","","","","","","","","","","","","","","","","","","","0"
"415","Miami (FL)","09/02/10","4","JOHNSON","ALDARIUS","","","","","","","","","","","","0","0","3","43","0","","","","","","","","","","","","","","","","","","","","","","","","","","","0"
"415","Miami (FL)","09/11/10","4","JOHNSON","ALDARIUS","","","","","","","","","","","","0","0","1","9","0","","","","","","","","","","","","1","11","0","","","","","","","","","","","","","0"
"415","Miami (FL)","09/23/10","4","JOHNSON","ALDARIUS","","","","","","","","","","","","0","0","1","17","0","","","","","","","","","","","","","","","","","","","","","","","","","","","0"
"415","Miami (FL)","10/02/10","4","JOHNSON","ALDARIUS","","","","","","","","","","","","0","0","1","8","0","","","","","","","","","","","","","","","","","","","","","","","","","","","0"
"415","Miami (FL)","10/09/10","4","JOHNSON","ALDARIUS","","","","","","","","","","","","0","0","3","23","0","","","","","","","","","","","","","","","","","","","","","","","","","","","0"
"415","Miami (FL)","10/16/10","4","JOHNSON","ALDARIUS","","","","","","","","","","","","0","0","1","9","0","","","","","","","","","","","","","","","","","","","","","","","","","","","0"
"415","Miami (FL)","10/23/10","4","JOHNSON","ALDARIUS","","","","","","","","","","","","0","0","1","10","0","","","","","","","","","","","","","","","","","","","","","","","","","","","0"
"415","Miami (FL)","11/06/10","4","JOHNSON","ALDARIUS","","","","","","","","","","","","0","0","1","7","0","","","","","","","","","","","","","","","","","","","","","","","","","","","0"
"415","Miami (FL)","11/13/10","4","JOHNSON","ALDARIUS","","","","","","","","","","","","0","0","1","15","0","","","","","","","","","","","","","","","","","","","","","","","","","","","0"
"415","Miami (FL)","11/20/10","4","JOHNSON","ALDARIUS","","","","","","","","","","","","0","0","1","5","0","","","","","","","","","","","","","","","","","","","","","","","","","","","0"
"415","Miami (FL)","11/27/10","4","JOHNSON","ALDARIUS","","","","","","","","","","","","0","0","1","11","0","","","","","","","","","","","","","","","","","","","","","","","","","","","0"
"415","Miami (FL)","10/02/10","24","JOHNSON","STORM","","","","","","","","","","","","0","0","","","","","","","","","","","","","","","2","36","0","","","","","","","","","","","","","0"
"415","Miami (FL)","10/09/10","24","JOHNSON","STORM","1","3","0","3","0","","","","","","","1","3","","","","","","","","","","","","","","","1","26","0","","","","","","","","","","","","","0"
"415","Miami (FL)","10/30/10","24","JOHNSON","STORM","","","","","","","","","","","","0","0","","","","","","","","","","","","","","","2","49","0","","","","","","","","","","","","","0"
"415","Miami (FL)","11/06/10","24","JOHNSON","STORM","","","","","","","","","","","","0","0","","","","","","","","","","","","","","","2","27","0","","","","","","","","","","","","","0"
"415","Miami (FL)","11/13/10","24","JOHNSON","STORM","1","21","0","21","0","","","","","","","1","21","","","","","","","","","","","","","","","","","","","","","","","","","","","","","","0"
"415","Miami (FL)","11/20/10","24","JOHNSON","STORM","","","","","","","","","","","","0","0","","","","","","","","","","","","","","","1","31","0","","","","","","","","","","","","","0"
"415","Miami (FL)","11/27/10","24","JOHNSON","STORM","5","79","4","75","1","","","","","","","5","75","","","","","","","","","","","","","","","","","","1","","","","","","","","","","","","6"
"415","Miami (FL)","12/31/10","24","JOHNSON","STORM","2","20","0","20","0","","","","","","","2","20","1","9","0","","","","","","","","","","","","1","25","0","","","","","","","","","","","","","0"
"415","Miami (FL)","10/30/10","44","MCCARTHY","COLIN","","","","","","","","","","","","0","0","","","","1","13","0","","","","","","","","","","","","","","","","","","","","","","","","0"
"415","Miami (FL)","09/02/10","6","MILLER","LAMAR","11","66","1","65","1","","","","","","","11","65","1","8","0","","","","","","","","","1","15","0","1","34","0","1","","","","","","","","","","","","6"
"415","Miami (FL)","09/11/10","6","MILLER","LAMAR","3","8","0","8","0","","","","","","","3","8","1","8","0","","","","","","","","","","","","2","100","1","1","","","","","","","","","","","","6"
"415","Miami (FL)","09/23/10","6","MILLER","LAMAR","8","31","0","31","1","","","","","","","8","31","","","","","","","","","","","","2","1","0","1","17","0","1","","","","","","","","","","","","6"
"415","Miami (FL)","10/02/10","6","MILLER","LAMAR","7","53","0","53","0","","","","","","","7","53","","","","","","","","","","","","","","","1","16","0","","","","","","","","","","","","","0"
"415","Miami (FL)","10/23/10","6","MILLER","LAMAR","11","69","2","67","0","","","","","","","11","67","2","10","0","","","","","","","","","","","","","","","","","","","","","","","","","","","0"
"415","Miami (FL)","10/30/10","6","MILLER","LAMAR","6","33","5","28","0","","","","","","","6","28","2","23","0","","","","","","","","","","","","","","","","","","","","","","","","","","","0"
"415","Miami (FL)","11/06/10","6","MILLER","LAMAR","22","127","2","125","1","","","","","","","22","125","2","20","0","","","","","","","","","","","","","","","1","","","1","1","","","","","","","","8"
"415","Miami (FL)","11/13/10","6","MILLER","LAMAR","11","88","3","85","1","","","","","","","11","85","","","","","","","","","","","","","","","","","","1","","","","","","","","","","","","6"
"415","Miami (FL)","11/20/10","6","MILLER","LAMAR","15","164","1","163","1","","","","","","","15","163","","","","","","","","","","","","","","","","","","1","","","","","","","","","","","","6"
"415","Miami (FL)","11/27/10","6","MILLER","LAMAR","9","17","9","8","1","","","","","","","9","8","1","-5","0","","","","","","","","","","","","","","","1","","","","","","","","","","","","6"
"415","Miami (FL)","12/31/10","6","MILLER","LAMAR","5","13","0","13","0","","","","","","","5","13","2","32","0","","","","","","","","","","","","3","47","0","","","","","","","","","","","","","0"
"415","Miami (FL)","10/30/10","17","MORRIS","STEPHEN","3","23","0","23","1","22","9","2","162","2","0","25","185","","","","","","","","","","","","","","","","","","1","","","1","0","","","","","","","","6"
"415","Miami (FL)","11/06/10","17","MORRIS","STEPHEN","6","28","15","13","0","30","18","2","286","1","","36","299","","","","","","","","","","","","","","","","","","","","","","","","","","","","","","0"
"415","Miami (FL)","11/13/10","17","MORRIS","STEPHEN","2","16","0","16","0","18","10","0","230","1","","20","246","","","","","","","","","","","","","","","","","","","","","","","","","","","","","","0"
"415","Miami (FL)","11/20/10","17","MORRIS","STEPHEN","7","22","10","12","0","33","15","3","202","1","","40","214","","","","","","","","","","","","","","","","","","","","","","","","","","","","","","0"
"415","Miami (FL)","11/27/10","17","MORRIS","STEPHEN","2","4","0","4","0","17","8","1","78","0","","19","82","","","","","","","","","","","","","","","","","","","","","","","","","","","","","","0"
"415","Miami (FL)","12/31/10","17","MORRIS","STEPHEN","5","22","16","6","0","33","22","1","282","2","","38","288","","","","","","","","","","","","","","","","","","","","","","","","","","","","","","0"
"415","Miami (FL)","10/16/10","54","REGIS","MICANOR","","","","","","","","","","","","0","0","","","","1","22","1","","","","","","","","","","","","1","","","","","","","","","","","","6"
"415","Miami (FL)","10/09/10","36","ROBINSON","KYLAN","","","","","","","","","","","","0","0","","","","","","","","","","","","","","","1","5","0","","","","","","","","","","","","","0"
"415","Miami (FL)","12/31/10","86","STREETER","TOMMY","","","","","","","","","","","","0","0","1","42","1","","","","","","","","","","","","","","","1","","","","","","","","","","","","6"
"415","Miami (FL)","10/09/10","7","TELEMAQUE","VAUGHN","","","","","","","","","","","","0","0","","","","1","0","0","","","","","","","","","","","","","","","","","","","","","","","","0"
"415","Miami (FL)","10/16/10","7","TELEMAQUE","VAUGHN","","","","","","","","","","","","0","0","","","","2","0","0","","","","","","","","","","","","","","","","","","","","","","","","0"
"415","Miami (FL)","09/02/10","83","THOMPKINS","KENDAL","","","","","","","","","","","","0","0","1","5","0","","","","","","","","","","","","","","","","","","","","","","","","","","","0"
"415","Miami (FL)","09/23/10","8","VAN DYKE","DEMARCUS","","","","","","","","","","","","0","0","","","","1","74","0","","","","","","","","","","","","","","","","","","","","","","","","0"
"415","Miami (FL)","10/16/10","8","VAN DYKE","DEMARCUS","","","","","","","","","","","","0","0","","","","1","0","0","","","","","","","","","","","","","","","","","","","","","","","","0"
"415","Miami (FL)","09/02/10","16","WHIPPLE","SPENCER","","","","","","4","3","0","22","0","","4","22","","","","","","","","","","","","","","","","","","","","","","","","","","","","","","0"
"415","Miami (FL)","09/11/10","16","WHIPPLE","SPENCER","1","0","0","0","0","","","","","","","1","0","","","","","","","","","","","","","","","","","","","","","","","","","","","","","","0"
"415","Miami (FL)","10/09/10","16","WHIPPLE","SPENCER","","","","","","2","1","0","10","0","","2","10","","","","","","","","","","","","","","","","","","","","","","","","","","","","","","0"
"415","Miami (FL)","10/30/10","16","WHIPPLE","SPENCER","","","","","","6","2","2","22","0","","6","22","","","","","","","","","","","","","","","","","","","","","","","","","","","","","","0"
"415","Miami (FL)","09/02/10","71","WHITE","CORY","","","","","","","","","","","","0","0","1","0","0","","","","","","","","","","","","","","","","","","","","","","","","","","","0"
"414","Miami (OH)","09/25/10","16","BOUCHER","AUSTIN","2","-2","5","-7","0","7","5","0","68","1","","9","61","","","","","","","","","","","","","","","","","","","","","","","","","","","","","","0"
"414","Miami (OH)","10/09/10","16","BOUCHER","AUSTIN","","","","","","7","6","0","62","0","","7","62","","","","","","","","","","","","","","","","","","","","","","","","","","","","","","0"
"414","Miami (OH)","11/10/10","16","BOUCHER","AUSTIN","1","4","0","4","0","","","","","","","1","4","","","","","","","","","","","","","","","","","","","","","","","","","","","","","","0"
"414","Miami (OH)","11/17/10","16","BOUCHER","AUSTIN","8","17","13","4","0","32","22","0","213","0","","40","217","","","","","","","","","","","","","","","","","","","","","","","","","","","","","","0"
"414","Miami (OH)","11/23/10","16","BOUCHER","AUSTIN","9","45","8","37","0","28","15","1","155","2","","37","192","","","","","","","","","","","","","","","","","","","","","","","","","","","","","","0"
"414","Miami (OH)","12/03/10","16","BOUCHER","AUSTIN","9","16","31","-15","0","46","29","0","333","1","0","55","318","","","","","","","","","","","","","","","","","","","","","1","0","","","","","","","","0"
"414","Miami (OH)","01/06/11","16","BOUCHER","AUSTIN","6","27","26","1","0","35","22","2","289","2","","41","290","","","","","","","","","","","","","","","","","","","","","","","","","","","","","","0"
"414","Miami (OH)","11/10/10","6","BROWN","D.J.","","","","","","","","","","","","0","0","","","","1","0","0","","","","","","","","","","","","","","","","","","","","","","","","0"
"414","Miami (OH)","01/06/11","6","BROWN","D.J.","","","","","","","","","","","","0","0","","","","1","37","0","","","","","","","","","","","","","","","","","","","","","","","","0"
"414","Miami (OH)","09/04/10","82","BRUTON","KENDRICK","","","","","","","","","","","","0","0","1","17","0","","","","","","","","","","","","","","","","","","","","","","","","","","","0"
"414","Miami (OH)","09/18/10","82","BRUTON","KENDRICK","","","","","","","","","","","","0","0","3","42","1","","","","","","","","","","","","","","","1","","","","","","","","","","","","6"
"414","Miami (OH)","09/25/10","82","BRUTON","KENDRICK","","","","","","","","","","","","0","0","3","32","0","","","","","","","","","","","","","","","","","","","","","","","","","","","0"
"414","Miami (OH)","10/02/10","82","BRUTON","KENDRICK","","","","","","","","","","","","0","0","1","13","0","","","","","","","","","","","","","","","","","","","","","","","","","","","0"
"414","Miami (OH)","10/30/10","82","BRUTON","KENDRICK","","","","","","","","","","","","0","0","1","11","0","","","","","","","","","","","","","","","","","","","","","","","","","","","0"
"414","Miami (OH)","01/06/11","82","BRUTON","KENDRICK","","","","","","","","","","","","0","0","1","14","0","","","","","","","","","","","","","","","","","","","","","","","","","","","0"
"414","Miami (OH)","09/04/10","19","COOK","TREVOR","","","","","","","","","","","","0","0","","","","","","","","","","","","","","","","","","","","","","","","","","","4","4","","12"
"414","Miami (OH)","09/11/10","19","COOK","TREVOR","","","","","","","","","","","","0","0","","","","","","","","","","","","","","","","","","","4","4","0","0","","","","","","","","4"
"414","Miami (OH)","09/18/10","19","COOK","TREVOR","1","0","7","-7","0","","","","","","","1","-7","","","","","","","","","","","","","","","","","","","4","4","0","0","","","","","1","1","","7"
"414","Miami (OH)","09/25/10","19","COOK","TREVOR","","","","","","","","","","","","0","0","","","","","","","","","","","","","","","","","","","1","1","0","0","","","","","3","2","","7"
"414","Miami (OH)","10/02/10","19","COOK","TREVOR","","","","","","","","","","","","0","0","","","","","","","","","","","","","","","","","","","3","3","0","0","","","","","2","2","","9"
"414","Miami (OH)","10/09/10","19","COOK","TREVOR","","","","","","","","","","","","0","0","","","","","","","","","","","","","","","","","","","","","","","","","","","1","1","","3"
"414","Miami (OH)","11/10/10","19","COOK","TREVOR","","","","","","","","","","","","0","0","","","","","","","","","","","","","","","","","","","3","3","0","0","","","","","2","1","","6"
"414","Miami (OH)","11/17/10","19","COOK","TREVOR","","","","","","","","","","","","0","0","","","","","","","","","","","","","","","","","","","1","1","0","0","","","","","5","4","","13"
"414","Miami (OH)","11/23/10","19","COOK","TREVOR","","","","","","","","","","","","0","0","","","","","","","","","","","","","","","","","","","3","2","0","0","","","","","3","1","","5"
"414","Miami (OH)","12/03/10","19","COOK","TREVOR","","","","","","","","","","","","0","0","","","","","","","","","","","","","","","","","","","3","2","0","0","","","","","1","0","","2"
"414","Miami (OH)","01/06/11","19","COOK","TREVOR","","","","","","","","","","","","0","0","","","","","","","","","","","","","","","","","","","5","5","0","0","","","","","1","0","","5"
"414","Miami (OH)","09/11/10","15","CRUSE","ANDY","","","","","","","","","","","","0","0","1","19","0","","","","","","","","","","","","","","","","","","","","","","","","","","","0"
"414","Miami (OH)","09/18/10","15","CRUSE","ANDY","","","","","","","","","","","","0","0","5","40","0","","","","","","","","","","","","","","","","","","","","","","","","","","","0"
"414","Miami (OH)","10/02/10","15","CRUSE","ANDY","","","","","","","","","","","","0","0","4","28","0","","","","","","","","","","","","","","","","","","","","","","","","","","","0"
"414","Miami (OH)","10/09/10","15","CRUSE","ANDY","","","","","","","","","","","","0","0","2","20","0","","","","","","","","","","","","","","","","","","","","","","","","","","","0"
"414","Miami (OH)","10/16/10","15","CRUSE","ANDY","","","","","","","","","","","","0","0","8","179","2","","","","","","","","","","","","","","","2","","","","","","","","","","","","12"
"414","Miami (OH)","10/23/10","15","CRUSE","ANDY","","","","","","","","","","","","0","0","2","37","0","","","","","","","","","","","","","","","","","","","","","","","","","","","0"
"414","Miami (OH)","11/10/10","15","CRUSE","ANDY","","","","","","","","","","","","0","0","1","10","0","","","","","","","","","","","","","","","","","","","","","","","","","","","0"
"414","Miami (OH)","12/03/10","15","CRUSE","ANDY","","","","","","","","","","","","0","0","2","9","0","","","","","","","","","","","","","","","","","","","","","","","","","","","0"
"414","Miami (OH)","09/04/10","4","DYSERT","ZAC","8","14","12","2","0","44","25","4","191","0","","52","193","","","","","","","","","","","","","","","","","","","","","","","","","","","","","","0"
"414","Miami (OH)","09/11/10","4","DYSERT","ZAC","9","58","15","43","0","25","16","1","164","1","","34","207","","","","","","","","","","","","","","","","","","","","","","","","","","","","","","0"
"414","Miami (OH)","09/18/10","4","DYSERT","ZAC","8","17","26","-9","0","22","18","0","231","3","","30","222","","","","","","","","","","","","","","","","","","","","","","","","","","","","","","0"
"414","Miami (OH)","09/25/10","4","DYSERT","ZAC","5","5","13","-8","0","27","20","1","178","0","","32","170","","","","","","","","","","","","","","","","","","","","","","","","","","","","","","0"
"414","Miami (OH)","10/02/10","4","DYSERT","ZAC","7","4","20","-16","0","46","31","0","294","1","","53","278","","","","","","","","","","","","","","","","","","","","","","","","","","","","","","0"
"414","Miami (OH)","10/09/10","4","DYSERT","ZAC","8","20","14","6","0","35","22","0","165","0","","43","171","","","","","","","","","","","","","","","","","","","","","","","","","","","","","","0"
"414","Miami (OH)","10/16/10","4","DYSERT","ZAC","10","29","20","9","0","47","29","0","399","3","","57","408","","","","","","","","","","","","","","","","","","","","","","","","","","","","","","0"
"414","Miami (OH)","10/23/10","4","DYSERT","ZAC","8","14","33","-19","0","36","21","4","332","2","","44","313","","","","","","","","","","","","","","","","","","","","","","","","","","","","","","0"
"414","Miami (OH)","10/30/10","4","DYSERT","ZAC","7","14","15","-1","0","36","21","2","231","2","","43","230","","","","","","","","","","","","","","","","","","","","","","","","","","","","","","0"
"414","Miami (OH)","11/10/10","4","DYSERT","ZAC","9","45","25","20","1","25","19","0","221","1","","34","241","","","","","","","","","","","","","","","","","","1","","","","","","","","","","","","6"
"414","Miami (OH)","09/11/10","22","GAFFORD","JORDAN","","","","","","","","","","","","0","0","","","","1","0","0","","","","","","","","","","","","","","","","","","","","","","","","0"
"414","Miami (OH)","09/04/10","17","GIVENS","CHRIS","","","","","","","","","","","","0","0","2","25","0","","","","","","","","","","","","","","","","","","","","","","","","","","","0"
"414","Miami (OH)","09/11/10","17","GIVENS","CHRIS","","","","","","","","","","","","0","0","2","14","0","","","","","","","","","","","","","","","","","","","","","","","","","","","0"
"414","Miami (OH)","09/25/10","17","GIVENS","CHRIS","","","","","","","","","","","","0","0","1","7","0","","","","","","","","","","","","","","","","","","","","","","","","","","","0"
"414","Miami (OH)","10/02/10","17","GIVENS","CHRIS","","","","","","","","","","","","0","0","5","104","0","","","","","","","","","","","","","","","","","","","","","","","","","","","0"
"414","Miami (OH)","10/30/10","17","GIVENS","CHRIS","","","","","","","","","","","","0","0","3","58","0","","","","","","","","","","","","","","","","","","","","","","","","","","","0"
"414","Miami (OH)","11/10/10","17","GIVENS","CHRIS","","","","","","","","","","","","0","0","1","15","0","","","","","","","","","","","","","","","","","","","","","","","","","","","0"
"414","Miami (OH)","11/17/10","17","GIVENS","CHRIS","","","","","","","","","","","","0","0","4","43","0","","","","","","","","","","","","","","","","","","","","","","","","","","","0"
"414","Miami (OH)","11/23/10","17","GIVENS","CHRIS","","","","","","","","","","","","0","0","2","21","0","","","","","","","","","","","","","","","","","","","","","","","","","","","0"
"414","Miami (OH)","12/03/10","17","GIVENS","CHRIS","","","","","","","","","","","","0","0","2","38","0","","","","","","","","","","","","","","","","","","","","","","","","","","","0"
"414","Miami (OH)","01/06/11","17","GIVENS","CHRIS","","","","","","","","","","","","0","0","4","60","1","","","","","","","","","","","","","","","1","","","","","","","","","","","","6"
"414","Miami (OH)","09/18/10","28","GREEN","DANNY","6","26","0","26","0","","","","","","","6","26","1","8","0","","","","","","","","","","","","","","","","","","","","","","","","","","","0"
"414","Miami (OH)","09/25/10","28","GREEN","DANNY","2","10","0","10","0","","","","","","","2","10","","","","","","","","","","","","","","","","","","","","","","","","","","","","","","0"
"414","Miami (OH)","10/09/10","28","GREEN","DANNY","2","5","0","5","0","","","","","","","2","5","2","13","0","","","","","","","","","","","","","","","","","","","","","","","","","","","0"
"414","Miami (OH)","10/23/10","28","GREEN","DANNY","","","","","","","","","","","","0","0","","","","","","","","","","","","","","","3","71","0","","","","","","","","","","","","","0"
"414","Miami (OH)","10/30/10","28","GREEN","DANNY","","","","","","","","","","","","0","0","","","","","","","","","","","","","","","2","60","0","","","","","","","","","","","","","0"
"414","Miami (OH)","11/10/10","28","GREEN","DANNY","","","","","","","","","","","","0","0","","","","","","","","","","","","","","","3","29","0","","","","","","","","","","","","","0"
"414","Miami (OH)","12/03/10","28","GREEN","DANNY","","","","","","","","","","","","0","0","","","","","","","","","","","","","","","2","44","0","","","","","","","","","","","","","0"
"414","Miami (OH)","09/18/10","30","HARRIS","EVAN","","","","","","","","","","","","0","0","","","","1","56","1","","","","","","","","","","","","1","","","","","","","","","","","","6"
"414","Miami (OH)","10/02/10","30","HARRIS","EVAN","","","","","","","","","","","","0","0","","","","","","","","","","","","0","18","1","","","","1","","","","","","","","","","","","6"
"414","Miami (OH)","10/16/10","30","HARRIS","EVAN","","","","","","","","","","","","0","0","","","","2","13","0","","","","","","","","","","","","","","","","","","","","","","","","0"
"414","Miami (OH)","11/23/10","30","HARRIS","EVAN","","","","","","","","","","","","0","0","","","","2","45","0","","","","","","","","","","","","","","","","","","","","","","","","0"
"414","Miami (OH)","01/06/11","30","HARRIS","EVAN","","","","","","","","","","","","0","0","","","","1","23","0","","","","","","","","","","","","","","","","","","","","","","","","0"
"414","Miami (OH)","09/04/10","8","HARWELL","NICK","","","","","","","","","","","","0","0","1","11","0","","","","","","","","","","","","","","","","","","","","","","","","","","","0"
"414","Miami (OH)","09/11/10","8","HARWELL","NICK","1","1","0","1","0","","","","","","","1","1","","","","","","","","","","","","1","1","0","","","","","","","","","","","","","","","","0"
"414","Miami (OH)","10/02/10","8","HARWELL","NICK","","","","","","","","","","","","0","0","1","4","0","","","","","","","","","","","","","","","","","","","","","","","","","","","0"
"414","Miami (OH)","10/09/10","8","HARWELL","NICK","","","","","","","","","","","","0","0","6","62","0","","","","","","","","","","","","","","","","","","","","","","","","","","","0"
"414","Miami (OH)","10/16/10","8","HARWELL","NICK","","","","","","","","","","","","0","0","8","97","1","","","","","","","","","","","","","","","1","","","","","","","","","","","","6"
"414","Miami (OH)","10/23/10","8","HARWELL","NICK","1","4","0","4","0","","","","","","","1","4","11","219","0","","","","","","","","","","","","","","","","","","","","","","","","","","","0"
"414","Miami (OH)","10/30/10","8","HARWELL","NICK","","","","","","","","","","","","0","0","8","97","2","","","","","","","","","","","","","","","2","","","","","","","","","","","","12"
"414","Miami (OH)","11/10/10","8","HARWELL","NICK","1","11","0","11","0","","","","","","","1","11","10","125","1","","","","","","","","","","","","1","21","0","1","","","","","","","","","","","","6"
"414","Miami (OH)","11/17/10","8","HARWELL","NICK","","","","","","","","","","","","0","0","2","32","0","","","","","","","","","","","","","","","","","","","","","","","","","","","0"
"414","Miami (OH)","11/23/10","8","HARWELL","NICK","1","10","0","10","0","","","","","","","1","10","5","72","1","","","","","","","","","","","","","","","1","","","","","","","","","","","","6"
"414","Miami (OH)","12/03/10","8","HARWELL","NICK","","","","","","","","","","","","0","0","5","66","0","","","","","","","","","1","8","0","","","","","","","","","","","","","","","","0"
"414","Miami (OH)","01/06/11","8","HARWELL","NICK","1","0","5","-5","0","","","","","","","1","-5","7","86","1","","","","","","","","","","","","2","49","0","1","","","","","","","","","","","","6"
"414","Miami (OH)","09/04/10","37","HINKEL","PAT","","","","","","","","","","","","0","0","","","","","","","1","6","0","","","","","","","","","","","","","","","","","","","","","0"
"414","Miami (OH)","09/11/10","37","HINKEL","PAT","","","","","","","","","","","","0","0","","","","1","11","0","","","","","","","","","","","","","","","","","","","","","","","","0"
"414","Miami (OH)","09/25/10","37","HINKEL","PAT","","","","","","","","","","","","0","0","","","","1","0","0","","","","","","","","","","","","","","","","","","","","","","","","0"
"414","Miami (OH)","01/06/11","37","HINKEL","PAT","","","","","","","","","","","","0","0","","","","1","0","0","","","","","","","","","","","","","","","","","","","","","","","","0"
"414","Miami (OH)","09/25/10","66","KENNEDY","MATT","0","4","0","4","0","","","","","","","0","4","","","","","","","","","","","","","","","","","","","","","","","","","","","","","","0"
"414","Miami (OH)","09/04/10","5","KENNEDY","RYAN","","","","","","2","1","0","17","0","","2","17","","","","","","","","","","1","11","","","","","","","","","","","","","","","","","","","0"
"414","Miami (OH)","10/02/10","18","KOKAL","ANTHONY","","","","","","","","","","","","0","0","","","","1","0","0","","","","","","","","","","","","","","","","","","","","","","","","0"
"414","Miami (OH)","10/30/10","91","KRYSINSKI","MASON","","","","","","","","","","","","0","0","","","","","","","","","","","","","","","","","","","3","3","0","0","","","","","","","","3"
"414","Miami (OH)","09/04/10","20","LAWSON","ROMAN","1","3","0","3","0","","","","","","","1","3","","","","","","","","","","","","","","","","","","","","","","","","","","","","","","0"
"414","Miami (OH)","11/17/10","87","MARCK","STEVE","","","","","","","","","","","","0","0","1","10","0","","","","","","","","","","","","","","","","","","","","","","","","","","","0"
"414","Miami (OH)","09/04/10","34","MERRIWEATHER","THOMAS","5","3","5","-2","0","","","","","","","5","-2","2","18","0","","","","","","","","","","","","","","","","","","","","","","","","","","","0"
"414","Miami (OH)","09/11/10","34","MERRIWEATHER","THOMAS","15","107","2","105","3","","","","","","","15","105","1","1","0","","","","","","","","","","","","","","","3","","","","","","","","","","","","18"
"414","Miami (OH)","09/18/10","34","MERRIWEATHER","THOMAS","1","0","1","-1","0","","","","","","","1","-1","","","","","","","","","","","","","","","","","","","","","","","","","","","","","","0"
"414","Miami (OH)","09/25/10","34","MERRIWEATHER","THOMAS","11","36","2","34","0","","","","","","","11","34","1","1","0","","","","","","","","","","","","","","","","","","","","","","","","","","","0"
"414","Miami (OH)","10/02/10","34","MERRIWEATHER","THOMAS","11","56","2","54","1","","","","","","","11","54","2","6","0","","","","","","","","","","","","","","","1","","","","","","","","","","","","6"
"414","Miami (OH)","10/09/10","34","MERRIWEATHER","THOMAS","8","24","4","20","0","","","","","","","8","20","3","6","0","","","","","","","","","","","","","","","","","","","","","","","","","","","0"
"414","Miami (OH)","10/16/10","34","MERRIWEATHER","THOMAS","5","19","0","19","0","","","","","","","5","19","3","11","0","","","","","","","","","","","","","","","","","","","","","","","","","","","0"
"414","Miami (OH)","10/23/10","34","MERRIWEATHER","THOMAS","7","35","0","35","0","","","","","","","7","35","1","14","1","","","","","","","","","","","","","","","1","","","","","","","","","","","","6"
"414","Miami (OH)","10/30/10","34","MERRIWEATHER","THOMAS","19","63","2","61","1","","","","","","","19","61","1","4","0","","","","","","","","","","","","","","","1","","","","","","","","","","","","6"
"414","Miami (OH)","11/10/10","34","MERRIWEATHER","THOMAS","17","91","3","88","1","","","","","","","17","88","1","3","0","","","","","","","","","","","","","","","1","","","","","","","","","","","","6"
"414","Miami (OH)","11/17/10","34","MERRIWEATHER","THOMAS","17","146","5","141","1","","","","","","","17","141","3","7","0","","","","","","","","","","","","","","","1","","","","","","","","","","","","6"
"414","Miami (OH)","11/23/10","34","MERRIWEATHER","THOMAS","22","183","1","182","1","","","","","","","22","182","","","","","","","","","","","","","","","","","","1","","","","","","","","","","","","6"
"414","Miami (OH)","12/03/10","34","MERRIWEATHER","THOMAS","11","90","5","85","2","","","","","","","11","85","","","","","","","","","","","","","","","","","","2","","","","","","","","","","","","12"
"414","Miami (OH)","01/06/11","34","MERRIWEATHER","THOMAS","27","114","14","100","2","","","","","","","27","100","2","13","0","","","","","","","","","","","","","","","2","","","","","","","","","","","","12"
"414","Miami (OH)","09/04/10","45","MURPHY","ZAC","","","","","","","","","","","","0","0","","","","","","","","","","2","78","","","","","","","","","","","","","","","","","","","0"
"414","Miami (OH)","09/11/10","45","MURPHY","ZAC","","","","","","","","","","","","0","0","","","","","","","","","","5","199","","","","","","","","","","","","","","","","","","","0"
"414","Miami (OH)","09/18/10","45","MURPHY","ZAC","","","","","","","","","","","","0","0","","","","","","","","","","4","175","","","","","","","","","","","","","","","","","","","0"
"414","Miami (OH)","09/25/10","45","MURPHY","ZAC","","","","","","","","","","","","0","0","","","","","","","","","","2","70","","","","","","","","","","","","","","","","","","","0"
"414","Miami (OH)","10/02/10","45","MURPHY","ZAC","","","","","","","","","","","","0","0","","","","","","","","","","4","155","","","","","","","","","","","","","","","","","","","0"
"414","Miami (OH)","10/09/10","45","MURPHY","ZAC","","","","","","","","","","","","0","0","","","","","","","","","","6","249","","","","","","","","","","","","","","","","","","","0"
"414","Miami (OH)","10/16/10","45","MURPHY","ZAC","","","","","","","","","","","","0","0","","","","","","","","","","6","218","","","","","","","","","","","","","","","","","","","0"
"414","Miami (OH)","10/23/10","45","MURPHY","ZAC","","","","","","","","","","","","0","0","","","","","","","","","","2","87","","","","","","","","","","","","","","","","","","","0"
"414","Miami (OH)","10/30/10","45","MURPHY","ZAC","","","","","","","","","","","","0","0","","","","","","","","","","3","170","","","","","","","","","","","","","","","","","","","0"
"414","Miami (OH)","11/10/10","45","MURPHY","ZAC","","","","","","","","","","","","0","0","","","","","","","","","","5","216","","","","","","","","","","","","","","","","","","","0"
"414","Miami (OH)","11/17/10","45","MURPHY","ZAC","","","","","","","","","","","","0","0","","","","","","","","","","3","110","","","","","","","","","","","","","","","","","","","0"
"414","Miami (OH)","11/23/10","45","MURPHY","ZAC","","","","","","","","","","","","0","0","","","","","","","","","","5","177","","","","","","","","","","","","","","","","","","","0"
"414","Miami (OH)","12/03/10","45","MURPHY","ZAC","","","","","","","","","","","","0","0","","","","","","","","","","6","228","","","","","","","","","","","","","","","","","","","0"
"414","Miami (OH)","01/06/11","45","MURPHY","ZAC","","","","","","","","","","","","0","0","","","","","","","","","","6","173","","","","","","","","","","","","","","","","","","","0"
"414","Miami (OH)","09/11/10","3","NUNLEY","DAYONNE","","","","","","","","","","","","0","0","","","","1","0","0","","","","","","","","","","","","","","","","","","","","","","","","0"
"414","Miami (OH)","10/02/10","3","NUNLEY","DAYONNE","","","","","","","","","","","","0","0","","","","1","0","0","","","","","","","","","","","","","","","","","","","","","","","","0"
"414","Miami (OH)","10/16/10","3","NUNLEY","DAYONNE","","","","","","","","","","","","0","0","","","","1","3","0","","","","","","","","","","","","","","","","","","","","","","","","0"
"414","Miami (OH)","11/17/10","3","NUNLEY","DAYONNE","","","","","","","","","","","","0","0","","","","1","1","0","","","","","","","","","","","","","","","","","","","","","","","","0"
"414","Miami (OH)","01/06/11","3","NUNLEY","DAYONNE","","","","","","","","","","","","0","0","","","","1","52","1","","","","","","","","","1","39","0","1","","","","","","","","","","","","6"
"414","Miami (OH)","09/04/10","13","PAINE","","","","","","","","","","","","","0","0","2","11","0","","","","","","","","","","","","6","125","0","","","","","","","","","","","","","0"
"414","Miami (OH)","09/11/10","13","PAINE","","1","0","3","-3","0","","","","","","","1","-3","1","-1","0","","","","","","","","","","","","3","71","0","","","","","","","","","","","","","0"
"414","Miami (OH)","09/18/10","13","PAINE","","","","","","","","","","","","","0","0","2","32","0","","","","","","","","","3","10","0","2","44","0","","","","","","","","","","","","","0"
"414","Miami (OH)","09/25/10","13","PAINE","","","","","","","","","","","","","0","0","2","31","0","","","","","","","","","1","5","0","7","154","0","","","","","","","","","","","","","0"
"414","Miami (OH)","10/02/10","13","PAINE","","","","","","","","","","","","","0","0","3","11","0","","","","","","","","","2","2","0","3","48","0","","","","","","","","","","","","","0"
"414","Miami (OH)","10/09/10","13","PAINE","","","","","","","","","","","","","0","0","","","","","","","","","","","","1","10","0","3","50","0","","","","","","","","","","","","","0"
"414","Miami (OH)","10/16/10","13","PAINE","","","","","","","","","","","","","0","0","1","10","0","","","","","","","","","1","-1","0","4","98","0","","","","","","","","","","","","","0"
"414","Miami (OH)","10/23/10","13","PAINE","","1","0","13","-13","0","","","","","","","1","-13","4","49","0","","","","","","","","","","","","2","36","0","","","","","","","","","","","","","0"
"414","Miami (OH)","10/30/10","13","PAINE","","","","","","","","","","","","","0","0","4","35","0","","","","","","","","","","","","","","","","","","","","","","","","","","","0"
"414","Miami (OH)","11/10/10","13","PAINE","","","","","","","","","","","","","0","0","1","11","0","","","","","","","","","","","","","","","","","","","","","","","","","","","0"
"414","Miami (OH)","11/17/10","13","PAINE","","","","","","","","","","","","","0","0","5","20","0","","","","","","","","","3","29","0","1","22","0","","","","","","","","","","","","","0"
"414","Miami (OH)","11/23/10","13","PAINE","","","","","","","","","","","","","0","0","2","19","0","","","","","","","","","1","-2","0","2","10","0","","","","","","","","","","","","","0"
"414","Miami (OH)","12/03/10","13","PAINE","","","","","","","","","","","","","0","0","2","9","0","","","","","","","","","","","","1","15","0","","","","","","","","","","","","","0"
"414","Miami (OH)","01/06/11","13","PAINE","","","","","","","","","","","","","0","0","3","33","0","","","","","","","","","3","56","0","","","","","","","","","","","","","","","","0"
"414","Miami (OH)","09/25/10","1B","PARTRIDGE","ROBERT","","","","","","","","","","","","0","0","","","","","","","","","","1","40","","","","","","","","","","","","","","","","","","","0"
"414","Miami (OH)","10/09/10","1B","PARTRIDGE","ROBERT","1","0","9","-9","0","","","","","","","1","-9","","","","","","","","","","2","68","","","","","","","","","","","","","","","","","","","0"
"414","Miami (OH)","10/16/10","1B","PARTRIDGE","ROBERT","1","5","0","5","0","","","","","","","1","5","","","","","","","","","","","","","","","","","","","","","","","","","","","","","","0"
"414","Miami (OH)","10/23/10","1B","PARTRIDGE","ROBERT","","","","","","","","","","","","0","0","","","","","","","","","","1","40","","","","","","","","","","","","","","","","","","","0"
"414","Miami (OH)","10/30/10","1B","PARTRIDGE","ROBERT","","","","","","","","","","","","0","0","","","","","","","","","","5","138","","","","","","","","","","","","","","","","","","","0"
"414","Miami (OH)","11/17/10","1B","PARTRIDGE","ROBERT","1","5","0","5","0","","","","","","","1","5","","","","","","","","","","2","69","","","","","","","","","","","","","","","","","","","0"
"414","Miami (OH)","10/02/10","23A","PAYNE","TREY","6","15","4","11","0","","","","","","","6","11","1","10","0","","","","","","","","","","","","","","","","","","","","","","","","","","","0"
"414","Miami (OH)","10/09/10","23A","PAYNE","TREY","5","22","0","22","0","","","","","","","5","22","2","10","0","","","","","","","","","","","","","","","","","","","","","","","","","","","0"
"414","Miami (OH)","10/16/10","23A","PAYNE","TREY","8","37","4","33","0","","","","","","","8","33","","","","","","","","","","","","","","","","","","","","","","","","","","","","","","0"
"414","Miami (OH)","10/23/10","23A","PAYNE","TREY","3","7","0","7","0","","","","","","","3","7","1","-1","0","","","","","","","","","","","","","","","","","","","","","","","","","","","0"
"414","Miami (OH)","10/30/10","23A","PAYNE","TREY","3","7","0","7","0","","","","","","","3","7","1","1","0","","","","","","","","","","","","","","","","","","","","","","","","","","","0"
"414","Miami (OH)","10/16/10","39","PHILIP","SETH","","","","","","","","","","","","0","0","","","","","","","","","","","","","","","","","","","3","3","0","0","","","","","2","2","","9"
"414","Miami (OH)","10/23/10","39","PHILIP","SETH","","","","","","","","","","","","0","0","","","","","","","","","","","","","","","","","","","2","1","0","0","","","","","2","0","","1"
"414","Miami (OH)","09/04/10","11","ROBINSON","ARMAND","2","0","15","-15","0","","","","","","","2","-15","11","111","0","","","","","","","","","","","","","","","","","","","","","","","","","","","0"
"414","Miami (OH)","09/11/10","11","ROBINSON","ARMAND","","","","","","","","","","","","0","0","7","89","1","","","","","","","","","","","","","","","1","","","","","","","","","","","","6"
"414","Miami (OH)","09/18/10","11","ROBINSON","ARMAND","1","20","0","20","0","","","","","","","1","20","4","83","1","","","","","","","","","","","","","","","1","","","","","","","","","","","","6"
"414","Miami (OH)","09/25/10","11","ROBINSON","ARMAND","","","","","","","","","","","","0","0","10","99","0","","","","","","","","","","","","","","","","","","","","","","","","","","","0"
"414","Miami (OH)","10/02/10","11","ROBINSON","ARMAND","2","14","3","11","0","","","","","","","2","11","6","28","1","","","","","","","","","","","","","","","1","","","","","","","","","","","","6"
"414","Miami (OH)","10/09/10","11","ROBINSON","ARMAND","","","","","","","","","","","","0","0","9","87","0","","","","","","","","","","","","","","","","","","","","","","","","","","","0"
"414","Miami (OH)","10/16/10","11","ROBINSON","ARMAND","1","5","0","5","0","","","","","","","1","5","9","102","0","","","","","","","","","","","","","","","","","","","","","","","","","","","0"
"414","Miami (OH)","10/23/10","11","ROBINSON","ARMAND","","","","","","","","","","","","0","0","1","15","1","","","","","","","","","","","","","","","1","","","","","","","","","","","","6"
"414","Miami (OH)","10/30/10","11","ROBINSON","ARMAND","","","","","","","","","","","","0","0","3","25","0","","","","","","","","","","","","","","","","","","","","","","","","","","","0"
"414","Miami (OH)","11/10/10","11","ROBINSON","ARMAND","","","","","","","","","","","","0","0","5","57","0","","","","","","","","","","","","","","","","","","","","","","","","","","","0"
"414","Miami (OH)","11/17/10","11","ROBINSON","ARMAND","1","6","0","6","0","","","","","","","1","6","5","66","0","","","","","","","","","","","","","","","","","","","","","","","","","","","0"
"414","Miami (OH)","11/23/10","11","ROBINSON","ARMAND","","","","","","","","","","","","0","0","6","43","1","","","","","","","","","","","","","","","1","","","","","","","","","","","","6"
"414","Miami (OH)","12/03/10","11","ROBINSON","ARMAND","","","","","","","","","","","","0","0","14","176","1","","","","","","","","","","","","","","","1","","","","","","","","","","","","6"
"414","Miami (OH)","01/06/11","11","ROBINSON","ARMAND","4","33","10","23","0","","","","","","","4","23","4","81","0","","","","","","","","","","","","","","","","","","","","","","","","","","","0"
"414","Miami (OH)","09/04/10","9","ROGERS","JAMAL","1","0","3","-3","0","","","","","","","1","-3","4","16","0","","","","","","","","","","","","","","","","","","","","","","","","","","","0"
"414","Miami (OH)","09/11/10","9","ROGERS","JAMAL","","","","","","","","","","","","0","0","4","42","0","","","","","","","","","","","","","","","","","","","","","","","","","","","0"
"414","Miami (OH)","09/25/10","9","ROGERS","JAMAL","1","0","1","-1","0","","","","","","","1","-1","2","21","1","","","","","","","","","","","","","","","1","","","","","","","","","","","","6"
"414","Miami (OH)","10/02/10","9","ROGERS","JAMAL","","","","","","","","","","","","0","0","8","90","0","","","","","","","","","","","","","","","","","","","","","","","","","","","0"
"414","Miami (OH)","10/09/10","9","ROGERS","JAMAL","","","","","","","","","","","","0","0","1","9","0","","","","","","","","","","","","","","","","","","","","","","","","","","","0"
"414","Miami (OH)","11/17/10","12","SCHERPENBERG","","1","3","0","3","0","","","","","","","1","3","","","","","","","","","","","","","","","","","","","","","","","","","","","","","","0"
"414","Miami (OH)","12/03/10","12","SCHERPENBERG","","1","3","0","3","0","","","","","","","1","3","","","","","","","","","","","","","","","","","","","","","","","","","","","","","","0"
"414","Miami (OH)","01/06/11","12","SCHERPENBERG","","","","","","","1","1","0","9","0","","1","9","","","","","","","","","","","","","","","","","","","","","","","","","","","","","","0"
"414","Miami (OH)","09/18/10","46","SEMMES","JUSTIN","","","","","","","","","","","","0","0","1","6","1","","","","","","","","","","","","","","","1","","","","","","","","","","","","6"
"414","Miami (OH)","09/25/10","46","SEMMES","JUSTIN","1","3","0","3","0","","","","","","","1","3","","","","","","","","","","","","","","","","","","","","","","","","","","","","","","0"
"414","Miami (OH)","12/03/10","46","SEMMES","JUSTIN","","","","","","","","","","","","0","0","1","2","0","","","","","","","","","","","","","","","","","","","","","","","","","","","0"
"414","Miami (OH)","01/06/11","46","SEMMES","JUSTIN","","","","","","","","","","","","0","0","1","4","0","","","","","","","","","","","","","","","","","","","","","","","","","","","0"
"414","Miami (OH)","09/18/10","24","STEPHENS","BRANDON","","","","","","","","","","","","0","0","","","","1","31","0","","","","","","","","","","","","","","","","","","","","","","","","0"
"414","Miami (OH)","10/09/10","88","SWIFT","LUCAS","","","","","","","","","","","","0","0","2","13","0","","","","","","","","","","","","","","","","","","","","","","","","","","","0"
"414","Miami (OH)","10/23/10","43","WEDGE","JERRELL","","","","","","","","","","","","0","0","","","","1","28","0","","","","","","","","","","","","","","","","","","","","","","","","0"
"414","Miami (OH)","09/25/10","84","WHITE","DUSTIN","","","","","","","","","","","","0","0","3","23","0","","","","","","","","","","","","","","","","","","","","","","","","","","","0"
"414","Miami (OH)","10/09/10","84","WHITE","DUSTIN","","","","","","","","","","","","0","0","1","7","0","","","","","","","","","","","","","","","","","","","","","","","","","","","0"
"414","Miami (OH)","11/10/10","23","WOODS","TRACY","8","35","0","35","0","","","","","","","8","35","","","","","","","","","","","","","","","","","","","","","","","","","","","","","","0"
"414","Miami (OH)","11/17/10","23","WOODS","TRACY","6","28","0","28","0","","","","","","","6","28","1","40","0","","","","","","","","","","","","","","","","","","","","","","","","","","","0"
"414","Miami (OH)","09/04/10","1G","WOODS","","5","19","0","19","0","","","","","","","5","19","3","-1","0","","","","","","","","","","","","","","","","","","","","","","","","","","","0"
"414","Miami (OH)","09/11/10","1G","WOODS","","9","42","1","41","0","","","","","","","9","41","","","","","","","","","","","","","","","","","","","","","","","","","","","","","","0"
"414","Miami (OH)","09/18/10","1G","WOODS","","19","92","7","85","0","","","","","","","19","85","2","20","0","","","","","","","","","","","","","","","","","","","","","","","","","","","0"
"414","Miami (OH)","09/25/10","1G","WOODS","","11","40","3","37","0","","","","","","","11","37","3","32","0","","","","","","","","","","","","","","","","","","","","","","","","","","","0"
"414","Miami (OH)","12/03/10","1G","WOODS","","5","28","2","26","1","","","","","","","5","26","3","33","0","","","","","","","","","","","","","","","1","","","","","","","","","","","","6"
"418","Michigan","09/11/10","46","BROEKHUIZEN","SETH","","","","","","","","","","","","0","0","","","","","","","","","","","","","","","","","","","1","1","0","0","","","","","","","","1"
"418","Michigan","09/18/10","46","BROEKHUIZEN","SETH","","","","","","","","","","","","0","0","","","","","","","","","","","","","","","","","","","6","6","0","0","","","","","1","0","","6"
"418","Michigan","09/25/10","46","BROEKHUIZEN","SETH","","","","","","","","","","","","0","0","","","","","","","","","","","","","","","","","","","8","8","0","0","","","","","","","","8"
"418","Michigan","10/02/10","46","BROEKHUIZEN","SETH","","","","","","","","","","","","0","0","","","","","","","","","","","","","","","","","","","6","6","0","0","","","","","","","","6"
"418","Michigan","10/09/10","46","BROEKHUIZEN","SETH","","","","","","","","","","","","0","0","","","","","","","","","","","","","","","","","","","2","2","0","0","","","","","2","1","","5"
"418","Michigan","10/16/10","46","BROEKHUIZEN","SETH","","","","","","","","","","","","0","0","","","","","","","","","","","","","","","","","","","4","4","0","0","","","","","1","0","","4"
"418","Michigan","10/30/10","46","BROEKHUIZEN","SETH","","","","","","","","","","","","0","0","","","","","","","","","","","","","","","","","","","4","4","0","0","","","","","1","1","","7"
"418","Michigan","11/06/10","46","BROEKHUIZEN","SETH","","","","","","","","","","","","0","0","","","","","","","","","","","","","","","","","","","8","8","0","0","","","","","2","1","","11"
"418","Michigan","11/13/10","46","BROEKHUIZEN","SETH","","","","","","","","","","","","0","0","","","","","","","","","","","","","","","","","","","4","3","0","0","","","","","1","0","","3"
"418","Michigan","11/20/10","46","BROEKHUIZEN","SETH","","","","","","","","","","","","0","0","","","","","","","","","","","","","","","","","","","","","","","","","","","1","0","","0"
"418","Michigan","11/27/10","46","BROEKHUIZEN","SETH","","","","","","","","","","","","0","0","","","","","","","","","","3","86","","","","","","","","","","","","","","","","","","","0"
"418","Michigan","09/25/10","15","COX","MICHAEL","6","56","0","56","0","","","","","","","6","56","","","","","","","","","","","","","","","","","","","","","","","","","","","","","","0"
"418","Michigan","09/25/10","2F","DILEO","DREW","","","","","","","","","","","","0","0","1","3","0","","","","","","","","","1","15","0","","","","","","","","","","","","","","","","0"
"418","Michigan","11/20/10","2F","DILEO","DREW","","","","","","","","","","","","0","0","","","","","","","","","","","","","","","2","55","0","","","","","","","","","","","","","0"
"418","Michigan","11/27/10","2F","DILEO","DREW","","","","","","","","","","","","0","0","","","","","","","","","","","","1","-2","0","6","118","0","","","","","","","","","","","","","0"
"418","Michigan","09/04/10","45","EZEH","OBI","","","","","","","","","","","","0","0","","","","","","","1","8","0","","","","","","","","","","","","","","","","","","","","","0"
"418","Michigan","09/11/10","1B","FLOYD","J.T.","","","","","","","","","","","","0","0","","","","1","0","0","","","","","","","","","","","","","","","","","","","","","","","","0"
"418","Michigan","09/25/10","5","FORCIER","TATE","4","30","0","30","0","12","12","0","110","1","","16","140","","","","","","","","","","","","","","","","","","","","","","","","","","","","","","0"
"418","Michigan","10/02/10","5","FORCIER","TATE","","","","","","1","1","0","0","0","","1","0","","","","","","","","","","1","39","","","","","","","","","","","","","","","","","","","0"
"418","Michigan","10/16/10","5","FORCIER","TATE","3","8","9","-1","1","26","17","2","239","1","","29","238","","","","","","","","","","","","","","","","","","1","","","","","","","","","","","","6"
"418","Michigan","10/30/10","5","FORCIER","TATE","","","","","","2","0","0","0","0","","2","0","","","","","","","","","","1","27","","","","","","","","","","","","","","","","","","","0"
"418","Michigan","11/06/10","5","FORCIER","TATE","7","40","7","33","0","19","12","1","114","2","1","26","147","","","","","","","","","","","","","","","","","","","","","1","1","","","","","","","","2"
"418","Michigan","11/13/10","5","FORCIER","TATE","4","11","8","3","0","4","1","0","17","0","","8","20","","","","","","","","","","1","39","","","","","","","","","","","","","","","","","","","0"
"418","Michigan","11/20/10","5","FORCIER","TATE","1","0","6","-6","0","5","3","0","35","0","","6","29","","","","","","","","","","","","","","","","","","","","","","","","","","","","","","0"
"418","Michigan","11/27/10","5","FORCIER","TATE","3","6","14","-8","0","15","8","1","82","0","","18","74","","","","","","","","","","1","52","","","","","","","","","","","","","","","","","","","0"
"418","Michigan","09/04/10","10","GALLON","JEREMY","","","","","","","","","","","","0","0","","","","","","","","","","","","1","7","0","","","","","","","","","","","","","","","","0"
"418","Michigan","09/25/10","10","GALLON","JEREMY","","","","","","","","","","","","0","0","2","25","1","","","","","","","","","2","22","0","","","","1","","","","","","","","","","","","6"
"418","Michigan","10/09/10","10","GALLON","JEREMY","","","","","","","","","","","","0","0","","","","","","","","","","","","","","","4","91","0","","","","","","","","","","","","","0"
"418","Michigan","10/16/10","10","GALLON","JEREMY","","","","","","","","","","","","0","0","2","24","0","","","","","","","","","3","5","0","6","118","0","","","","","","","","","","","","","0"
"418","Michigan","10/30/10","10","GALLON","JEREMY","","","","","","","","","","","","0","0","","","","","","","","","","","","2","12","0","5","124","0","","","","","","","","","","","","","0"
"418","Michigan","11/06/10","10","GALLON","JEREMY","","","","","","","","","","","","0","0","","","","","","","","","","","","1","14","0","7","139","0","","","","","","","","","","","","","0"
"418","Michigan","11/13/10","10","GALLON","JEREMY","","","","","","","","","","","","0","0","","","","","","","","","","","","","","","3","54","0","","","","","","","","","","","","","0"
"418","Michigan","11/20/10","10","GALLON","JEREMY","","","","","","","","","","","","0","0","","","","","","","","","","","","","","","2","63","0","","","","","","","","","","","","","0"
"418","Michigan","09/25/10","7","GARDNER","DEVIN","6","25","0","25","1","10","7","0","85","1","","16","110","","","","","","","","","","","","","","","","","","1","","","","","","","","","","","","6"
"418","Michigan","09/04/10","34","GIBBONS","BRENDAN","","","","","","","","","","","","0","0","","","","","","","","","","","","","","","","","","","4","3","0","0","","","","","2","1","","6"
"418","Michigan","09/11/10","34","GIBBONS","BRENDAN","","","","","","","","","","","","0","0","","","","","","","","","","","","","","","","","","","3","3","0","0","","","","","2","0","","3"
"418","Michigan","11/20/10","34","GIBBONS","BRENDAN","","","","","","","","","","","","0","0","","","","","","","","","","","","","","","","","","","4","4","0","0","","","","","","","","4"
"418","Michigan","11/27/10","34","GIBBONS","BRENDAN","","","","","","","","","","","","0","0","","","","","","","","","","","","","","","","","","","1","1","0","0","","","","","","","","1"
"418","Michigan","01/01/11","34","GIBBONS","BRENDAN","","","","","","","","","","","","0","0","","","","","","","","","","","","","","","","","","","2","2","0","0","","","","","1","0","","2"
"418","Michigan","09/18/10","4","GORDON","CAMERON","","","","","","","","","","","","0","0","","","","1","16","0","","","","","","","","","","","","","","","","","","","","","","","","0"
"418","Michigan","10/02/10","4","GORDON","CAMERON","","","","","","","","","","","","0","0","","","","1","19","0","","","","","","","","","","","","","","","","","","","","","","","","0"
"418","Michigan","11/13/10","4","GORDON","CAMERON","","","","","","","","","","","","0","0","","","","","","","1","58","1","","","","","","","","","1","","","","","","","","","","","","6"
"418","Michigan","01/01/11","4","GORDON","CAMERON","","","","","","","","","","","","0","0","","","","1","0","0","","","","","","","","","","","","","","","","","","","","","","","","0"
"418","Michigan","09/04/10","19","GRADY","KELVIN","1","0","3","-3","0","","","","","","","1","-3","3","23","0","","","","","","","","","","","","","","","","","","","","","","","","","","","0"
"418","Michigan","09/11/10","19","GRADY","KELVIN","","","","","","","","","","","","0","0","1","7","0","","","","","","","","","","","","","","","","","","","","","","","","","","","0"
"418","Michigan","09/18/10","19","GRADY","KELVIN","1","15","0","15","0","","","","","","","1","15","2","49","0","","","","","","","","","","","","","","","","","","","","","","","","","","","0"
"418","Michigan","09/25/10","19","GRADY","KELVIN","","","","","","","","","","","","0","0","2","26","0","","","","","","","","","","","","","","","","","","","","","","","","","","","0"
"418","Michigan","10/09/10","19","GRADY","KELVIN","","","","","","","","","","","","0","0","2","28","0","","","","","","","","","","","","","","","","","","","","","","","","","","","0"
"418","Michigan","10/16/10","19","GRADY","KELVIN","","","","","","","","","","","","0","0","1","8","0","","","","","","","","","","","","","","","","","","","","","","","","","","","0"
"418","Michigan","10/30/10","19","GRADY","KELVIN","","","","","","","","","","","","0","0","2","36","0","","","","","","","","","","","","","","","","","","","","","","","","","","","0"
"418","Michigan","11/13/10","19","GRADY","KELVIN","1","13","0","13","0","","","","","","","1","13","","","","","","","","","","","","","","","","","","","","","","","","","","","","","","0"
"418","Michigan","11/20/10","19","GRADY","KELVIN","","","","","","","","","","","","0","0","3","23","0","","","","","","","","","","","","","","","","","","","","","","","","","","","0"
"418","Michigan","11/27/10","19","GRADY","KELVIN","","","","","","","","","","","","0","0","1","11","0","","","","","","","","","","","","","","","","","","","","","","","","","","","0"
"418","Michigan","09/04/10","43","HAGERUP","WILL","","","","","","","","","","","","0","0","","","","","","","","","","1","51","","","","","","","","","","","","","","","","","","","0"
"418","Michigan","09/11/10","43","HAGERUP","WILL","","","","","","","","","","","","0","0","","","","","","","","","","9","345","","","","","","","","","","","","","","","","","","","0"
"418","Michigan","09/18/10","43","HAGERUP","WILL","","","","","","","","","","","","0","0","","","","","","","","","","1","33","","","","","","","","","","","","","","","","","","","0"
"418","Michigan","10/02/10","43","HAGERUP","WILL","","","","","","","","","","","","0","0","","","","","","","","","","4","192","","","","","","","","","","","","","","","","","","","0"
"418","Michigan","10/09/10","43","HAGERUP","WILL","","","","","","","","","","","","0","0","","","","","","","","","","4","188","","","","","","","","","","","","","","","","","","","0"
"418","Michigan","10/16/10","43","HAGERUP","WILL","","","","","","","","","","","","0","0","","","","","","","","","","3","151","","","","","","","","","","","","","","","","","","","0"
"418","Michigan","10/30/10","43","HAGERUP","WILL","","","","","","","","","","","","0","0","","","","","","","","","","2","90","","","","","","","","","","","","","","","","","","","0"
"418","Michigan","11/06/10","43","HAGERUP","WILL","","","","","","","","","","","","0","0","","","","","","","","","","2","83","","","","","","","","","","","","","","","","","","","0"
"418","Michigan","11/13/10","43","HAGERUP","WILL","","","","","","","","","","","","0","0","","","","","","","","","","4","188","","","","","","","","","","","","","","","","","","","0"
"418","Michigan","11/20/10","43","HAGERUP","WILL","","","","","","","","","","","","0","0","","","","","","","","","","3","119","","","","","","","","","","","","","","","","","","","0"
"418","Michigan","09/18/10","21","HEMINGWAY","JUNIOR","","","","","","","","","","","","0","0","1","36","0","","","","","","","","","","","","","","","","","","","","","","","","","","","0"
"418","Michigan","09/25/10","21","HEMINGWAY","JUNIOR","","","","","","","","","","","","0","0","2","25","0","","","","","","","","","","","","","","","","","","","","","","","","","","","0"
"418","Michigan","10/02/10","21","HEMINGWAY","JUNIOR","","","","","","","","","","","","0","0","3","129","1","","","","","","","","","","","","","","","1","","","","","","","","","","","","6"
"418","Michigan","10/09/10","21","HEMINGWAY","JUNIOR","","","","","","","","","","","","0","0","2","42","0","","","","","","","","","","","","","","","","","","","","","","","","","","","0"
"418","Michigan","10/16/10","21","HEMINGWAY","JUNIOR","","","","","","","","","","","","0","0","9","134","1","","","","","","","","","","","","","","","1","","","","","","","","","","","","6"
"418","Michigan","10/30/10","21","HEMINGWAY","JUNIOR","","","","","","","","","","","","0","0","1","21","0","","","","","","","","","","","","","","","","","","","","","","","","","","","0"
"418","Michigan","11/06/10","21","HEMINGWAY","JUNIOR","","","","","","","","","","","","0","0","6","104","2","","","","","","","","","","","","","","","2","","","0","0","","","","","","","","12"
"418","Michigan","11/13/10","21","HEMINGWAY","JUNIOR","","","","","","","","","","","","0","0","3","50","0","","","","","","","","","","","","","","","","","","","","","","","","","","","0"
"418","Michigan","11/20/10","21","HEMINGWAY","JUNIOR","","","","","","","","","","","","0","0","1","3","0","","","","","","","","","","","","","","","","","","","","","","","","","","","0"
"418","Michigan","01/01/11","21","HEMINGWAY","JUNIOR","","","","","","","","","","","","0","0","4","49","0","","","","","","","","","1","34","0","","","","","","","","","","","","","","","","0"
"418","Michigan","09/11/10","33","HOPKINS","STEPHEN","1","1","0","1","1","","","","","","","1","1","","","","","","","","","","","","","","","","","","1","","","","","","","","","","","","6"
"418","Michigan","09/25/10","33","HOPKINS","STEPHEN","6","33","1","32","0","","","","","","","6","32","","","","","","","","","","","","","","","","","","","","","","","","","","","","","","0"
"418","Michigan","10/09/10","33","HOPKINS","STEPHEN","2","13","0","13","0","","","","","","","2","13","","","","","","","","","","","","","","","","","","","","","","","","","","","","","","0"
"418","Michigan","10/16/10","33","HOPKINS","STEPHEN","8","38","0","38","1","","","","","","","8","38","","","","","","","","","","","","","","","","","","1","","","","","","","","","","","","6"
"418","Michigan","10/30/10","33","HOPKINS","STEPHEN","5","14","0","14","0","","","","","","","5","14","","","","","","","","","","","","","","","","","","","","","","","","","","","","","","0"
"418","Michigan","11/06/10","33","HOPKINS","STEPHEN","5","45","0","45","1","","","","","","","5","45","","","","","","","","","","","","","","","","","","1","","","","","","","","","","","","6"
"418","Michigan","11/13/10","33","HOPKINS","STEPHEN","8","10","5","5","1","","","","","","","8","5","","","","","","","","","","","","","","","","","","1","","","","","","","","","","","","6"
"418","Michigan","11/20/10","33","HOPKINS","STEPHEN","2","3","0","3","0","","","","","","","2","3","","","","","","","","","","","","","","","","","","","","","","","","","","","","","","0"
"418","Michigan","11/20/10","17","JACKSON","JEREMY","","","","","","","","","","","","0","0","2","24","0","","","","","","","","","","","","","","","","","","","","","","","","","","","0"
"418","Michigan","11/27/10","17","JACKSON","JEREMY","","","","","","","","","","","","0","0","2","31","0","","","","","","","","","","","","","","","","","","","","","","","","","","","0"
"418","Michigan","11/13/10","13","JOHNSON","ZAC","","","","","","","","","","","","0","0","","","","0","7","0","","","","","","","","","","","","","","","","","","","","","","","","0"
"418","Michigan","09/25/10","14","JONES","TERIC","3","7","0","7","0","","","","","","","3","7","","","","","","","","","","","","","","","","","","","","","","","","","","","","","","0"
"418","Michigan","09/04/10","86","KOGER","KEVIN","","","","","","","","","","","","0","0","3","30","0","","","","","","","","","","","","","","","","","","","","","","","","","","","0"
"418","Michigan","10/02/10","86","KOGER","KEVIN","","","","","","","","","","","","0","0","1","3","1","","","","","","","","","","","","","","","1","","","","","","","","","","","","6"
"418","Michigan","10/09/10","86","KOGER","KEVIN","","","","","","","","","","","","0","0","1","6","0","","","","","","","","","","","","","","","","","","","","","","","","","","","0"
"418","Michigan","10/16/10","86","KOGER","KEVIN","","","","","","","","","","","","0","0","3","26","0","","","","","","","","","","","","","","","","","","","","","","","","","","","0"
"418","Michigan","10/30/10","86","KOGER","KEVIN","","","","","","","","","","","","0","0","1","60","1","","","","","","","","","","","","","","","1","","","","","","","","","","","","6"
"418","Michigan","11/13/10","86","KOGER","KEVIN","","","","","","","","","","","","0","0","2","29","0","","","","","","","","","","","","","","","","","","","","","","","","","","","0"
"418","Michigan","11/27/10","86","KOGER","KEVIN","","","","","","","","","","","","0","0","1","3","0","","","","","","","","","","","","","","","","","","","","","","","","","","","0"
"418","Michigan","01/01/11","86","KOGER","KEVIN","","","","","","","","","","","","0","0","2","42","0","","","","","","","","","","","","","","","","","","","","","","","","","","","0"
"418","Michigan","09/11/10","32","KOVACS","JORDAN","","","","","","","","","","","","0","0","","","","1","10","0","","","","","","","","","","","","","","","","","","","","","","","","0"
"418","Michigan","11/27/10","32","KOVACS","JORDAN","","","","","","","","","","","","0","0","","","","1","41","0","","","","","","","","","","","","","","","","","","","","","","","","0"
"418","Michigan","09/25/10","52","LEACH","KEVIN","","","","","","","","","","","","0","0","","","","","","","","","","","","","","","1","1","0","","","","","","","","","","","","","0"
"418","Michigan","11/13/10","77","LEWAN","TAYLOR","0","11","0","11","0","","","","","","","0","11","","","","","","","","","","","","","","","","","","","","","","","","","","","","","","0"
"418","Michigan","09/25/10","49","MCCOLGAN","JOHN","","","","","","","","","","","","0","0","1","2","1","","","","","","","","","","","","","","","1","","","","","","","","","","","","6"
"418","Michigan","11/06/10","49","MCCOLGAN","JOHN","","","","","","","","","","","","0","0","","","","","","","","","","","","","","","1","10","0","","","","","","","","","","","","","0"
"418","Michigan","11/20/10","44","MOUNDROS","MARK","","","","","","","","","","","","0","0","","","","","","","","","","","","","","","1","15","0","","","","","","","","","","","","","0"
"418","Michigan","09/11/10","8","MOUTON","JONAS","","","","","","","","","","","","0","0","","","","1","9","0","","","","","","","","","","","","","","","","","","","","","","","","0"
"418","Michigan","09/25/10","8","MOUTON","JONAS","","","","","","","","","","","","0","0","","","","1","9","0","","","","","","","","","","","","","","","","","","","","","","","","0"
"418","Michigan","09/04/10","9","ODOMS","MARTAVIOUS","","","","","","","","","","","","0","0","2","23","0","","","","","","","","","","","","1","18","0","","","","","","","","","","","","","0"
"418","Michigan","09/11/10","9","ODOMS","MARTAVIOUS","","","","","","","","","","","","0","0","7","91","0","","","","","","","","","","","","","","","","","","","","","","","","","","","0"
"418","Michigan","09/18/10","9","ODOMS","MARTAVIOUS","","","","","","","","","","","","0","0","1","16","0","","","","","","","","","","","","","","","","","","","","","","","","","","","0"
"418","Michigan","09/25/10","9","ODOMS","MARTAVIOUS","","","","","","","","","","","","0","0","2","16","0","","","","","","","","","","","","","","","","","","","","","","","","","","","0"
"418","Michigan","10/02/10","9","ODOMS","MARTAVIOUS","","","","","","","","","","","","0","0","2","19","0","","","","","","","","","","","","","","","","","","","","","","","","","","","0"
"418","Michigan","10/09/10","9","ODOMS","MARTAVIOUS","","","","","","","","","","","","0","0","1","49","0","","","","","","","","","1","14","0","","","","","","","","","","","","","","","","0"
"418","Michigan","01/01/11","9","ODOMS","MARTAVIOUS","","","","","","","","","","","","0","0","1","27","1","","","","","","","","","","","","7","163","0","1","","","","","","","","","","","","6"
"418","Michigan","09/04/10","16","ROBINSON","DENARD","29","206","9","197","1","22","19","0","186","1","","51","383","","","","","","","","","","","","","","","","","","1","","","","","","","","","","","","6"
"418","Michigan","09/11/10","16","ROBINSON","DENARD","28","258","0","258","2","40","24","0","244","1","","68","502","","","","","","","","","","1","30","","","","","","","2","","","","","","","","","","","","12"
"418","Michigan","09/18/10","16","ROBINSON","DENARD","17","120","16","104","1","14","10","1","241","2","","31","345","","","","","","","","","","","","","","","","","","1","","","","","","","","","","","","6"
"418","Michigan","09/25/10","16","ROBINSON","DENARD","5","129","0","129","2","4","4","0","60","0","","9","189","","","","","","","","","","","","","","","","","","2","","","","","","","","","","","","12"
"418","Michigan","10/02/10","16","ROBINSON","DENARD","19","217","0","217","2","16","10","0","277","3","","35","494","","","","","","","","","","","","","","","","","","2","","","","","","","","","","","","12"
"418","Michigan","10/09/10","16","ROBINSON","DENARD","21","99","13","86","1","29","17","3","215","1","","50","301","","","","","","","","","","","","","","","","","","1","","","","","","","","","","","","6"
"418","Michigan","10/16/10","16","ROBINSON","DENARD","18","106","1","105","0","18","13","1","96","1","","36","201","","","","","","","","","","","","","","","","","","","","","","","","","","","","","","0"
"418","Michigan","10/30/10","16","ROBINSON","DENARD","27","191","0","191","3","23","11","0","190","1","","50","381","","","","","","","","","","","","","","","","","","3","","","","","","","","","","","","18"
"418","Michigan","11/06/10","16","ROBINSON","DENARD","19","71","9","62","0","20","10","2","305","3","","39","367","","","","","","","","","","","","","","","","","","","","","","","","","","","","","","0"
"418","Michigan","11/13/10","16","ROBINSON","DENARD","22","92","24","68","0","21","13","2","176","1","","43","244","","","","","","","","","","1","11","","","","","","","","","","","","","","","","","","","0"
"418","Michigan","11/20/10","16","ROBINSON","DENARD","22","132","11","121","2","25","16","1","239","2","","47","360","","","","","","","","","","","","","","","","","","2","","","","","","","","","","","","12"
"418","Michigan","11/27/10","16","ROBINSON","DENARD","18","112","7","105","0","18","8","0","87","0","","36","192","","","","","","","","","","","","","","","","","","","","","","","","","","","","","","0"
"418","Michigan","01/01/11","16","ROBINSON","DENARD","11","66","7","59","0","41","27","1","254","2","","52","313","","","","","","","","","","","","","","","","","","","","","","","","","","","","","","0"
"418","Michigan","09/04/10","8A","ROBINSON","","","","","","","","","","","","","0","0","1","43","0","","","","","","","","","","","","1","4","0","","","","","","","","","","","","","0"
"418","Michigan","10/30/10","8A","ROBINSON","","","","","","","","","","","","","0","0","","","","","","","","","","","","","","","1","23","0","","","","","","","","","","","","","0"
"418","Michigan","11/13/10","18","ROGERS","JAMES","","","","","","","","","","","","0","0","","","","2","25","0","","","","","","","","","","","","","","","","","","","","","","","","0"
"418","Michigan","11/20/10","18","ROGERS","JAMES","","","","","","","","","","","","0","0","","","","1","9","0","","","","","","","","","","","","","","","","","","","","","","","","0"
"418","Michigan","09/11/10","12","ROUNDTREE","ROY","","","","","","","","","","","","0","0","8","82","1","","","","","","","","","","","","","","","1","","","","","","","","","","","","6"
"418","Michigan","09/18/10","12","ROUNDTREE","ROY","","","","","","","","","","","","0","0","2","12","0","","","","","","","","","","","","","","","","","","","","","","","","","","","0"
"418","Michigan","09/25/10","12","ROUNDTREE","ROY","","","","","","","","","","","","0","0","9","118","0","","","","","","","","","","","","","","","","","","","","","","","","","","","0"
"418","Michigan","10/02/10","12","ROUNDTREE","ROY","","","","","","","","","","","","0","0","5","126","1","","","","","","","","","","","","","","","1","","","","","","","","","","","","6"
"418","Michigan","10/09/10","12","ROUNDTREE","ROY","","","","","","","","","","","","0","0","6","48","0","","","","","","","","","","","","","","","","","","","","","","","","","","","0"
"418","Michigan","10/16/10","12","ROUNDTREE","ROY","","","","","","","","","","","","0","0","2","10","0","","","","","","","","","","","","","","","","","","","","","","","","","","","0"
"418","Michigan","10/30/10","12","ROUNDTREE","ROY","","","","","","","","","","","","0","0","3","15","0","","","","","","","","","","","","","","","","","","","","","","","","","","","0"
"418","Michigan","11/06/10","12","ROUNDTREE","ROY","","","","","","","","","","","","0","0","9","246","2","","","","","","","","","","","","","","","2","","","","","","","","","","","","12"
"418","Michigan","11/13/10","12","ROUNDTREE","ROY","","","","","","","","","","","","0","0","6","69","1","","","","","","","","","","","","","","","1","","","","","","","","","","","","6"
"418","Michigan","11/20/10","12","ROUNDTREE","ROY","","","","","","","","","","","","0","0","7","114","1","","","","","","","","","","","","","","","1","","","","","","","","","","","","6"
"418","Michigan","11/27/10","12","ROUNDTREE","ROY","","","","","","","","","","","","0","0","5","43","0","","","","","","","","","","","","","","","","","","","","","","","","","","","0"
"418","Michigan","01/01/11","12","ROUNDTREE","ROY","","","","","","","","","","","","0","0","9","53","1","","","","","","","","","","","","","","","1","","","","","","","","","","","","6"
"418","Michigan","09/25/10","97","SCHRIMSCHER","SCOTT","","","","","","","","","","","","0","0","","","","","","","","","","","","","","","","","","","1","1","0","0","","","","","","","","1"
"418","Michigan","09/04/10","20","SHAW","MICHAEL","15","59","11","48","1","","","","","","","15","48","1","16","0","","","","","","","","","","","","","","","1","","","","","","","","","","","","6"
"418","Michigan","09/11/10","20","SHAW","MICHAEL","5","12","0","12","0","","","","","","","5","12","3","28","0","","","","","","","","","","","","","","","","","","","","","","","","","","","0"
"418","Michigan","09/18/10","20","SHAW","MICHAEL","12","126","0","126","3","","","","","","","12","126","1","7","0","","","","","","","","","","","","","","","3","","","","","","","","","","","","18"
"418","Michigan","09/25/10","20","SHAW","MICHAEL","12","59","0","59","1","","","","","","","12","59","1","2","0","","","","","","","","","","","","","","","1","","","","","","","","","","","","6"
"418","Michigan","10/09/10","20","SHAW","MICHAEL","4","29","0","29","0","","","","","","","4","29","2","17","0","","","","","","","","","","","","","","","","","","","","","","","","","","","0"
"418","Michigan","10/16/10","20","SHAW","MICHAEL","3","6","0","6","0","","","","","","","3","6","","","","","","","","","","","","","","","","","","","","","","","","","","","","","","0"
"418","Michigan","10/30/10","20","SHAW","MICHAEL","1","4","0","4","0","","","","","","","1","4","","","","","","","","","","","","","","","","","","","","","","","","","","","","","","0"
"418","Michigan","11/06/10","20","SHAW","MICHAEL","9","44","0","44","3","","","","","","","9","44","1","3","0","","","","","","","","","","","","","","","3","","","","","","","","","","","","18"
"418","Michigan","11/13/10","20","SHAW","MICHAEL","2","3","0","3","0","","","","","","","2","3","","","","","","","","","","","","","","","","","","","","","","","","","","","","","","0"
"418","Michigan","11/27/10","20","SHAW","MICHAEL","8","53","1","52","1","","","","","","","8","52","","","","","","","","","","","","","","","1","7","0","1","","","","","","","","","","","","6"
"418","Michigan","01/01/11","20","SHAW","MICHAEL","4","19","0","19","0","","","","","","","4","19","1","2","0","","","","","","","","","","","","","","","","","","","","","","","","","","","0"
"418","Michigan","09/04/10","2","SMITH","VINCENT","14","51","0","51","1","","","","","","","14","51","3","18","1","","","","","","","","","","","","","","","2","","","","","","","","","","","","12"
"418","Michigan","09/11/10","2","SMITH","VINCENT","7","17","0","17","0","","","","","","","7","17","1","3","0","","","","","","","","","","","","","","","","","","","","","","","","","","","0"
"418","Michigan","09/18/10","2","SMITH","VINCENT","11","45","3","42","0","","","","","","","11","42","","","","","","","","","","","","","","","","","","","","","","","","","","","","","","0"
"418","Michigan","09/25/10","2","SMITH","VINCENT","12","62","0","62","2","","","","","","","12","62","","","","","","","","","","","","","","","","","","2","","","","","","","","","","","","12"
"418","Michigan","10/02/10","2","SMITH","VINCENT","9","80","0","80","1","","","","","","","9","80","","","","","","","","","","","","","","","","","","1","","","","","","","","","","","","6"
"418","Michigan","10/09/10","2","SMITH","VINCENT","7","34","0","34","0","","","","","","","7","34","2","13","0","","","","","","","","","","","","","","","","","","","","","","","","","","","0"
"418","Michigan","10/16/10","2","SMITH","VINCENT","10","39","0","39","0","","","","","","","10","39","2","22","1","","","","","","","","","","","","","","","1","","","","","","","","","","","","6"
"418","Michigan","10/30/10","2","SMITH","VINCENT","9","25","1","24","0","","","","","","","9","24","2","36","0","","","","","","","","","","","","","","","","","","","","","","","","","","","0"
"418","Michigan","11/06/10","2","SMITH","VINCENT","13","73","0","73","0","","","","","","","13","73","2","19","0","","","","","","","","","","","","","","","","","","","","","","","","","","","0"
"418","Michigan","11/13/10","2","SMITH","VINCENT","18","100","1","99","1","","","","","","","18","99","","","","","","","","","","","","","","","","","","1","","","","","","","","","","","","6"
"418","Michigan","11/20/10","2","SMITH","VINCENT","11","50","0","50","0","","","","","","","11","50","1","2","0","","","","","","","","","","","","","","","","","","","","","","","","","","","0"
"418","Michigan","11/27/10","2","SMITH","VINCENT","8","23","6","17","0","","","","","","","8","17","","","","","","","","","","","","","","","","","","","","","","","","","","","","","","0"
"418","Michigan","01/01/11","2","SMITH","VINCENT","7","13","0","13","0","","","","","","","7","13","2","17","0","","","","","","","","","","","","","","","","","","","","","","","","","","","0"
"418","Michigan","10/16/10","6","STOKES","JE'RON","","","","","","","","","","","","0","0","1","11","0","","","","","","","","","","","","","","","","","","","","","","","","","","","0"
"418","Michigan","09/04/10","22","STONUM","DARRYL","","","","","","","","","","","","0","0","5","34","0","","","","","","","","","","","","1","19","0","","","","","","","","","","","","","0"
"418","Michigan","09/11/10","22","STONUM","DARRYL","","","","","","","","","","","","0","0","4","33","0","","","","","","","","","","","","4","101","0","","","","","","","","","","","","","0"
"418","Michigan","09/18/10","22","STONUM","DARRYL","","","","","","","","","","","","0","0","3","121","2","","","","","","","","","","","","3","62","0","2","","","","","","","","","","","","12"
"418","Michigan","09/25/10","22","STONUM","DARRYL","","","","","","","","","","","","0","0","3","38","0","","","","","","","","","","","","3","49","0","","","","","","","","","","","","","0"
"418","Michigan","10/02/10","22","STONUM","DARRYL","","","","","","","","","","","","0","0","","","","","","","","","","","","","","","4","83","0","","","","","","","","","","","","","0"
"418","Michigan","10/09/10","22","STONUM","DARRYL","","","","","","","","","","","","0","0","","","","","","","","","","","","","","","2","35","0","","","","","","","","","","","","","0"
"418","Michigan","10/16/10","22","STONUM","DARRYL","","","","","","","","","","","","0","0","9","97","0","","","","","","","","","","","","","","","","","","","","","","","","","","","0"
"418","Michigan","10/30/10","22","STONUM","DARRYL","","","","","","","","","","","","0","0","1","7","0","","","","","","","","","","","","","","","","","","","","","","","","","","","0"
"418","Michigan","11/06/10","22","STONUM","DARRYL","","","","","","","","","","","","0","0","4","47","1","","","","","","","","","","","","1","61","0","1","","","","","","","","","","","","6"
"418","Michigan","11/13/10","22","STONUM","DARRYL","","","","","","","","","","","","0","0","2","17","0","","","","","","","","","","","","","","","","","","","","","","","","","","","0"
"418","Michigan","11/20/10","22","STONUM","DARRYL","","","","","","","","","","","","0","0","4","99","1","","","","","","","","","","","","4","103","0","1","","","","","","","","","","","","6"
"418","Michigan","11/27/10","22","STONUM","DARRYL","","","","","","","","","","","","0","0","7","81","0","","","","","","","","","","","","","","","","","","","","","","","","","","","0"
"418","Michigan","01/01/11","22","STONUM","DARRYL","","","","","","","","","","","","0","0","7","59","0","","","","","","","","","","","","","","","","","","","","","","","","","","","0"
"418","Michigan","09/25/10","28","TOUSSAINT","FITZGERALD","2","66","0","66","1","","","","","","","2","66","","","","","","","","","","","","","","","","","","1","","","","","","","","","","","","6"
"418","Michigan","11/27/10","28","TOUSSAINT","FITZGERALD","4","16","0","16","0","","","","","","","4","16","","","","","","","","","","","","","","","","","","","","","","","","","","","","","","0"
"418","Michigan","01/01/11","28","TOUSSAINT","FITZGERALD","2","5","0","5","0","","","","","","","2","5","1","5","0","","","","","","","","","","","","1","28","0","","","","","","","","","","","","","0"
"418","Michigan","09/25/10","2J","VINOPAL","RAY","","","","","","","","","","","","0","0","","","","1","32","0","","","","","","","","","","","","","","","","","","","","","","","","0"
"418","Michigan","10/09/10","80","WEBB","MARTELL","","","","","","","","","","","","0","0","1","12","1","","","","","","","","","","","","","","","1","","","","","","","","","","","","6"
"418","Michigan","10/16/10","80","WEBB","MARTELL","","","","","","","","","","","","0","0","1","3","0","","","","","","","","","","","","","","","","","","","","","","","","","","","0"
"418","Michigan","10/30/10","80","WEBB","MARTELL","","","","","","","","","","","","0","0","1","15","0","","","","","","","","","","","","","","","","","","","","","","","","","","","0"
"418","Michigan","11/13/10","80","WEBB","MARTELL","","","","","","","","","","","","0","0","1","28","0","","","","","","","","","","","","","","","","","","","","","","","","","","","0"
"418","Michigan","11/20/10","80","WEBB","MARTELL","","","","","","","","","","","","0","0","1","9","0","","","","","","","","","","","","","","","","","","","","","","","","","","","0"
"416","Michigan St.","09/18/10","5","ADAMS","JOHNNY","","","","","","","","","","","","0","0","","","","1","0","0","","","","","","","","","","","","","","","","","","","","","","","","0"
"416","Michigan St.","10/09/10","5","ADAMS","JOHNNY","","","","","","","","","","","","0","0","","","","1","7","0","","","","","","","","","","","","","","","","","","","","","","","","0"
"416","Michigan St.","10/16/10","5","ADAMS","JOHNNY","","","","","","","","","","","","0","0","","","","1","31","0","","","","","","","","","","","","","","","","","","","","","","","","0"
"416","Michigan St.","11/20/10","28","ALLEN","DENICOS","","","","","","","","","","","","0","0","","","","","","","","","","","","1","10","0","","","","","","","","","","","","","","","","0"
"416","Michigan St.","09/04/10","4","BAKER","EDWIN","17","119","2","117","2","","","","","","","17","117","","","","","","","","","","","","","","","","","","2","","","","","","","","","","","","12"
"416","Michigan St.","09/11/10","4","BAKER","EDWIN","15","183","0","183","1","","","","","","","15","183","","","","","","","","","","","","","","","","","","1","","","","","","","","","","","","6"
"416","Michigan St.","09/18/10","4","BAKER","EDWIN","14","99","9","90","1","","","","","","","14","90","1","2","0","","","","","","","","","","","","","","","1","","","","","","","","","","","","6"
"416","Michigan St.","09/25/10","4","BAKER","EDWIN","11","59","0","59","1","","","","","","","11","59","","","","","","","","","","","","","","","","","","1","","","","","","","","","","","","6"
"416","Michigan St.","10/02/10","4","BAKER","EDWIN","18","93","6","87","0","","","","","","","18","87","","","","","","","","","","","","","","","","","","","","","","","","","","","","","","0"
"416","Michigan St.","10/09/10","4","BAKER","EDWIN","22","149","2","147","1","","","","","","","22","147","","","","","","","","","","","","","","","","","","1","","","","","","","","","","","","6"
"416","Michigan St.","10/16/10","4","BAKER","EDWIN","8","23","0","23","0","","","","","","","8","23","","","","","","","","","","","","","","","","","","","","","","","","","","","","","","0"
"416","Michigan St.","10/23/10","4","BAKER","EDWIN","10","73","0","73","1","","","","","","","10","73","1","13","0","","","","","","","","","","","","","","","1","","","","","","","","","","","","6"
"416","Michigan St.","10/30/10","4","BAKER","EDWIN","9","23","2","21","0","","","","","","","9","21","","","","","","","","","","","","","","","","","","","","","","","","","","","","","","0"
"416","Michigan St.","11/06/10","4","BAKER","EDWIN","27","181","2","179","4","","","","","","","27","179","","","","","","","","","","","","","","","","","","4","","","","","","","","","","","","24"
"416","Michigan St.","11/20/10","4","BAKER","EDWIN","16","91","1","90","1","","","","","","","16","90","1","7","0","","","","","","","","","","","","","","","1","","","","","","","","","","","","6"
"416","Michigan St.","11/27/10","4","BAKER","EDWIN","28","128","10","118","1","","","","","","","28","118","","","","","","","","","","","","","","","","","","1","","","","","","","","","","","","6"
"416","Michigan St.","01/01/11","4","BAKER","EDWIN","12","25","11","14","0","","","","","","","12","14","","","","","","","","","","","","","","","","","","","","","","","","","","","","","","0"
"416","Michigan St.","09/04/10","18","BATES","AARON","","","","","","","","","","","","0","0","","","","","","","","","","7","312","","","","","","","","","","","","","","","","","","","0"
"416","Michigan St.","09/11/10","18","BATES","AARON","","","","","","","","","","","","0","0","","","","","","","","","","1","57","","","","","","","","","","","","","","","","","","","0"
"416","Michigan St.","09/18/10","18","BATES","AARON","","","","","","1","1","0","29","1","","1","29","","","","","","","","","","8","363","","","","","","","","","","","","","","","","","","","0"
"416","Michigan St.","09/25/10","18","BATES","AARON","","","","","","","","","","","","0","0","","","","","","","","","","3","129","","","","","","","","","","","","","","","","","","","0"
"416","Michigan St.","10/02/10","18","BATES","AARON","","","","","","","","","","","","0","0","","","","","","","","","","1","43","","","","","","","","","","","","","","","","","","","0"
"416","Michigan St.","10/09/10","18","BATES","AARON","","","","","","","","","","","","0","0","","","","","","","","","","4","180","","","","","","","","","","","","","","","","","","","0"
"416","Michigan St.","10/16/10","18","BATES","AARON","","","","","","","","","","","","0","0","","","","","","","","","","2","100","","","","","","","","","","","","","","","","","","","0"
"416","Michigan St.","10/23/10","18","BATES","AARON","","","","","","1","1","0","21","0","","1","21","","","","","","","","","","6","258","","","","","","","","","","","","","","","","","","","0"
"416","Michigan St.","10/30/10","18","BATES","AARON","","","","","","","","","","","","0","0","","","","","","","","","","6","291","","","","","","","","","","","","","","","","","","","0"
"416","Michigan St.","11/06/10","18","BATES","AARON","","","","","","","","","","","","0","0","","","","","","","","","","3","125","","","","","","","","","","","","","","","","","","","0"
"416","Michigan St.","11/20/10","18","BATES","AARON","","","","","","","","","","","","0","0","","","","","","","","","","5","217","","","","","","","","","","","","","","","","","","","0"
"416","Michigan St.","11/27/10","18","BATES","AARON","","","","","","","","","","","","0","0","","","","","","","","","","4","186","","","","","","","","","","","","","","","","","","","0"
"416","Michigan St.","01/01/11","18","BATES","AARON","","","","","","","","","","","","0","0","","","","","","","","","","7","304","","","","","","","","","","","","","","","","","","","0"
"416","Michigan St.","09/04/10","24","BELL","LE'VEON","10","141","0","141","2","","","","","","","10","141","","","","","","","","","","","","","","","","","","2","","","","","","","","","","","","12"
"416","Michigan St.","09/11/10","24","BELL","LE'VEON","10","63","14","49","1","","","","","","","10","49","1","10","0","","","","","","","","","","","","","","","1","","","","","","","","","","","","6"
"416","Michigan St.","09/18/10","24","BELL","LE'VEON","17","114","0","114","1","","","","","","","17","114","2","18","0","","","","","","","","","","","","","","","1","","","","","","","","","","","","6"
"416","Michigan St.","09/25/10","24","BELL","LE'VEON","11","92","0","92","3","","","","","","","11","92","1","35","0","","","","","","","","","","","","","","","3","","","","","","","","","","","","18"
"416","Michigan St.","10/02/10","24","BELL","LE'VEON","16","75","0","75","0","","","","","","","16","75","","","","","","","","","","","","","","","1","27","0","","","","","","","","","","","","","0"
"416","Michigan St.","10/09/10","24","BELL","LE'VEON","7","79","1","78","1","","","","","","","7","78","1","-3","0","","","","","","","","","","","","1","26","0","1","","","","","","","","","","","","6"
"416","Michigan St.","10/16/10","24","BELL","LE'VEON","10","22","9","13","0","","","","","","","10","13","1","14","0","","","","","","","","","","","","","","","","","","","","","","","","","","","0"
"416","Michigan St.","10/23/10","24","BELL","LE'VEON","8","17","5","12","0","","","","","","","8","12","","","","","","","","","","","","","","","2","51","0","","","","","","","","","","","","","0"
"416","Michigan St.","10/30/10","24","BELL","LE'VEON","6","16","4","12","0","","","","","","","6","12","2","5","0","","","","","","","","","","","","2","38","0","","","","","","","","","","","","","0"
"416","Michigan St.","11/06/10","24","BELL","LE'VEON","6","4","5","-1","0","","","","","","","6","-1","","","","","","","","","","","","","","","","","","","","","","","","","","","","","","0"
"416","Michigan St.","11/20/10","24","BELL","LE'VEON","2","7","0","7","0","","","","","","","2","7","1","12","0","","","","","","","","","","","","","","","","","","","","","","","","","","","0"
"416","Michigan St.","11/27/10","24","BELL","LE'VEON","","","","","","","","","","","","0","0","2","6","0","","","","","","","","","","","","","","","","","","","","","","","","","","","0"
"416","Michigan St.","01/01/11","24","BELL","LE'VEON","4","13","0","13","0","","","","","","","4","13","","","","","","","","","","","","","","","","","","","","","","","","","","","","","","0"
"416","Michigan St.","10/30/10","42","BENDZUCK","NICK","","","","","","","","","","","","0","0","","","","","","","","","","","","","","","1","0","0","","","","","","","","","","","","","0"
"416","Michigan St.","11/20/10","42","BENDZUCK","NICK","","","","","","","","","","","","0","0","","","","","","","","","","","","","","","1","9","0","","","","","","","","","","","","","0"
"416","Michigan St.","09/25/10","34","BUFORD","ANDRE","2","5","0","5","0","","","","","","","2","5","1","4","0","","","","","","","","","","","","","","","","","","","","","","","","","","","0"
"416","Michigan St.","09/25/10","40","BULLOUGH","MAX","","","","","","","","","","","","0","0","","","","1","20","0","","","","","","","","","","","","","","","","","","","","","","","","0"
"416","Michigan St.","09/18/10","22","CAPER","LARRY","3","8","8","0","0","","","","","","","3","0","","","","","","","","","","","","","","","","","","","","","","","","","","","","","","0"
"416","Michigan St.","09/25/10","22","CAPER","LARRY","9","42","4","38","0","","","","","","","9","38","2","30","1","","","","","","","","","","","","","","","1","","","","","","","","","","","","6"
"416","Michigan St.","10/02/10","22","CAPER","LARRY","3","22","0","22","0","","","","","","","3","22","1","35","0","","","","","","","","","","","","","","","","","","","","","","","","","","","0"
"416","Michigan St.","10/09/10","22","CAPER","LARRY","8","34","0","34","1","","","","","","","8","34","1","5","0","","","","","","","","","","","","","","","1","","","","","","","","","","","","6"
"416","Michigan St.","10/16/10","22","CAPER","LARRY","7","38","1","37","1","","","","","","","7","37","1","12","0","","","","","","","","","","","","","","","1","","","","","","","","","","","","6"
"416","Michigan St.","10/23/10","22","CAPER","LARRY","1","3","0","3","0","","","","","","","1","3","2","7","0","","","","","","","","","","","","1","19","0","","","","","","","","","","","","","0"
"416","Michigan St.","10/30/10","22","CAPER","LARRY","1","0","0","0","0","","","","","","","1","0","","","","","","","","","","","","","","","","","","","","","","","","","","","","","","0"
"416","Michigan St.","11/06/10","22","CAPER","LARRY","2","0","5","-5","0","","","","","","","2","-5","1","16","0","","","","","","","","","","","","","","","","","","","","","","","","","","","0"
"416","Michigan St.","11/20/10","22","CAPER","LARRY","","","","","","","","","","","","0","0","1","6","0","","","","","","","","","","","","","","","","","","","","","","","","","","","0"
"416","Michigan St.","11/27/10","22","CAPER","LARRY","3","14","0","14","0","","","","","","","3","14","2","17","0","","","","","","","","","","","","","","","","","","","","","","","","","","","0"
"416","Michigan St.","01/01/11","22","CAPER","LARRY","1","1","0","1","0","","","","","","","1","1","1","5","0","","","","","","","","","","","","2","52","0","","","","","","","","","","","","","0"
"416","Michigan St.","09/11/10","85","CELEK","GARRETT","","","","","","","","","","","","0","0","2","17","0","","","","","","","","","","","","","","","","","","","","","","","","","","","0"
"416","Michigan St.","09/04/10","4A","CONROY","DAN","","","","","","","","","","","","0","0","","","","","","","","","","","","","","","","","","","5","5","0","0","","","","","1","1","","8"
"416","Michigan St.","09/11/10","4A","CONROY","DAN","","","","","","","","","","","","0","0","","","","","","","","","","","","","","","","","","","3","3","0","0","","","","","3","3","","12"
"416","Michigan St.","09/18/10","4A","CONROY","DAN","","","","","","","","","","","","0","0","","","","","","","","","","","","","","","","","","","4","4","0","0","","","","","","","","4"
"416","Michigan St.","09/25/10","4A","CONROY","DAN","","","","","","","","","","","","0","0","","","","","","","","","","","","","","","","","","","6","6","0","0","","","","","1","1","","9"
"416","Michigan St.","10/02/10","4A","CONROY","DAN","","","","","","","","","","","","0","0","","","","","","","","","","","","","","","","","","","4","4","0","0","","","","","2","2","","10"
"416","Michigan St.","10/09/10","4A","CONROY","DAN","","","","","","","","","","","","0","0","","","","","","","","","","","","","","","","","","","4","4","0","0","","","","","2","2","","10"
"416","Michigan St.","10/16/10","4A","CONROY","DAN","","","","","","","","","","","","0","0","","","","","","","","","","","","","","","","","","","2","2","0","0","","","","","4","4","","14"
"416","Michigan St.","10/23/10","4A","CONROY","DAN","","","","","","","","","","","","0","0","","","","","","","","","","","","","","","","","","","5","5","0","0","","","","","1","0","","5"
"416","Michigan St.","11/06/10","4A","CONROY","DAN","","","","","","","","","","","","0","0","","","","","","","","","","","","","","","","","","","4","4","0","0","","","","","1","1","","7"
"416","Michigan St.","11/20/10","4A","CONROY","DAN","","","","","","","","","","","","0","0","","","","","","","","","","","","","","","","","","","4","3","0","0","","","","","","","","3"
"416","Michigan St.","11/27/10","4A","CONROY","DAN","","","","","","","","","","","","0","0","","","","","","","","","","","","","","","","","","","4","4","0","0","","","","","","","","4"
"416","Michigan St.","01/01/11","4A","CONROY","DAN","","","","","","","","","","","","0","0","","","","","","","","","","","","","","","","","","","1","1","0","0","","","","","","","","1"
"416","Michigan St.","09/04/10","8","COUSINS","KIRK","6","11","15","-4","0","21","13","0","186","1","","27","182","","","","","","","","","","","","","","","","","","","","","","","","","","","","","","0"
"416","Michigan St.","09/11/10","8","COUSINS","KIRK","2","7","11","-4","0","17","9","1","142","1","","19","138","","","","","","","","","","","","","","","","","","","","","","","","","","","","","","0"
"416","Michigan St.","09/18/10","8","COUSINS","KIRK","8","17","22","-5","0","33","23","1","245","2","","41","240","","","","","","","","","","","","","","","","","","","","","","","","","","","","","","0"
"416","Michigan St.","09/25/10","8","COUSINS","KIRK","","","","","","20","16","0","290","2","","20","290","","","","","","","","","","","","","","","","","","","","","","","","","","","","","","0"
"416","Michigan St.","10/02/10","8","COUSINS","KIRK","5","8","16","-8","0","29","20","2","269","3","","34","261","","","","","","","","","","","","","","","","","","","","","","","","","","","","","","0"
"416","Michigan St.","10/09/10","8","COUSINS","KIRK","3","0","24","-24","0","25","18","0","284","1","","28","260","","","","","","","","","","","","","","","","","","","","","","","","","","","","","","0"
"416","Michigan St.","10/16/10","8","COUSINS","KIRK","2","0","11","-11","0","24","13","0","201","1","","26","190","","","","","","","","","","","","","","","","","","","","","","","","","","","","","","0"
"416","Michigan St.","10/23/10","8","COUSINS","KIRK","2","0","15","-15","0","43","29","0","331","3","","45","316","","","","","","","","","","","","","","","","","","","","","","","","","","","","","","0"
"416","Michigan St.","10/30/10","8","COUSINS","KIRK","","","","","","29","21","3","198","1","0","29","198","","","","","","","","","","","","","","","","","","","","","1","0","","","","","","","","0"
"416","Michigan St.","11/06/10","8","COUSINS","KIRK","3","9","6","3","0","20","9","1","131","0","","23","134","","","","","","","","","","","","","","","","","","","","","","","","","","","","","","0"
"416","Michigan St.","11/20/10","8","COUSINS","KIRK","3","3","16","-13","1","37","28","1","276","3","1","40","263","","","","","","","","","","","","","","","","","","1","","","1","1","","","","","","","","8"
"416","Michigan St.","11/27/10","8","COUSINS","KIRK","1","1","0","1","0","22","17","0","152","2","","23","153","","","","","","","","","","","","","","","","","","","","","","","","","","","","","","0"
"416","Michigan St.","01/01/11","8","COUSINS","KIRK","5","4","60","-56","0","18","10","1","120","0","","23","64","","","","","","","","","","","","","","","","","","","","","","","","","","","","","","0"
"416","Michigan St.","09/04/10","3","CUNNINGHAM","B.J.","","","","","","","","","","","","0","0","1","11","0","","","","","","","","","","","","","","","","","","","","","","","","","","","0"
"416","Michigan St.","09/11/10","3","CUNNINGHAM","B.J.","","","","","","","","","","","","0","0","2","35","1","","","","","","","","","","","","","","","1","","","","","","","","","","","","6"
"416","Michigan St.","09/18/10","3","CUNNINGHAM","B.J.","","","","","","","","","","","","0","0","7","101","1","","","","","","","","","","","","","","","1","","","","","","","","","","","","6"
"416","Michigan St.","09/25/10","3","CUNNINGHAM","B.J.","","","","","","","","","","","","0","0","4","43","0","","","","","","","","","","","","","","","","","","","","","","","","","","","0"
"416","Michigan St.","10/02/10","3","CUNNINGHAM","B.J.","","","","","","","","","","","","0","0","3","25","1","","","","","","","","","","","","","","","1","","","","","","","","","","","","6"
"416","Michigan St.","10/09/10","3","CUNNINGHAM","B.J.","","","","","","","","","","","","0","0","5","40","0","","","","","","","","","","","","","","","","","","","","","","","","","","","0"
"416","Michigan St.","10/16/10","3","CUNNINGHAM","B.J.","","","","","","","","","","","","0","0","3","83","1","","","","","","","","","","","","","","","1","","","","","","","","","","","","6"
"416","Michigan St.","10/23/10","3","CUNNINGHAM","B.J.","1","0","0","0","0","","","","","","","1","0","8","113","1","","","","","","","","","","","","","","","1","","","","","","","","","","","","6"
"416","Michigan St.","10/30/10","3","CUNNINGHAM","B.J.","","","","","","","","","","","","0","0","4","36","1","","","","","","","","","","","","","","","1","","","","","","","","","","","","6"
"416","Michigan St.","11/06/10","3","CUNNINGHAM","B.J.","","","","","","","","","","","","0","0","4","40","0","","","","","","","","","","","","","","","","","","","","","","","","","","","0"
"416","Michigan St.","11/20/10","3","CUNNINGHAM","B.J.","","","","","","","","","","","","0","0","6","51","1","","","","","","","","","","","","","","","1","","","","","","","","","","","","6"
"416","Michigan St.","11/27/10","3","CUNNINGHAM","B.J.","","","","","","","","","","","","0","0","3","33","2","","","","","","","","","","","","","","","2","","","","","","","","","","","","12"
"416","Michigan St.","09/04/10","2","DELL","MARK","","","","","","","","","","","","0","0","6","81","0","","","","","","","","","1","8","0","","","","","","","","","","","","","","","","0"
"416","Michigan St.","09/11/10","2","DELL","MARK","","","","","","","","","","","","0","0","1","19","0","","","","","","","","","","","","","","","","","","","","","","","","","","","0"
"416","Michigan St.","09/18/10","2","DELL","MARK","","","","","","","","","","","","0","0","1","7","0","","","","","","","","","","","","","","","","","","","","","","","","","","","0"
"416","Michigan St.","09/25/10","2","DELL","MARK","","","","","","","","","","","","0","0","2","65","0","","","","","","","","","","","","","","","","","","","","","","","","","","","0"
"416","Michigan St.","10/02/10","2","DELL","MARK","","","","","","","","","","","","0","0","6","91","1","","","","","","","","","","","","","","","1","","","","","","","","","","","","6"
"416","Michigan St.","10/09/10","2","DELL","MARK","","","","","","","","","","","","0","0","3","93","1","","","","","","","","","","","","","","","1","","","","","","","","","","","","6"
"416","Michigan St.","10/16/10","2","DELL","MARK","","","","","","","","","","","","0","0","3","55","0","","","","","","","","","","","","","","","","","","","","","","","","","","","0"
"416","Michigan St.","10/23/10","2","DELL","MARK","","","","","","","","","","","","0","0","9","109","2","","","","","","","","","","","","","","","2","","","","","","","","","","","","12"
"416","Michigan St.","10/30/10","2","DELL","MARK","","","","","","","","","","","","0","0","8","98","0","","","","","","","","","1","0","0","","","","","","","","","","","","","","","","0"
"416","Michigan St.","11/06/10","2","DELL","MARK","","","","","","","","","","","","0","0","2","35","0","","","","","","","","","","","","","","","","","","","","","","","","","","","0"
"416","Michigan St.","11/20/10","2","DELL","MARK","","","","","","","","","","","","0","0","8","108","2","","","","","","","","","","","","","","","2","","","0","0","","","","","","","","12"
"416","Michigan St.","01/01/11","2","DELL","MARK","","","","","","","","","","","","0","0","2","27","0","","","","","","","","","","","","","","","","","","","","","","","","","","","0"
"416","Michigan St.","09/11/10","13","FOWLER","BENNIE","1","3","0","3","0","","","","","","","1","3","1","8","0","","","","","","","","","","","","","","","","","","","","","","","","","","","0"
"416","Michigan St.","09/25/10","13","FOWLER","BENNIE","1","13","0","13","0","","","","","","","1","13","1","21","0","","","","","","","","","","","","","","","","","","","","","","","","","","","0"
"416","Michigan St.","10/23/10","13","FOWLER","BENNIE","1","22","0","22","1","","","","","","","1","22","2","27","0","","","","","","","","","","","","","","","1","","","","","","","","","","","","6"
"416","Michigan St.","10/30/10","13","FOWLER","BENNIE","1","11","0","11","0","","","","","","","1","11","3","19","0","","","","","","","","","","","","4","75","0","","","","","","","","","","","","","0"
"416","Michigan St.","11/06/10","13","FOWLER","BENNIE","3","16","3","13","0","","","","","","","3","13","1","24","0","","","","","","","","","","","","2","40","0","","","","","","","","","","","","","0"
"416","Michigan St.","11/20/10","13","FOWLER","BENNIE","","","","","","","","","","","","0","0","2","7","0","","","","","","","","","","","","2","43","0","","","","","","","","","","","","","0"
"416","Michigan St.","11/27/10","13","FOWLER","BENNIE","","","","","","","","","","","","0","0","2","13","0","","","","","","","","","","","","3","73","0","","","","","","","","","","","","","0"
"416","Michigan St.","01/01/11","13","FOWLER","BENNIE","","","","","","","","","","","","0","0","2","56","1","","","","","","","","","","","","4","105","0","1","","","","","","","","","","","","6"
"416","Michigan St.","09/04/10","83","GANTT","CHARLIE","","","","","","","","","","","","0","0","2","49","0","","","","","","","","","","","","","","","","","","","","","","","","","","","0"
"416","Michigan St.","09/18/10","83","GANTT","CHARLIE","","","","","","","","","","","","0","0","2","41","1","","","","","","","","","","","","","","","1","","","","","","","","","","","","6"
"416","Michigan St.","10/02/10","83","GANTT","CHARLIE","","","","","","","","","","","","0","0","3","43","1","","","","","","","","","","","","","","","1","","","","","","","","","","","","6"
"416","Michigan St.","10/09/10","83","GANTT","CHARLIE","","","","","","","","","","","","0","0","1","7","0","","","","","","","","","","","","","","","","","","","","","","","","","","","0"
"416","Michigan St.","10/23/10","83","GANTT","CHARLIE","","","","","","","","","","","","0","0","3","20","0","","","","","","","","","","","","","","","","","","","","","","","","","","","0"
"416","Michigan St.","10/30/10","83","GANTT","CHARLIE","","","","","","","","","","","","0","0","4","35","0","","","","","","","","","","","","","","","","","","","","","","","","","","","0"
"416","Michigan St.","11/20/10","83","GANTT","CHARLIE","","","","","","","","","","","","0","0","3","28","0","","","","","","","","","","","","","","","","","","","","","","","","","","","0"
"416","Michigan St.","11/27/10","83","GANTT","CHARLIE","","","","","","","","","","","","0","0","4","38","1","","","","","","","","","","","","","","","1","","","","","","","","","","","","6"
"416","Michigan St.","01/01/11","83","GANTT","CHARLIE","","","","","","","","","","","","0","0","2","40","0","","","","","","","","","","","","","","","","","","","","","","","","","","","0"
"416","Michigan St.","10/16/10","50","GARDINER","STEVE","","","","","","","","","","","","0","0","","","","","","","","","","","","","","","1","10","0","","","","","","","","","","","","","0"
"416","Michigan St.","10/23/10","43","GORDON","ERIC","","","","","","","","","","","","0","0","","","","1","16","0","","","","","","","","","","","","","","","","","","","","","","","","0"
"416","Michigan St.","11/06/10","49","HAMMOCK","TYQUAN","","","","","","","","","","","","0","0","1","16","0","","","","","","","","","","","","","","","","","","","","","","","","","","","0"
"416","Michigan St.","01/01/11","49","HAMMOCK","TYQUAN","","","","","","","","","","","","0","0","","","","","","","","","","","","","","","1","14","0","","","","","","","","","","","","","0"
"416","Michigan St.","09/04/10","20","HILL","NICK","1","2","0","2","0","","","","","","","1","2","","","","","","","","","","","","","","","","","","","","","","","","","","","","","","0"
"416","Michigan St.","09/04/10","11","HYDE","MARCUS","","","","","","","","","","","","0","0","","","","1","10","0","","","","","","","","","","","","","","","","","","","","","","","","0"
"416","Michigan St.","10/16/10","11","HYDE","MARCUS","","","","","","","","","","","","0","0","","","","1","30","0","","","","","","","","","","","","","","","","","","","","","","","","0"
"416","Michigan St.","11/06/10","11","HYDE","MARCUS","","","","","","","","","","","","0","0","","","","1","41","0","","","","","","","","","","","","","","","","","","","","","","","","0"
"416","Michigan St.","09/25/10","53","JONES","GREG","","","","","","","","","","","","0","0","","","","2","36","0","","","","","","","","","","","","","","","","","","","","","","","","0"
"416","Michigan St.","09/04/10","88","LINTHICUM","BRIAN","","","","","","","","","","","","0","0","2","13","0","","","","","","","","","","","","","","","","","","","","","","","","","","","0"
"416","Michigan St.","09/18/10","88","LINTHICUM","BRIAN","","","","","","","","","","","","0","0","1","5","0","","","","","","","","","","","","","","","","","","","","","","","","","","","0"
"416","Michigan St.","09/25/10","88","LINTHICUM","BRIAN","","","","","","","","","","","","0","0","3","63","1","","","","","","","","","","","","","","","1","","","","","","","","","","","","6"
"416","Michigan St.","10/02/10","88","LINTHICUM","BRIAN","","","","","","","","","","","","0","0","2","11","0","","","","","","","","","","","","","","","","","","","","","","","","","","","0"
"416","Michigan St.","10/09/10","88","LINTHICUM","BRIAN","","","","","","","","","","","","0","0","1","34","0","","","","","","","","","","","","","","","","","","","","","","","","","","","0"
"416","Michigan St.","10/16/10","88","LINTHICUM","BRIAN","","","","","","","","","","","","0","0","2","14","0","","","","","","","","","","","","","","","","","","","","","","","","","","","0"
"416","Michigan St.","10/30/10","88","LINTHICUM","BRIAN","","","","","","","","","","","","0","0","1","10","0","","","","","","","","","","","","","","","","","","","","","","","","","","","0"
"416","Michigan St.","11/20/10","88","LINTHICUM","BRIAN","","","","","","","","","","","","0","0","1","10","0","","","","","","","","","","","","","","","","","","","","","","","","","","","0"
"416","Michigan St.","11/27/10","88","LINTHICUM","BRIAN","","","","","","","","","","","","0","0","4","42","0","","","","","","","","","","","","","","","","","","","","","","","","","","","0"
"416","Michigan St.","01/01/11","88","LINTHICUM","BRIAN","","","","","","","","","","","","0","0","1","28","0","","","","","","","","","","","","","","","","","","","","","","","","","","","0"
"416","Michigan St.","09/04/10","82","MARTIN","KESHAWN","2","43","0","43","0","","","","","","","2","43","","","","","","","","","","","","2","5","0","","","","","","","","","","","","","","","","0"
"416","Michigan St.","09/11/10","82","MARTIN","KESHAWN","","","","","","","","","","","","0","0","2","53","0","","","","","","","","","3","62","0","4","89","0","","","","","","","","","","","","","0"
"416","Michigan St.","09/18/10","82","MARTIN","KESHAWN","1","4","0","4","0","","","","","","","1","4","8","96","1","","","","","","","","","","","","4","71","0","1","","","","","","","","","","","","6"
"416","Michigan St.","09/25/10","82","MARTIN","KESHAWN","1","12","0","12","0","","","","","","","1","12","4","36","0","","","","","","","","","3","35","0","2","41","0","","","","","","","","","","","","","0"
"416","Michigan St.","10/02/10","82","MARTIN","KESHAWN","1","2","0","2","0","","","","","","","1","2","2","34","0","","","","","","","","","2","83","1","3","71","0","1","","","","","","","","","","","","6"
"416","Michigan St.","10/09/10","82","MARTIN","KESHAWN","1","15","0","15","0","","","","","","","1","15","6","69","0","","","","","","","","","1","9","0","3","30","0","","","","","","","","","","","","","0"
"416","Michigan St.","10/16/10","82","MARTIN","KESHAWN","3","18","0","18","0","","","","","","","3","18","1","9","0","","","","","","","","","2","13","0","","","","","","","","","","","","","","","","0"
"416","Michigan St.","10/23/10","82","MARTIN","KESHAWN","1","9","0","9","0","","","","","","","1","9","1","12","0","","","","","","","","","1","3","0","","","","","","","","","","","","","","","","0"
"416","Michigan St.","11/20/10","82","MARTIN","KESHAWN","2","13","0","13","0","","","","","","","2","13","4","38","0","","","","","","","","","1","3","0","3","41","0","","","","","","","","","","","","","0"
"416","Michigan St.","11/27/10","82","MARTIN","KESHAWN","2","41","0","41","0","1","1","0","13","0","","3","54","1","6","0","","","","","","","","","","","","1","12","0","","","","","","","","","","","","","0"
"416","Michigan St.","01/01/11","82","MARTIN","KESHAWN","4","12","12","0","0","","","","","","","4","0","3","41","0","","","","","","","","","1","15","0","","","","","","","","","","","","","","","","0"
"416","Michigan St.","09/04/10","1A","MAXWELL","ANDREW","","","","","","1","0","0","0","0","","1","0","","","","","","","","","","","","","","","","","","","","","","","","","","","","","","0"
"416","Michigan St.","09/25/10","1A","MAXWELL","ANDREW","2","0","18","-18","0","5","3","0","41","0","","7","23","","","","","","","","","","","","","","","","","","","","","","","","","","","","","","0"
"416","Michigan St.","10/30/10","1A","MAXWELL","ANDREW","2","0","11","-11","0","10","4","0","29","0","","12","18","","","","","","","","","","","","","","","","","","","","","","","","","","","","","","0"
"416","Michigan St.","11/20/10","1A","MAXWELL","ANDREW","","","","","","3","2","0","10","0","","3","10","","","","","","","","","","","","","","","","","","","","","","","","","","","","","","0"
"416","Michigan St.","01/01/11","1A","MAXWELL","ANDREW","1","0","8","-8","0","6","2","0","43","0","","7","35","","","","","","","","","","","","","","","","","","","","","","","","","","","","","","0"
"416","Michigan St.","09/04/10","7","NICHOL","KEITH","","","","","","","","","","","","0","0","2","32","1","","","","","","","","","","","","","","","1","","","","","","","","","","","","6"
"416","Michigan St.","09/18/10","7","NICHOL","KEITH","","","","","","","","","","","","0","0","1","2","0","","","","","","","","","","","","","","","","","","","","","","","","","","","0"
"416","Michigan St.","09/25/10","7","NICHOL","KEITH","","","","","","","","","","","","0","0","1","34","0","","","","","","","","","","","","","","","","","","","","","","","","","","","0"
"416","Michigan St.","10/02/10","7","NICHOL","KEITH","","","","","","","","","","","","0","0","3","30","0","","","","","","","","","","","","","","","","","","","","","","","","","","","0"
"416","Michigan St.","10/09/10","7","NICHOL","KEITH","","","","","","1","1","0","3","0","","1","3","1","42","0","","","","","","","","","","","","","","","","","","","","","","","","","","","0"
"416","Michigan St.","10/16/10","7","NICHOL","KEITH","1","13","0","13","0","","","","","","","1","13","2","14","0","","","","","","","","","","","","","","","","","","","","","","","","","","","0"
"416","Michigan St.","10/23/10","7","NICHOL","KEITH","1","3","0","3","0","","","","","","","1","3","4","51","0","","","","","","","","","","","","","","","","","","","","","","","","","","","0"
"416","Michigan St.","10/30/10","7","NICHOL","KEITH","1","0","2","-2","0","","","","","","","1","-2","1","3","0","","","","","","","","","","","","","","","","","","","","","","","","","","","0"
"416","Michigan St.","11/20/10","7","NICHOL","KEITH","","","","","","","","","","","","0","0","3","19","0","","","","","","","","","","","","","","","","","","","","","","","","","","","0"
"416","Michigan St.","11/27/10","7","NICHOL","KEITH","1","0","5","-5","0","1","1","0","3","1","","2","-2","1","13","0","","","","","","","","","","","","","","","","","","","","","","","","","","","0"
"416","Michigan St.","01/01/11","7","NICHOL","KEITH","","","","","","5","2","0","56","1","","5","56","3","22","0","","","","","","","","","","","","","","","","","","","","","","","","","","","0"
"416","Michigan St.","11/20/10","10","NORMAN","CHRIS","","","","","","","","","","","","0","0","","","","1","8","0","","","","","","","","","","","","","","","","","","","","","","","","0"
"416","Michigan St.","09/04/10","39","ROBINSON","TRENTON","","","","","","","","","","","","0","0","","","","","","","","","","","","","","","2","42","0","","","","","","","","","","","","","0"
"416","Michigan St.","09/25/10","39","ROBINSON","TRENTON","","","","","","","","","","","","0","0","","","","1","0","0","","","","","","","","","","","","","","","","","","","","","","","","0"
"416","Michigan St.","10/09/10","39","ROBINSON","TRENTON","","","","","","","","","","","","0","0","","","","1","0","0","","","","","","","","","","","","","","","","","","","","","","","","0"
"416","Michigan St.","10/16/10","39","ROBINSON","TRENTON","","","","","","","","","","","","0","0","","","","1","15","0","","","","","","","","","","","","","","","","","","","","","","","","0"
"416","Michigan St.","11/27/10","39","ROBINSON","TRENTON","","","","","","","","","","","","0","0","","","","1","4","0","","","","","","","","","","","","","","","","","","","","","","","","0"
"416","Michigan St.","10/09/10","29","RUCKER","CHRIS L.","","","","","","","","","","","","0","0","","","","1","0","0","","","","","","","","","","","","","","","","","","","","","","","","0"
"416","Michigan St.","11/20/10","29","RUCKER","CHRIS L.","","","","","","","","","","","","0","0","","","","1","20","0","","","","","","","","","","","","","","","","","","","","","","","","0"
"416","Michigan St.","09/18/10","86","SMITH","FRED","","","","","","","","","","","","0","0","1","2","0","","","","","","","","","","","","","","","","","","","","","","","","","","","0"
"416","Michigan St.","10/30/10","15","SPENCER","DONALD","","","","","","","","","","","","0","0","2","21","0","","","","","","","","","","","","","","","","","","","","","","","","","","","0"
"416","Michigan St.","09/25/10","32","WHITE","MITCHELL","","","","","","","","","","","","0","0","","","","","","","","","","","","1","14","0","","","","","","","","","","","","","","","","0"
"419","Middle Tenn.","09/02/10","80","ANDREWS","GARRETT","","","","","","","","","","","","0","0","4","33","0","","","","","","","","","","","","","","","","","","","","","","","","","","","0"
"419","Middle Tenn.","09/11/10","80","ANDREWS","GARRETT","","","","","","","","","","","","0","0","4","97","0","","","","","","","","","","","","","","","","","","","","","","","","","","","0"
"419","Middle Tenn.","09/18/10","80","ANDREWS","GARRETT","","","","","","","","","","","","0","0","4","40","0","","","","","","","","","","","","","","","","","","","","","","","","","","","0"
"419","Middle Tenn.","10/05/10","80","ANDREWS","GARRETT","","","","","","","","","","","","0","0","3","9","0","","","","","","","","","","","","","","","","","","","","","","","","","","","0"
"419","Middle Tenn.","10/16/10","80","ANDREWS","GARRETT","","","","","","","","","","","","0","0","1","13","0","","","","","","","","","","","","","","","","","","","","","","","","","","","0"
"419","Middle Tenn.","10/23/10","80","ANDREWS","GARRETT","","","","","","","","","","","","0","0","2","39","1","","","","","","","","","","","","","","","1","","","","","","","","","","","","6"
"419","Middle Tenn.","11/02/10","80","ANDREWS","GARRETT","","","","","","","","","","","","0","0","3","51","1","","","","","","","","","","","","","","","1","","","","","","","","","","","","6"
"419","Middle Tenn.","11/13/10","80","ANDREWS","GARRETT","","","","","","","","","","","","0","0","4","41","0","","","","","","","","","","","","","","","","","","","","","","","","","","","0"
"419","Middle Tenn.","11/20/10","80","ANDREWS","GARRETT","","","","","","","","","","","","0","0","2","11","0","","","","","","","","","","","","","","","","","","","","","","","","","","","0"
"419","Middle Tenn.","11/27/10","80","ANDREWS","GARRETT","","","","","","","","","","","","0","0","1","7","0","","","","","","","","","","","","","","","","","","","","","","","","","","","0"
"419","Middle Tenn.","12/04/10","80","ANDREWS","GARRETT","","","","","","","","","","","","0","0","1","6","0","","","","","","","","","","","","","","","","","","","","","","","","","","","0"
"419","Middle Tenn.","01/06/11","80","ANDREWS","GARRETT","","","","","","","","","","","","0","0","4","36","0","","","","","","","","","","","","","","","","","","","","","","","","","","","0"
"419","Middle Tenn.","09/18/10","83","BAMBER","JARED","","","","","","","","","","","","0","0","1","6","0","","","","","","","","","","","","","","","","","","","","","","","","","","","0"
"419","Middle Tenn.","12/04/10","83","BAMBER","JARED","","","","","","","","","","","","0","0","1","17","0","","","","","","","","","","","","","","","","","","","","","","","","","","","0"
"419","Middle Tenn.","09/25/10","19","BANKS","ANDREW","","","","","","","","","","","","0","0","2","20","0","","","","","","","","","","","","","","","","","","","","","","","","","","","0"
"419","Middle Tenn.","11/20/10","19","BANKS","ANDREW","","","","","","","","","","","","0","0","2","5","0","","","","","","","","","","","","","","","","","","","","","","","","","","","0"
"419","Middle Tenn.","09/02/10","4","BEYAH","MALCOLM","","","","","","","","","","","","0","0","3","65","0","","","","","","","","","","","","4","86","0","","","","","","","","","","","","","0"
"419","Middle Tenn.","09/11/10","4","BEYAH","MALCOLM","","","","","","","","","","","","0","0","3","21","0","","","","","","","","","","","","","","","","","","","","","","","","","","","0"
"419","Middle Tenn.","09/18/10","4","BEYAH","MALCOLM","1","0","0","0","0","","","","","","","1","0","2","63","1","","","","","","","","","","","","","","","1","","","","","","","","","","","","6"
"419","Middle Tenn.","09/25/10","4","BEYAH","MALCOLM","","","","","","","","","","","","0","0","2","86","1","","","","","","","","","","","","","","","1","","","","","","","","","","","","6"
"419","Middle Tenn.","10/05/10","4","BEYAH","MALCOLM","","","","","","","","","","","","0","0","4","17","0","","","","","","","","","","","","","","","","","","","","","","","","","","","0"
"419","Middle Tenn.","10/16/10","4","BEYAH","MALCOLM","","","","","","","","","","","","0","0","4","35","0","","","","","","","","","","","","","","","","","","","","","","","","","","","0"
"419","Middle Tenn.","10/23/10","4","BEYAH","MALCOLM","1","5","0","5","0","","","","","","","1","5","1","2","0","","","","","","","","","","","","","","","","","","","","","","","","","","","0"
"419","Middle Tenn.","11/02/10","4","BEYAH","MALCOLM","2","20","0","20","0","","","","","","","2","20","3","16","0","","","","","","","","","","","","","","","","","","","","","","","","","","","0"
"419","Middle Tenn.","11/13/10","4","BEYAH","MALCOLM","1","0","3","-3","0","","","","","","","1","-3","3","16","0","","","","","","","","","","","","","","","","","","","","","","","","","","","0"
"419","Middle Tenn.","11/20/10","4","BEYAH","MALCOLM","","","","","","","","","","","","0","0","1","2","0","","","","","","","","","","","","","","","","","","","","","","","","","","","0"
"419","Middle Tenn.","12/04/10","4","BEYAH","MALCOLM","1","1","0","1","0","","","","","","","1","1","1","41","0","","","","","","","","","","","","","","","","","","","","","","","","","","","0"
"419","Middle Tenn.","01/06/11","4","BEYAH","MALCOLM","","","","","","","","","","","","0","0","2","24","0","","","","","","","","","","","","","","","","","","","","","","","","","","","0"
"419","Middle Tenn.","09/25/10","16","BLISSARD","SHANE","","","","","","","","","","","","0","0","1","3","0","","","","","","","","","","","","","","","","","","","","","","","","","","","0"
"419","Middle Tenn.","10/05/10","16","BLISSARD","SHANE","","","","","","","","","","","","0","0","1","8","0","","","","","","","","","","","","","","","","","","","","","","","","","","","0"
"419","Middle Tenn.","10/16/10","16","BLISSARD","SHANE","","","","","","","","","","","","0","0","1","8","0","","","","","","","","","","","","","","","","","","","","","","","","","","","0"
"419","Middle Tenn.","10/23/10","16","BLISSARD","SHANE","","","","","","","","","","","","0","0","1","9","0","","","","","","","","","","","","","","","","","","","","","","","","","","","0"
"419","Middle Tenn.","11/02/10","16","BLISSARD","SHANE","","","","","","","","","","","","0","0","1","6","0","","","","","","","","","","","","","","","","","","","","","","","","","","","0"
"419","Middle Tenn.","11/13/10","16","BLISSARD","SHANE","","","","","","","","","","","","0","0","2","27","0","","","","","","","","","","","","","","","","","","","","","","","","","","","0"
"419","Middle Tenn.","11/20/10","16","BLISSARD","SHANE","","","","","","","","","","","","0","0","1","24","0","","","","","","","","","","","","","","","","","","","","","","","","","","","0"
"419","Middle Tenn.","11/27/10","16","BLISSARD","SHANE","","","","","","","","","","","","0","0","4","44","0","","","","","","","","","","","","","","","","","","","","","","","","","","","0"
"419","Middle Tenn.","12/04/10","16","BLISSARD","SHANE","","","","","","","","","","","","0","0","1","3","0","","","","","","","","","","","","","","","","","","","","","","","","","","","0"
"419","Middle Tenn.","01/06/11","16","BLISSARD","SHANE","","","","","","","","","","","","0","0","2","20","0","","","","","","","","","","","","","","","","","","","","","","","","","","","0"
"419","Middle Tenn.","09/02/10","17","BROWN","JAMAR","","","","","","","","","","","","0","0","2","17","0","","","","","","","","","","","","","","","","","","","","","","","","","","","0"
"419","Middle Tenn.","09/11/10","17","BROWN","JAMAR","","","","","","","","","","","","0","0","2","18","0","","","","","","","","","","","","","","","","","","","","","","","","","","","0"
"419","Middle Tenn.","09/18/10","17","BROWN","JAMAR","","","","","","","","","","","","0","0","1","5","0","","","","","","","","","","","","","","","","","","","","","","","","","","","0"
"419","Middle Tenn.","09/25/10","17","BROWN","JAMAR","","","","","","","","","","","","0","0","2","10","0","","","","","","","","","","","","","","","","","","","","","","","","","","","0"
"419","Middle Tenn.","10/05/10","17","BROWN","JAMAR","","","","","","","","","","","","0","0","3","28","0","","","","","","","","","","","","","","","","","","","","","","","","","","","0"
"419","Middle Tenn.","11/02/10","17","BROWN","JAMAR","","","","","","","","","","","","0","0","1","16","0","","","","","","","","","","","","","","","","","","","","","","","","","","","0"
"419","Middle Tenn.","01/06/11","33","BROWN","KEVIN","","","","","","","","","","","","0","0","","","","1","0","0","","","","","","","","","","","","","","","","","","","","","","","","0"
"419","Middle Tenn.","09/11/10","81","CALDWELL","WES","","","","","","","","","","","","0","0","2","20","0","","","","","","","","","","","","","","","","","","","","","","","","","","","0"
"419","Middle Tenn.","09/18/10","81","CALDWELL","WES","","","","","","","","","","","","0","0","2","17","0","","","","","","","","","","","","","","","","","","","","","","","","","","","0"
"419","Middle Tenn.","09/25/10","81","CALDWELL","WES","","","","","","","","","","","","0","0","2","14","0","","","","","","","","","","","","","","","","","","","","","","","","","","","0"
"419","Middle Tenn.","10/05/10","81","CALDWELL","WES","","","","","","","","","","","","0","0","3","22","0","","","","","","","","","","","","","","","","","","","","","","","","","","","0"
"419","Middle Tenn.","09/25/10","24","CRUMPTON","DERRICK","","","","","","","","","","","","0","0","","","","","","","1","31","0","","","","","","","","","","","","","","","","","","","","","0"
"419","Middle Tenn.","09/02/10","2","CUNNINGHAM","BENJAMIN","7","33","2","31","0","","","","","","","7","31","","","","","","","","","","","","","","","","","","","","","","","","","","","","","","0"
"419","Middle Tenn.","09/11/10","2","CUNNINGHAM","BENJAMIN","14","88","2","86","1","","","","","","","14","86","1","4","0","","","","","","","","","","","","1","23","0","1","","","","","","","","","","","","6"
"419","Middle Tenn.","09/18/10","2","CUNNINGHAM","BENJAMIN","9","23","2","21","0","","","","","","","9","21","3","22","0","","","","","","","","","","","","","","","","","","","","","","","","","","","0"
"419","Middle Tenn.","09/25/10","2","CUNNINGHAM","BENJAMIN","8","26","3","23","0","","","","","","","8","23","3","24","0","","","","","","","","","","","","","","","","","","","","","","","","","","","0"
"419","Middle Tenn.","10/05/10","2","CUNNINGHAM","BENJAMIN","3","7","0","7","0","","","","","","","3","7","3","19","0","","","","","","","","","","","","","","","","","","","","","","","","","","","0"
"419","Middle Tenn.","10/16/10","2","CUNNINGHAM","BENJAMIN","2","7","0","7","0","","","","","","","2","7","1","-4","0","","","","","","","","","","","","1","27","0","","","","","","","","","","","","","0"
"419","Middle Tenn.","10/23/10","2","CUNNINGHAM","BENJAMIN","7","49","0","49","0","","","","","","","7","49","","","","","","","","","","","","","","","","","","","","","","","","","","","","","","0"
"419","Middle Tenn.","11/02/10","2","CUNNINGHAM","BENJAMIN","11","40","0","40","1","","","","","","","11","40","","","","","","","","","","","","","","","","","","1","","","","","","","","","","","","6"
"419","Middle Tenn.","11/13/10","2","CUNNINGHAM","BENJAMIN","2","3","3","0","0","","","","","","","2","0","","","","","","","","","","","","","","","1","32","0","","","","","","","","","","","","","0"
"419","Middle Tenn.","11/20/10","2","CUNNINGHAM","BENJAMIN","6","59","0","59","1","","","","","","","6","59","1","2","0","","","","","","","","","1","0","0","4","118","0","1","","","","","","","","","","","","6"
"419","Middle Tenn.","11/27/10","2","CUNNINGHAM","BENJAMIN","7","26","3","23","0","","","","","","","7","23","2","18","0","","","","","","","","","","","","2","41","0","","","","","","","","","","","","","0"
"419","Middle Tenn.","12/04/10","2","CUNNINGHAM","BENJAMIN","1","2","0","2","1","","","","","","","1","2","2","11","0","","","","","","","","","","","","2","47","0","1","","","","","","","","","","","","6"
"419","Middle Tenn.","01/06/11","2","CUNNINGHAM","BENJAMIN","1","7","0","7","0","","","","","","","1","7","","","","","","","","","","","","","","","3","76","0","","","","","","","","","","","","","0"
"419","Middle Tenn.","10/05/10","9","DASHER","DWIGHT","14","56","29","27","2","37","22","1","172","0","","51","199","","","","","","","","","","","","","","","","","","2","","","","","","","","","","","","12"
"419","Middle Tenn.","10/16/10","9","DASHER","DWIGHT","14","54","19","35","2","35","20","4","173","0","","49","208","","","","","","","","","","","","","","","","","","2","","","","","","","","","","","","12"
"419","Middle Tenn.","10/23/10","9","DASHER","DWIGHT","14","90","24","66","0","19","11","1","219","2","","33","285","","","","","","","","","","","","","","","","","","","","","","","","","","","","","","0"
"419","Middle Tenn.","11/02/10","9","DASHER","DWIGHT","23","124","28","96","1","37","19","4","146","1","","60","242","","","","","","","","","","","","","","","","","","1","","","","","","","","","","","","6"
"419","Middle Tenn.","11/13/10","9","DASHER","DWIGHT","24","101","19","82","0","30","17","2","197","0","","54","279","","","","","","","","","","","","","","","","","","","","","","","","","","","","","","0"
"419","Middle Tenn.","11/20/10","9","DASHER","DWIGHT","8","36","8","28","0","26","13","0","79","0","","34","107","","","","","","","","","","","","","","","","","","","","","","","","","","","","","","0"
"419","Middle Tenn.","11/27/10","9","DASHER","DWIGHT","15","66","4","62","2","15","11","1","158","2","","30","220","","","","","","","","","","","","","","","","","","2","","","","","","","","","","","","12"
"419","Middle Tenn.","12/04/10","9","DASHER","DWIGHT","13","74","17","57","0","23","14","1","244","1","","36","301","","","","","","","","","","","","","","","","","","","","","","","","","","","","","","0"
"419","Middle Tenn.","01/06/11","9","DASHER","DWIGHT","17","119","29","90","1","29","18","4","162","0","","46","252","","","","","","","","","","","","","","","","","","1","","","","","","","","","","","","6"
"419","Middle Tenn.","09/11/10","59","DAVIS","DARIN","","","","","","","","","","","","0","0","","","","1","38","1","","","","","","","","","","","","1","","","","","","","","","","","","6"
"419","Middle Tenn.","11/27/10","59","DAVIS","DARIN","","","","","","","","","","","","0","0","","","","2","101","0","","","","","","","","","","","","","","","","","","","","","","","","0"
"419","Middle Tenn.","09/02/10","27","DAVIS","JOSH","","","","","","","","","","","","0","0","","","","","","","","","","2","77","","","","","","","","","","","","","","","","","","","0"
"419","Middle Tenn.","09/11/10","27","DAVIS","JOSH","","","","","","","","","","","","0","0","","","","","","","","","","1","22","","","","","","","","","","","","","","","","","","","0"
"419","Middle Tenn.","09/18/10","27","DAVIS","JOSH","","","","","","","","","","","","0","0","","","","","","","","","","4","239","","","","","","","","","","","","","","","","","","","0"
"419","Middle Tenn.","09/25/10","27","DAVIS","JOSH","","","","","","","","","","","","0","0","","","","","","","","","","5","225","","","","","","","","","","","","","","","","","","","0"
"419","Middle Tenn.","10/05/10","27","DAVIS","JOSH","","","","","","","","","","","","0","0","","","","","","","","","","10","468","","","","","","","","","","","","","","","","","","","0"
"419","Middle Tenn.","10/16/10","27","DAVIS","JOSH","","","","","","","","","","","","0","0","","","","","","","","","","4","147","","","","","","","","","","","","","","","","","","","0"
"419","Middle Tenn.","10/23/10","27","DAVIS","JOSH","","","","","","","","","","","","0","0","","","","","","","","","","3","155","","","","","","","","","","","","","","","","","","","0"
"419","Middle Tenn.","11/02/10","27","DAVIS","JOSH","","","","","","","","","","","","0","0","","","","","","","","","","1","53","","","","","","","","","","","","","","","","","","","0"
"419","Middle Tenn.","11/13/10","27","DAVIS","JOSH","","","","","","","","","","","","0","0","","","","","","","","","","5","160","","","","","","","","","","","","","","","","","","","0"
"419","Middle Tenn.","11/20/10","27","DAVIS","JOSH","","","","","","","","","","","","0","0","","","","","","","","","","6","242","","","","","","","","","","","","","","","","","","","0"
"419","Middle Tenn.","11/27/10","27","DAVIS","JOSH","","","","","","","","","","","","0","0","","","","","","","","","","4","177","","","","","","","","","","","","","","","","","","","0"
"419","Middle Tenn.","12/04/10","27","DAVIS","JOSH","","","","","","","","","","","","0","0","","","","","","","","","","7","269","","","","","","","","","","","","","","","","","","","0"
"419","Middle Tenn.","01/06/11","27","DAVIS","JOSH","","","","","","","","","","","","0","0","","","","","","","","","","6","241","","","","","","","","","","","","","","","","","","","0"
"419","Middle Tenn.","09/02/10","84","DRAKE","RICHARD","","","","","","","","","","","","0","0","1","21","0","","","","","","","","","","","","","","","","","","","","","","","","","","","0"
"419","Middle Tenn.","10/16/10","84","DRAKE","RICHARD","","","","","","","","","","","","0","0","2","29","0","","","","","","","","","","","","","","","","","","","","","","","","","","","0"
"419","Middle Tenn.","11/02/10","84","DRAKE","RICHARD","","","","","","","","","","","","0","0","2","15","0","","","","","","","","","","","","","","","","","","","","","","","","","","","0"
"419","Middle Tenn.","11/20/10","84","DRAKE","RICHARD","","","","","","","","","","","","0","0","1","5","0","","","","","","","","","","","","","","","","","","","","","","","","","","","0"
"419","Middle Tenn.","01/06/11","84","DRAKE","RICHARD","","","","","","","","","","","","0","0","2","5","0","","","","","","","","","","","","","","","","","","","","","","","","","","","0"
"419","Middle Tenn.","01/06/11","1A","EDWARDS","T.L.","","","","","","","","","","","","0","0","","","","1","0","0","","","","","","","","","","","","","","","","","","","","","","","","0"
"419","Middle Tenn.","09/02/10","38","GENDREAU","ALAN","","","","","","","","","","","","0","0","","","","","","","","","","","","","","","","","","","2","2","0","0","","","","","1","1","","5"
"419","Middle Tenn.","09/11/10","38","GENDREAU","ALAN","","","","","","","","","","","","0","0","","","","","","","","","","","","","","","","","","","8","8","0","0","","","","","1","0","","8"
"419","Middle Tenn.","09/18/10","38","GENDREAU","ALAN","","","","","","","","","","","","0","0","","","","","","","","","","","","","","","","","","","2","2","0","0","","","","","1","1","","5"
"419","Middle Tenn.","09/25/10","38","GENDREAU","ALAN","","","","","","","","","","","","0","0","","","","","","","","","","","","","","","","","","","4","4","0","0","","","","","2","2","","10"
"419","Middle Tenn.","10/05/10","38","GENDREAU","ALAN","","","","","","","","","","","","0","0","","","","","","","","","","","","","","","","","","","2","1","0","0","","","","","","","","1"
"419","Middle Tenn.","10/16/10","38","GENDREAU","ALAN","","","","","","","","","","","","0","0","","","","","","","","","","","","","","","","","","","2","2","0","0","","","","","","","","2"
"419","Middle Tenn.","10/23/10","38","GENDREAU","ALAN","","","","","","","","","","","","0","0","","","","","","","","","","","","","","","","","","","5","5","0","0","","","","","2","1","","8"
"419","Middle Tenn.","11/02/10","38","GENDREAU","ALAN","","","","","","","","","","","","0","0","","","","","","","","","","","","","","","","","","","3","3","0","0","","","","","1","1","","6"
"419","Middle Tenn.","11/13/10","38","GENDREAU","ALAN","","","","","","","","","","","","0","0","","","","","","","","","","","","","","","","","","","2","2","0","0","","","","","1","1","","5"
"419","Middle Tenn.","11/20/10","38","GENDREAU","ALAN","","","","","","","","","","","","0","0","","","","","","","","","","","","","","","","","","","3","3","0","0","","","","","2","2","","9"
"419","Middle Tenn.","11/27/10","38","GENDREAU","ALAN","","","","","","","","","","","","0","0","","","","","","","","","","","","","","","","","","","5","5","0","0","","","","","1","1","","8"
"419","Middle Tenn.","12/04/10","38","GENDREAU","ALAN","","","","","","","","","","","","0","0","","","","","","","","","","","","","","","","","","","4","4","0","0","","","","","","","","4"
"419","Middle Tenn.","01/06/11","38","GENDREAU","ALAN","","","","","","","","","","","","0","0","","","","","","","","","","","","","","","","","","","3","3","0","0","","","","","","","","3"
"419","Middle Tenn.","11/13/10","5","IKNER","ARNESS","","","","","","","","","","","","0","0","","","","1","30","0","","","","","","","","","","","","","","","","","","","","","","","","0"
"419","Middle Tenn.","09/11/10","6","ISSAC","ROD","","","","","","","","","","","","0","0","","","","1","1","0","","","","","","","","","","","","","","","","","","","","","","","","0"
"419","Middle Tenn.","10/23/10","6","ISSAC","ROD","","","","","","","","","","","","0","0","","","","1","70","1","","","","","","","","","","","","1","","","","","","","","","","","","6"
"419","Middle Tenn.","11/20/10","6","ISSAC","ROD","","","","","","","","","","","","0","0","","","","","","","1","100","1","","","","","","","","","1","","","","","","","","","","","","6"
"419","Middle Tenn.","11/27/10","6","ISSAC","ROD","","","","","","","","","","","","0","0","","","","1","29","0","","","","","","","","","","","","","","","","","","","","","","","","0"
"419","Middle Tenn.","09/25/10","3","JEFFERSON","TAVARRES","","","","","","","","","","","","0","0","2","15","0","","","","","","","","","","","","","","","","","","","","","","","","","","","0"
"419","Middle Tenn.","10/16/10","3","JEFFERSON","TAVARRES","","","","","","","","","","","","0","0","5","48","0","","","","","","","","","","","","","","","","","","","","","","","","","","","0"
"419","Middle Tenn.","11/02/10","3","JEFFERSON","TAVARRES","3","19","0","19","0","","","","","","","3","19","5","27","0","","","","","","","","","","","","","","","","","","","","","","","","","","","0"
"419","Middle Tenn.","11/13/10","3","JEFFERSON","TAVARRES","","","","","","","","","","","","0","0","1","11","0","","","","","","","","","","","","","","","","","","","","","","","","","","","0"
"419","Middle Tenn.","11/20/10","3","JEFFERSON","TAVARRES","","","","","","","","","","","","0","0","1","11","0","","","","","","","","","","","","","","","","","","","","","","","","","","","0"
"419","Middle Tenn.","11/27/10","3","JEFFERSON","TAVARRES","","","","","","","","","","","","0","0","2","51","1","","","","","","","","","","","","","","","1","","","","","","","","","","","","6"
"419","Middle Tenn.","12/04/10","3","JEFFERSON","TAVARRES","","","","","","","","","","","","0","0","3","84","1","","","","","","","","","","","","","","","1","","","","","","","","","","","","6"
"419","Middle Tenn.","10/23/10","20","KELLEM","JEREMY","","","","","","","","","","","","0","0","","","","1","0","0","","","","","","","","","","","","","","","","","","","","","","","","0"
"419","Middle Tenn.","11/02/10","20","KELLEM","JEREMY","","","","","","","","","","","","0","0","","","","1","17","0","","","","","","","","","","","","","","","","","","","","","","","","0"
"419","Middle Tenn.","09/02/10","10","KILGORE","LOGAN","4","19","11","8","0","18","13","1","172","1","","22","180","","","","","","","","","","","","","","","","","","","","","","","","","","","","","","0"
"419","Middle Tenn.","09/18/10","10","KILGORE","LOGAN","2","3","0","3","0","26","16","3","161","1","","28","164","","","","","","","","","","","","","","","","","","","","","","","","","","","","","","0"
"419","Middle Tenn.","09/25/10","10","KILGORE","LOGAN","1","1","0","1","0","36","21","1","207","1","","37","208","","","","","","","","","","","","","","","","","","","","","","","","","","","","","","0"
"419","Middle Tenn.","09/02/10","23","KYLES","D.D.","3","32","0","32","0","","","","","","","3","32","1","5","0","","","","","","","","","","","","","","","","","","","","","","","","","","","0"
"419","Middle Tenn.","09/11/10","23","KYLES","D.D.","12","79","3","76","2","","","","","","","12","76","","","","","","","","","","","","","","","","","","2","","","","","","","","","","","","12"
"419","Middle Tenn.","09/18/10","23","KYLES","D.D.","9","42","14","28","0","","","","","","","9","28","","","","","","","","","","","","","","","","","","","","","","","","","","","","","","0"
"419","Middle Tenn.","09/25/10","23","KYLES","D.D.","5","90","6","84","2","","","","","","","5","84","1","14","0","","","","","","","","","","","","","","","2","","","","","","","","","","","","12"
"419","Middle Tenn.","10/05/10","23","KYLES","D.D.","3","2","5","-3","0","","","","","","","3","-3","","","","","","","","","","","","","","","","","","","","","","","","","","","","","","0"
"419","Middle Tenn.","10/16/10","23","KYLES","D.D.","6","44","0","44","0","","","","","","","6","44","1","7","0","","","","","","","","","","","","","","","","","","","","","","","","","","","0"
"419","Middle Tenn.","10/23/10","23","KYLES","D.D.","12","55","8","47","0","","","","","","","12","47","","","","","","","","","","","","","","","","","","","","","","","","","","","","","","0"
"419","Middle Tenn.","11/02/10","23","KYLES","D.D.","8","31","3","28","0","","","","","","","8","28","1","-4","0","","","","","","","","","","","","","","","","","","","","","","","","","","","0"
"419","Middle Tenn.","11/13/10","23","KYLES","D.D.","1","1","0","1","0","","","","","","","1","1","1","7","0","","","","","","","","","","","","","","","","","","","","","","","","","","","0"
"419","Middle Tenn.","11/20/10","23","KYLES","D.D.","2","2","0","2","0","","","","","","","2","2","","","","","","","","","","","","","","","","","","","","","","","","","","","","","","0"
"419","Middle Tenn.","11/27/10","23","KYLES","D.D.","9","38","3","35","0","","","","","","","9","35","","","","","","","","","","","","","","","","","","","","","","","","","","","","","","0"
"419","Middle Tenn.","12/04/10","23","KYLES","D.D.","4","17","1","16","0","","","","","","","4","16","","","","","","","","","","","","","","","","","","","","","","","","","","","","","","0"
"419","Middle Tenn.","01/06/11","23","KYLES","D.D.","3","26","2","24","0","","","","","","","3","24","","","","","","","","","","","","","","","","","","","","","","","","","","","","","","0"
"419","Middle Tenn.","09/02/10","13","MASON","TYLER","","","","","","","","","","","","0","0","1","9","0","","","","","","","","","","","","","","","","","","","","","","","","","","","0"
"419","Middle Tenn.","09/11/10","13","MASON","TYLER","","","","","","","","","","","","0","0","2","37","0","","","","","","","","","","","","","","","","","","","","","","","","","","","0"
"419","Middle Tenn.","09/18/10","13","MASON","TYLER","","","","","","","","","","","","0","0","2","25","0","","","","","","","","","","","","","","","","","","","","","","","","","","","0"
"419","Middle Tenn.","10/05/10","13","MASON","TYLER","","","","","","","","","","","","0","0","3","34","0","","","","","","","","","","","","","","","","","","","","","","","","","","","0"
"419","Middle Tenn.","10/23/10","13","MASON","TYLER","","","","","","","","","","","","0","0","3","93","1","","","","","","","","","","","","","","","1","","","","","","","","","","","","6"
"419","Middle Tenn.","11/02/10","13","MASON","TYLER","","","","","","","","","","","","0","0","2","13","0","","","","","","","","","","","","","","","","","","","","","","","","","","","0"
"419","Middle Tenn.","11/13/10","13","MASON","TYLER","","","","","","","","","","","","0","0","2","21","0","","","","","","","","","","","","","","","","","","","","","","","","","","","0"
"419","Middle Tenn.","11/27/10","13","MASON","TYLER","","","","","","","","","","","","0","0","1","29","1","","","","","","","","","","","","","","","1","","","","","","","","","","","","6"
"419","Middle Tenn.","12/04/10","13","MASON","TYLER","","","","","","","","","","","","0","0","1","2","0","","","","","","","","","2","11","0","","","","","","","","","","","","","","","","0"
"419","Middle Tenn.","09/02/10","15","MCDONALD","SANCHO","","","","","","","","","","","","0","0","1","22","1","","","","","","","","","","","","","","","1","","","","","","","","","","","","6"
"419","Middle Tenn.","09/11/10","15","MCDONALD","SANCHO","","","","","","","","","","","","0","0","4","39","0","","","","","","","","","","","","","","","","","","","","","","","","","","","0"
"419","Middle Tenn.","09/18/10","15","MCDONALD","SANCHO","","","","","","","","","","","","0","0","2","60","0","","","","","","","","","","","","","","","","","","","","","","","","","","","0"
"419","Middle Tenn.","09/25/10","15","MCDONALD","SANCHO","","","","","","","","","","","","0","0","2","10","0","","","","","","","","","","","","","","","","","","","","","","","","","","","0"
"419","Middle Tenn.","10/05/10","15","MCDONALD","SANCHO","","","","","","","","","","","","0","0","2","18","0","","","","","","","","","","","","","","","","","","","","","","","","","","","0"
"419","Middle Tenn.","11/02/10","15","MCDONALD","SANCHO","","","","","","","","","","","","0","0","1","6","0","","","","","","","","","","","","","","","","","","","","","","","","","","","0"
"419","Middle Tenn.","11/13/10","15","MCDONALD","SANCHO","","","","","","","","","","","","0","0","1","43","0","","","","","","","","","","","","","","","","","","","","","","","","","","","0"
"419","Middle Tenn.","11/20/10","15","MCDONALD","SANCHO","","","","","","","","","","","","0","0","2","16","0","","","","","","","","","","","","","","","","","","","","","","","","","","","0"
"419","Middle Tenn.","12/04/10","15","MCDONALD","SANCHO","","","","","","","","","","","","0","0","3","64","0","","","","","","","","","","","","","","","","","","","","","","","","","","","0"
"419","Middle Tenn.","01/06/11","15","MCDONALD","SANCHO","","","","","","","","","","","","0","0","3","43","0","","","","","","","","","","","","","","","","","","","","","","","","","","","0"
"419","Middle Tenn.","10/05/10","86","MCLEOD","BYRON","","","","","","","","","","","","0","0","","","","","","","","","","","","","","","1","16","0","","","","","","","","","","","","","0"
"419","Middle Tenn.","11/13/10","86","MCLEOD","BYRON","","","","","","","","","","","","0","0","","","","","","","","","","","","","","","1","6","0","","","","","","","","","","","","","0"
"419","Middle Tenn.","09/11/10","12","MURPHY","JEFF","14","67","8","59","1","36","23","1","301","0","","50","360","","","","","","","","","","","","","","","","","","1","","","","","","","","","","","","6"
"419","Middle Tenn.","09/18/10","12","MURPHY","JEFF","6","19","7","12","1","13","6","0","87","0","","19","99","","","","","","","","","","","","","","","","","","1","","","","","","","","","","","","6"
"419","Middle Tenn.","10/05/10","12","MURPHY","JEFF","2","0","18","-18","0","4","2","0","7","0","","6","-11","","","","","","","","","","","","","","","","","","","","","","","","","","","","","","0"
"419","Middle Tenn.","09/11/10","29","PRATCHER","WILLIAM","3","7","2","5","0","","","","","","","3","5","","","","","","","","","","","","","","","","","","","","","","","","","","","","","","0"
"419","Middle Tenn.","09/25/10","29","PRATCHER","WILLIAM","3","5","0","5","0","","","","","","","3","5","","","","","","","","","","","","","","","","","","","","","","","","","","","","","","0"
"419","Middle Tenn.","10/16/10","29","PRATCHER","WILLIAM","3","7","0","7","0","","","","","","","3","7","","","","","","","","","","","","","","","","","","","","","","","","","","","","","","0"
"419","Middle Tenn.","10/23/10","29","PRATCHER","WILLIAM","4","19","0","19","1","","","","","","","4","19","","","","","","","","","","","","","","","","","","1","","","","","","","","","","","","6"
"419","Middle Tenn.","11/27/10","29","PRATCHER","WILLIAM","7","27","7","20","0","","","","","","","7","20","","","","","","","","","","","","","","","","","","","","","","","","","","","","","","0"
"419","Middle Tenn.","09/11/10","1","RUSSELL","ERIC","","","","","","","","","","","","0","0","","","","","","","","","","","","2","28","0","3","77","0","","","","","","","","","","","","","0"
"419","Middle Tenn.","09/18/10","1","RUSSELL","ERIC","","","","","","","","","","","","0","0","","","","","","","","","","","","1","26","0","4","109","0","","","","","","","","","","","","","0"
"419","Middle Tenn.","09/25/10","1","RUSSELL","ERIC","","","","","","","","","","","","0","0","","","","","","","","","","","","3","30","0","2","44","0","","","","","","","","","","","","","0"
"419","Middle Tenn.","10/05/10","1","RUSSELL","ERIC","","","","","","","","","","","","0","0","","","","","","","","","","","","4","2","0","4","104","0","","","","","","","","","","","","","0"
"419","Middle Tenn.","10/16/10","1","RUSSELL","ERIC","","","","","","","","","","","","0","0","","","","","","","1","8","0","","","2","18","0","3","53","0","","","","","","","","","","","","","0"
"419","Middle Tenn.","10/23/10","1","RUSSELL","ERIC","","","","","","","","","","","","0","0","","","","","","","","","","","","2","26","0","","","","","","","","","","","","","","","","0"
"419","Middle Tenn.","11/02/10","1","RUSSELL","ERIC","","","","","","","","","","","","0","0","","","","","","","","","","","","","","","6","165","0","","","","","","","","","","","","","0"
"419","Middle Tenn.","11/13/10","1","RUSSELL","ERIC","","","","","","","","","","","","0","0","","","","","","","","","","","","3","4","0","3","77","0","","","","","","","","","","","","","0"
"419","Middle Tenn.","11/20/10","1","RUSSELL","ERIC","","","","","","","","","","","","0","0","","","","","","","","","","","","1","11","0","1","97","1","1","","","","","","","","","","","","6"
"419","Middle Tenn.","11/27/10","1","RUSSELL","ERIC","","","","","","","","","","","","0","0","","","","","","","","","","","","4","14","0","","","","","","","","","","","","","","","","0"
"419","Middle Tenn.","12/04/10","1","RUSSELL","ERIC","","","","","","","","","","","","0","0","","","","","","","","","","","","1","4","0","3","52","0","","","","","","","","","","","","","0"
"419","Middle Tenn.","01/06/11","1","RUSSELL","ERIC","","","","","","","","","","","","0","0","","","","","","","","","","","","1","0","0","3","64","0","","","","","","","","","","","","","0"
"419","Middle Tenn.","09/02/10","21","TANNER","PHILLIP","8","82","7","75","1","","","","","","","8","75","","","","","","","","","","","","","","","1","22","0","1","","","","","","","","","","","","6"
"419","Middle Tenn.","09/11/10","21","TANNER","PHILLIP","18","129","2","127","3","","","","","","","18","127","2","22","0","","","","","","","","","","","","1","20","0","3","","","","","","","","","","","","18"
"419","Middle Tenn.","09/18/10","21","TANNER","PHILLIP","7","14","11","3","0","","","","","","","7","3","4","12","0","","","","","","","","","","","","","","","","","","","","","","","","","","","0"
"419","Middle Tenn.","09/25/10","21","TANNER","PHILLIP","17","110","6","104","1","","","","","","","17","104","","","","","","","","","","","","","","","","","","1","","","","","","","","","","","","6"
"419","Middle Tenn.","10/05/10","21","TANNER","PHILLIP","6","15","0","15","0","","","","","","","6","15","1","4","0","","","","","","","","","","","","","","","","","","","","","","","","","","","0"
"419","Middle Tenn.","10/16/10","21","TANNER","PHILLIP","13","61","5","56","0","","","","","","","13","56","3","6","0","","","","","","","","","","","","","","","","","","","","","","","","","","","0"
"419","Middle Tenn.","10/23/10","21","TANNER","PHILLIP","15","73","0","73","1","","","","","","","15","73","1","75","0","","","","","","","","","","","","","","","1","","","","","","","","","","","","6"
"419","Middle Tenn.","11/02/10","21","TANNER","PHILLIP","12","43","5","38","0","","","","","","","12","38","","","","","","","","","","","","","","","","","","","","","","","","","","","","","","0"
"419","Middle Tenn.","11/13/10","21","TANNER","PHILLIP","7","87","0","87","2","","","","","","","7","87","2","18","0","","","","","","","","","","","","","","","2","","","","","","","","","","","","12"
"419","Middle Tenn.","11/20/10","21","TANNER","PHILLIP","17","59","8","51","0","","","","","","","17","51","1","-2","0","","","","","","","","","","","","","","","","","","","","","","","","","","","0"
"419","Middle Tenn.","11/27/10","21","TANNER","PHILLIP","15","152","2","150","1","","","","","","","15","150","1","9","0","","","","","","","","","","","","","","","1","","","","","","","","","","","","6"
"419","Middle Tenn.","12/04/10","21","TANNER","PHILLIP","14","64","2","62","2","","","","","","","14","62","1","16","0","","","","","","","","","","","","","","","2","","","","","","","","","","","","12"
"419","Middle Tenn.","01/06/11","21","TANNER","PHILLIP","11","89","2","87","2","","","","","","","11","87","5","34","0","","","","","","","","","","","","","","","2","","","","","","","","","","","","12"
"419","Middle Tenn.","09/02/10","49","TOULSON","NATHANIEL","","","","","","","","","","","","0","0","","","","","","","","","","3","133","","","","","","","","","","","","","","","","","","","0"
"419","Middle Tenn.","09/11/10","49","TOULSON","NATHANIEL","","","","","","","","","","","","0","0","","","","","","","","","","1","36","","","","","","","","","","","","","","","","","","","0"
"419","Middle Tenn.","09/18/10","49","TOULSON","NATHANIEL","","","","","","","","","","","","0","0","","","","","","","","","","2","72","","","","","","","","","","","","","","","","","","","0"
"419","Middle Tenn.","09/25/10","49","TOULSON","NATHANIEL","","","","","","","","","","","","0","0","","","","","","","","","","2","80","","","","","","","","","","","","","","","","","","","0"
"419","Middle Tenn.","10/05/10","49","TOULSON","NATHANIEL","","","","","","","","","","","","0","0","","","","","","","","","","1","33","","","","","","","","","","","","","","","","","","","0"
"419","Middle Tenn.","10/16/10","49","TOULSON","NATHANIEL","","","","","","","","","","","","0","0","","","","","","","","","","2","93","","","","","","","","","","","","","","","","","","","0"
"419","Middle Tenn.","10/23/10","49","TOULSON","NATHANIEL","","","","","","","","","","","","0","0","","","","","","","","","","2","75","","","","","","","","","","","","","","","","","","","0"
"419","Middle Tenn.","11/02/10","49","TOULSON","NATHANIEL","","","","","","","","","","","","0","0","","","","","","","","","","1","36","","","","","","","","","","","","","","","","","","","0"
"419","Middle Tenn.","11/13/10","49","TOULSON","NATHANIEL","","","","","","","","","","","","0","0","","","","","","","","","","2","69","","","","","","","","","","","","","","","","","","","0"
"419","Middle Tenn.","09/11/10","37","TURNER","HAROLD","","","","","","","","","","","","0","0","3","43","0","","","","","","","","","","","","","","","","","","","","","","","","","","","0"
"419","Middle Tenn.","09/25/10","37","TURNER","HAROLD","","","","","","","","","","","","0","0","3","17","0","","","","","","","","","","","","","","","","","","","","","","","","","","","0"
"419","Middle Tenn.","10/05/10","37","TURNER","HAROLD","","","","","","","","","","","","0","0","1","20","0","","","","","","","","","","","","","","","","","","","","","","","","","","","0"
"419","Middle Tenn.","10/16/10","37","TURNER","HAROLD","","","","","","","","","","","","0","0","2","31","0","","","","","","","","","","","","","","","","","","","","","","","","","","","0"
"419","Middle Tenn.","10/23/10","37","TURNER","HAROLD","","","","","","","","","","","","0","0","3","1","0","","","","","","","","","","","","","","","","","","","","","","","","","","","0"
"419","Middle Tenn.","11/13/10","37","TURNER","HAROLD","","","","","","","","","","","","0","0","1","13","0","","","","","","","","","","","","","","","","","","","","","","","","","","","0"
"419","Middle Tenn.","11/20/10","37","TURNER","HAROLD","","","","","","","","","","","","0","0","1","5","0","","","","","","","","","","","","","","","","","","","","","","","","","","","0"
"419","Middle Tenn.","11/27/10","37","TURNER","HAROLD","1","3","0","3","0","","","","","","","1","3","","","","","","","","","","","","","","","","","","","","","","","","","","","","","","0"
"428","Minnesota","09/18/10","81","ALLEN","BRYANT","","","","","","","","","","","","0","0","1","5","0","","","","","","","","","","","","","","","","","","","","","","","","","","","0"
"428","Minnesota","09/25/10","81","ALLEN","BRYANT","","","","","","","","","","","","0","0","3","37","0","","","","","","","","","1","6","0","","","","","","","","","","","","","","","","0"
"428","Minnesota","10/02/10","81","ALLEN","BRYANT","","","","","","","","","","","","0","0","2","14","0","","","","","","","","","","","","","","","","","","","","","","","","","","","0"
"428","Minnesota","10/09/10","81","ALLEN","BRYANT","","","","","","","","","","","","0","0","2","73","0","","","","","","","","","","","","","","","","","","","","","","","","","","","0"
"428","Minnesota","10/16/10","81","ALLEN","BRYANT","","","","","","","","","","","","0","0","4","46","1","","","","","","","","","","","","","","","1","","","","","","","","","","","","6"
"428","Minnesota","10/23/10","81","ALLEN","BRYANT","","","","","","","","","","","","0","0","1","3","0","","","","","","","","","2","37","0","","","","","","","","","","","","","","","","0"
"428","Minnesota","10/30/10","81","ALLEN","BRYANT","1","0","0","0","0","","","","","","","1","0","1","4","0","","","","","","","","","","","","","","","","","","","","","","","","","","","0"
"428","Minnesota","11/06/10","81","ALLEN","BRYANT","","","","","","","","","","","","0","0","1","9","0","","","","","","","","","1","6","0","","","","","","","","","","","","","","","","0"
"428","Minnesota","11/13/10","81","ALLEN","BRYANT","","","","","","","","","","","","0","0","1","11","0","","","","","","","","","","","","","","","","","","","","","","","","","","","0"
"428","Minnesota","11/27/10","82","BARKER","A.J.","","","","","","","","","","","","0","0","1","17","0","","","","","","","","","","","","","","","","","","","","","","","","","","","0"
"428","Minnesota","09/02/10","22","BENNETT","DUANE","30","189","2","187","0","","","","","","","30","187","3","8","0","","","","","","","","","","","","","","","","","","","","","","","","","","","0"
"428","Minnesota","09/11/10","22","BENNETT","DUANE","18","110","6","104","2","","","","","","","18","104","1","12","0","","","","","","","","","","","","","","","2","","","","","","","","","","","","12"
"428","Minnesota","09/18/10","22","BENNETT","DUANE","7","8","2","6","0","","","","","","","7","6","","","","","","","","","","","","","","","","","","","","","","","","","","","","","","0"
"428","Minnesota","09/25/10","22","BENNETT","DUANE","24","78","4","74","0","","","","","","","24","74","3","28","0","","","","","","","","","","","","","","","","","","","","","","","","","","","0"
"428","Minnesota","10/02/10","22","BENNETT","DUANE","12","39","10","29","0","1","1","0","8","1","","13","37","1","38","1","","","","","","","","","","","","2","14","0","1","","","","","","","","","","","","6"
"428","Minnesota","10/09/10","22","BENNETT","DUANE","3","4","2","2","0","","","","","","","3","2","1","34","0","","","","","","","","","","","","1","3","0","","","","","","","","","","","","","0"
"428","Minnesota","10/16/10","22","BENNETT","DUANE","5","30","0","30","0","","","","","","","5","30","3","-5","0","","","","","","","","","","","","2","35","0","","","","","","","","","","","","","0"
"428","Minnesota","10/23/10","22","BENNETT","DUANE","5","12","0","12","0","","","","","","","5","12","5","71","0","","","","","","","","","","","","3","66","0","","","","","","","","","","","","","0"
"428","Minnesota","10/30/10","22","BENNETT","DUANE","","","","","","","","","","","","0","0","2","6","0","","","","","","","","","","","","1","30","0","","","","","","","","","","","","","0"
"428","Minnesota","11/06/10","22","BENNETT","DUANE","2","13","1","12","0","","","","","","","2","12","7","57","0","","","","","","","","","","","","","","","","","","","","","","","","","","","0"
"428","Minnesota","11/13/10","22","BENNETT","DUANE","6","12","2","10","0","","","","","","","6","10","5","47","0","","","","","","","","","","","","","","","","","","","","","","","","","","","0"
"428","Minnesota","11/27/10","22","BENNETT","DUANE","11","65","2","63","1","1","1","0","2","0","","12","65","2","23","0","","","","","","","","","","","","","","","1","","","","","","","","","","","","6"
"428","Minnesota","11/27/10","18","BUCKNER","R.J.","","","","","","","","","","","","0","0","","","","","","","","","","","","","","","1","10","0","","","","","","","","","","","","","0"
"428","Minnesota","10/16/10","4A","CARPENTER","HAYO","","","","","","","","","","","","0","0","1","0","0","","","","","","","","","","","","","","","","","","","","","","","","","","","0"
"428","Minnesota","09/11/10","6","CARTER","MICHAEL","","","","","","","","","","","","0","0","","","","1","0","0","","","","","","","","","","","","","","","","","","","","","","","","0"
"428","Minnesota","10/02/10","6","CARTER","MICHAEL","","","","","","","","","","","","0","0","","","","1","7","0","","","","","","","","","","","","","","","","","","","","","","","","0"
"428","Minnesota","09/25/10","2","COLLADO","RYAN","","","","","","","","","","","","0","0","","","","","","","","","","","","","","","4","123","0","","","","","","","","","","","","","0"
"428","Minnesota","10/02/10","2","COLLADO","RYAN","","","","","","","","","","","","0","0","","","","","","","","","","","","","","","1","21","0","","","","","","","","","","","","","0"
"428","Minnesota","10/23/10","2","COLLADO","RYAN","","","","","","","","","","","","0","0","","","","1","16","0","","","","","","","","","2","34","0","","","","","","","","","","","","","0"
"428","Minnesota","10/30/10","2","COLLADO","RYAN","","","","","","","","","","","","0","0","","","","1","4","0","","","","","","","","","","","","","","","","","","","","","","","","0"
"428","Minnesota","11/13/10","2","COLLADO","RYAN","","","","","","","","","","","","0","0","","","","","","","","","","","","2","4","0","","","","","","","","","","","","","","","","0"
"428","Minnesota","09/02/10","37","ELLESTAD","ERIC","","","","","","","","","","","","0","0","","","","","","","","","","","","","","","","","","","3","3","0","0","","","","","3","1","","6"
"428","Minnesota","09/11/10","37","ELLESTAD","ERIC","","","","","","","","","","","","0","0","","","","","","","","","","","","","","","","","","","5","5","0","0","","","","","2","1","","8"
"428","Minnesota","09/18/10","37","ELLESTAD","ERIC","","","","","","","","","","","","0","0","","","","","","","","","","","","","","","","","","","3","3","0","0","","","","","","","","3"
"428","Minnesota","09/25/10","37","ELLESTAD","ERIC","","","","","","","","","","","","0","0","","","","","","","","","","","","","","","","","","","2","2","0","0","","","","","4","3","","11"
"428","Minnesota","10/02/10","37","ELLESTAD","ERIC","","","","","","","","","","","","0","0","","","","","","","","","","","","","","","","","","","4","4","0","0","","","","","","","","4"
"428","Minnesota","10/09/10","37","ELLESTAD","ERIC","","","","","","","","","","","","0","0","","","","","","","","","","","","","","","","","","","3","2","0","0","","","","","1","1","","5"
"428","Minnesota","10/16/10","37","ELLESTAD","ERIC","","","","","","","","","","","","0","0","","","","","","","","","","","","","","","","","","","","","","","","","","","1","1","","3"
"428","Minnesota","10/23/10","37","ELLESTAD","ERIC","","","","","","","","","","","","0","0","","","","","","","","","","","","","","","","","","","3","3","0","0","","","","","","","","3"
"428","Minnesota","10/30/10","37","ELLESTAD","ERIC","","","","","","","","","","","","0","0","","","","","","","","","","","","","","","","","","","1","1","0","0","","","","","2","1","","4"
"428","Minnesota","11/06/10","37","ELLESTAD","ERIC","","","","","","","","","","","","0","0","","","","","","","","","","","","","","","","","","","","","","","","","","","1","0","","0"
"428","Minnesota","11/13/10","37","ELLESTAD","ERIC","","","","","","","","","","","","0","0","","","","","","","","","","","","","","","","","","","5","5","0","0","","","","","1","1","","8"
"428","Minnesota","11/27/10","37","ELLESTAD","ERIC","","","","","","","","","","","","0","0","","","","","","","","","","","","","","","","","","","3","3","0","0","","","","","2","2","","9"
"428","Minnesota","09/02/10","23","ESKRIDGE","DELEON","11","40","2","38","0","","","","","","","11","38","","","","","","","","","","","","","","","","","","","","","","","","","","","","","","0"
"428","Minnesota","09/11/10","23","ESKRIDGE","DELEON","12","50","1","49","0","","","","","","","12","49","","","","","","","","","","","","","","","","","","","","","","","","","","","","","","0"
"428","Minnesota","09/18/10","23","ESKRIDGE","DELEON","13","33","2","31","1","","","","","","","13","31","2","23","0","","","","","","","","","","","","1","20","0","1","","","","","","","","","","","","6"
"428","Minnesota","09/25/10","23","ESKRIDGE","DELEON","1","3","0","3","0","","","","","","","1","3","1","8","0","","","","","","","","","","","","","","","","","","","","","","","","","","","0"
"428","Minnesota","10/02/10","23","ESKRIDGE","DELEON","22","121","2","119","1","","","","","","","22","119","","","","","","","","","","","","","","","1","16","0","1","","","","","","","","","","","","6"
"428","Minnesota","10/09/10","23","ESKRIDGE","DELEON","21","78","6","72","0","","","","","","","21","72","","","","","","","","","","","","","","","","","","","","","","","","","","","","","","0"
"428","Minnesota","10/16/10","23","ESKRIDGE","DELEON","12","25","4","21","0","","","","","","","12","21","","","","","","","","","","","","","","","","","","","","","","","","","","","","","","0"
"428","Minnesota","10/23/10","23","ESKRIDGE","DELEON","26","119","8","111","0","","","","","","","26","111","","","","","","","","","","","","","","","","","","","","","","","","","","","","","","0"
"428","Minnesota","10/30/10","23","ESKRIDGE","DELEON","23","80","1","79","1","","","","","","","23","79","","","","","","","","","","","","","","","","","","1","","","","","","","","","","","","6"
"428","Minnesota","11/06/10","23","ESKRIDGE","DELEON","17","40","9","31","0","","","","","","","17","31","","","","","","","","","","","","","","","","","","","","","0","0","","","","","","","","0"
"428","Minnesota","11/13/10","23","ESKRIDGE","DELEON","14","61","12","49","3","","","","","","","14","49","","","","","","","","","","","","","","","","","","3","","","","","","","","","","","","18"
"428","Minnesota","11/27/10","23","ESKRIDGE","DELEON","21","96","1","95","1","","","","","","","21","95","1","6","0","","","","","","","","","","","","","","","1","","","","","","","","","","","","6"
"428","Minnesota","10/23/10","86","EURE","TIREE","","","","","","","","","","","","0","0","1","1","0","","","","","","","","","","","","","","","","","","","","","","","","","","","0"
"428","Minnesota","10/30/10","86","EURE","TIREE","","","","","","","","","","","","0","0","1","32","0","","","","","","","","","","","","","","","","","","","","","","","","","","","0"
"428","Minnesota","11/13/10","86","EURE","TIREE","","","","","","","","","","","","0","0","1","14","1","","","","","","","","","","","","","","","1","","","","","","","","","","","","6"
"428","Minnesota","09/02/10","5","GRAY","MARQUEIS","","","","","","","","","","","","0","0","1","22","0","","","","","","","","","","","","","","","","","","","","","","","","","","","0"
"428","Minnesota","09/11/10","5","GRAY","MARQUEIS","","","","","","","","","","","","0","0","9","91","1","","","","","","","","","","","","","","","1","","","","","","","","","","","","6"
"428","Minnesota","09/18/10","5","GRAY","MARQUEIS","","","","","","","","","","","","0","0","4","98","1","","","","","","","","","","","","","","","1","","","","","","","","","","","","6"
"428","Minnesota","09/25/10","5","GRAY","MARQUEIS","","","","","","","","","","","","0","0","8","117","1","","","","","","","","","","","","","","","1","","","","","","","","","","","","6"
"428","Minnesota","10/02/10","5","GRAY","MARQUEIS","","","","","","","","","","","","0","0","2","8","0","","","","","","","","","","","","","","","","","","","","","","","","","","","0"
"428","Minnesota","10/09/10","5","GRAY","MARQUEIS","","","","","","","","","","","","0","0","2","13","1","","","","","","","","","","","","","","","1","","","","","","","","","","","","6"
"428","Minnesota","10/23/10","5","GRAY","MARQUEIS","","","","","","","","","","","","0","0","7","83","0","","","","","","","","","","","","","","","","","","","","","","","","","","","0"
"428","Minnesota","10/30/10","5","GRAY","MARQUEIS","","","","","","","","","","","","0","0","3","81","0","","","","","","","","","","","","","","","","","","","","","","","","","","","0"
"428","Minnesota","11/06/10","5","GRAY","MARQUEIS","5","31","0","31","0","6","2","0","24","0","","11","55","1","9","1","","","","","","","","","","","","","","","1","","","","","","","","","","","","6"
"428","Minnesota","11/13/10","5","GRAY","MARQUEIS","10","49","9","40","0","1","0","0","0","0","","11","40","2","32","0","","","","","","","","","","","","","","","","","","","","","","","","","","","0"
"428","Minnesota","11/27/10","5","GRAY","MARQUEIS","8","39","0","39","1","1","0","0","0","0","","9","39","3","33","0","","","","","","","","","","","","","","","1","","","","","","","","","","","","6"
"428","Minnesota","09/02/10","1","GREEN","BRANDON","","","","","","","","","","","","0","0","","","","","","","","","","","","2","18","0","","","","","","","","","","","","","","","","0"
"428","Minnesota","09/11/10","1","GREEN","BRANDON","","","","","","","","","","","","0","0","","","","","","","","","","","","2","19","0","","","","","","","","","","","","","","","","0"
"428","Minnesota","09/02/10","35","HOESE","JON","8","26","0","26","3","","","","","","","8","26","1","22","0","","","","","","","","","","","","","","","3","","","","","","","","","","","","18"
"428","Minnesota","09/11/10","35","HOESE","JON","2","4","0","4","0","","","","","","","2","4","2","13","0","","","","","","","","","","","","","","","","","","","","","","","","","","","0"
"428","Minnesota","09/18/10","35","HOESE","JON","2","5","0","5","0","","","","","","","2","5","","","","","","","","","","","","","","","","","","","","","","","","","","","","","","0"
"428","Minnesota","09/25/10","35","HOESE","JON","2","3","0","3","0","","","","","","","2","3","1","12","0","","","","","","","","","","","","","","","","","","","","","","","","","","","0"
"428","Minnesota","10/02/10","35","HOESE","JON","","","","","","","","","","","","0","0","3","17","0","","","","","","","","","","","","","","","","","","","","","","","","","","","0"
"428","Minnesota","10/09/10","35","HOESE","JON","1","8","0","8","0","","","","","","","1","8","","","","","","","","","","","","","","","","","","","","","","","","","","","","","","0"
"428","Minnesota","10/16/10","35","HOESE","JON","","","","","","","","","","","","0","0","1","8","0","","","","","","","","","","","","","","","","","","","","","","","","","","","0"
"428","Minnesota","10/23/10","35","HOESE","JON","1","6","0","6","0","","","","","","","1","6","","","","","","","","","","","","","","","","","","","","","","","","","","","","","","0"
"428","Minnesota","11/06/10","35","HOESE","JON","3","1","0","1","0","","","","","","","3","1","","","","","","","","","","","","","","","","","","","","","","","","","","","","","","0"
"428","Minnesota","11/13/10","35","HOESE","JON","","","","","","","","","","","","0","0","3","13","0","","","","","","","","","","","","","","","","","","","","","","","","","","","0"
"428","Minnesota","11/27/10","35","HOESE","JON","","","","","","","","","","","","0","0","1","12","0","","","","","","","","","","","","","","","","","","","","","","","","","","","0"
"428","Minnesota","10/30/10","9G","HUGHES","CURTIS","","","","","","","","","","","","0","0","","","","","","","","","","","","","","","1","6","0","","","","","","","","","","","","","0"
"428","Minnesota","10/16/10","5A","JOHNSON","JOHNNY","","","","","","","","","","","","0","0","","","","","","","","","","","","","","","2","52","0","","","","","","","","","","","","","0"
"428","Minnesota","10/30/10","5A","JOHNSON","JOHNNY","","","","","","","","","","","","0","0","","","","","","","","","","","","","","","1","0","0","","","","","","","","","","","","","0"
"428","Minnesota","10/23/10","84","KEISE","VICTOR","","","","","","","","","","","","0","0","1","1","0","","","","","","","","","","","","","","","","","","","","","","","","","","","0"
"428","Minnesota","09/02/10","20","KIRKWOOD","DONNELL","12","50","0","50","0","","","","","","","12","50","","","","","","","","","","","","","","","","","","","","","","","","","","","","","","0"
"428","Minnesota","09/18/10","20","KIRKWOOD","DONNELL","10","44","4","40","0","","","","","","","10","40","","","","","","","","","","","","","","","","","","","","","","","","","","","","","","0"
"428","Minnesota","09/25/10","20","KIRKWOOD","DONNELL","5","18","1","17","0","","","","","","","5","17","","","","","","","","","","","","","","","","","","","","","","","","","","","","","","0"
"428","Minnesota","09/02/10","85","LAIR","ERIC","","","","","","","","","","","","0","0","2","40","0","","","","","","","","","","","","","","","","","","","","","","","","","","","0"
"428","Minnesota","09/11/10","85","LAIR","ERIC","","","","","","","","","","","","0","0","2","18","0","","","","","","","","","","","","2","8","0","","","","","","","","","","","","","0"
"428","Minnesota","09/18/10","85","LAIR","ERIC","","","","","","","","","","","","0","0","3","23","0","","","","","","","","","","","","","","","","","","","","","","","","","","","0"
"428","Minnesota","09/25/10","85","LAIR","ERIC","","","","","","","","","","","","0","0","7","94","0","","","","","","","","","","","","","","","","","","","","","","","","","","","0"
"428","Minnesota","10/02/10","85","LAIR","ERIC","","","","","","","","","","","","0","0","3","75","2","","","","","","","","","","","","","","","2","","","","","","","","","","","","12"
"428","Minnesota","10/09/10","85","LAIR","ERIC","","","","","","","","","","","","0","0","4","78","0","","","","","","","","","","","","","","","","","","","","","","","","","","","0"
"428","Minnesota","10/16/10","85","LAIR","ERIC","","","","","","","","","","","","0","0","5","42","0","","","","","","","","","","","","","","","","","","","","","","","","","","","0"
"428","Minnesota","10/23/10","85","LAIR","ERIC","","","","","","","","","","","","0","0","3","37","0","","","","","","","","","","","","","","","","","","","","","","","","","","","0"
"428","Minnesota","10/30/10","85","LAIR","ERIC","","","","","","","","","","","","0","0","1","3","0","","","","","","","","","","","","","","","","","","","","","","","","","","","0"
"428","Minnesota","11/06/10","85","LAIR","ERIC","1","9","0","9","0","","","","","","","1","9","4","59","0","","","","","","","","","","","","","","","","","","","","","","","","","","","0"
"428","Minnesota","11/13/10","85","LAIR","ERIC","","","","","","","","","","","","0","0","3","38","0","","","","","","","","","","","","1","1","0","","","","","","","","","","","","","0"
"428","Minnesota","11/27/10","85","LAIR","ERIC","","","","","","","","","","","","0","0","2","19","0","","","","","","","","","","","","2","20","0","","","","","","","","","","","","","0"
"428","Minnesota","09/18/10","24","MANUEL","JAMES","","","","","","","","","","","","0","0","","","","1","0","0","","","","","","","","","","","","","","","","","","","","","","","","0"
"428","Minnesota","09/25/10","88","MCGARRY","COLLIN","","","","","","","","","","","","0","0","1","5","0","","","","","","","","","","","","","","","","","","","","","","","","","","","0"
"428","Minnesota","11/27/10","88","MCGARRY","COLLIN","","","","","","","","","","","","0","0","1","9","0","","","","","","","","","","","","","","","","","","","","","","","","","","","0"
"428","Minnesota","09/02/10","6A","MCKNIGHT","DA'JON","","","","","","","","","","","","0","0","2","35","0","","","","","","","","","","","","","","","","","","","","","","","","","","","0"
"428","Minnesota","09/11/10","6A","MCKNIGHT","DA'JON","","","","","","","","","","","","0","0","4","55","1","","","","","","","","","","","","","","","1","","","","","","","","","","","","6"
"428","Minnesota","09/18/10","6A","MCKNIGHT","DA'JON","","","","","","","","","","","","0","0","3","53","1","","","","","","","","","","","","","","","1","","","","","","","","","","","","6"
"428","Minnesota","09/25/10","6A","MCKNIGHT","DA'JON","","","","","","","","","","","","0","0","7","72","1","","","","","","","","","","","","","","","1","","","","","","","","","","","","6"
"428","Minnesota","10/02/10","6A","MCKNIGHT","DA'JON","","","","","","","","","","","","0","0","4","50","0","","","","","","","","","","","","","","","","","","","","","","","","","","","0"
"428","Minnesota","10/09/10","6A","MCKNIGHT","DA'JON","","","","","","","","","","","","0","0","2","51","2","","","","","","","","","","","","","","","2","","","","","","","","","","","","12"
"428","Minnesota","10/16/10","6A","MCKNIGHT","DA'JON","","","","","","","","","","","","0","0","6","123","1","","","","","","","","","","","","","","","1","","","","","","","","","","","","6"
"428","Minnesota","10/23/10","6A","MCKNIGHT","DA'JON","","","","","","","","","","","","0","0","8","103","3","","","","","","","","","","","","","","","3","","","","","","","","","","","","18"
"428","Minnesota","10/30/10","6A","MCKNIGHT","DA'JON","","","","","","","","","","","","0","0","1","36","0","","","","","","","","","","","","","","","","","","","","","","","","","","","0"
"428","Minnesota","11/06/10","6A","MCKNIGHT","DA'JON","","","","","","","","","","","","0","0","4","57","0","","","","","","","","","","","","","","","","","","","","","","","","","","","0"
"428","Minnesota","11/13/10","6A","MCKNIGHT","DA'JON","","","","","","","","","","","","0","0","5","70","1","","","","","","","","","","","","","","","1","","","","","","","","","","","","6"
"428","Minnesota","11/27/10","6A","MCKNIGHT","DA'JON","","","","","","","","","","","","0","0","2","45","0","","","","","","","","","","","","","","","","","","","","","","","","","","","0"
"428","Minnesota","09/02/10","41","ORSESKE","DAN","","","","","","","","","","","","0","0","","","","","","","","","","3","116","","","","","","","","","","","","","","","","","","","0"
"428","Minnesota","09/11/10","41","ORSESKE","DAN","","","","","","","","","","","","0","0","","","","","","","","","","1","37","","","","","","","","","","","","","","","","","","","0"
"428","Minnesota","09/18/10","41","ORSESKE","DAN","","","","","","","","","","","","0","0","","","","","","","","","","7","271","","","","","","","","","","","","","","","","","","","0"
"428","Minnesota","10/02/10","41","ORSESKE","DAN","","","","","","","","","","","","0","0","","","","","","","","","","6","208","","","","","","","","","","","","","","","","","","","0"
"428","Minnesota","10/09/10","41","ORSESKE","DAN","","","","","","","","","","","","0","0","","","","","","","","","","4","153","","","","","","","","","","","","","","","","","","","0"
"428","Minnesota","10/16/10","41","ORSESKE","DAN","","","","","","","","","","","","0","0","","","","","","","","","","6","215","","","","","","","","","","","","","","","","","","","0"
"428","Minnesota","10/23/10","41","ORSESKE","DAN","","","","","","","","","","","","0","0","","","","","","","","","","5","179","","","","","","","","","","","","","","","","","","","0"
"428","Minnesota","10/30/10","41","ORSESKE","DAN","","","","","","","","","","","","0","0","","","","","","","","","","4","138","","","","","","","","","","","","","","","","","","","0"
"428","Minnesota","11/06/10","41","ORSESKE","DAN","","","","","","","","","","","","0","0","","","","","","","","","","3","108","","","","","","","","","","","","","","","","","","","0"
"428","Minnesota","11/13/10","41","ORSESKE","DAN","","","","","","","","","","","","0","0","","","","","","","","","","6","196","","","","","","","","","","","","","","","","","","","0"
"428","Minnesota","11/27/10","41","ORSESKE","DAN","","","","","","","","","","","","0","0","","","","","","","","","","4","150","","","","","","","","","","","","","","","","","","","0"
"428","Minnesota","09/02/10","26","RALLIS","MIKE","","","","","","","","","","","","0","0","","","","1","3","0","","","","","","","","","","","","","","","","","","","","","","","","0"
"428","Minnesota","09/11/10","26","RALLIS","MIKE","","","","","","","","","","","","0","0","","","","1","8","0","","","","","","","","","","","","","","","","","","","","","","","","0"
"428","Minnesota","11/06/10","26","RALLIS","MIKE","","","","","","","","","","","","0","0","","","","1","0","0","","","","","","","","","","","","","","","","","","","","","","","","0"
"428","Minnesota","09/25/10","4P","SCHWERMAN","DAVID","","","","","","","","","","","","0","0","","","","","","","","","","1","31","","","","","","","","","","","","","","","","","","","0"
"428","Minnesota","09/02/10","11","STOUDERMIRE","TROY","","","","","","","","","","","","0","0","1","23","0","","","","","","","","","","","","3","78","0","","","","","","","","","","","","","0"
"428","Minnesota","09/11/10","11","STOUDERMIRE","TROY","","","","","","","","","","","","0","0","3","69","1","","","","","","","","","","","","4","90","0","1","","","","","","","","","","","","6"
"428","Minnesota","09/18/10","11","STOUDERMIRE","TROY","","","","","","","","","","","","0","0","2","22","0","","","","","","","","","","","","4","88","0","","","","","","","","","","","","","0"
"428","Minnesota","10/02/10","11","STOUDERMIRE","TROY","","","","","","","","","","","","0","0","","","","","","","","","","","","","","","1","27","0","","","","","","","","","","","","","0"
"428","Minnesota","10/09/10","11","STOUDERMIRE","TROY","","","","","","","","","","","","0","0","","","","","","","","","","","","","","","4","107","0","","","","","","","","","","","","","0"
"428","Minnesota","10/16/10","11","STOUDERMIRE","TROY","","","","","","","","","","","","0","0","","","","","","","1","4","0","","","","","","","","","","","","","","","","","","","","","0"
"428","Minnesota","10/30/10","11","STOUDERMIRE","TROY","","","","","","","","","","","","0","0","","","","","","","","","","","","","","","5","144","0","","","","","","","","","","","","","0"
"428","Minnesota","11/06/10","11","STOUDERMIRE","TROY","","","","","","","","","","","","0","0","","","","","","","","","","","","","","","5","134","0","","","","","","","","","","","","","0"
"428","Minnesota","11/13/10","11","STOUDERMIRE","TROY","","","","","","","","","","","","0","0","","","","1","24","0","","","","","","","","","2","112","0","","","","","","","","","","","","","0"
"428","Minnesota","11/27/10","11","STOUDERMIRE","TROY","","","","","","","","","","","","0","0","","","","","","","","","","","","2","9","0","1","9","0","","","","","","","","","","","","","0"
"428","Minnesota","09/18/10","27","THERET","KYLE","","","","","","","","","","","","0","0","","","","1","9","0","","","","","","","","","","","","","","","","","","","","","","","","0"
"428","Minnesota","10/16/10","51","TINSLEY","GARY","","","","","","","","","","","","0","0","","","","1","52","0","","","","","","","","","","","","","","","","","","","","","","","","0"
"428","Minnesota","09/02/10","8","WEBER","ADAM","4","3","19","-16","0","17","10","0","150","0","","21","134","","","","","","","","","","","","","","","","","","","","","","","","","","","","","","0"
"428","Minnesota","09/11/10","8","WEBER","ADAM","6","50","3","47","0","31","21","0","258","3","","37","305","","","","","","","","","","","","","","","","","","","","","","","","","","","","","","0"
"428","Minnesota","09/18/10","8","WEBER","ADAM","4","21","19","2","0","29","15","2","224","2","","33","226","","","","","","","","","","","","","","","","","","","","","","","","","","","","","","0"
"428","Minnesota","09/25/10","8","WEBER","ADAM","","","","","","46","31","1","373","2","","46","373","","","","","","","","","","","","","","","","","","","","","","","","","","","","","","0"
"428","Minnesota","10/02/10","8","WEBER","ADAM","3","20","3","17","0","23","14","1","194","2","","26","211","","","","","","","","","","","","","","","","","","","","","","","","","","","","","","0"
"428","Minnesota","10/09/10","8","WEBER","ADAM","7","32","18","14","0","25","11","0","249","3","","32","263","","","","","","","","","","","","","","","","","","","","","","","","","","","","","","0"
"428","Minnesota","10/16/10","8","WEBER","ADAM","7","49","7","42","0","45","20","2","214","2","1","52","256","","","","","","","","","","","","","","","","","","","","","2","1","","","","","","","","2"
"428","Minnesota","10/23/10","8","WEBER","ADAM","3","11","6","5","0","49","26","1","299","3","","52","304","","","","","","","","","","","","","","","","","","","","","","","","","","","","","","0"
"428","Minnesota","10/30/10","8","WEBER","ADAM","7","28","37","-9","0","20","9","1","162","0","","27","153","","","","","","","","","","","","","","","","","","","","","","","","","","","","","","0"
"428","Minnesota","11/06/10","8","WEBER","ADAM","2","2","8","-6","0","22","15","1","167","1","1","24","161","","","","","","","","","","","","","","","","","","","","","1","1","","","","","","","","2"
"428","Minnesota","11/13/10","8","WEBER","ADAM","6","39","2","37","0","36","20","0","225","2","","42","262","","","","","","","","","","","","","","","","","","","","","","","","","","","","","","0"
"428","Minnesota","11/27/10","8","WEBER","ADAM","3","33","10","23","0","25","13","0","164","0","","28","187","1","2","0","","","","","","","","","","","","","","","","","","","","","","","","","","","0"
"433","Mississippi","09/04/10","83","ALLEN","FERBIA","","","","","","","","","","","","0","0","2","37","0","","","","","","","","","","","","","","","","","","","","","","","","","","","0"
"433","Mississippi","09/18/10","83","ALLEN","FERBIA","","","","","","","","","","","","0","0","1","7","0","","","","","","","","","","","","","","","","","","","","","","","","","","","0"
"433","Mississippi","10/02/10","83","ALLEN","FERBIA","","","","","","","","","","","","0","0","1","4","1","","","","","","","","","","","","","","","1","","","","","","","","","","","","6"
"433","Mississippi","10/23/10","83","ALLEN","FERBIA","","","","","","","","","","","","0","0","1","3","0","","","","","","","","","","","","","","","","","","","","","","","","","","","0"
"433","Mississippi","09/04/10","34","BOLDEN","BRANDON","17","106","2","104","1","","","","","","","17","104","1","34","0","","","","","","","","","","","","","","","1","","","","","","","","","","","","6"
"433","Mississippi","09/11/10","34","BOLDEN","BRANDON","7","32","0","32","1","","","","","","","7","32","4","36","0","","","","","","","","","","","","","","","1","","","","","","","","","","","","6"
"433","Mississippi","09/18/10","34","BOLDEN","BRANDON","10","46","0","46","0","","","","","","","10","46","2","22","0","","","","","","","","","","","","","","","","","","","","","","","","","","","0"
"433","Mississippi","09/25/10","34","BOLDEN","BRANDON","19","228","0","228","2","","","","","","","19","228","2","15","1","","","","","","","","","","","","1","0","0","3","","","","","","","","","","","","18"
"433","Mississippi","10/02/10","34","BOLDEN","BRANDON","23","119","11","108","1","","","","","","","23","108","2","17","1","","","","","","","","","","","","","","","2","","","","","","","","","","","","12"
"433","Mississippi","10/16/10","34","BOLDEN","BRANDON","10","36","4","32","0","","","","","","","10","32","4","32","0","","","","","","","","","","","","","","","","","","","","","","","","","","","0"
"433","Mississippi","10/23/10","34","BOLDEN","BRANDON","11","18","9","9","0","","","","","","","11","9","4","31","0","","","","","","","","","","","","","","","","","","","","","","","","","","","0"
"433","Mississippi","10/30/10","34","BOLDEN","BRANDON","6","33","1","32","2","","","","","","","6","32","1","9","0","","","","","","","","","","","","","","","2","","","","","","","","","","","","12"
"433","Mississippi","11/06/10","34","BOLDEN","BRANDON","18","142","6","136","2","","","","","","","18","136","4","80","1","","","","","","","","","","","","","","","3","","","","","","","","","","","","18"
"433","Mississippi","11/13/10","34","BOLDEN","BRANDON","12","113","0","113","2","","","","","","","12","113","1","-5","0","","","","","","","","","","","","","","","2","","","","","","","","","","","","12"
"433","Mississippi","11/20/10","34","BOLDEN","BRANDON","18","107","16","91","2","1","1","0","7","0","","19","98","1","-5","0","","","","","","","","","","","","","","","2","","","","","","","","","","","","12"
"433","Mississippi","11/27/10","34","BOLDEN","BRANDON","12","48","3","45","1","","","","","","","12","45","6","78","0","","","","","","","","","","","","","","","1","","","","","","","","","","","","6"
"433","Mississippi","09/04/10","21","BREAUX","LIONEL","","","","","","","","","","","","0","0","1","16","0","","","","","","","","","","","","","","","","","","","","","","","","","","","0"
"433","Mississippi","09/11/10","21","BREAUX","LIONEL","","","","","","","","","","","","0","0","2","34","0","","","","","","","","","","","","","","","","","","","","","","","","","","","0"
"433","Mississippi","09/18/10","21","BREAUX","LIONEL","","","","","","","","","","","","0","0","1","7","0","","","","","","","","","","","","","","","","","","","","","","","","","","","0"
"433","Mississippi","10/16/10","21","BREAUX","LIONEL","","","","","","","","","","","","0","0","3","10","0","","","","","","","","","","","","","","","","","","","","","","","","","","","0"
"433","Mississippi","10/23/10","21","BREAUX","LIONEL","1","1","0","1","0","","","","","","","1","1","","","","","","","","","","","","","","","","","","","","","","","","","","","","","","0"
"433","Mississippi","09/04/10","97","CAMPBELL","TYLER","","","","","","","","","","","","0","0","","","","","","","","","","1","31","","","","","","","","","","","","","","","","","","","0"
"433","Mississippi","09/11/10","97","CAMPBELL","TYLER","","","","","","","","","","","","0","0","","","","","","","","","","4","184","","","","","","","","","","","","","","","","","","","0"
"433","Mississippi","09/18/10","97","CAMPBELL","TYLER","","","","","","","","","","","","0","0","","","","","","","","","","7","312","","","","","","","","","","","","","","","","","","","0"
"433","Mississippi","09/25/10","97","CAMPBELL","TYLER","","","","","","","","","","","","0","0","","","","","","","","","","1","40","","","","","","","","","","","","","","","","","","","0"
"433","Mississippi","10/02/10","97","CAMPBELL","TYLER","","","","","","","","","","","","0","0","","","","","","","","","","8","346","","","","","","","","","","","","","","","","","","","0"
"433","Mississippi","10/16/10","97","CAMPBELL","TYLER","","","","","","","","","","","","0","0","","","","","","","","","","8","383","","","","","","","","","","","","","","","","","","","0"
"433","Mississippi","10/23/10","97","CAMPBELL","TYLER","","","","","","","","","","","","0","0","","","","","","","","","","6","311","","","","","","","","","","","","","","","","","","","0"
"433","Mississippi","10/30/10","97","CAMPBELL","TYLER","","","","","","","","","","","","0","0","","","","","","","","","","5","201","","","","","","","","","","","","","","","","","","","0"
"433","Mississippi","11/06/10","97","CAMPBELL","TYLER","","","","","","","","","","","","0","0","","","","","","","","","","2","71","","","","","","","","","","","","","","","","","","","0"
"433","Mississippi","11/13/10","97","CAMPBELL","TYLER","","","","","","","","","","","","0","0","","","","","","","","","","7","339","","","","","","","","","","","","","","","","","","","0"
"433","Mississippi","11/20/10","97","CAMPBELL","TYLER","","","","","","","","","","","","0","0","","","","","","","","","","3","186","","","","","","","","","","","","","","","","","","","0"
"433","Mississippi","11/27/10","97","CAMPBELL","TYLER","","","","","","","","","","","","0","0","","","","","","","","","","8","378","","","","","","","","","","","","","","","","","","","0"
"433","Mississippi","10/23/10","84","CONTARTESI","RICHARD","","","","","","","","","","","","0","0","1","18","0","","","","","","","","","","","","","","","","","","","","","","","","","","","0"
"433","Mississippi","11/13/10","84","CONTARTESI","RICHARD","","","","","","","","","","","","0","0","1","6","0","","","","","","","","","","","","","","","","","","","","","","","","","","","0"
"433","Mississippi","09/04/10","27","DAVIS","ENRIQUE","17","69","8","61","2","","","","","","","17","61","1","16","0","","","","","","","","","","","","","","","2","","","","","","","","","","","","12"
"433","Mississippi","09/11/10","27","DAVIS","ENRIQUE","14","43","3","40","0","","","","","","","14","40","","","","","","","","","","","","","","","","","","","","","","","","","","","","","","0"
"433","Mississippi","09/18/10","27","DAVIS","ENRIQUE","8","19","2","17","0","","","","","","","8","17","","","","","","","","","","","","","","","","","","","","","","","","","","","","","","0"
"433","Mississippi","09/25/10","27","DAVIS","ENRIQUE","2","26","0","26","1","","","","","","","2","26","","","","","","","","","","","","","","","","","","1","","","","","","","","","","","","6"
"433","Mississippi","11/06/10","27","DAVIS","ENRIQUE","19","126","10","116","0","","","","","","","19","116","","","","","","","","","","","","","","","","","","","","","","","","","","","","","","0"
"433","Mississippi","11/13/10","27","DAVIS","ENRIQUE","11","45","5","40","0","","","","","","","11","40","","","","","","","","","","","","","","","","","","","","","","","","","","","","","","0"
"433","Mississippi","11/20/10","27","DAVIS","ENRIQUE","6","37","0","37","0","","","","","","","6","37","","","","","","","","","","","","","","","","","","","","","","","","","","","","","","0"
"433","Mississippi","11/27/10","27","DAVIS","ENRIQUE","5","3","3","0","0","","","","","","","5","0","","","","","","","","","","","","","","","","","","","","","","","","","","","","","","0"
"433","Mississippi","11/06/10","44","EASTLAND","MARTEZ","1","0","2","-2","0","","","","","","","1","-2","","","","","","","","","","","","","","","1","39","0","","","","","","","","","","","","","0"
"433","Mississippi","11/06/10","33","EPPERSON","E.J.","","","","","","","","","","","","0","0","1","25","0","","","","","","","","","","","","","","","","","","","","","","","","","","","0"
"433","Mississippi","11/13/10","33","EPPERSON","E.J.","","","","","","","","","","","","0","0","1","3","0","","","","","","","","","","","","","","","","","","","","","","","","","","","0"
"433","Mississippi","09/04/10","10","GRANDY","JESSE","2","24","0","24","0","","","","","","","2","24","2","31","1","","","","","","","","","1","0","0","1","17","0","1","","","","","","","","","","","","6"
"433","Mississippi","09/11/10","10","GRANDY","JESSE","1","1","0","1","0","","","","","","","1","1","2","22","0","","","","","","","","","","","","1","51","0","","","","","","","","","","","","","0"
"433","Mississippi","09/18/10","10","GRANDY","JESSE","1","0","0","0","0","","","","","","","1","0","3","47","0","","","","","","","","","","","","3","62","0","","","","","","","","","","","","","0"
"433","Mississippi","09/25/10","10","GRANDY","JESSE","1","14","0","14","0","","","","","","","1","14","2","33","0","","","","","","","","","2","34","1","5","105","0","1","","","","","","","","","","","","6"
"433","Mississippi","10/02/10","10","GRANDY","JESSE","4","24","0","24","0","","","","","","","4","24","1","9","0","","","","","","","","","2","73","0","2","39","0","","","","","","","","","","","","","0"
"433","Mississippi","10/16/10","10","GRANDY","JESSE","1","22","0","22","0","","","","","","","1","22","1","7","0","","","","","","","","","","","","2","36","0","","","","","","","","","","","","","0"
"433","Mississippi","10/23/10","10","GRANDY","JESSE","1","7","0","7","0","","","","","","","1","7","2","29","0","","","","","","","","","3","58","0","3","67","0","","","","","","","","","","","","","0"
"433","Mississippi","10/30/10","10","GRANDY","JESSE","","","","","","","","","","","","0","0","3","17","0","","","","","","","","","","","","7","148","0","","","","","","","","","","","","","0"
"433","Mississippi","11/06/10","10","GRANDY","JESSE","","","","","","","","","","","","0","0","","","","","","","","","","","","2","42","0","2","41","0","","","","","","","","","","","","","0"
"433","Mississippi","11/13/10","10","GRANDY","JESSE","","","","","","","","","","","","0","0","","","","","","","","","","","","2","2","0","3","48","0","","","","","","","","","","","","","0"
"433","Mississippi","11/20/10","10","GRANDY","JESSE","","","","","","","","","","","","0","0","","","","","","","","","","","","1","3","0","1","13","0","","","","","","","","","","","","","0"
"433","Mississippi","11/27/10","10","GRANDY","JESSE","1","0","4","-4","0","","","","","","","1","-4","4","29","0","","","","","","","","","2","8","0","","","","","","","","","","","","","","","","0"
"433","Mississippi","09/04/10","45","GREER","H.R.","","","","","","","","","","","","0","0","","","","","","","","","","","","","","","1","8","0","","","","","","","","","","","","","0"
"433","Mississippi","09/11/10","45","GREER","H.R.","","","","","","","","","","","","0","0","2","15","0","","","","","","","","","","","","","","","","","","","","","","","","","","","0"
"433","Mississippi","09/18/10","45","GREER","H.R.","","","","","","","","","","","","0","0","1","5","0","","","","","","","","","","","","","","","","","","","","","","","","","","","0"
"433","Mississippi","10/02/10","45","GREER","H.R.","","","","","","","","","","","","0","0","2","7","1","","","","","","","","","","","","","","","1","","","","","","","","","","","","6"
"433","Mississippi","10/23/10","45","GREER","H.R.","","","","","","","","","","","","0","0","1","5","0","","","","","","","","","","","","","","","","","","","","","","","","","","","0"
"433","Mississippi","10/30/10","45","GREER","H.R.","","","","","","","","","","","","0","0","","","","","","","","","","","","","","","1","0","0","","","","","","","","","","","","","0"
"433","Mississippi","11/27/10","45","GREER","H.R.","","","","","","","","","","","","0","0","1","8","0","","","","","","","","","","","","1","15","0","","","","","","","","","","","","","0"
"433","Mississippi","09/04/10","5B","HARRIS","MELVIN","","","","","","","","","","","","0","0","1","41","1","","","","","","","","","","","","","","","1","","","","","","","","","","","","6"
"433","Mississippi","09/18/10","5B","HARRIS","MELVIN","","","","","","","","","","","","0","0","3","29","0","","","","","","","","","","","","","","","","","","","","","","","","","","","0"
"433","Mississippi","09/25/10","5B","HARRIS","MELVIN","","","","","","","","","","","","0","0","3","54","1","","","","","","","","","","","","","","","1","","","","","","","","","","","","6"
"433","Mississippi","10/02/10","5B","HARRIS","MELVIN","","","","","","","","","","","","0","0","2","46","0","","","","","","","","","","","","","","","","","","","","","","","","","","","0"
"433","Mississippi","10/16/10","5B","HARRIS","MELVIN","","","","","","","","","","","","0","0","4","25","1","","","","","","","","","","","","","","","1","","","","","","","","","","","","6"
"433","Mississippi","10/23/10","5B","HARRIS","MELVIN","","","","","","","","","","","","0","0","4","53","0","","","","","","","","","","","","","","","","","","","","","","","","","","","0"
"433","Mississippi","10/30/10","5B","HARRIS","MELVIN","","","","","","","","","","","","0","0","5","45","0","","","","","","","","","","","","","","","","","","","","","","","","","","","0"
"433","Mississippi","11/06/10","5B","HARRIS","MELVIN","","","","","","","","","","","","0","0","3","41","0","","","","","","","","","","","","","","","","","","","","","","","","","","","0"
"433","Mississippi","11/13/10","5B","HARRIS","MELVIN","","","","","","","","","","","","0","0","3","43","0","","","","","","","","","","","","","","","","","","","","","","","","","","","0"
"433","Mississippi","11/20/10","5B","HARRIS","MELVIN","","","","","","","","","","","","0","0","2","31","0","","","","","","","","","","","","","","","","","","","","","","","","","","","0"
"433","Mississippi","09/04/10","26","HERMAN","DERRICK","","","","","","","","","","","","0","0","","","","","","","","","","","","","","","2","30","0","","","","","","","","","","","","","0"
"433","Mississippi","09/11/10","26","HERMAN","DERRICK","","","","","","","","","","","","0","0","","","","","","","","","","","","","","","2","42","0","","","","","","","","","","","","","0"
"433","Mississippi","09/18/10","26","HERMAN","DERRICK","","","","","","","","","","","","0","0","","","","","","","","","","","","","","","1","15","0","","","","","","","","","","","","","0"
"433","Mississippi","10/16/10","26","HERMAN","DERRICK","","","","","","","","","","","","0","0","","","","","","","","","","","","","","","2","41","0","","","","","","","","","","","","","0"
"433","Mississippi","10/23/10","26","HERMAN","DERRICK","1","1","0","1","0","","","","","","","1","1","","","","","","","","","","","","","","","","","","","","","","","","","","","","","","0"
"433","Mississippi","10/30/10","26","HERMAN","DERRICK","","","","","","","","","","","","0","0","1","0","0","","","","","","","","","","","","","","","","","","","","","","","","","","","0"
"433","Mississippi","11/06/10","26","HERMAN","DERRICK","1","14","0","14","0","","","","","","","1","14","","","","","","","","","","","","","","","","","","","","","","","","","","","","","","0"
"433","Mississippi","11/13/10","26","HERMAN","DERRICK","","","","","","","","","","","","0","0","1","8","0","","","","","","","","","","","","2","45","0","","","","","","","","","","","","","0"
"433","Mississippi","11/20/10","26","HERMAN","DERRICK","","","","","","","","","","","","0","0","4","21","0","","","","","","","","","","","","","","","","","","","","","","","","","","","0"
"433","Mississippi","11/27/10","26","HERMAN","DERRICK","","","","","","","","","","","","0","0","","","","","","","","","","","","","","","1","19","0","","","","","","","","","","","","","0"
"433","Mississippi","09/04/10","32","HICKS","REGGIE","","","","","","","","","","","","0","0","","","","","","","","","","","","","","","1","0","0","","","","","","","","","","","","","0"
"433","Mississippi","09/18/10","32","HICKS","REGGIE","","","","","","","","","","","","0","0","1","8","0","","","","","","","","","","","","","","","","","","","","","","","","","","","0"
"433","Mississippi","11/20/10","35","INGRAM","FON","","","","","","","","","","","","0","0","","","","1","4","0","","","","","","","","","","","","","","","","","","","","","","","","0"
"433","Mississippi","11/27/10","35","INGRAM","FON","","","","","","","","","","","","0","0","","","","1","0","0","","","","","","","","","","","","","","","","","","","","","","","","0"
"433","Mississippi","10/30/10","53","JONES","JASON","","","","","","","","","","","","0","0","","","","","","","1","7","0","","","","","","","","","","","","","","","","","","","","","0"
"433","Mississippi","09/04/10","85","LOGAN","JA-MES","","","","","","","","","","","","0","0","2","31","0","","","","","","","","","","","","","","","","","","","","","","","","","","","0"
"433","Mississippi","09/11/10","85","LOGAN","JA-MES","","","","","","","","","","","","0","0","1","10","0","","","","","","","","","","","","","","","","","","","","","","","","","","","0"
"433","Mississippi","09/18/10","85","LOGAN","JA-MES","","","","","","","","","","","","0","0","2","11","0","","","","","","","","","","","","","","","","","","","","","","","","","","","0"
"433","Mississippi","09/25/10","85","LOGAN","JA-MES","","","","","","","","","","","","0","0","1","51","0","","","","","","","","","","","","","","","","","","","","","","","","","","","0"
"433","Mississippi","10/16/10","85","LOGAN","JA-MES","","","","","","","","","","","","0","0","4","23","0","","","","","","","","","","","","","","","","","","","","","","","","","","","0"
"433","Mississippi","10/23/10","85","LOGAN","JA-MES","","","","","","","","","","","","0","0","5","84","1","","","","","","","","","","","","","","","1","","","","","","","","","","","","6"
"433","Mississippi","10/30/10","85","LOGAN","JA-MES","","","","","","","","","","","","0","0","4","46","0","","","","","","","","","","","","","","","","","","","","","","","","","","","0"
"433","Mississippi","11/06/10","85","LOGAN","JA-MES","","","","","","","","","","","","0","0","1","9","0","","","","","","","","","","","","","","","","","","","","","","","","","","","0"
"433","Mississippi","11/13/10","85","LOGAN","JA-MES","","","","","","","","","","","","0","0","1","4","0","","","","","","","","","","","","","","","","","","","","","","","","","","","0"
"433","Mississippi","11/20/10","85","LOGAN","JA-MES","","","","","","","","","","","","0","0","4","59","0","","","","","","","","","","","","","","","","","","","","","","","","","","","0"
"433","Mississippi","11/27/10","85","LOGAN","JA-MES","","","","","","","","","","","","0","0","4","59","1","","","","","","","","","","","","","","","1","","","","","","","","","","","","6"
"433","Mississippi","09/04/10","8","MASOLI","JEREMIAH","5","36","7","29","0","10","7","1","109","0","","15","138","","","","","","","","","","","","","","","","","","","","","","","","","","","","","","0"
"433","Mississippi","09/11/10","8","MASOLI","JEREMIAH","9","33","6","27","1","20","14","1","281","1","","29","308","","","","","","","","","","","","","","","","","","1","","","","","","","","","","","","6"
"433","Mississippi","09/18/10","8","MASOLI","JEREMIAH","19","117","13","104","1","35","19","2","190","0","","54","294","","","","","","","","","","","","","","","","","","1","","","","","","","","","","","","6"
"433","Mississippi","09/25/10","8","MASOLI","JEREMIAH","8","62","3","59","0","12","8","1","153","2","","20","212","","","","","","","","","","","","","","","","","","","","","","","","","","","","","","0"
"433","Mississippi","10/02/10","8","MASOLI","JEREMIAH","9","52","9","43","1","17","9","0","90","3","","26","133","","","","","","","","","","","","","","","","","","1","","","","","","","","","","","","6"
"433","Mississippi","10/16/10","8","MASOLI","JEREMIAH","10","49","9","40","0","40","18","1","110","1","","50","150","","","","","","","","","","","","","","","","","","","","","","","","","","","","","","0"
"433","Mississippi","10/23/10","8","MASOLI","JEREMIAH","15","105","7","98","0","36","21","0","327","3","","51","425","","","","","","","","","","1","45","","","","","","","","","","","","","","","","","","","0"
"433","Mississippi","10/30/10","8","MASOLI","JEREMIAH","14","34","5","29","0","33","20","1","189","1","","47","218","","","","","","","","","","","","","","","","","","","","","","","","","","","","","","0"
"433","Mississippi","11/06/10","8","MASOLI","JEREMIAH","3","17","0","17","1","8","5","0","72","1","","11","89","","","","","","","","","","","","","","","","","","1","","","","","","","","","","","","6"
"433","Mississippi","11/13/10","8","MASOLI","JEREMIAH","7","31","9","22","0","18","7","3","80","0","","25","102","","","","","","","","","","1","46","","","","","","","","","","","","","","","","","","","0"
"433","Mississippi","11/20/10","8","MASOLI","JEREMIAH","11","68","4","64","2","23","15","2","177","1","0","34","241","1","7","0","","","","","","","1","40","","","","","","","2","","","2","0","","","","","","","","12"
"433","Mississippi","11/27/10","8","MASOLI","JEREMIAH","11","31","19","12","0","44","24","1","261","1","","55","273","","","","","","","","","","","","","","","","","","","","","","","","","","","","","","0"
"433","Mississippi","11/06/10","6","MCGEE","JEREMY","","","","","","","","","","","","0","0","","","","1","0","0","","","","","","","","","","","","","","","","","","","","","","","","0"
"433","Mississippi","09/11/10","28","NEAT","KORVIC","1","1","0","1","0","","","","","","","1","1","","","","","","","","","","","","","","","","","","","","","","","","","","","","","","0"
"433","Mississippi","09/18/10","28","NEAT","KORVIC","5","22","2","20","1","","","","","","","5","20","2","16","0","","","","","","","","","","","","","","","1","","","","","","","","","","","","6"
"433","Mississippi","10/30/10","28","NEAT","KORVIC","","","","","","","","","","","","0","0","2","6","0","","","","","","","","","","","","1","25","0","","","","","","","","","","","","","0"
"433","Mississippi","11/06/10","28","NEAT","KORVIC","2","9","0","9","0","","","","","","","2","9","1","14","0","","","","","","","","","","","","","","","","","","","","","","","","","","","0"
"433","Mississippi","11/13/10","28","NEAT","KORVIC","","","","","","","","","","","","0","0","1","22","0","","","","","","","","","","","","1","16","0","","","","","","","","","","","","","0"
"433","Mississippi","11/20/10","28","NEAT","KORVIC","1","13","0","13","0","","","","","","","1","13","1","3","0","","","","","","","","","","","","","","","","","","","","","","","","","","","0"
"433","Mississippi","11/27/10","28","NEAT","KORVIC","","","","","","","","","","","","0","0","1","9","0","","","","","","","","","","","","","","","","","","","","","","","","","","","0"
"433","Mississippi","09/04/10","81","ROSE","BRYSON","","","","","","","","","","","","0","0","","","","","","","","","","","","","","","","","","","6","6","0","0","","","","","2","2","","12"
"433","Mississippi","09/11/10","81","ROSE","BRYSON","","","","","","","","","","","","0","0","","","","","","","","","","","","","","","","","","","3","3","0","0","","","","","2","2","","9"
"433","Mississippi","09/18/10","81","ROSE","BRYSON","","","","","","","","","","","","0","0","","","","","","","","","","","","","","","","","","","2","2","0","0","","","","","1","0","","2"
"433","Mississippi","09/25/10","81","ROSE","BRYSON","","","","","","","","","","","","0","0","","","","","","","","","","","","","","","","","","","7","7","0","0","","","","","3","2","","13"
"433","Mississippi","10/02/10","81","ROSE","BRYSON","","","","","","","","","","","","0","0","","","","","","","","","","","","","","","","","","","6","6","0","0","","","","","","","","6"
"433","Mississippi","10/16/10","81","ROSE","BRYSON","","","","","","","","","","","","0","0","","","","","","","","","","","","","","","","","","","1","1","0","0","","","","","1","1","","4"
"433","Mississippi","10/23/10","81","ROSE","BRYSON","","","","","","","","","","","","0","0","","","","","","","","","","","","","","","","","","","3","3","0","0","","","","","1","1","","6"
"433","Mississippi","10/30/10","81","ROSE","BRYSON","","","","","","","","","","","","0","0","","","","","","","","","","","","","","","","","","","4","4","0","0","","","","","1","1","","7"
"433","Mississippi","11/06/10","81","ROSE","BRYSON","","","","","","","","","","","","0","0","","","","","","","","","","","","","","","","","","","4","4","0","0","","","","","5","5","","19"
"433","Mississippi","11/13/10","81","ROSE","BRYSON","","","","","","","","","","","","0","0","","","","","","","","","","","","","","","","","","","2","2","0","0","","","","","","","","2"
"433","Mississippi","11/20/10","81","ROSE","BRYSON","","","","","","","","","","","","0","0","","","","","","","","","","","","","","","","","","","3","3","0","0","","","","","1","1","","6"
"433","Mississippi","11/27/10","81","ROSE","BRYSON","","","","","","","","","","","","0","0","","","","","","","","","","","","","","","","","","","3","2","0","0","","","","","1","1","","5"
"433","Mississippi","09/25/10","3A","SAWYER","CHARLES","","","","","","","","","","","","0","0","","","","","","","1","1","0","","","","","","","","","","","","","","","","","","","","","0"
"433","Mississippi","10/02/10","3A","SAWYER","CHARLES","","","","","","","","","","","","0","0","","","","1","38","0","","","","","","","","","","","","","","","","","","","","","","","","0"
"433","Mississippi","11/06/10","3A","SAWYER","CHARLES","","","","","","","","","","","","0","0","","","","1","15","0","","","","","","","","","","","","","","","","","","","","","","","","0"
"433","Mississippi","09/04/10","3B","SCOTT","JEFF","3","19","0","19","0","","","","","","","3","19","","","","","","","","","","","","","","","2","68","0","","","","","","","","","","","","","0"
"433","Mississippi","09/25/10","3B","SCOTT","JEFF","11","92","18","74","1","","","","","","","11","74","","","","","","","","","","","","","","","","","","1","","","","","","","","","","","","6"
"433","Mississippi","10/02/10","3B","SCOTT","JEFF","8","30","4","26","0","","","","","","","8","26","","","","","","","","","","","","","","","","","","","","","","","","","","","","","","0"
"433","Mississippi","10/16/10","3B","SCOTT","JEFF","5","39","0","39","0","","","","","","","5","39","","","","","","","","","","","","","","","","","","","","","","","","","","","","","","0"
"433","Mississippi","10/23/10","3B","SCOTT","JEFF","11","69","7","62","0","","","","","","","11","62","","","","","","","","","","","","","","","","","","","","","","","","","","","","","","0"
"433","Mississippi","10/30/10","3B","SCOTT","JEFF","9","140","6","134","1","","","","","","","9","134","","","","","","","","","","","","","","","","","","1","","","","","","","","","","","","6"
"433","Mississippi","11/06/10","3B","SCOTT","JEFF","2","1","0","1","0","","","","","","","2","1","","","","","","","","","","","","","","","","","","","","","","","","","","","","","","0"
"433","Mississippi","11/13/10","3B","SCOTT","JEFF","5","31","0","31","0","","","","","","","5","31","","","","","","","","","","","","","","","2","39","0","","","","","","","","","","","","","0"
"433","Mississippi","11/20/10","3B","SCOTT","JEFF","6","35","4","31","0","","","","","","","6","31","1","-5","0","","","","","","","","","","","","7","188","0","","","","","","","","","","","","","0"
"433","Mississippi","11/27/10","3B","SCOTT","JEFF","6","20","8","12","1","","","","","","","6","12","4","30","0","","","","","","","","","","","","4","121","0","1","","","","","","","","","","","","6"
"433","Mississippi","09/04/10","2","SCOTT","RODNEY","3","9","0","9","0","","","","","","","3","9","","","","","","","","","","","","","","","","","","","","","","","","","","","","","","0"
"433","Mississippi","09/18/10","2","SCOTT","RODNEY","1","8","0","8","0","","","","","","","1","8","","","","","","","","","","","","","","","","","","","","","","","","","","","","","","0"
"433","Mississippi","09/25/10","2","SCOTT","RODNEY","6","26","2","24","0","","","","","","","6","24","","","","","","","","","","","","","","","","","","","","","","","","","","","","","","0"
"433","Mississippi","10/02/10","2","SCOTT","RODNEY","5","14","0","14","1","","","","","","","5","14","","","","","","","","","","","","","","","","","","1","","","","","","","","","","","","6"
"433","Mississippi","10/23/10","2","SCOTT","RODNEY","2","7","0","7","0","","","","","","","2","7","","","","","","","","","","","","","","","","","","","","","","","","","","","","","","0"
"433","Mississippi","11/06/10","2","SCOTT","RODNEY","4","10","3","7","0","","","","","","","4","7","","","","","","","","","","","","","","","","","","","","","","","","","","","","","","0"
"433","Mississippi","10/23/10","42","SHACKLEFORD","D.T.","","","","","","","","","","","","0","0","","","","","","","1","19","0","","","","","","","","","","","","","","","","","","","","","0"
"433","Mississippi","09/04/10","12","STANLEY","NATHAN","3","2","15","-13","0","10","6","0","133","3","","13","120","","","","","","","","","","","","","","","","","","","","","","","","","","","","","","0"
"433","Mississippi","11/06/10","12","STANLEY","NATHAN","","","","","","14","6","0","108","0","","14","108","","","","","","","","","","","","","","","","","","","","","","","","","","","","","","0"
"433","Mississippi","11/13/10","12","STANLEY","NATHAN","2","0","17","-17","0","6","3","1","19","0","","8","2","","","","","","","","","","","","","","","","","","","","","","","","","","","","","","0"
"433","Mississippi","09/04/10","16","SUMMERS","MARKEITH","","","","","","","","","","","","0","0","2","32","1","","","","","","","","","","","","","","","1","","","","","","","","","","","","6"
"433","Mississippi","09/11/10","16","SUMMERS","MARKEITH","","","","","","","","","","","","0","0","5","165","1","","","","","","","","","","","","","","","1","","","","","","","","","","","","6"
"433","Mississippi","09/18/10","16","SUMMERS","MARKEITH","","","","","","","","","","","","0","0","3","38","0","","","","","","","","","","","","","","","","","","","","","","","","","","","0"
"433","Mississippi","10/02/10","16","SUMMERS","MARKEITH","","","","","","","","","","","","0","0","1","7","0","","","","","","","","","","","","","","","","","","","","","","","","","","","0"
"433","Mississippi","10/16/10","16","SUMMERS","MARKEITH","","","","","","","","","","","","0","0","2","13","0","","","","","","","","","","","","","","","","","","","","","","","","","","","0"
"433","Mississippi","10/23/10","16","SUMMERS","MARKEITH","","","","","","","","","","","","0","0","3","104","2","","","","","","","","","","","","","","","2","","","","","","","","","","","","12"
"433","Mississippi","10/30/10","16","SUMMERS","MARKEITH","1","20","0","20","0","","","","","","","1","20","4","66","1","","","","","","","","","","","","","","","1","","","","","","","","","","","","6"
"433","Mississippi","11/06/10","16","SUMMERS","MARKEITH","","","","","","","","","","","","0","0","1","11","0","","","","","","","","","","","","","","","","","","","","","","","","","","","0"
"433","Mississippi","11/13/10","16","SUMMERS","MARKEITH","","","","","","","","","","","","0","0","1","18","0","","","","","","","","","4","20","0","","","","","","","","","","","","","","","","0"
"433","Mississippi","11/20/10","16","SUMMERS","MARKEITH","","","","","","","","","","","","0","0","2","73","1","","","","","","","","","","","","","","","1","","","","","","","","","","","","6"
"433","Mississippi","11/27/10","16","SUMMERS","MARKEITH","","","","","","","","","","","","0","0","4","48","0","","","","","","","","","","","","","","","","","","","","","","","","","","","0"
"433","Mississippi","09/25/10","4","TEMPLE","MARCUS","","","","","","","","","","","","0","0","","","","","","","0","29","0","","","","","","","","","","","","","","","","","","","","","0"
"433","Mississippi","09/04/10","29","THOMAS","DEVIN","1","0","0","0","0","","","","","","","1","0","","","","","","","","","","","","","","","","","","","","","","","","","","","","","","0"
"433","Mississippi","09/11/10","29","THOMAS","DEVIN","2","4","1","3","0","","","","","","","2","3","","","","","","","","","","","","","","","","","","","","","","","","","","","","","","0"
"433","Mississippi","10/30/10","29","THOMAS","DEVIN","1","3","0","3","0","","","","","","","1","3","","","","","","","","","","","","","","","","","","","","","","","","","","","","","","0"
"433","Mississippi","11/13/10","29","THOMAS","DEVIN","2","7","0","7","0","","","","","","","2","7","","","","","","","","","","","","","","","","","","","","","","","","","","","","","","0"
"433","Mississippi","10/23/10","9","WALKER","ALLEN","","","","","","","","","","","","0","0","","","","1","6","0","","","","","","","","","","","","","","","","","","","","","","","","0"
"433","Mississippi","09/04/10","28A","WHITEHEAD","JULIAN","1","4","0","4","0","","","","","","","1","4","1","4","0","","","","","","","","","","","","","","","","","","","","","","","","","","","0"
"430","Mississippi St.","09/18/10","26","ANDERSON","DAMEIN","","","","","","","","","","","","0","0","","","","","","","1","7","0","","","","","","","","","","","","","","","","","","","","","0"
"430","Mississippi St.","09/04/10","28","BALLARD","VICK","7","61","1","60","2","","","","","","","7","60","","","","","","","","","","","","","","","","","","2","","","","","","","","","","","","12"
"430","Mississippi St.","09/09/10","28","BALLARD","VICK","5","13","0","13","1","","","","","","","5","13","1","22","0","","","","","","","","","","","","","","","1","","","","","","","","","","","","6"
"430","Mississippi St.","09/18/10","28","BALLARD","VICK","11","30","2","28","1","","","","","","","11","28","","","","","","","","","","","","","","","","","","1","","","","","","","","","","","","6"
"430","Mississippi St.","09/25/10","28","BALLARD","VICK","13","65","1","64","1","","","","","","","13","64","2","28","1","","","","","","","","","","","","","","","2","","","","","","","","","","","","12"
"430","Mississippi St.","10/02/10","28","BALLARD","VICK","8","119","0","119","3","","","","","","","8","119","","","","","","","","","","","","","","","","","","3","","","","","","","","","","","","18"
"430","Mississippi St.","10/09/10","28","BALLARD","VICK","14","135","1","134","3","","","","","","","14","134","","","","","","","","","","","","","","","","","","3","","","","","","","","","","","","18"
"430","Mississippi St.","10/16/10","28","BALLARD","VICK","20","101","3","98","0","","","","","","","20","98","1","-5","0","","","","","","","","","","","","","","","","","","","","","","","","","","","0"
"430","Mississippi St.","10/30/10","28","BALLARD","VICK","14","104","1","103","1","","","","","","","14","103","","","","","","","","","","","","","","","","","","1","","","","","","","","","","","","6"
"430","Mississippi St.","11/13/10","28","BALLARD","VICK","19","80","0","80","0","","","","","","","19","80","1","15","0","","","","","","","","","","","","","","","","","","","","","","","","","","","0"
"430","Mississippi St.","11/20/10","28","BALLARD","VICK","33","154","4","150","3","","","","","","","33","150","1","13","0","","","","","","","","","","","","","","","3","","","","","","","","","","","","18"
"430","Mississippi St.","11/27/10","28","BALLARD","VICK","22","55","12","43","1","","","","","","","22","43","2","22","0","","","","","","","","","","","","","","","1","","","","","","","","","","","","6"
"430","Mississippi St.","01/01/11","28","BALLARD","VICK","20","77","1","76","3","","","","","","","20","76","2","11","0","","","","","","","","","","","","","","","3","","","","","","","","","","","","18"
"430","Mississippi St.","10/09/10","13","BANKS","JOHNTHAN","","","","","","","","","","","","0","0","","","","0","2","0","","","","","","","","","","","","","","","","","","","","","","","","0"
"430","Mississippi St.","10/16/10","13","BANKS","JOHNTHAN","","","","","","","","","","","","0","0","","","","1","12","0","","","","","","","","","","","","","","","","","","","","","","","","0"
"430","Mississippi St.","10/30/10","13","BANKS","JOHNTHAN","","","","","","","","","","","","0","0","","","","1","10","0","","","","","","","","","","","","","","","","","","","","","","","","0"
"430","Mississippi St.","01/01/11","13","BANKS","JOHNTHAN","","","","","","","","","","","","0","0","","","","1","0","0","","","","","","","","","","","","","","","","","","","","","","","","0"
"430","Mississippi St.","09/04/10","9","BERRY","LEON","","","","","","","","","","","","0","0","5","91","1","","","","","","","","","","","","1","22","0","1","","","","","","","","","","","","6"
"430","Mississippi St.","09/09/10","9","BERRY","LEON","","","","","","","","","","","","0","0","","","","","","","","","","","","","","","3","79","0","","","","","","","","","","","","","0"
"430","Mississippi St.","09/18/10","9","BERRY","LEON","","","","","","","","","","","","0","0","","","","","","","","","","","","","","","3","41","0","","","","","","","","","","","","","0"
"430","Mississippi St.","09/25/10","9","BERRY","LEON","","","","","","","","","","","","0","0","","","","","","","","","","","","","","","1","16","0","","","","","","","","","","","","","0"
"430","Mississippi St.","10/02/10","9","BERRY","LEON","","","","","","","","","","","","0","0","3","97","0","","","","","","","","","","","","3","153","1","1","","","","","","","","","","","","6"
"430","Mississippi St.","10/09/10","9","BERRY","LEON","1","12","0","12","0","","","","","","","1","12","","","","","","","","","","","","","","","3","64","0","","","","","","","","","","","","","0"
"430","Mississippi St.","09/04/10","37","BRAUCHLE","SEAN","","","","","","","","","","","","0","0","","","","","","","","","","","","","","","","","","","1","1","0","0","","","","","1","0","","1"
"430","Mississippi St.","09/09/10","37","BRAUCHLE","SEAN","","","","","","","","","","","","0","0","","","","","","","","","","","","","","","","","","","2","2","0","0","","","","","","","","2"
"430","Mississippi St.","09/18/10","37","BRAUCHLE","SEAN","","","","","","","","","","","","0","0","","","","","","","","","","","","","","","","","","","1","1","0","0","","","","","","","","1"
"430","Mississippi St.","09/25/10","37","BRAUCHLE","SEAN","","","","","","","","","","","","0","0","","","","","","","","","","","","","","","","","","","2","2","0","0","","","","","1","1","","5"
"430","Mississippi St.","10/02/10","37","BRAUCHLE","SEAN","","","","","","","","","","","","0","0","","","","","","","","","","","","","","","","","","","7","7","0","0","","","","","","","","7"
"430","Mississippi St.","10/09/10","37","BRAUCHLE","SEAN","","","","","","","","","","","","0","0","","","","","","","","","","","","","","","","","","","6","6","0","0","","","","","3","1","","9"
"430","Mississippi St.","10/16/10","37","BRAUCHLE","SEAN","","","","","","","","","","","","0","0","","","","","","","","","","","","","","","","","","","1","1","0","0","","","","","2","1","","4"
"430","Mississippi St.","10/09/10","25","BROOMFIELD","COREY","","","","","","","","","","","","0","0","","","","2","40","1","","","","","","","","","","","","1","","","","","","","","","","","","6"
"430","Mississippi St.","11/27/10","25","BROOMFIELD","COREY","","","","","","","","","","","","0","0","","","","1","0","0","","","","","","","","","","","","","","","","","","","","","","","","0"
"430","Mississippi St.","09/04/10","1","BUMPHIS","CHAD","","","","","","","","","","","","0","0","4","100","2","","","","","","","","","4","49","0","","","","2","","","","","","","","","","","","12"
"430","Mississippi St.","09/09/10","1","BUMPHIS","CHAD","3","27","0","27","0","","","","","","","3","27","5","34","0","","","","","","","","","1","4","0","1","11","0","","","","","","","","","","","","","0"
"430","Mississippi St.","09/18/10","1","BUMPHIS","CHAD","","","","","","","","","","","","0","0","3","21","0","","","","","","","","","","","","3","47","0","","","","","","","","","","","","","0"
"430","Mississippi St.","09/25/10","1","BUMPHIS","CHAD","1","0","2","-2","0","","","","","","","1","-2","4","64","0","","","","","","","","","1","1","0","","","","","","","","","","","","","","","","0"
"430","Mississippi St.","10/02/10","1","BUMPHIS","CHAD","4","38","0","38","0","","","","","","","4","38","9","133","2","","","","","","","","","3","19","0","","","","2","","","","","","","","","","","","12"
"430","Mississippi St.","10/09/10","1","BUMPHIS","CHAD","1","4","0","4","0","","","","","","","1","4","7","79","0","","","","","","","","","","","","","","","","","","","","","","","","","","","0"
"430","Mississippi St.","10/16/10","1","BUMPHIS","CHAD","3","21","0","21","0","","","","","","","3","21","1","30","0","","","","","","","","","","","","","","","","","","","","","","","","","","","0"
"430","Mississippi St.","10/23/10","1","BUMPHIS","CHAD","4","33","3","30","0","","","","","","","4","30","","","","","","","","","","","","1","14","0","","","","","","","","","","","","","","","","0"
"430","Mississippi St.","10/30/10","1","BUMPHIS","CHAD","1","8","0","8","0","","","","","","","1","8","2","41","0","","","","","","","","","4","44","0","1","32","0","","","","","","","","","","","","","0"
"430","Mississippi St.","11/13/10","1","BUMPHIS","CHAD","1","0","1","-1","0","","","","","","","1","-1","3","43","1","","","","","","","","","1","3","0","2","30","0","1","","","","","","","","","","","","6"
"430","Mississippi St.","11/20/10","1","BUMPHIS","CHAD","1","6","0","6","0","","","","","","","1","6","5","45","0","","","","","","","","","","","","1","23","0","","","","","","","","","","","","","0"
"430","Mississippi St.","11/27/10","1","BUMPHIS","CHAD","","","","","","","","","","","","0","0","1","44","0","","","","","","","","","1","3","0","","","","","","","","","","","","","","","","0"
"430","Mississippi St.","10/23/10","86","CARR","MICHAEL","2","23","0","23","0","","","","","","","2","23","","","","","","","","","","","","","","","","","","","","","","","","","","","","","","0"
"430","Mississippi St.","10/30/10","86","CARR","MICHAEL","1","16","0","16","0","","","","","","","1","16","","","","","","","","","","","","","","","","","","","","","","","","","","","","","","0"
"430","Mississippi St.","11/13/10","86","CARR","MICHAEL","1","3","0","3","0","","","","","","","1","3","","","","","","","","","","","","","","","2","29","0","","","","","","","","","","","","","0"
"430","Mississippi St.","11/20/10","86","CARR","MICHAEL","","","","","","","","","","","","0","0","1","9","0","","","","","","","","","","","","1","20","0","","","","","","","","","","","","","0"
"430","Mississippi St.","01/01/11","86","CARR","MICHAEL","","","","","","","","","","","","0","0","3","65","1","","","","","","","","","","","","","","","1","","","","","","","","","","","","6"
"430","Mississippi St.","09/04/10","19","CLARK","ARCETO","","","","","","","","","","","","0","0","2","19","0","","","","","","","","","","","","","","","","","","","","","","","","","","","0"
"430","Mississippi St.","09/09/10","19","CLARK","ARCETO","","","","","","","","","","","","0","0","2","28","0","","","","","","","","","","","","","","","","","","","","","","","","","","","0"
"430","Mississippi St.","09/18/10","19","CLARK","ARCETO","","","","","","","","","","","","0","0","3","48","0","","","","","","","","","","","","","","","","","","","","","","","","","","","0"
"430","Mississippi St.","09/25/10","19","CLARK","ARCETO","","","","","","","","","","","","0","0","2","47","1","","","","","","","","","","","","","","","1","","","","","","","","","","","","6"
"430","Mississippi St.","10/02/10","19","CLARK","ARCETO","","","","","","","","","","","","0","0","2","21","0","","","","","","","","","","","","","","","","","","","","","","","","","","","0"
"430","Mississippi St.","10/16/10","19","CLARK","ARCETO","","","","","","","","","","","","0","0","1","4","0","","","","","","","","","","","","","","","","","","","","","","","","","","","0"
"430","Mississippi St.","10/23/10","19","CLARK","ARCETO","","","","","","","","","","","","0","0","2","28","0","","","","","","","","","","","","","","","","","","","","","","","","","","","0"
"430","Mississippi St.","10/30/10","19","CLARK","ARCETO","","","","","","","","","","","","0","0","2","27","1","","","","","","","","","","","","","","","1","","","","","","","","","","","","6"
"430","Mississippi St.","11/13/10","19","CLARK","ARCETO","","","","","","","","","","","","0","0","2","44","0","","","","","","","","","","","","","","","","","","","","","","","","","","","0"
"430","Mississippi St.","11/20/10","19","CLARK","ARCETO","","","","","","","","","","","","0","0","3","29","0","","","","","","","","","","","","","","","","","","","","","","","","","","","0"
"430","Mississippi St.","11/27/10","19","CLARK","ARCETO","","","","","","","","","","","","0","0","1","22","0","","","","","","","","","","","","","","","","","","","","","","","","","","","0"
"430","Mississippi St.","01/01/11","19","CLARK","ARCETO","","","","","","","","","","","","0","0","3","45","1","","","","","","","","","","","","","","","1","","","","","","","","","","","","6"
"430","Mississippi St.","09/18/10","88","COOK","KENDRICK","","","","","","","","","","","","0","0","1","12","0","","","","","","","","","","","","","","","","","","","","","","","","","","","0"
"430","Mississippi St.","09/04/10","40","DEPASQUALE","DEREK","","","","","","","","","","","","0","0","","","","","","","","","","","","","","","","","","","6","6","0","0","","","","","","","","6"
"430","Mississippi St.","09/25/10","40","DEPASQUALE","DEREK","","","","","","","","","","","","0","0","","","","","","","","","","","","","","","","","","","1","1","0","0","","","","","","","","1"
"430","Mississippi St.","10/02/10","40","DEPASQUALE","DEREK","","","","","","","","","","","","0","0","","","","","","","","","","","","","","","","","","","","","","","","","","","1","0","","0"
"430","Mississippi St.","10/23/10","40","DEPASQUALE","DEREK","","","","","","","","","","","","0","0","","","","","","","","","","","","","","","","","","","2","2","0","0","","","","","5","5","","17"
"430","Mississippi St.","10/30/10","40","DEPASQUALE","DEREK","","","","","","","","","","","","0","0","","","","","","","","","","","","","","","","","","","3","3","0","0","","","","","1","1","","6"
"430","Mississippi St.","11/13/10","40","DEPASQUALE","DEREK","","","","","","","","","","","","0","0","","","","","","","","","","","","","","","","","","","1","1","0","0","","","","","1","1","","4"
"430","Mississippi St.","11/20/10","40","DEPASQUALE","DEREK","","","","","","","","","","","","0","0","","","","","","","","","","","","","","","","","","","4","4","0","0","","","","","1","1","","7"
"430","Mississippi St.","11/27/10","40","DEPASQUALE","DEREK","","","","","","","","","","","","0","0","","","","","","","","","","","","","","","","","","","4","4","0","0","","","","","2","1","","7"
"430","Mississippi St.","01/01/11","40","DEPASQUALE","DEREK","","","","","","","","","","","","0","0","","","","","","","","","","","","","","","","","","","7","7","0","0","","","","","1","1","","10"
"430","Mississippi St.","09/04/10","2","ELLIOT","ROBERT","11","42","3","39","0","","","","","","","11","39","","","","","","","","","","","","","","","","","","","","","","","","","","","","","","0"
"430","Mississippi St.","09/09/10","2","ELLIOT","ROBERT","4","14","0","14","0","","","","","","","4","14","1","3","0","","","","","","","","","","","","","","","","","","","","","","","","","","","0"
"430","Mississippi St.","09/18/10","2","ELLIOT","ROBERT","9","41","2","39","0","","","","","","","9","39","","","","","","","","","","","","","","","","","","","","","","","","","","","","","","0"
"430","Mississippi St.","09/25/10","2","ELLIOT","ROBERT","1","1","0","1","0","","","","","","","1","1","","","","","","","","","","","","","","","","","","","","","","","","","","","","","","0"
"430","Mississippi St.","10/02/10","2","ELLIOT","ROBERT","3","10","0","10","0","","","","","","","3","10","","","","","","","","","","","","","","","","","","","","","","","","","","","","","","0"
"430","Mississippi St.","10/09/10","2","ELLIOT","ROBERT","11","46","3","43","0","","","","","","","11","43","","","","","","","","","","","","","","","","","","","","","","","","","","","","","","0"
"430","Mississippi St.","10/16/10","2","ELLIOT","ROBERT","2","8","0","8","0","","","","","","","2","8","","","","","","","","","","","","","","","","","","","","","","","","","","","","","","0"
"430","Mississippi St.","10/23/10","2","ELLIOT","ROBERT","4","12","0","12","0","","","","","","","4","12","","","","","","","","","","","","","","","","","","","","","","","","","","","","","","0"
"430","Mississippi St.","10/30/10","2","ELLIOT","ROBERT","2","7","0","7","0","","","","","","","2","7","","","","","","","","","","","","","","","","","","","","","","","","","","","","","","0"
"430","Mississippi St.","11/13/10","2","ELLIOT","ROBERT","6","12","0","12","0","","","","","","","6","12","","","","","","","","","","","","","","","","","","","","","","","","","","","","","","0"
"430","Mississippi St.","11/20/10","2","ELLIOT","ROBERT","1","0","0","0","0","","","","","","","1","0","2","11","0","","","","","","","","","","","","","","","","","","","","","","","","","","","0"
"430","Mississippi St.","11/27/10","2","ELLIOT","ROBERT","","","","","","","","","","","","0","0","","","","","","","","","","","","","","","1","24","0","","","","","","","","","","","","","0"
"430","Mississippi St.","01/01/11","2","ELLIOT","ROBERT","6","36","0","36","0","","","","","","","6","36","","","","","","","","","","","","","","","1","21","0","","","","","","","","","","","","","0"
"430","Mississippi St.","09/04/10","32","GREEN","MARCUS","","","","","","","","","","","","0","0","2","25","0","","","","","","","","","","","","","","","","","","","","","","","","","","","0"
"430","Mississippi St.","09/09/10","32","GREEN","MARCUS","","","","","","","","","","","","0","0","1","11","0","","","","","","","","","","","","","","","","","","","","","","","","","","","0"
"430","Mississippi St.","09/09/10","35","HANRAHAN","PATRICK","3","21","0","21","0","","","","","","","3","21","1","4","0","","","","","","","","","","","","","","","","","","","","","","","","","","","0"
"430","Mississippi St.","09/18/10","35","HANRAHAN","PATRICK","2","0","1","-1","0","","","","","","","2","-1","","","","","","","","","","","","","","","","","","","","","","","","","","","","","","0"
"430","Mississippi St.","10/02/10","35","HANRAHAN","PATRICK","1","0","0","0","0","","","","","","","1","0","","","","","","","","","","","","","","","","","","","","","","","","","","","","","","0"
"430","Mississippi St.","11/13/10","35","HANRAHAN","PATRICK","","","","","","","","","","","","0","0","1","15","0","","","","","","","","","","","","","","","","","","","","","","","","","","","0"
"430","Mississippi St.","11/20/10","35","HANRAHAN","PATRICK","","","","","","","","","","","","0","0","1","4","0","","","","","","","","","","","","","","","","","","","","","","","","","","","0"
"430","Mississippi St.","09/04/10","3","HEAVENS","BRANDON","","","","","","","","","","","","0","0","5","112","2","","","","","","","","","","","","","","","2","","","","","","","","","","","","12"
"430","Mississippi St.","09/09/10","3","HEAVENS","BRANDON","","","","","","","","","","","","0","0","2","6","0","","","","","","","","","","","","","","","","","","","","","","","","","","","0"
"430","Mississippi St.","09/18/10","3","HEAVENS","BRANDON","","","","","","","","","","","","0","0","2","27","0","","","","","","","","","","","","","","","","","","","","","","","","","","","0"
"430","Mississippi St.","10/02/10","3","HEAVENS","BRANDON","","","","","","","","","","","","0","0","2","19","0","","","","","","","","","","","","","","","","","","","","","","","","","","","0"
"430","Mississippi St.","10/09/10","3","HEAVENS","BRANDON","","","","","","","","","","","","0","0","1","23","0","","","","","","","","","","","","","","","","","","","","","","","","","","","0"
"430","Mississippi St.","10/23/10","3","HEAVENS","BRANDON","4","26","0","26","0","","","","","","","4","26","2","44","0","","","","","","","","","","","","","","","","","","","","","","","","","","","0"
"430","Mississippi St.","10/30/10","3","HEAVENS","BRANDON","","","","","","","","","","","","0","0","1","33","0","","","","","","","","","","","","","","","","","","","","","","","","","","","0"
"430","Mississippi St.","11/13/10","3","HEAVENS","BRANDON","","","","","","","","","","","","0","0","3","21","0","","","","","","","","","","","","","","","","","","","","","","","","","","","0"
"430","Mississippi St.","11/27/10","3","HEAVENS","BRANDON","1","5","0","5","0","","","","","","","1","5","2","19","0","","","","","","","","","","","","","","","","","","","","","","","","","","","0"
"430","Mississippi St.","01/01/11","3","HEAVENS","BRANDON","","","","","","","","","","","","0","0","2","12","0","","","","","","","","","","","","","","","","","","","","","","","","","","","0"
"430","Mississippi St.","09/09/10","23","HEMPHILL","SYLVESTER","1","6","0","6","0","","","","","","","1","6","","","","","","","","","","","","","","","","","","","","","","","","","","","","","","0"
"430","Mississippi St.","10/09/10","23","HEMPHILL","SYLVESTER","1","2","0","2","0","","","","","","","1","2","1","3","0","","","","","","","","","","","","","","","","","","","","","","","","","","","0"
"430","Mississippi St.","10/16/10","23","HEMPHILL","SYLVESTER","","","","","","","","","","","","0","0","","","","","","","","","","","","","","","1","0","0","","","","","","","","","","","","","0"
"430","Mississippi St.","09/04/10","85","HENDERSON","BRANDON","","","","","","","","","","","","0","0","2","25","0","","","","","","","","","","","","","","","","","","","","","","","","","","","0"
"430","Mississippi St.","09/09/10","85","HENDERSON","BRANDON","","","","","","","","","","","","0","0","1","0","0","","","","","","","","","","","","","","","","","","","","","","","","","","","0"
"430","Mississippi St.","10/16/10","85","HENDERSON","BRANDON","","","","","","","","","","","","0","0","1","4","0","","","","","","","","","","","","","","","","","","","","","","","","","","","0"
"430","Mississippi St.","10/23/10","85","HENDERSON","BRANDON","","","","","","","","","","","","0","0","2","23","0","","","","","","","","","","","","","","","","","","","","","","","","","","","0"
"430","Mississippi St.","10/30/10","85","HENDERSON","BRANDON","","","","","","","","","","","","0","0","1","3","0","","","","","","","","","","","","","","","","","","","","","","","","","","","0"
"430","Mississippi St.","11/20/10","85","HENDERSON","BRANDON","","","","","","","","","","","","0","0","1","29","0","","","","","","","","","","","","","","","","","","","","","","","","","","","0"
"430","Mississippi St.","09/04/10","38","HUTCHINS","HEATH","","","","","","","","","","","","0","0","","","","","","","","","","4","158","","","","","","","","","","","","","","","","","","","0"
"430","Mississippi St.","09/09/10","38","HUTCHINS","HEATH","","","","","","","","","","","","0","0","","","","","","","","","","7","291","","","","","","","","","","","","","","","","","","","0"
"430","Mississippi St.","09/18/10","38","HUTCHINS","HEATH","","","","","","","","","","","","0","0","","","","","","","","","","2","83","","","","","","","","","","","","","","","","","","","0"
"430","Mississippi St.","09/25/10","38","HUTCHINS","HEATH","","","","","","","","","","","","0","0","","","","","","","","","","3","105","","","","","","","","","","","","","","","","","","","0"
"430","Mississippi St.","10/02/10","38","HUTCHINS","HEATH","","","","","","","","","","","","0","0","","","","","","","","","","2","84","","","","","","","","","","","","","","","","","","","0"
"430","Mississippi St.","10/09/10","38","HUTCHINS","HEATH","","","","","","","","","","","","0","0","","","","","","","","","","3","122","","","","","","","","","","","","","","","","","","","0"
"430","Mississippi St.","10/16/10","38","HUTCHINS","HEATH","","","","","","","","","","","","0","0","","","","","","","","","","6","260","","","","","","","","","","","","","","","","","","","0"
"430","Mississippi St.","10/23/10","38","HUTCHINS","HEATH","","","","","","","","","","","","0","0","","","","","","","","","","5","183","","","","","","","","","","","","","","","","","","","0"
"430","Mississippi St.","10/30/10","38","HUTCHINS","HEATH","","","","","","","","","","","","0","0","","","","","","","","","","8","345","","","","","","","","","","","","","","","","","","","0"
"430","Mississippi St.","11/13/10","38","HUTCHINS","HEATH","","","","","","","","","","","","0","0","","","","","","","","","","7","297","","","","","","","","","","","","","","","","","","","0"
"430","Mississippi St.","11/20/10","38","HUTCHINS","HEATH","1","3","0","3","0","","","","","","","1","3","","","","","","","","","","4","171","","","","","","","","","","","","","","","","","","","0"
"430","Mississippi St.","11/27/10","38","HUTCHINS","HEATH","","","","","","","","","","","","0","0","","","","","","","","","","6","257","","","","","","","","","","","","","","","","","","","0"
"430","Mississippi St.","01/01/11","38","HUTCHINS","HEATH","","","","","","","","","","","","0","0","","","","","","","","","","2","94","","","","","","","","","","","","","","","","","","","0"
"430","Mississippi St.","09/09/10","61","JACKSON","GABE","0","0","0","0","1","","","","","","","0","0","","","","","","","","","","","","","","","","","","1","","","","","","","","","","","","6"
"430","Mississippi St.","09/04/10","15","LANGSTON","MAURICE","","","","","","","","","","","","0","0","","","","2","15","0","","","","","","","","","","","","","","","","","","","","","","","","0"
"430","Mississippi St.","09/18/10","15","LANGSTON","MAURICE","","","","","","","","","","","","0","0","","","","","","","","","","","","","","","1","29","0","","","","","","","","","","","","","0"
"430","Mississippi St.","10/09/10","15","LANGSTON","MAURICE","","","","","","","","","","","","0","0","","","","","","","","","","","","","","","1","28","0","","","","","","","","","","","","","0"
"430","Mississippi St.","10/23/10","15","LANGSTON","MAURICE","","","","","","","","","","","","0","0","","","","","","","","","","","","","","","3","84","0","","","","","","","","","","","","","0"
"430","Mississippi St.","10/30/10","15","LANGSTON","MAURICE","","","","","","","","","","","","0","0","","","","","","","","","","","","","","","2","35","0","","","","","","","","","","","","","0"
"430","Mississippi St.","09/04/10","4A","MARCUS","ADRIAN","6","24","0","24","0","","","","","","","6","24","","","","","","","","","","","","","","","","","","","","","","","","","","","","","","0"
"430","Mississippi St.","09/18/10","4A","MARCUS","ADRIAN","1","0","0","0","0","","","","","","","1","0","","","","","","","","","","","","","","","","","","","","","","","","","","","","","","0"
"430","Mississippi St.","10/02/10","4A","MARCUS","ADRIAN","","","","","","","","","","","","0","0","","","","","","","","","","","","","","","1","7","0","","","","","","","","","","","","","0"
"430","Mississippi St.","01/01/11","4A","MARCUS","ADRIAN","7","24","0","24","0","","","","","","","7","24","","","","","","","","","","","","","","","","","","","","","","","","","","","","","","0"
"430","Mississippi St.","09/04/10","27","PERKINS","LADARIUS","8","59","2","57","0","","","","","","","8","57","","","","","","","","","","","","","","","1","26","0","","","","","","","","","","","","","0"
"430","Mississippi St.","09/09/10","27","PERKINS","LADARIUS","3","11","1","10","0","","","","","","","3","10","","","","","","","","","","","","","","","","","","","","","","","","","","","","","","0"
"430","Mississippi St.","09/18/10","27","PERKINS","LADARIUS","10","30","6","24","0","","","","","","","10","24","","","","","","","","","","","","","","","","","","","","","","","","","","","","","","0"
"430","Mississippi St.","09/25/10","27","PERKINS","LADARIUS","4","13","0","13","0","1","0","1","0","0","","5","13","","","","","","","","","","","","","","","","","","","","","","","","","","","","","","0"
"430","Mississippi St.","10/02/10","27","PERKINS","LADARIUS","10","56","8","48","1","","","","","","","10","48","","","","","","","","","","","","","","","","","","1","","","","","","","","","","","","6"
"430","Mississippi St.","10/09/10","27","PERKINS","LADARIUS","12","78","0","78","1","","","","","","","12","78","1","11","0","","","","","","","","","","","","","","","1","","","","","","","","","","","","6"
"430","Mississippi St.","10/16/10","27","PERKINS","LADARIUS","1","5","0","5","0","","","","","","","1","5","","","","","","","","","","","","","","","","","","","","","","","","","","","","","","0"
"430","Mississippi St.","10/23/10","27","PERKINS","LADARIUS","18","140","9","131","1","","","","","","","18","131","1","4","1","","","","","","","","","","","","1","33","0","2","","","","","","","","","","","","12"
"430","Mississippi St.","10/30/10","27","PERKINS","LADARIUS","3","12","1","11","0","","","","","","","3","11","1","7","0","","","","","","","","","","","","","","","","","","","","","","","","","","","0"
"430","Mississippi St.","11/13/10","27","PERKINS","LADARIUS","8","44","0","44","0","","","","","","","8","44","","","","","","","","","","","","","","","2","41","0","","","","","","","","","","","","","0"
"430","Mississippi St.","11/20/10","27","PERKINS","LADARIUS","2","7","0","7","0","","","","","","","2","7","1","6","0","","","","","","","","","","","","4","80","0","","","","","","","","","","","","","0"
"430","Mississippi St.","11/27/10","27","PERKINS","LADARIUS","13","101","3","98","0","","","","","","","13","98","3","140","2","","","","","","","","","1","16","0","4","65","0","2","","","","","","","","","","","","12"
"430","Mississippi St.","01/01/11","27","PERKINS","LADARIUS","9","40","0","40","0","","","","","","","9","40","2","79","0","","","","","","","","","","","","2","36","0","","","","","","","","","","","","","0"
"430","Mississippi St.","09/04/10","14","RELF","CHRIS","7","32","12","20","0","9","7","1","116","1","","16","136","","","","","","","","","","","","","","","","","","","","","","","","","","","","","","0"
"430","Mississippi St.","09/09/10","14","RELF","CHRIS","14","51","25","26","0","26","12","0","110","0","","40","136","","","","","","","","","","","","","","","","","","","","","","","","","","","","","","0"
"430","Mississippi St.","09/18/10","14","RELF","CHRIS","7","52","6","46","0","8","5","2","35","0","","15","81","","","","","","","","","","","","","","","","","","","","","","","","","","","","","","0"
"430","Mississippi St.","09/25/10","14","RELF","CHRIS","20","114","5","109","0","14","9","0","148","2","","34","257","","","","","","","","","","","","","","","","","","","","","","","","","","","","","","0"
"430","Mississippi St.","10/02/10","14","RELF","CHRIS","3","5","7","-2","0","15","11","0","209","2","","18","207","","","","","","","","","","","","","","","","","","","","","","","","","","","","","","0"
"430","Mississippi St.","10/09/10","14","RELF","CHRIS","14","98","2","96","1","14","7","0","57","0","","28","153","","","","","","","","","","","","","","","","","","1","","","","","","","","","","","","6"
"430","Mississippi St.","10/16/10","14","RELF","CHRIS","22","84","2","82","1","9","4","0","33","0","","31","115","","","","","","","","","","","","","","","","","","1","","","","","","","","","","","","6"
"430","Mississippi St.","10/23/10","14","RELF","CHRIS","20","71","20","51","0","19","8","0","107","1","","39","158","","","","","","","","","","","","","","","","","","","","","","","","","","","","","","0"
"430","Mississippi St.","10/30/10","14","RELF","CHRIS","16","80","1","79","1","17","7","0","111","1","","33","190","","","","","","","","","","","","","","","","","","1","","","","","","","","","","","","6"
"430","Mississippi St.","11/13/10","14","RELF","CHRIS","13","33","26","7","0","16","8","1","70","0","","29","77","","","","","","","","","","","","","","","","","","","","","","","","","","","","","","0"
"430","Mississippi St.","11/20/10","14","RELF","CHRIS","31","128","25","103","1","30","20","0","224","0","","61","327","","","","","","","","","","","","","","","","","","1","","","","","","","","","","","","6"
"430","Mississippi St.","11/27/10","14","RELF","CHRIS","12","83","17","66","0","20","13","1","288","3","","32","354","","","","","","","","","","","","","","","","","","","","","","","","","","","","","","0"
"430","Mississippi St.","01/01/11","14","RELF","CHRIS","15","49","19","30","1","23","18","1","281","3","","38","311","","","","","","","","","","","","","","","","","","1","","","","","","","","","","","","6"
"430","Mississippi St.","09/04/10","17","RUSSELL","TYLER","1","0","1","-1","0","16","13","0","256","4","","17","255","","","","","","","","","","","","","","","","","","","","","","","","","","","","","","0"
"430","Mississippi St.","09/09/10","17","RUSSELL","TYLER","","","","","","9","4","1","19","0","","9","19","","","","","","","","","","","","","","","","","","","","","","","","","","","","","","0"
"430","Mississippi St.","09/18/10","17","RUSSELL","TYLER","4","16","0","16","0","10","5","3","81","0","","14","97","","","","","","","","","","","","","","","","","","","","","","","","","","","","","","0"
"430","Mississippi St.","10/02/10","17","RUSSELL","TYLER","4","11","6","5","0","14","8","1","127","0","","18","132","","","","","","","","","","","","","","","","","","","","","","","","","","","","","","0"
"430","Mississippi St.","10/09/10","17","RUSSELL","TYLER","3","40","0","40","0","9","5","0","72","0","","12","112","","","","","","","","","","","","","","","","","","","","","","","","","","","","","","0"
"430","Mississippi St.","10/30/10","17","RUSSELL","TYLER","","","","","","2","0","0","0","0","","2","0","","","","","","","","","","","","","","","","","","","","","","","","","","","","","","0"
"430","Mississippi St.","11/13/10","17","RUSSELL","TYLER","1","4","0","4","0","7","4","1","80","1","","8","84","","","","","","","","","","","","","","","","","","","","","","","","","","","","","","0"
"430","Mississippi St.","01/01/11","11","SANDERS","RICCO","","","","","","","","","","","","0","0","2","23","1","","","","","","","","","","","","","","","1","","","","","","","","","","","","6"
"430","Mississippi St.","09/09/10","8","SMITH","CHRIS","","","","","","","","","","","","0","0","2","21","0","","","","","","","","","","","","","","","","","","","","","","","","","","","0"
"430","Mississippi St.","09/18/10","8","SMITH","CHRIS","","","","","","","","","","","","0","0","1","8","0","","","","","","","","","","","","","","","","","","","","","","","","","","","0"
"430","Mississippi St.","09/25/10","8","SMITH","CHRIS","","","","","","","","","","","","0","0","1","9","0","","","","","","","","","","","","","","","","","","","","","","","","","","","0"
"430","Mississippi St.","10/02/10","8","SMITH","CHRIS","","","","","","","","","","","","0","0","2","28","0","","","","","","","","","","","","","","","","","","","","","","","","","","","0"
"430","Mississippi St.","10/09/10","8","SMITH","CHRIS","","","","","","","","","","","","0","0","2","13","0","","","","","","","","","","","","1","7","0","","","","","","","","","","","","","0"
"430","Mississippi St.","10/23/10","8","SMITH","CHRIS","","","","","","","","","","","","0","0","1","8","0","","","","","","","","","","","","","","","","","","","","","","","","","","","0"
"430","Mississippi St.","11/13/10","8","SMITH","CHRIS","","","","","","","","","","","","0","0","2","12","0","","","","","","","","","","","","","","","","","","","","","","","","","","","0"
"430","Mississippi St.","11/20/10","8","SMITH","CHRIS","","","","","","","","","","","","0","0","5","78","0","","","","","","","","","","","","","","","","","","","","","","","","","","","0"
"430","Mississippi St.","11/27/10","8","SMITH","CHRIS","","","","","","","","","","","","0","0","4","41","1","","","","","","","","","","","","","","","1","","","","","","","","","","","","6"
"430","Mississippi St.","01/01/11","8","SMITH","CHRIS","","","","","","","","","","","","0","0","4","46","0","","","","","","","","","","","","","","","","","","","","","","","","","","","0"
"430","Mississippi St.","10/02/10","67","SMITH","TOBIAS","0","12","0","12","0","","","","","","","0","12","","","","","","","","","","","","","","","","","","","","","","","","","","","","","","0"
"430","Mississippi St.","10/30/10","50","WHITE","CHRIS","","","","","","","","","","","","0","0","","","","1","5","0","","","","","","","","","","","","","","","","","","","","","","","","0"
"430","Mississippi St.","11/13/10","50","WHITE","CHRIS","","","","","","","","","","","","0","0","","","","1","0","0","","","","","","","","","","","","","","","","","","","","","","","","0"
"430","Mississippi St.","11/27/10","50","WHITE","CHRIS","","","","","","","","","","","","0","0","","","","","","","","","","","","","","","","","","","","","0","0","1","0","","","","","","0"
"430","Mississippi St.","09/09/10","5","WHITLEY","NICKOE","","","","","","","","","","","","0","0","","","","1","0","0","","","","","","","","","","","","","","","","","","","","","","","","0"
"430","Mississippi St.","10/30/10","5","WHITLEY","NICKOE","","","","","","","","","","","","0","0","","","","1","0","0","","","","","","","","","","","","","","","","","","","","","","","","0"
"430","Mississippi St.","11/20/10","5","WHITLEY","NICKOE","","","","","","","","","","","","0","0","","","","1","0","0","","","","","","","","","","","","","","","","","","","","","","","","0"
"430","Mississippi St.","10/02/10","31","WILLIAMS","SAM","","","","","","","","","","","","0","0","1","38","0","","","","","","","","","","","","","","","","","","","","","","","","","","","0"
"434","Missouri","09/11/10","97","BARROW","TREY","","","","","","","","","","","","0","0","","","","","","","","","","1","41","","","","","","","","","","","","","","","","","","","0"
"434","Missouri","10/09/10","97","BARROW","TREY","1","26","0","26","0","","","","","","","1","26","","","","","","","","","","1","49","","","","","","","","","","","","","","","","","","","0"
"434","Missouri","09/11/10","38","CULVER","JARED","1","2","0","2","0","","","","","","","1","2","","","","","","","","","","","","","","","","","","","","","","","","","","","","","","0"
"434","Missouri","09/11/10","1E","EDWARDS","KIP","","","","","","","","","","","","0","0","","","","","","","","","","","","1","4","0","","","","","","","","","","","","","","","","0"
"434","Missouri","10/09/10","1E","EDWARDS","KIP","","","","","","","","","","","","0","0","","","","1","49","0","","","","","","","","","","","","","","","","","","","","","","","","0"
"434","Missouri","09/04/10","82","EGNEW","MICHAEL","","","","","","","","","","","","0","0","10","60","1","","","","","","","","","","","","","","","1","","","","","","","","","","","","6"
"434","Missouri","09/11/10","82","EGNEW","MICHAEL","","","","","","","","","","","","0","0","6","52","0","","","","","","","","","","","","","","","","","","","","","","","","","","","0"
"434","Missouri","09/18/10","82","EGNEW","MICHAEL","","","","","","","","","","","","0","0","13","145","0","","","","","","","","","","","","","","","","","","","","","","","","","","","0"
"434","Missouri","09/25/10","82","EGNEW","MICHAEL","","","","","","","","","","","","0","0","4","41","0","","","","","","","","","","","","","","","","","","","","","","","","","","","0"
"434","Missouri","10/09/10","82","EGNEW","MICHAEL","","","","","","","","","","","","0","0","6","52","2","","","","","","","","","","","","","","","2","","","","","","","","","","","","12"
"434","Missouri","10/16/10","82","EGNEW","MICHAEL","","","","","","","","","","","","0","0","10","87","0","","","","","","","","","","","","","","","","","","","","","","","","","","","0"
"434","Missouri","10/23/10","82","EGNEW","MICHAEL","","","","","","","","","","","","0","0","7","8","0","","","","","","","","","","","","","","","","","","","","","","","","","","","0"
"434","Missouri","10/30/10","82","EGNEW","MICHAEL","","","","","","","","","","","","0","0","7","70","0","","","","","","","","","","","","","","","","","","","","","","","","","","","0"
"434","Missouri","11/06/10","82","EGNEW","MICHAEL","","","","","","","","","","","","0","0","3","16","0","","","","","","","","","","","","","","","","","","","","","","","","","","","0"
"434","Missouri","11/13/10","82","EGNEW","MICHAEL","","","","","","","","","","","","0","0","5","55","0","","","","","","","","","","","","","","","","","","","","","","","","","","","0"
"434","Missouri","11/20/10","82","EGNEW","MICHAEL","","","","","","","","","","","","0","0","7","77","1","","","","","","","","","","","","","","","1","","","","","","","","","","","","6"
"434","Missouri","11/27/10","82","EGNEW","MICHAEL","","","","","","","","","","","","0","0","5","35","0","","","","","","","","","","","","","","","","","","","","","","","","","","","0"
"434","Missouri","12/28/10","82","EGNEW","MICHAEL","","","","","","","","","","","","0","0","7","64","1","","","","","","","","","","","","","","","1","","","","","","","","","","","","6"
"434","Missouri","09/11/10","1","FRANKLIN","JAMES","4","28","0","28","1","8","6","0","25","0","","12","53","","","","","","","","","","","","","","","","","","1","","","","","","","","","","","","6"
"434","Missouri","09/25/10","1","FRANKLIN","JAMES","4","9","0","9","0","2","2","0","46","0","","6","55","","","","","","","","","","","","","","","","","","","","","","","","","","","","","","0"
"434","Missouri","10/09/10","1","FRANKLIN","JAMES","4","37","0","37","0","4","3","1","35","1","","8","72","","","","","","","","","","","","","","","","","","","","","","","","","","","","","","0"
"434","Missouri","10/16/10","1","FRANKLIN","JAMES","1","1","0","1","0","","","","","","","1","1","","","","","","","","","","","","","","","","","","","","","","","","","","","","","","0"
"434","Missouri","10/23/10","1","FRANKLIN","JAMES","1","3","0","3","1","","","","","","","1","3","","","","","","","","","","","","","","","","","","1","","","","","","","","","","","","6"
"434","Missouri","11/13/10","1","FRANKLIN","JAMES","2","17","5","12","0","","","","","","","2","12","","","","","","","","","","","","","","","","","","","","","","","","","","","","","","0"
"434","Missouri","11/20/10","1","FRANKLIN","JAMES","5","20","1","19","0","","","","","","","5","19","","","","","","","","","","","","","","","","","","","","","","","","","","","","","","0"
"434","Missouri","11/27/10","1","FRANKLIN","JAMES","1","5","0","5","0","","","","","","","1","5","","","","","","","","","","","","","","","","","","","","","","","","","","","","","","0"
"434","Missouri","12/28/10","1","FRANKLIN","JAMES","1","2","0","2","0","","","","","","","1","2","","","","","","","","","","","","","","","","","","","","","","","","","","","","","","0"
"434","Missouri","09/04/10","11","GABBERT","BLAINE","5","7","17","-10","0","48","34","0","281","2","","53","271","","","","","","","","","","","","","","","","","","","","","","","","","","","","","","0"
"434","Missouri","09/11/10","11","GABBERT","BLAINE","2","0","11","-11","0","31","26","0","220","1","","33","209","","","","","","","","","","","","","","","","","","","","","","","","","","","","","","0"
"434","Missouri","09/18/10","11","GABBERT","BLAINE","7","13","22","-9","1","51","28","2","351","1","","58","342","","","","","","","","","","","","","","","","","","1","","","","","","","","","","","","6"
"434","Missouri","09/25/10","11","GABBERT","BLAINE","9","22","2","20","1","21","15","1","187","1","","30","207","","","","","","","","","","","","","","","","","","1","","","","","","","","","","","","6"
"434","Missouri","10/09/10","11","GABBERT","BLAINE","6","13","7","6","0","29","17","0","191","2","","35","197","","","","","","","","","","","","","","","","","","","","","","","","","","","","","","0"
"434","Missouri","10/16/10","11","GABBERT","BLAINE","4","0","22","-22","0","47","31","0","361","3","","51","339","","","","","","","","","","","","","","","","","","","","","","","","","","","","","","0"
"434","Missouri","10/23/10","11","GABBERT","BLAINE","8","32","6","26","0","42","30","0","308","1","","50","334","","","","","","","","","","","","","","","","","","","","","1","0","","","","","","","","0"
"434","Missouri","10/30/10","11","GABBERT","BLAINE","22","123","49","74","0","42","18","1","199","1","","64","273","","","","","","","","","","","","","","","","","","","","","","","","","","","","","","0"
"434","Missouri","11/06/10","11","GABBERT","BLAINE","5","17","9","8","0","30","12","0","95","0","","35","103","","","","","","","","","","","","","","","","","","","","","","","","","","","","","","0"
"434","Missouri","11/13/10","11","GABBERT","BLAINE","14","99","10","89","1","25","17","1","208","2","","39","297","","","","","","","","","","","","","","","","","","1","","","","","","","","","","","","6"
"434","Missouri","11/20/10","11","GABBERT","BLAINE","6","40","3","37","0","26","16","0","172","1","","32","209","","","","","","","","","","","","","","","","","","","","","","","","","","","","","","0"
"434","Missouri","11/27/10","11","GABBERT","BLAINE","11","39","8","31","1","26","16","2","179","0","","37","210","","","","","","","","","","","","","","","","","","1","","","","","","","","","","","","6"
"434","Missouri","12/28/10","11","GABBERT","BLAINE","13","31","38","-7","1","57","41","2","434","1","","70","427","","","","","","","","","","","","","","","","","","1","","","","","","","","","","","","6"
"434","Missouri","09/11/10","6","GACHKAR","ANDREW","","","","","","","","","","","","0","0","","","","1","2","0","","","","","","","","","","","","","","","","","","","","","","","","0"
"434","Missouri","11/27/10","6","GACHKAR","ANDREW","","","","","","","","","","","","0","0","","","","1","6","0","","","","","","","","","","","","","","","","","","","","","","","","0"
"434","Missouri","09/04/10","16","GERAU","BRANDON","","","","","","","","","","","","0","0","1","12","0","","","","","","","","","","","","","","","","","","","","","","","","","","","0"
"434","Missouri","09/18/10","16","GERAU","BRANDON","","","","","","","","","","","","0","0","1","28","0","","","","","","","","","","","","","","","","","","","","","","","","","","","0"
"434","Missouri","09/25/10","16","GERAU","BRANDON","","","","","","","","","","","","0","0","1","27","0","","","","","","","","","","","","","","","","","","","","","","","","","","","0"
"434","Missouri","10/16/10","16","GERAU","BRANDON","","","","","","","","","","","","0","0","1","20","0","","","","","","","","","","","","","","","","","","","","","","","","","","","0"
"434","Missouri","10/23/10","16","GERAU","BRANDON","","","","","","","","","","","","0","0","1","9","0","","","","","","","","","","","","","","","","","","","","","","","","","","","0"
"434","Missouri","10/30/10","16","GERAU","BRANDON","","","","","","","","","","","","0","0","1","14","0","","","","","","","","","","","","","","","","","","","","","","","","","","","0"
"434","Missouri","12/28/10","16","GERAU","BRANDON","","","","","","","","","","","","0","0","1","10","0","","","","","","","","","","","","","","","","","","","","","","","","","","","0"
"434","Missouri","09/04/10","19","GETTIS","CARL","","","","","","","","","","","","0","0","","","","1","2","0","","","","","","3","20","0","","","","","","","","","","","","","","","","0"
"434","Missouri","09/11/10","19","GETTIS","CARL","","","","","","","","","","","","0","0","","","","","","","","","","","","1","9","0","1","11","0","","","","","","","","","","","","","0"
"434","Missouri","09/18/10","19","GETTIS","CARL","","","","","","","","","","","","0","0","","","","","","","","","","","","5","47","0","","","","","","","","","","","","","","","","0"
"434","Missouri","09/25/10","19","GETTIS","CARL","","","","","","","","","","","","0","0","","","","","","","1","19","1","","","","","","","","","1","","","","","","","","","","","","6"
"434","Missouri","10/09/10","19","GETTIS","CARL","","","","","","","","","","","","0","0","","","","","","","","","","","","1","5","0","1","5","0","","","","","","","","","","","","","0"
"434","Missouri","10/16/10","19","GETTIS","CARL","","","","","","","","","","","","0","0","","","","","","","","","","","","3","5","0","","","","","","","","","","","","","","","","0"
"434","Missouri","10/30/10","19","GETTIS","CARL","","","","","","","","","","","","0","0","","","","","","","","","","","","3","47","0","","","","","","","","","","","","","","","","0"
"434","Missouri","11/06/10","19","GETTIS","CARL","","","","","","","","","","","","0","0","","","","","","","","","","","","3","6","0","","","","","","","","","","","","","","","","0"
"434","Missouri","11/27/10","19","GETTIS","CARL","","","","","","","","","","","","0","0","","","","1","31","0","","","","","","2","11","0","","","","","","","","","","","","","","","","0"
"434","Missouri","10/23/10","25","GOODEN","ZAVIAR","","","","","","","","","","","","0","0","","","","1","0","0","","","","","","","","","","","","","","","","","","","","","","","","0"
"434","Missouri","11/06/10","25","GOODEN","ZAVIAR","","","","","","","","","","","","0","0","","","","1","10","0","","","","","","","","","","","","","","","","","","","","","","","","0"
"434","Missouri","09/04/10","99","GRABNER","MATT","","","","","","","","","","","","0","0","","","","","","","","","","5","200","","","","","","","","","","","","","","","","","","","0"
"434","Missouri","09/11/10","99","GRABNER","MATT","","","","","","","","","","","","0","0","","","","","","","","","","2","86","","","","","","","","","","","","","","","","","","","0"
"434","Missouri","09/18/10","99","GRABNER","MATT","","","","","","","","","","","","0","0","","","","","","","","","","8","363","","","","","","","","","","","","","","","","","","","0"
"434","Missouri","09/25/10","99","GRABNER","MATT","","","","","","","","","","","","0","0","","","","","","","","","","1","40","","","","","","","","","","","","","","","","","","","0"
"434","Missouri","10/09/10","99","GRABNER","MATT","","","","","","","","","","","","0","0","","","","","","","","","","4","173","","","","","","","","","","","","","","","","","","","0"
"434","Missouri","10/16/10","99","GRABNER","MATT","","","","","","","","","","","","0","0","","","","","","","","","","6","260","","","","","","","","","","","","","","","","","","","0"
"434","Missouri","10/23/10","99","GRABNER","MATT","","","","","","","","","","","","0","0","","","","","","","","","","6","215","","","","","","","","","","","","","","","","","","","0"
"434","Missouri","10/30/10","99","GRABNER","MATT","","","","","","","","","","","","0","0","","","","","","","","","","8","350","","","","","","","","","","","","","","","","","","","0"
"434","Missouri","11/06/10","99","GRABNER","MATT","","","","","","","","","","","","0","0","","","","","","","","","","8","431","","","","","","","","","","","","","","","","","","","0"
"434","Missouri","11/13/10","99","GRABNER","MATT","","","","","","","","","","","","0","0","","","","","","","","","","5","189","","","","","","","","","","","","","","","","","","","0"
"434","Missouri","11/20/10","99","GRABNER","MATT","1","15","0","15","0","","","","","","","1","15","","","","","","","","","","8","295","","","","","","","","","","","","","","","","","","","0"
"434","Missouri","11/27/10","99","GRABNER","MATT","","","","","","","","","","","","0","0","","","","","","","","","","4","168","","","","","","","","","","","","","","","","","","","0"
"434","Missouri","12/28/10","99","GRABNER","MATT","","","","","","","","","","","","0","0","","","","","","","","","","4","168","","","","","","","","","","","","","","","","","","","0"
"434","Missouri","11/27/10","1H","HARRISON","JARRELL","","","","","","","","","","","","0","0","","","","1","27","0","","","","","","","","","","","","","","","","","","","","","","","","0"
"434","Missouri","12/28/10","1H","HARRISON","JARRELL","","","","","","","","","","","","0","0","","","","1","0","0","","","","","","","","","","","","","","","","","","","","","","","","0"
"434","Missouri","09/04/10","29","JACKSON","JERRELL","","","","","","","","","","","","0","0","4","50","0","","","","","","","","","","","","","","","","","","","","","","","","","","","0"
"434","Missouri","09/11/10","29","JACKSON","JERRELL","","","","","","","","","","","","0","0","3","43","1","","","","","","","","","","","","","","","1","","","","","","","","","","","","6"
"434","Missouri","09/18/10","29","JACKSON","JERRELL","","","","","","","","","","","","0","0","4","47","0","","","","","","","","","","","","","","","","","","","","","","","","","","","0"
"434","Missouri","10/09/10","29","JACKSON","JERRELL","","","","","","","","","","","","0","0","3","51","1","","","","","","","","","","","","","","","1","","","","","","","","","","","","6"
"434","Missouri","10/16/10","29","JACKSON","JERRELL","","","","","","","","","","","","0","0","4","55","0","","","","","","","","","","","","","","","","","","","","","","","","","","","0"
"434","Missouri","10/23/10","29","JACKSON","JERRELL","","","","","","","","","","","","0","0","9","139","1","","","","","","","","","","","","","","","1","","","","","","","","","","","","6"
"434","Missouri","10/30/10","29","JACKSON","JERRELL","","","","","","","","","","","","0","0","2","19","0","","","","","","","","","","","","","","","","","","","","","","","","","","","0"
"434","Missouri","11/06/10","29","JACKSON","JERRELL","1","6","0","6","0","","","","","","","1","6","1","11","0","","","","","","","","","","","","","","","","","","","","","","","","","","","0"
"434","Missouri","11/13/10","29","JACKSON","JERRELL","1","9","0","9","1","","","","","","","1","9","4","45","0","","","","","","","","","","","","","","","1","","","","","","","","","","","","6"
"434","Missouri","11/20/10","29","JACKSON","JERRELL","","","","","","","","","","","","0","0","4","34","0","","","","","","","","","","","","","","","","","","","","","","","","","","","0"
"434","Missouri","11/27/10","29","JACKSON","JERRELL","2","7","0","7","0","","","","","","","2","7","3","33","0","","","","","","","","","","","","","","","","","","","","","","","","","","","0"
"434","Missouri","12/28/10","29","JACKSON","JERRELL","","","","","","","","","","","","0","0","9","129","0","","","","","","","","","","","","","","","","","","","","","","","","","","","0"
"434","Missouri","09/04/10","13","JACKSON","KENJI","","","","","","","","","","","","0","0","","","","1","32","0","","","","","","","","","","","","","","","","","","","","","","","","0"
"434","Missouri","09/11/10","13","JACKSON","KENJI","","","","","","","","","","","","0","0","","","","1","16","0","","","","","","","","","","","","","","","","","","","","","","","","0"
"434","Missouri","09/11/10","87","JONES","ANDREW","","","","","","","","","","","","0","0","1","7","0","","","","","","","","","","","","","","","","","","","","","","","","","","","0"
"434","Missouri","09/04/10","41","JOSEY","HENRY","1","10","0","10","0","","","","","","","1","10","","","","","","","","","","","","","","","","","","","","","","","","","","","","","","0"
"434","Missouri","09/11/10","41","JOSEY","HENRY","7","115","3","112","3","","","","","","","7","112","","","","","","","","","","","","","","","","","","3","","","","","","","","","","","","18"
"434","Missouri","09/18/10","41","JOSEY","HENRY","10","44","8","36","0","","","","","","","10","36","1","8","0","","","","","","","","","","","","","","","","","","","","","","","","","","","0"
"434","Missouri","09/25/10","41","JOSEY","HENRY","8","55","1","54","1","","","","","","","8","54","","","","","","","","","","","","","","","","","","1","","","","","","","","","","","","6"
"434","Missouri","10/09/10","41","JOSEY","HENRY","5","16","2","14","0","","","","","","","5","14","","","","","","","","","","","","","","","","","","","","","","","","","","","","","","0"
"434","Missouri","10/16/10","41","JOSEY","HENRY","5","29","0","29","0","","","","","","","5","29","","","","","","","","","","","","","","","","","","","","","","","","","","","","","","0"
"434","Missouri","10/23/10","41","JOSEY","HENRY","14","71","7","64","0","","","","","","","14","64","1","9","0","","","","","","","","","","","","1","20","0","","","","","","","","","","","","","0"
"434","Missouri","10/30/10","41","JOSEY","HENRY","4","7","1","6","0","","","","","","","4","6","","","","","","","","","","","","","","","","","","","","","","","","","","","","","","0"
"434","Missouri","11/06/10","41","JOSEY","HENRY","4","17","0","17","0","","","","","","","4","17","","","","","","","","","","","","","","","","","","","","","","","","","","","","","","0"
"434","Missouri","11/13/10","41","JOSEY","HENRY","3","14","0","14","0","","","","","","","3","14","","","","","","","","","","","","","","","","","","","","","","","","","","","","","","0"
"434","Missouri","11/20/10","41","JOSEY","HENRY","6","22","2","20","0","","","","","","","6","20","1","5","0","","","","","","","","","","","","","","","","","","","","","","","","","","","0"
"434","Missouri","11/27/10","41","JOSEY","HENRY","7","49","0","49","0","","","","","","","7","49","1","-3","0","","","","","","","","","","","","","","","","","","","","","","","","","","","0"
"434","Missouri","12/28/10","41","JOSEY","HENRY","2","12","0","12","1","","","","","","","2","12","","","","","","","","","","","","","","","","","","1","","","","","","","","","","","","6"
"434","Missouri","09/04/10","8","KEMP","WES","","","","","","","","","","","","0","0","3","46","0","","","","","","","","","","","","","","","","","","","","","","","","","","","0"
"434","Missouri","09/11/10","8","KEMP","WES","","","","","","","","","","","","0","0","3","15","0","","","","","","","","","","","","","","","","","","","","","","","","","","","0"
"434","Missouri","09/25/10","8","KEMP","WES","","","","","","","","","","","","0","0","3","43","1","","","","","","","","","","","","","","","1","","","","","","","","","","","","6"
"434","Missouri","10/09/10","8","KEMP","WES","","","","","","","","","","","","0","0","4","38","0","","","","","","","","","","","","","","","","","","","","","","","","","","","0"
"434","Missouri","10/16/10","8","KEMP","WES","","","","","","","","","","","","0","0","10","89","2","","","","","","","","","","","","","","","2","","","","","","","","","","","","12"
"434","Missouri","10/23/10","8","KEMP","WES","","","","","","","","","","","","0","0","4","71","0","","","","","","","","","","","","","","","","","","","","","","","","","","","0"
"434","Missouri","10/30/10","8","KEMP","WES","","","","","","","","","","","","0","0","2","19","0","","","","","","","","","","","","","","","","","","","","","","","","","","","0"
"434","Missouri","11/13/10","8","KEMP","WES","1","9","0","9","0","","","","","","","1","9","1","17","0","","","","","","","","","","","","","","","","","","","","","","","","","","","0"
"434","Missouri","11/20/10","8","KEMP","WES","","","","","","","","","","","","0","0","1","14","0","","","","","","","","","","","","","","","","","","","","","","","","","","","0"
"434","Missouri","11/27/10","8","KEMP","WES","","","","","","","","","","","","0","0","1","7","0","","","","","","","","","","","","","","","","","","","","","","","","","","","0"
"434","Missouri","12/28/10","8","KEMP","WES","","","","","","","","","","","","0","0","7","61","0","","","","","","","","","","","","","","","","","","","","","","","","","","","0"
"434","Missouri","09/04/10","4","LAWRENCE","KENDIAL","7","23","3","20","0","","","","","","","7","20","2","1","0","","","","","","","","","","","","","","","","","","","","","","","","","","","0"
"434","Missouri","09/18/10","4","LAWRENCE","KENDIAL","3","29","0","29","0","","","","","","","3","29","","","","","","","","","","","","","","","","","","","","","","","","","","","","","","0"
"434","Missouri","09/25/10","4","LAWRENCE","KENDIAL","6","63","0","63","1","","","","","","","6","63","","","","","","","","","","","","","","","","","","1","","","","","","","","","","","","6"
"434","Missouri","10/09/10","4","LAWRENCE","KENDIAL","6","10","1","9","0","","","","","","","6","9","","","","","","","","","","","","","","","","","","","","","","","","","","","","","","0"
"434","Missouri","10/16/10","4","LAWRENCE","KENDIAL","11","46","2","44","1","","","","","","","11","44","","","","","","","","","","","","","","","","","","1","","","","","","","","","","","","6"
"434","Missouri","10/23/10","4","LAWRENCE","KENDIAL","6","14","2","12","0","","","","","","","6","12","1","22","0","","","","","","","","","","","","","","","","","","","","","","","","","","","0"
"434","Missouri","10/30/10","4","LAWRENCE","KENDIAL","2","7","0","7","0","","","","","","","2","7","","","","","","","","","","","","","","","","","","","","","","","","","","","","","","0"
"434","Missouri","11/06/10","4","LAWRENCE","KENDIAL","6","102","6","96","1","","","","","","","6","96","","","","","","","","","","","","","","","","","","1","","","","","","","","","","","","6"
"434","Missouri","11/13/10","4","LAWRENCE","KENDIAL","4","22","0","22","0","","","","","","","4","22","","","","","","","","","","","","","","","","","","","","","","","","","","","","","","0"
"434","Missouri","11/20/10","4","LAWRENCE","KENDIAL","6","9","4","5","0","","","","","","","6","5","","","","","","","","","","","","","","","","","","","","","","","","","","","","","","0"
"434","Missouri","11/27/10","4","LAWRENCE","KENDIAL","10","76","1","75","1","","","","","","","10","75","1","24","0","","","","","","","","","","","","","","","1","","","","","","","","","","","","6"
"434","Missouri","12/28/10","4","LAWRENCE","KENDIAL","6","40","0","40","0","","","","","","","6","40","1","9","0","","","","","","","","","","","","","","","","","","","","","","","","","","","0"
"434","Missouri","09/11/10","85","LUCAS","MARCUS","","","","","","","","","","","","0","0","1","6","0","","","","","","","","","","","","","","","","","","","","","","","","","","","0"
"434","Missouri","10/23/10","85","LUCAS","MARCUS","","","","","","","","","","","","0","0","","","","1","58","0","","","","","","","","","","","","","","","","","","","","","","","","0"
"434","Missouri","09/11/10","3","MCGAFFIE","GAHN","","","","","","","","","","","","0","0","2","5","0","","","","","","","","","","","","1","24","0","","","","","","","","","","","","","0"
"434","Missouri","09/25/10","3","MCGAFFIE","GAHN","","","","","","","","","","","","0","0","2","27","0","","","","","","","","","","","","1","15","0","","","","","","","","","","","","","0"
"434","Missouri","11/13/10","3","MCGAFFIE","GAHN","","","","","","","","","","","","0","0","","","","","","","1","53","1","","","","","","","","","1","","","","","","","","","","","","6"
"434","Missouri","09/04/10","28","MOE","T.J.","","","","","","","","","","","","0","0","13","101","1","","","","","","","","","","","","","","","1","","","","","","","","","","","","6"
"434","Missouri","09/11/10","28","MOE","T.J.","","","","","","","","","","","","0","0","10","79","0","","","","","","","","","","","","","","","","","","","","","","","","","","","0"
"434","Missouri","09/18/10","28","MOE","T.J.","","","","","","","","","","","","0","0","7","119","1","","","","","","","","","","","","","","","1","","","","","","","","","","","","6"
"434","Missouri","09/25/10","28","MOE","T.J.","1","7","0","7","0","","","","","","","1","7","7","95","0","","","","","","","","","","","","","","","","","","","","","","","","","","","0"
"434","Missouri","10/09/10","28","MOE","T.J.","1","1","0","1","0","","","","","","","1","1","7","85","0","","","","","","","","","","","","","","","","","","","","","","","","","","","0"
"434","Missouri","10/16/10","28","MOE","T.J.","","","","","","","","","","","","0","0","6","110","1","","","","","","","","","","","","","","","1","","","","","","","","","","","","6"
"434","Missouri","10/23/10","28","MOE","T.J.","","","","","","","","","","","","0","0","3","36","0","","","","","","","","","","","","","","","","","","","","","","","","","","","0"
"434","Missouri","10/30/10","28","MOE","T.J.","","","","","","","","","","","","0","0","5","71","1","","","","","","","","","","","","","","","1","","","","","","","","","","","","6"
"434","Missouri","11/06/10","28","MOE","T.J.","3","21","0","21","0","","","","","","","3","21","7","62","0","","","","","","","","","","","","","","","","","","","","","","","","","","","0"
"434","Missouri","11/13/10","28","MOE","T.J.","2","32","0","32","0","1","0","0","0","0","","3","32","5","36","2","","","","","","","","","","","","","","","2","","","","","","","","","","","","12"
"434","Missouri","11/20/10","28","MOE","T.J.","3","19","0","19","0","","","","","","","3","19","2","16","0","","","","","","","","","","","","","","","","","","","","","","","","","","","0"
"434","Missouri","11/27/10","28","MOE","T.J.","1","2","0","2","1","","","","","","","1","2","5","83","0","","","","","","","","","","","","","","","1","","","","","","","","","","","","6"
"434","Missouri","12/28/10","28","MOE","T.J.","1","0","1","-1","0","","","","","","","1","-1","15","152","0","","","","","","","","","","","","","","","","","","","","","","","","","","","0"
"434","Missouri","09/04/10","26","MOORE","DE'VION","16","82","4","78","0","","","","","","","16","78","","","","","","","","","","","","","","","","","","","","","","","","","","","","","","0"
"434","Missouri","09/11/10","26","MOORE","DE'VION","6","32","0","32","1","","","","","","","6","32","","","","","","","","","","","","","","","","","","1","","","","","","","","","","","","6"
"434","Missouri","09/18/10","26","MOORE","DE'VION","6","34","0","34","1","","","","","","","6","34","","","","","","","","","","","","","","","","","","1","","","","","","","","","","","","6"
"434","Missouri","09/25/10","26","MOORE","DE'VION","3","39","0","39","1","","","","","","","3","39","","","","","","","","","","","","","","","","","","1","","","","","","","","","","","","6"
"434","Missouri","10/09/10","26","MOORE","DE'VION","5","13","0","13","0","","","","","","","5","13","","","","","","","","","","","","","","","","","","","","","","","","","","","","","","0"
"434","Missouri","10/16/10","26","MOORE","DE'VION","4","13","9","4","0","","","","","","","4","4","","","","","","","","","","","","","","","","","","","","","","","","","","","","","","0"
"434","Missouri","10/23/10","26","MOORE","DE'VION","10","80","7","73","1","","","","","","","10","73","2","3","0","","","","","","","","","","","","","","","1","","","","","","","","","","","","6"
"434","Missouri","10/30/10","26","MOORE","DE'VION","6","56","1","55","1","","","","","","","6","55","","","","","","","","","","","","","","","","","","1","","","","","","","","","","","","6"
"434","Missouri","11/06/10","26","MOORE","DE'VION","8","40","0","40","0","","","","","","","8","40","","","","","","","","","","","","","","","","","","","","","","","","","","","","","","0"
"434","Missouri","11/13/10","26","MOORE","DE'VION","9","47","0","47","0","","","","","","","9","47","1","4","0","","","","","","","","","","","","","","","","","","","","","","","","","","","0"
"434","Missouri","11/20/10","26","MOORE","DE'VION","10","36","4","32","1","","","","","","","10","32","","","","","","","","","","","","","","","","","","1","","","","","","","","","","","","6"
"434","Missouri","11/27/10","26","MOORE","DE'VION","10","38","0","38","2","","","","","","","10","38","","","","","","","","","","","","","","","","","","2","","","","","","","","","","","","12"
"434","Missouri","12/28/10","26","MOORE","DE'VION","6","33","1","32","0","","","","","","","6","32","","","","","","","","","","","","","","","","","","","","","","","","","","","","","","0"
"434","Missouri","09/11/10","43","MURPHY","MARCUS","9","37","4","33","0","","","","","","","9","33","1","5","0","","","","","","","","","","","","1","24","0","","","","","","","","","","","","","0"
"434","Missouri","09/18/10","43","MURPHY","MARCUS","","","","","","","","","","","","0","0","","","","","","","","","","","","","","","1","17","0","","","","","","","","","","","","","0"
"434","Missouri","09/25/10","43","MURPHY","MARCUS","4","48","0","48","1","","","","","","","4","48","","","","","","","","","","","","","","","3","42","0","1","","","","","","","","","","","","6"
"434","Missouri","10/09/10","43","MURPHY","MARCUS","2","15","0","15","0","","","","","","","2","15","","","","","","","","","","","","","","","1","39","0","","","","","","","","","","","","","0"
"434","Missouri","10/16/10","43","MURPHY","MARCUS","","","","","","","","","","","","0","0","","","","","","","","","","","","","","","3","86","0","","","","","","","","","","","","","0"
"434","Missouri","10/23/10","43","MURPHY","MARCUS","","","","","","","","","","","","0","0","1","0","0","","","","","","","","","","","","1","24","0","","","","","","","","","","","","","0"
"434","Missouri","11/06/10","43","MURPHY","MARCUS","3","74","0","74","1","","","","","","","3","74","","","","","","","","","","","","","","","3","43","0","1","","","","","","","","","","","","6"
"434","Missouri","11/13/10","43","MURPHY","MARCUS","","","","","","","","","","","","0","0","","","","","","","","","","","","","","","3","55","0","","","","","","","","","","","","","0"
"434","Missouri","11/20/10","43","MURPHY","MARCUS","","","","","","","","","","","","0","0","","","","","","","","","","","","","","","1","23","0","","","","","","","","","","","","","0"
"434","Missouri","11/27/10","43","MURPHY","MARCUS","4","11","0","11","0","","","","","","","4","11","","","","","","","","","","","","","","","2","40","0","","","","","","","","","","","","","0"
"434","Missouri","12/28/10","43","MURPHY","MARCUS","","","","","","","","","","","","0","0","","","","","","","","","","","","","","","5","82","0","","","","","","","","","","","","","0"
"434","Missouri","09/04/10","95","RESSEL","GRANT","","","","","","","","","","","","0","0","","","","","","","","","","","","","","","","","","","2","2","0","0","","","","","4","3","","11"
"434","Missouri","09/11/10","95","RESSEL","GRANT","","","","","","","","","","","","0","0","","","","","","","","","","","","","","","","","","","6","6","0","0","","","","","2","2","","12"
"434","Missouri","09/18/10","95","RESSEL","GRANT","","","","","","","","","","","","0","0","","","","","","","","","","","","","","","","","","","3","3","0","0","","","","","2","2","","9"
"434","Missouri","09/25/10","95","RESSEL","GRANT","","","","","","","","","","","","0","0","","","","","","","","","","","","","","","","","","","7","6","0","0","","","","","1","1","","9"
"434","Missouri","10/09/10","95","RESSEL","GRANT","","","","","","","","","","","","0","0","","","","","","","","","","","","","","","","","","","3","3","0","0","","","","","1","1","","6"
"434","Missouri","10/16/10","95","RESSEL","GRANT","","","","","","","","","","","","0","0","","","","","","","","","","","","","","","","","","","4","3","0","0","","","","","1","1","","6"
"434","Missouri","10/23/10","95","RESSEL","GRANT","","","","","","","","","","","","0","0","","","","","","","","","","","","","","","","","","","3","3","0","0","","","","","3","3","","12"
"434","Missouri","10/30/10","95","RESSEL","GRANT","","","","","","","","","","","","0","0","","","","","","","","","","","","","","","","","","","2","2","0","0","","","","","2","1","","5"
"434","Missouri","11/06/10","95","RESSEL","GRANT","","","","","","","","","","","","0","0","","","","","","","","","","","","","","","","","","","2","2","0","0","","","","","1","1","","5"
"434","Missouri","11/13/10","95","RESSEL","GRANT","","","","","","","","","","","","0","0","","","","","","","","","","","","","","","","","","","5","5","0","0","","","","","1","1","","8"
"434","Missouri","11/20/10","95","RESSEL","GRANT","","","","","","","","","","","","0","0","","","","","","","","","","","","","","","","","","","2","2","0","0","","","","","","","","2"
"434","Missouri","11/27/10","95","RESSEL","GRANT","","","","","","","","","","","","0","0","","","","","","","","","","","","","","","","","","","5","5","0","0","","","","","","","","5"
"434","Missouri","12/28/10","95","RESSEL","GRANT","","","","","","","","","","","","0","0","","","","","","","","","","","","","","","","","","","3","3","0","0","","","","","1","1","","6"
"434","Missouri","09/11/10","20","RUTLAND","KEVIN","","","","","","","","","","","","0","0","","","","1","15","0","","","","","","","","","","","","","","","","","","","","","","","","0"
"434","Missouri","09/18/10","20","RUTLAND","KEVIN","","","","","","","","","","","","0","0","","","","1","24","0","","","","","","","","","","","","","","","","","","","","","","","","0"
"434","Missouri","12/28/10","20","RUTLAND","KEVIN","","","","","","","","","","","","0","0","","","","1","25","0","","","","","","","","","","","","","","","","","","","","","","","","0"
"434","Missouri","09/11/10","5S","SAM","MICHAEL","","","","","","","","","","","","0","0","","","","","","","","","","","","1","8","0","","","","","","","","","","","","","","","","0"
"434","Missouri","09/25/10","5S","SAM","MICHAEL","","","","","","","","","","","","0","0","","","","1","62","0","","","","","","","","","","","","","","","","","","","","","","","","0"
"434","Missouri","09/04/10","9S","SIMMONS","JASPER","","","","","","","","","","","","0","0","","","","1","0","0","","","","","","","","","3","60","0","","","","","","","","","","","","","0"
"434","Missouri","09/04/10","2","WASHINGTON","L'DAMIAN","","","","","","","","","","","","0","0","1","11","0","","","","","","","","","","","","","","","","","","","","","","","","","","","0"
"434","Missouri","09/11/10","2","WASHINGTON","L'DAMIAN","","","","","","","","","","","","0","0","4","24","0","","","","","","","","","","","","","","","","","","","","","","","","","","","0"
"434","Missouri","09/11/10","5","WOODLAND","ROLANDIS","","","","","","","","","","","","0","0","1","9","0","","","","","","","","","","","","","","","","","","","","","","","","","","","0"
"434","Missouri","09/18/10","5","WOODLAND","ROLANDIS","","","","","","","","","","","","0","0","1","5","0","","","","","","","","","","","","","","","","","","","","","","","","","","","0"
"434","Missouri","10/30/10","5","WOODLAND","ROLANDIS","","","","","","","","","","","","0","0","1","6","0","","","","","","","","","","","","","","","","","","","","","","","","","","","0"
"434","Missouri","11/13/10","5","WOODLAND","ROLANDIS","","","","","","","","","","","","0","0","1","51","0","","","","","","","","","","","","","","","","","","","","","","","","","","","0"
"434","Missouri","11/20/10","5","WOODLAND","ROLANDIS","","","","","","","","","","","","0","0","1","26","0","","","","","","","","","","","","","","","","","","","","","","","","","","","0"
"726","Navy","09/18/10","44","BLUE","MAX","","","","","","","","","","","","0","0","","","","1","0","0","","","","","","","","","","","","","","","","","","","","","","","","0"
"726","Navy","09/06/10","16","BUCKLEY","JOE","","","","","","","","","","","","0","0","","","","","","","","","","","","","","","","","","","2","2","0","0","","","","","1","0","","2"
"726","Navy","09/11/10","16","BUCKLEY","JOE","","","","","","","","","","","","0","0","","","","","","","","","","","","","","","","","","","1","1","0","0","","","","","2","2","","7"
"726","Navy","09/18/10","16","BUCKLEY","JOE","","","","","","","","","","","","0","0","","","","","","","","","","","","","","","","","","","5","4","0","0","","","","","1","1","","7"
"726","Navy","10/02/10","16","BUCKLEY","JOE","","","","","","","","","","","","0","0","","","","","","","","","","","","","","","","","","","","","","","","","","","3","2","","6"
"726","Navy","10/09/10","16","BUCKLEY","JOE","","","","","","","","","","","","0","0","","","","","","","","","","","","","","","","","","","4","4","0","0","","","","","","","","4"
"726","Navy","10/16/10","16","BUCKLEY","JOE","","","","","","","","","","","","0","0","","","","","","","","","","","","","","","","","","","4","4","0","0","","","","","1","0","","4"
"726","Navy","11/13/10","16","BUCKLEY","JOE","","","","","","","","","","","","0","0","","","","","","","","","","","","","","","","","","","5","5","0","0","","","","","1","1","","8"
"726","Navy","11/20/10","16","BUCKLEY","JOE","","","","","","","","","","","","0","0","","","","","","","","","","","","","","","","","","","5","5","0","0","","","","","","","","5"
"726","Navy","12/11/10","16","BUCKLEY","JOE","","","","","","","","","","","","0","0","","","","","","","","","","","","","","","","","","","4","4","0","0","","","","","1","1","","7"
"726","Navy","12/23/10","16","BUCKLEY","JOE","","","","","","","","","","","","0","0","","","","","","","","","","","","","","","","","","","2","2","0","0","","","","","","","","2"
"726","Navy","11/20/10","9","BUSH","TRA'VES","","","","","","","","","","","","0","0","","","","1","32","0","","","","","","","","","","","","","","","","","","","","","","","","0"
"726","Navy","09/06/10","20","BYRD","ANDRE","9","54","0","54","1","","","","","","","9","54","","","","","","","","","","","","","","","","","","1","","","","","","","","","","","","6"
"726","Navy","09/18/10","20","BYRD","ANDRE","4","13","0","13","0","","","","","","","4","13","","","","","","","","","","","","","","","","","","","","","","","","","","","","","","0"
"726","Navy","10/02/10","20","BYRD","ANDRE","3","50","0","50","0","","","","","","","3","50","1","20","0","","","","","","","","","","","","","","","","","","","","","","","","","","","0"
"726","Navy","10/09/10","20","BYRD","ANDRE","3","25","0","25","0","","","","","","","3","25","","","","","","","","","","","","","","","","","","","","","","","","","","","","","","0"
"726","Navy","10/16/10","20","BYRD","ANDRE","1","3","0","3","0","","","","","","","1","3","","","","","","","","","","","","","","","","","","","","","","","","","","","","","","0"
"726","Navy","10/30/10","20","BYRD","ANDRE","2","3","1","2","0","","","","","","","2","2","","","","","","","","","","","","","","","","","","","","","","","","","","","","","","0"
"726","Navy","11/20/10","41","COSH","J.J.","1","1","0","1","0","","","","","","","1","1","","","","","","","","","","","","","","","","","","","","","","","","","","","","","","0"
"726","Navy","09/06/10","35","DELAHOOKE","KYLE","","","","","","","","","","","","0","0","","","","","","","","","","2","59","","","","","","","","","","","","","","","","","","","0"
"726","Navy","09/11/10","35","DELAHOOKE","KYLE","","","","","","","","","","","","0","0","","","","","","","","","","6","215","","","","","","","","","","","","","","","","","","","0"
"726","Navy","09/18/10","35","DELAHOOKE","KYLE","","","","","","","","","","","","0","0","","","","","","","","","","3","109","","","","","","","","","","","","","","","","","","","0"
"726","Navy","10/02/10","35","DELAHOOKE","KYLE","","","","","","","","","","","","0","0","","","","","","","","","","5","188","","","","","","","","","","","","","","","","","","","0"
"726","Navy","10/09/10","35","DELAHOOKE","KYLE","","","","","","","","","","","","0","0","","","","","","","","","","5","232","","","","","","","","","","","","","","","","","","","0"
"726","Navy","10/16/10","35","DELAHOOKE","KYLE","","","","","","","","","","","","0","0","","","","","","","","","","3","124","","","","","","","","","","","","","","","","","","","0"
"726","Navy","10/23/10","35","DELAHOOKE","KYLE","","","","","","","","","","","","0","0","","","","","","","","","","3","117","","","","","","","","","","","","","","","","","","","0"
"726","Navy","10/30/10","35","DELAHOOKE","KYLE","","","","","","","","","","","","0","0","","","","","","","","","","3","106","","","","","","","","","","","","","","","","","","","0"
"726","Navy","11/06/10","35","DELAHOOKE","KYLE","","","","","","","","","","","","0","0","","","","","","","","","","1","40","","","","","","","","","","","","","","","","","","","0"
"726","Navy","11/13/10","35","DELAHOOKE","KYLE","","","","","","","","","","","","0","0","","","","","","","","","","1","49","","","","","","","","","","","","","","","","","","","0"
"726","Navy","11/20/10","35","DELAHOOKE","KYLE","","","","","","","","","","","","0","0","","","","","","","","","","2","75","","","","","","","","","","","","","","","","","","","0"
"726","Navy","12/11/10","35","DELAHOOKE","KYLE","","","","","","","","","","","","0","0","","","","","","","","","","2","59","","","","","","","","","","","","","","","","","","","0"
"726","Navy","12/23/10","35","DELAHOOKE","KYLE","","","","","","","","","","","","0","0","","","","","","","","","","5","203","","","","","","","","","","","","","","","","","","","0"
"726","Navy","10/09/10","37","DIGGS","DELVIN","1","1","0","1","0","","","","","","","1","1","","","","","","","","","","","","","","","","","","","","","","","","","","","","","","0"
"726","Navy","10/16/10","37","DIGGS","DELVIN","1","4","0","4","0","","","","","","","1","4","","","","","","","","","","","","","","","","","","","","","","","","","","","","","","0"
"726","Navy","10/23/10","37","DIGGS","DELVIN","2","9","0","9","0","","","","","","","2","9","","","","","","","","","","","","","","","","","","","","","","","","","","","","","","0"
"726","Navy","11/06/10","37","DIGGS","DELVIN","2","3","0","3","0","","","","","","","2","3","","","","","","","","","","","","","","","","","","","","","","","","","","","","","","0"
"726","Navy","11/20/10","37","DIGGS","DELVIN","1","0","0","0","0","","","","","","","1","0","","","","","","","","","","","","","","","","","","","","","","","","","","","","","","0"
"726","Navy","09/06/10","4","DOBBS","RICKY","29","80","17","63","1","10","6","0","73","0","","39","136","","","","","","","","","","","","","","","","","","1","","","","","","","","","","","","6"
"726","Navy","09/11/10","4","DOBBS","RICKY","25","64","20","44","1","8","5","0","84","0","","33","128","","","","","","","","","","","","","","","","","","1","","","","","","","","","","","","6"
"726","Navy","09/18/10","4","DOBBS","RICKY","19","78","11","67","1","14","8","1","219","1","","33","286","","","","","","","","","","","","","","","","","","1","","","","","","","","","","","","6"
"726","Navy","10/02/10","4","DOBBS","RICKY","18","67","24","43","0","18","6","2","103","0","","36","146","","","","","","","","","","","","","","","","","","","","","","","","","","","","","","0"
"726","Navy","10/09/10","4","DOBBS","RICKY","22","113","13","100","2","19","8","1","94","2","","41","194","","","","","","","","","","","","","","","","","","2","","","","","","","","","","","","12"
"726","Navy","10/16/10","4","DOBBS","RICKY","19","67","5","62","0","9","6","0","84","1","","28","146","","","","","","","","","","","","","","","","","","","","","","","","","","","","","","0"
"726","Navy","10/23/10","4","DOBBS","RICKY","20","92","2","90","3","2","2","0","71","1","","22","161","","","","","","","","","","","","","","","","","","3","","","","","","","","","","","","18"
"726","Navy","10/30/10","4","DOBBS","RICKY","22","108","25","83","1","27","13","0","227","2","1","49","310","","","","","","","","","","","","","","","","","","1","","","2","2","","","","","","","","10"
"726","Navy","11/06/10","4","DOBBS","RICKY","17","105","5","100","1","8","6","0","75","2","","25","175","","","","","","","","","","","","","","","","","","1","","","","","","","","","","","","6"
"726","Navy","11/20/10","4","DOBBS","RICKY","31","155","1","154","3","9","8","0","164","1","","40","318","","","","","","","","","","","","","","","","","","3","","","","","","","","","","","","18"
"726","Navy","12/11/10","4","DOBBS","RICKY","20","60","6","54","0","11","6","1","186","2","","31","240","","","","","","","","","","","","","","","","","","","","","","","","","","","","","","0"
"726","Navy","12/23/10","4","DOBBS","RICKY","24","112","5","107","1","15","8","1","147","1","","39","254","","","","","","","","","","","","","","","","","","1","","","","","","","","","","","","6"
"726","Navy","09/18/10","15","EDWARDS","KEVIN","","","","","","","","","","","","0","0","","","","1","0","0","","","","","","","","","","","","","","","","","","","","","","","","0"
"726","Navy","10/02/10","82","FURMAN","DOUG","","","","","","","","","","","","0","0","1","13","0","","","","","","","","","","","","","","","","","","","","","","","","","","","0"
"726","Navy","10/16/10","82","FURMAN","DOUG","","","","","","","","","","","","0","0","1","1","0","","","","","","","","","","","","","","","","","","","","","","","","","","","0"
"726","Navy","12/23/10","82","FURMAN","DOUG","","","","","","","","","","","","0","0","1","7","0","","","","","","","","","","","","","","","","","","","","","","","","","","","0"
"726","Navy","09/06/10","21","GREENE","GEE GEE","7","74","0","74","0","","","","","","","7","74","4","59","0","","","","","","","","","","","","","","","","","","","","","","","","","","","0"
"726","Navy","09/11/10","21","GREENE","GEE GEE","4","12","3","9","0","","","","","","","4","9","1","6","0","","","","","","","","","","","","","","","","","","","","","","","","","","","0"
"726","Navy","09/18/10","21","GREENE","GEE GEE","6","87","0","87","0","","","","","","","6","87","3","58","0","","","","","","","","","","","","","","","","","","","","","","","","","","","0"
"726","Navy","10/02/10","21","GREENE","GEE GEE","5","31","0","31","0","","","","","","","5","31","2","30","0","","","","","","","","","","","","","","","","","","","","","","","","","","","0"
"726","Navy","10/09/10","21","GREENE","GEE GEE","6","30","5","25","0","","","","","","","6","25","3","44","0","","","","","","","","","","","","3","76","0","","","","","","","","","","","","","0"
"726","Navy","10/16/10","21","GREENE","GEE GEE","9","48","0","48","1","","","","","","","9","48","1","8","0","","","","","","","","","","","","","","","1","","","","","","","","","","","","6"
"726","Navy","10/23/10","21","GREENE","GEE GEE","8","56","0","56","1","","","","","","","8","56","","","","","","","","","","","","","","","","","","1","","","","","","","","","","","","6"
"726","Navy","10/30/10","21","GREENE","GEE GEE","3","9","0","9","1","","","","","","","3","9","1","31","0","","","","","","","","","","","","","","","1","","","","","","","","","","","","6"
"726","Navy","11/06/10","21","GREENE","GEE GEE","6","47","0","47","1","","","","","","","6","47","1","5","0","","","","","","","","","","","","","","","1","","","","","","","","","","","","6"
"726","Navy","11/13/10","21","GREENE","GEE GEE","6","37","4","33","0","","","","","","","6","33","","","","","","","","","","","","","","","","","","","","","","","","","","","","","","0"
"726","Navy","11/20/10","21","GREENE","GEE GEE","2","6","1","5","0","","","","","","","2","5","1","15","0","","","","","","","","","","","","","","","","","","","","","","","","","","","0"
"726","Navy","12/11/10","21","GREENE","GEE GEE","5","35","0","35","1","","","","","","","5","35","","","","","","","","","","","","","","","","","","1","","","","","","","","","","","","6"
"726","Navy","12/23/10","21","GREENE","GEE GEE","5","33","0","33","0","","","","","","","5","33","1","30","0","","","","","","","","","","","","","","","","","","","","","","","","","","","0"
"726","Navy","09/06/10","33","HOWELL","JOHN","1","13","0","13","0","","","","","","","1","13","","","","","","","","","","","","","","","","","","","","","","","","","","","","","","0"
"726","Navy","09/18/10","33","HOWELL","JOHN","1","8","0","8","0","","","","","","","1","8","1","25","1","","","","","","","","","","","","","","","1","","","","","","","","","","","","6"
"726","Navy","10/16/10","33","HOWELL","JOHN","1","6","0","6","0","","","","","","","1","6","","","","","","","","","","","","","","","","","","","","","","","","","","","","","","0"
"726","Navy","10/23/10","33","HOWELL","JOHN","1","6","0","6","0","","","","","","","1","6","","","","","","","","","","","","","","","","","","","","","","","","","","","","","","0"
"726","Navy","10/30/10","33","HOWELL","JOHN","1","0","1","-1","0","","","","","","","1","-1","","","","","","","","","","","","","","","","","","","","","","","","","","","","","","0"
"726","Navy","11/06/10","33","HOWELL","JOHN","2","26","0","26","0","","","","","","","2","26","","","","","","","","","","","","","","","","","","","","","","","","","","","","","","0"
"726","Navy","11/13/10","33","HOWELL","JOHN","2","15","0","15","1","","","","","","","2","15","","","","","","","","","","","","","","","","","","1","","","","","","","","","","","","6"
"726","Navy","11/20/10","33","HOWELL","JOHN","2","12","8","4","1","","","","","","","2","4","","","","","","","","","","","","","","","","","","1","","","","","","","","","","","","6"
"726","Navy","12/11/10","33","HOWELL","JOHN","","","","","","","","","","","","0","0","1","77","1","","","","","","","","","","","","","","","1","","","","","","","","","","","","6"
"726","Navy","12/23/10","33","HOWELL","JOHN","4","25","0","25","0","","","","","","","4","25","","","","","","","","","","","","","","","","","","","","","","","","","","","","","","0"
"726","Navy","09/06/10","84","JONES","GREG","1","53","0","53","0","","","","","","","1","53","1","7","0","","","","","","","","","","","","","","","","","","","","","","","","","","","0"
"726","Navy","09/11/10","84","JONES","GREG","","","","","","","","","","","","0","0","2","54","0","","","","","","","","","","","","","","","","","","","","","","","","","","","0"
"726","Navy","09/18/10","84","JONES","GREG","","","","","","","","","","","","0","0","2","68","0","","","","","","","","","","","","","","","","","","","","","","","","","","","0"
"726","Navy","10/02/10","84","JONES","GREG","","","","","","","","","","","","0","0","2","40","0","","","","","","","","","","","","","","","","","","","","","","","","","","","0"
"726","Navy","10/09/10","84","JONES","GREG","","","","","","","","","","","","0","0","3","35","1","","","","","","","","","","","","","","","1","","","","","","","","","","","","6"
"726","Navy","10/16/10","84","JONES","GREG","1","33","0","33","0","","","","","","","1","33","1","12","0","","","","","","","","","","","","","","","","","","","","","","","","","","","0"
"726","Navy","10/23/10","84","JONES","GREG","","","","","","","","","","","","0","0","1","40","0","","","","","","","","","","","","","","","","","","","","","","","","","","","0"
"726","Navy","10/30/10","84","JONES","GREG","","","","","","","","","","","","0","0","9","134","1","","","","","","","","","","","","","","","1","","","","","","","","","","","","6"
"726","Navy","11/06/10","84","JONES","GREG","","","","","","","","","","","","0","0","2","28","1","","","","","","","","","","","","","","","1","","","","","","","","","","","","6"
"726","Navy","11/13/10","84","JONES","GREG","1","28","0","28","0","","","","","","","1","28","1","7","0","","","","","","","","","","","","","","","","","","","","","","","","","","","0"
"726","Navy","11/20/10","84","JONES","GREG","1","0","0","0","0","","","","","","","1","0","4","129","1","","","","","","","","","","","","","","","1","","","","","","","","","","","","6"
"726","Navy","12/11/10","84","JONES","GREG","","","","","","","","","","","","0","0","2","23","0","","","","","","","","","","","","","","","","","","","","","","","","","","","0"
"726","Navy","12/23/10","84","JONES","GREG","1","0","8","-8","0","","","","","","","1","-8","3","85","1","","","","","","","","","","","","","","","1","","","","","","","","","","","","6"
"726","Navy","09/06/10","7","MERCHANT","EMMETT","","","","","","","","","","","","0","0","","","","1","27","0","","","","","","","","","","","","","","","","","","","","","","","","0"
"726","Navy","12/11/10","8","MIDDLETON","WYATT","","","","","","","","","","","","0","0","","","","","","","1","98","1","","","","","","","","","1","","","","","","","","","","","","6"
"726","Navy","10/23/10","11","MITCHELL","KWESI","","","","","","","","","","","","0","0","","","","1","1","0","","","","","","","","","","","","","","","","","","","","","","","","0"
"726","Navy","09/06/10","47","MURRAY","VINCE","14","112","0","112","0","","","","","","","14","112","1","7","0","","","","","","","","","","","","","","","","","","","","","","","","","","","0"
"726","Navy","09/11/10","47","MURRAY","VINCE","9","50","0","50","0","","","","","","","9","50","","","","","","","","","","","","","","","","","","","","","","","","","","","","","","0"
"726","Navy","09/18/10","47","MURRAY","VINCE","14","62","0","62","1","","","","","","","14","62","1","5","0","","","","","","","","","","","","","","","1","","","","","","","","","","","","6"
"726","Navy","10/02/10","47","MURRAY","VINCE","14","45","0","45","0","","","","","","","14","45","","","","","","","","","","","","","","","","","","","","","","","","","","","","","","0"
"726","Navy","10/09/10","47","MURRAY","VINCE","3","14","0","14","0","","","","","","","3","14","","","","","","","","","","","","","","","","","","","","","","","","","","","","","","0"
"726","Navy","11/06/10","47","MURRAY","VINCE","8","69","1","68","2","","","","","","","8","68","","","","","","","","","","","","","","","","","","2","","","","","","","","","","","","12"
"726","Navy","11/13/10","47","MURRAY","VINCE","3","21","0","21","0","","","","","","","3","21","","","","","","","","","","","","","","","","","","","","","","","","","","","","","","0"
"726","Navy","11/20/10","47","MURRAY","VINCE","3","10","0","10","0","","","","","","","3","10","","","","","","","","","","","","","","","","","","","","","","","","","","","","","","0"
"726","Navy","12/23/10","47","MURRAY","VINCE","1","0","0","0","0","","","","","","","1","0","","","","","","","","","","","","","","","","","","","","","","","","","","","","","","0"
"726","Navy","09/06/10","83","MYERS","GARY","","","","","","","","","","","","0","0","","","","","","","","","","","","2","13","0","","","","","","","","","","","","","","","","0"
"726","Navy","09/11/10","83","MYERS","GARY","","","","","","","","","","","","0","0","","","","","","","","","","","","4","31","0","","","","","","","","","","","","","","","","0"
"726","Navy","10/02/10","83","MYERS","GARY","","","","","","","","","","","","0","0","","","","","","","","","","","","2","15","0","","","","","","","","","","","","","","","","0"
"726","Navy","10/16/10","83","MYERS","GARY","","","","","","","","","","","","0","0","","","","","","","","","","","","1","4","0","","","","","","","","","","","","","","","","0"
"726","Navy","10/23/10","83","MYERS","GARY","","","","","","","","","","","","0","0","","","","","","","","","","","","1","0","0","","","","","","","","","","","","","","","","0"
"726","Navy","10/30/10","83","MYERS","GARY","","","","","","","","","","","","0","0","","","","","","","","","","","","1","4","0","","","","","","","","","","","","","","","","0"
"726","Navy","11/06/10","83","MYERS","GARY","","","","","","","","","","","","0","0","","","","","","","","","","","","1","0","0","","","","","","","","","","","","","","","","0"
"726","Navy","11/20/10","83","MYERS","GARY","","","","","","","","","","","","0","0","","","","","","","","","","","","1","3","0","","","","","","","","","","","","","","","","0"
"726","Navy","09/18/10","2","PROCTOR","KRISS","6","24","0","24","1","","","","","","","6","24","","","","","","","","","","","","","","","","","","1","","","","","","","","","","","","6"
"726","Navy","11/06/10","2","PROCTOR","KRISS","5","78","0","78","2","","","","","","","5","78","","","","","","","","","","","","","","","","","","2","","","","","","","","","","","","12"
"726","Navy","11/13/10","2","PROCTOR","KRISS","20","201","0","201","1","5","2","0","33","0","","25","234","","","","","","","","","","","","","","","","","","1","","","","","","","","","","","","6"
"726","Navy","11/20/10","2","PROCTOR","KRISS","1","1","0","1","0","","","","","","","1","1","","","","","","","","","","","","","","","","","","","","","","","","","","","","","","0"
"726","Navy","10/23/10","3","RICHARDSON","DE'VON","","","","","","","","","","","","0","0","","","","1","0","0","","","","","","","","","","","","","","","","","","","","","","","","0"
"726","Navy","09/11/10","26","SANTIAGO","AARON","","","","","","","","","","","","0","0","1","12","0","","","","","","","","","","","","","","","","","","","","","","","","","","","0"
"726","Navy","10/09/10","26","SANTIAGO","AARON","6","66","0","66","0","","","","","","","6","66","1","9","0","","","","","","","","","","","","","","","","","","","","","","","","","","","0"
"726","Navy","10/16/10","26","SANTIAGO","AARON","2","2","0","2","0","","","","","","","2","2","2","54","1","","","","","","","","","","","","","","","1","","","","","","","","","","","","6"
"726","Navy","10/23/10","26","SANTIAGO","AARON","1","0","0","0","0","","","","","","","1","0","","","","","","","","","","","","","","","","","","","","","","","","","","","","","","0"
"726","Navy","10/30/10","26","SANTIAGO","AARON","2","12","0","12","0","","","","","","","2","12","2","36","1","","","","","","","","","","","","","","","1","","","0","0","","","","","","","","6"
"726","Navy","11/06/10","26","SANTIAGO","AARON","4","15","1","14","0","","","","","","","4","14","2","33","1","","","","","","","","","","","","","","","1","","","","","","","","","","","","6"
"726","Navy","11/13/10","26","SANTIAGO","AARON","4","60","0","60","1","","","","","","","4","60","1","26","0","","","","","","","","","","","","","","","1","","","","","","","","","","","","6"
"726","Navy","11/20/10","26","SANTIAGO","AARON","3","17","2","15","0","","","","","","","3","15","1","11","0","","","","","","","","","","","","","","","","","","","","","","","","","","","0"
"726","Navy","12/11/10","26","SANTIAGO","AARON","1","5","0","5","0","","","","","","","1","5","2","54","0","","","","","","","","","","","","","","","","","","","","","","","","","","","0"
"726","Navy","12/23/10","26","SANTIAGO","AARON","4","27","0","27","0","","","","","","","4","27","1","16","0","","","","","","","","","","","","","","","","","","","","","","","","","","","0"
"726","Navy","10/16/10","54","SIMMONS","TYLER","","","","","","","","","","","","0","0","","","","1","6","0","","","","","","","","","","","","","","","","","","","","","","","","0"
"726","Navy","10/09/10","23","SNELSON","BO","","","","","","","","","","","","0","0","","","","","","","","","","","","","","","1","11","0","","","","","","","","","","","","","0"
"726","Navy","10/30/10","23","SNELSON","BO","","","","","","","","","","","","0","0","","","","","","","","","","","","","","","1","11","0","","","","","","","","","","","","","0"
"726","Navy","11/06/10","23","SNELSON","BO","3","25","0","25","1","","","","","","","3","25","","","","","","","","","","","","","","","","","","1","","","","","","","","","","","","6"
"726","Navy","11/13/10","23","SNELSON","BO","3","28","0","28","0","","","","","","","3","28","","","","","","","","","","","","","","","","","","","","","","","","","","","","","","0"
"726","Navy","11/20/10","23","SNELSON","BO","3","25","0","25","0","","","","","","","3","25","1","7","0","","","","","","","","","","","","","","","","","","","","","","","","","","","0"
"726","Navy","12/23/10","23","SNELSON","BO","2","13","0","13","0","","","","","","","2","13","","","","","","","","","","","","","","","1","21","0","","","","","","","","","","","","","0"
"726","Navy","10/23/10","5","STATEN","DARIUS","","","","","","","","","","","","0","0","","","","","","","","","","","","","","","3","46","0","","","","","","","","","","","","","0"
"726","Navy","09/06/10","17","STUKEL","MIKE","4","21","0","21","0","","","","","","","4","21","","","","","","","","","","","","","","","","","","","","","","","","","","","","","","0"
"726","Navy","09/18/10","17","STUKEL","MIKE","4","16","1","15","1","","","","","","","4","15","","","","","","","","","","","","","","","","","","1","","","","","","","","","","","","6"
"726","Navy","10/02/10","17","STUKEL","MIKE","2","5","3","2","0","","","","","","","2","2","","","","","","","","","","","","","","","","","","","","","","","","","","","","","","0"
"726","Navy","10/23/10","45","TEAGUE","JON","","","","","","","","","","","","0","0","","","","","","","","","","","","","","","","","","","5","5","0","0","","","","","","","","5"
"726","Navy","10/30/10","45","TEAGUE","JON","","","","","","","","","","","","0","0","","","","","","","","","","","","","","","","","","","1","1","0","0","","","","","","","","1"
"726","Navy","11/06/10","45","TEAGUE","JON","","","","","","","","","","","","0","0","","","","","","","","","","","","","","","","","","","10","10","0","0","","","","","2","2","","16"
"726","Navy","09/06/10","39","TEICH","ALEXANDER","7","22","0","22","0","","","","","","","7","22","","","","","","","","","","","","","","","4","107","0","","","","","","","","","","","","","0"
"726","Navy","09/11/10","39","TEICH","ALEXANDER","4","8","0","8","0","","","","","","","4","8","1","12","0","","","","","","","","","","","","1","55","0","","","","","","","","","","","","","0"
"726","Navy","09/18/10","39","TEICH","ALEXANDER","5","23","0","23","0","","","","","","","5","23","","","","","","","","","","","","","","","6","118","0","","","","","","","","","","","","","0"
"726","Navy","10/02/10","39","TEICH","ALEXANDER","8","38","0","38","0","","","","","","","8","38","","","","","","","","","","","","","","","2","53","0","","","","","","","","","","","","","0"
"726","Navy","10/09/10","39","TEICH","ALEXANDER","10","43","0","43","0","","","","","","","10","43","1","6","1","","","","","","","","","","","","1","31","0","1","","","","","","","","","","","","6"
"726","Navy","10/16/10","39","TEICH","ALEXANDER","21","95","0","95","2","","","","","","","21","95","","","","","","","","","","","","","","","1","31","0","2","","","","","","","","","","","","12"
"726","Navy","10/23/10","39","TEICH","ALEXANDER","26","210","0","210","0","","","","","","","26","210","1","31","1","","","","","","","","","","","","","","","1","","","","","","","","","","","","6"
"726","Navy","10/30/10","39","TEICH","ALEXANDER","7","45","2","43","0","","","","","","","7","43","1","26","0","","","","","","","","","","","","","","","","","","1","1","","","","","","","","2"
"726","Navy","11/06/10","39","TEICH","ALEXANDER","14","157","0","157","1","","","","","","","14","157","","","","","","","","","","","","","","","","","","1","","","","","","","","","","","","6"
"726","Navy","11/13/10","39","TEICH","ALEXANDER","12","55","2","53","2","","","","","","","12","53","","","","","","","","","","","","","","","","","","2","","","","","","","","","","","","12"
"726","Navy","11/20/10","39","TEICH","ALEXANDER","12","86","0","86","0","","","","","","","12","86","1","2","0","","","","","","","","","","","","","","","","","","","","","","","","","","","0"
"726","Navy","12/11/10","39","TEICH","ALEXANDER","11","48","1","47","0","","","","","","","11","47","","","","","","","","","","","","","","","","","","","","","","","","","","","","","","0"
"726","Navy","12/23/10","39","TEICH","ALEXANDER","10","38","0","38","0","","","","","","","10","38","2","9","0","","","","","","","","","","","","","","","","","","","","","","","","","","","0"
"726","Navy","10/16/10","34","THOMAS","MARCUS","","","","","","","","","","","","0","0","","","","","","","","","","","","","","","2","27","0","","","","","","","","","","","","","0"
"726","Navy","10/23/10","34","THOMAS","MARCUS","","","","","","","","","","","","0","0","","","","","","","","","","","","","","","1","18","0","","","","","","","","","","","","","0"
"726","Navy","10/30/10","34","THOMAS","MARCUS","","","","","","","","","","","","0","0","","","","","","","","","","","","","","","3","65","0","","","","","","","","","","","","","0"
"726","Navy","11/06/10","34","THOMAS","MARCUS","1","3","0","3","0","","","","","","","1","3","","","","","","","","","","","","","","","5","126","0","","","","","","","","","","","","","0"
"726","Navy","11/13/10","34","THOMAS","MARCUS","","","","","","","","","","","","0","0","","","","","","","","","","","","","","","5","92","0","","","","","","","","","","","","","0"
"726","Navy","11/20/10","34","THOMAS","MARCUS","","","","","","","","","","","","0","0","","","","","","","","","","","","","","","3","70","0","","","","","","","","","","","","","0"
"726","Navy","12/11/10","34","THOMAS","MARCUS","","","","","","","","","","","","0","0","","","","","","","","","","","","","","","2","59","0","","","","","","","","","","","","","0"
"726","Navy","12/23/10","34","THOMAS","MARCUS","","","","","","","","","","","","0","0","","","","","","","","","","","","","","","5","106","0","","","","","","","","","","","","","0"
"726","Navy","09/18/10","86","TURNER","BRANDON","","","","","","","","","","","","0","0","1","63","0","","","","","","","","","","","","","","","","","","","","","","","","","","","0"
"726","Navy","10/16/10","86","TURNER","BRANDON","","","","","","","","","","","","0","0","1","9","0","","","","","","","","","","","","","","","","","","","","","","","","","","","0"
"726","Navy","11/06/10","86","TURNER","BRANDON","","","","","","","","","","","","0","0","1","9","0","","","","","","","","","","","","","","","","","","","","","","","","","","","0"
"726","Navy","12/11/10","86","TURNER","BRANDON","","","","","","","","","","","","0","0","1","32","1","","","","","","","","","","","","","","","1","","","","","","","","","","","","6"
"463","Nebraska","11/26/10","9C","BROEKEMEIER","","","","","","","","","","","","","0","0","3","34","0","","","","","","","","","","","","","","","","","","","","","","","","","","","0"
"463","Nebraska","12/04/10","9C","BROEKEMEIER","","","","","","","","","","","","","0","0","3","15","0","","","","","","","","","","","","","","","","","","","","","","","","","","","0"
"463","Nebraska","09/04/10","22","BURKHEAD","REX","5","57","0","57","1","","","","","","","5","57","2","47","0","","","","","","","","","","","","","","","1","","","","","","","","","","","","6"
"463","Nebraska","09/11/10","22","BURKHEAD","REX","9","78","1","77","0","","","","","","","9","77","3","41","0","","","","","","","","","","","","","","","","","","","","","","","","","","","0"
"463","Nebraska","09/18/10","22","BURKHEAD","REX","13","104","0","104","1","","","","","","","13","104","","","","","","","","","","","","","","","","","","1","","","","","","","","","","","","6"
"463","Nebraska","09/25/10","22","BURKHEAD","REX","14","71","5","66","1","","","","","","","14","66","1","9","0","","","","","","","","","","","","","","","1","","","","","","","","","","","","6"
"463","Nebraska","10/07/10","22","BURKHEAD","REX","11","57","0","57","0","","","","","","","11","57","","","","","","","","","","","","","","","","","","","","","","","","","","","","","","0"
"463","Nebraska","10/16/10","22","BURKHEAD","REX","9","39","4","35","0","","","","","","","9","35","1","7","0","","","","","","","","","","","","","","","","","","","","","","","","","","","0"
"463","Nebraska","10/23/10","22","BURKHEAD","REX","10","42","1","41","0","","","","","","","10","41","1","0","0","","","","","","","","","","","","","","","","","","","","","","","","","","","0"
"463","Nebraska","10/30/10","22","BURKHEAD","REX","2","4","0","4","0","","","","","","","2","4","1","5","0","","","","","","","","","2","4","0","","","","","","","","","","","","","","","","0"
"463","Nebraska","11/06/10","22","BURKHEAD","REX","20","130","1","129","2","","","","","","","20","129","","","","","","","","","","","","","","","","","","2","","","","","","","","","","","","12"
"463","Nebraska","11/13/10","22","BURKHEAD","REX","19","80","3","77","1","","","","","","","19","77","","","","","","","","","","","","","","","","","","1","","","","","","","","","","","","6"
"463","Nebraska","11/20/10","22","BURKHEAD","REX","13","78","4","74","0","","","","","","","13","74","2","16","0","","","","","","","","","1","8","0","","","","","","","","","","","","","","","","0"
"463","Nebraska","11/26/10","22","BURKHEAD","REX","19","102","1","101","1","2","2","0","30","2","","21","131","1","0","0","","","","","","","","","","","","","","","1","","","","","","","","","","","","6"
"463","Nebraska","12/04/10","22","BURKHEAD","REX","16","92","2","90","0","2","1","0","5","1","","18","95","1","11","0","","","","","","","","","2","14","0","","","","","","","","","","","","","","","","0"
"463","Nebraska","12/30/10","22","BURKHEAD","REX","12","56","17","39","0","","","","","","","12","39","2","12","0","","","","","","","","","","","","","","","","","","","","","","","","","","","0"
"463","Nebraska","11/06/10","8A","CASSIDY","AUSTIN","","","","","","","","","","","","0","0","","","","1","29","1","","","","","","","","","","","","1","","","","","","","","","","","","6"
"463","Nebraska","09/11/10","81","COTTON","BEN","","","","","","","","","","","","0","0","1","5","0","","","","","","","","","","","","","","","","","","","","","","","","","","","0"
"463","Nebraska","10/07/10","81","COTTON","BEN","","","","","","","","","","","","0","0","1","7","0","","","","","","","","","","","","","","","","","","","","","","","","","","","0"
"463","Nebraska","10/23/10","81","COTTON","BEN","","","","","","","","","","","","0","0","","","","","","","","","","","","","","","1","4","0","","","","","","","","","","","","","0"
"463","Nebraska","10/30/10","81","COTTON","BEN","","","","","","","","","","","","0","0","1","22","0","","","","","","","","","","","","","","","","","","","","","","","","","","","0"
"463","Nebraska","09/11/10","15","DENNARD","ALFONZO","","","","","","","","","","","","0","0","","","","1","0","0","","","","","","","","","","","","","","","","","","","","","","","","0"
"463","Nebraska","09/18/10","15","DENNARD","ALFONZO","","","","","","","","","","","","0","0","","","","1","31","1","","","","","","","","","","","","1","","","","","","","","","","","","6"
"463","Nebraska","09/25/10","15","DENNARD","ALFONZO","","","","","","","","","","","","0","0","","","","1","0","0","","","","","","","","","","","","","","","","","","","","","","","","0"
"463","Nebraska","11/13/10","15","DENNARD","ALFONZO","","","","","","","","","","","","0","0","","","","1","0","0","","","","","","","","","","","","","","","","","","","","","","","","0"
"463","Nebraska","09/04/10","18","ENUNWA","QUINCY","","","","","","","","","","","","0","0","1","10","0","","","","","","","","","","","","","","","","","","","","","","","","","","","0"
"463","Nebraska","09/11/10","7","GOMES","DEJON","","","","","","","","","","","","0","0","","","","1","40","1","","","","","","","","","","","","1","","","","","","","","","","","","6"
"463","Nebraska","10/30/10","7","GOMES","DEJON","","","","","","","","","","","","0","0","","","","1","15","0","","","","","","","","","","","","","","","","","","","","","","","","0"
"463","Nebraska","11/26/10","7","GOMES","DEJON","","","","","","","","","","","","0","0","","","","1","12","0","1","19","0","","","","","","","","","","","","","","","","","","","","","0"
"463","Nebraska","09/04/10","17","GREEN","CODY","3","17","0","17","0","6","5","0","66","1","","9","83","","","","","","","","","","","","","","","","","","","","","","","","","","","","","","0"
"463","Nebraska","09/11/10","17","GREEN","CODY","2","1","0","1","0","1","1","0","5","0","","3","6","","","","","","","","","","","","","","","","","","","","","","","","","","","","","","0"
"463","Nebraska","09/18/10","17","GREEN","CODY","4","14","1","13","0","","","","","","","4","13","","","","","","","","","","","","","","","","","","","","","","","","","","","","","","0"
"463","Nebraska","09/25/10","17","GREEN","CODY","2","5","0","5","0","2","0","0","0","0","","4","5","","","","","","","","","","","","","","","","","","","","","","","","","","","","","","0"
"463","Nebraska","10/07/10","17","GREEN","CODY","4","28","0","28","0","3","1","0","8","0","","7","36","","","","","","","","","","","","","","","","","","","","","","","","","","","","","","0"
"463","Nebraska","11/06/10","17","GREEN","CODY","9","19","9","10","0","12","7","0","79","0","","21","89","","","","","","","","","","","","","","","","","","","","","","","","","","","","","","0"
"463","Nebraska","11/20/10","17","GREEN","CODY","3","5","4","1","0","11","6","1","57","0","","14","58","","","","","","","","","","","","","","","","","","","","","","","","","","","","","","0"
"463","Nebraska","11/26/10","17","GREEN","CODY","7","32","9","23","1","13","10","0","80","2","","20","103","","","","","","","","","","","","","","","","","","1","","","","","","","","","","","","6"
"463","Nebraska","12/30/10","17","GREEN","CODY","3","1","3","-2","0","12","3","0","45","0","","15","43","","","","","","","","","","","","","","","","","","","","","","","","","","","","","","0"
"463","Nebraska","09/18/10","28","HAGG","ERIC","","","","","","","","","","","","0","0","","","","1","11","0","","","","","","","","","","","","","","","","","","","","","","","","0"
"463","Nebraska","10/07/10","28","HAGG","ERIC","","","","","","","","","","","","0","0","","","","1","0","0","","","","","","","","","","","","","","","","","","","","","","","","0"
"463","Nebraska","10/16/10","28","HAGG","ERIC","","","","","","","","","","","","0","0","","","","","","","","","","","","1","95","1","","","","1","","","","","","","","","","","","6"
"463","Nebraska","10/23/10","28","HAGG","ERIC","","","","","","","","","","","","0","0","","","","1","0","0","","","","","","","","","","","","","","","","","","","","","","","","0"
"463","Nebraska","11/06/10","28","HAGG","ERIC","","","","","","","","","","","","0","0","","","","1","0","0","","","","","","","","","","","","","","","","","","","","","","","","0"
"463","Nebraska","11/26/10","28","HAGG","ERIC","","","","","","","","","","","","0","0","","","","1","26","0","","","","","","","","","","","","","","","","","","","","","","","","0"
"463","Nebraska","09/04/10","10","HELU JR.","ROY","5","29","0","29","1","","","","","","","5","29","","","","","","","","","","","","","","","","","","1","","","","","","","","","","","","6"
"463","Nebraska","09/11/10","10","HELU JR.","ROY","9","107","0","107","1","","","","","","","9","107","","","","","","","","","","","","","","","","","","1","","","","","","","","","","","","6"
"463","Nebraska","09/18/10","10","HELU JR.","ROY","10","112","2","110","2","","","","","","","10","110","","","","","","","","","","","","","","","","","","2","","","","","","","","","","","","12"
"463","Nebraska","09/25/10","10","HELU JR.","ROY","19","76","17","59","0","","","","","","","19","59","","","","","","","","","","","","","","","","","","","","","","","","","","","","","","0"
"463","Nebraska","10/07/10","10","HELU JR.","ROY","8","110","0","110","1","","","","","","","8","110","","","","","","","","","","","","","","","","","","1","","","","","","","","","","","","6"
"463","Nebraska","10/16/10","10","HELU JR.","ROY","11","43","0","43","0","","","","","","","11","43","","","","","","","","","","","","","","","","","","","","","","","","","","","","","","0"
"463","Nebraska","10/23/10","10","HELU JR.","ROY","12","42","0","42","0","","","","","","","12","42","2","10","0","","","","","","","","","","","","","","","","","","","","","","","","","","","0"
"463","Nebraska","10/30/10","10","HELU JR.","ROY","28","310","3","307","3","","","","","","","28","307","1","14","0","","","","","","","","","","","","","","","3","","","","","","","","","","","","18"
"463","Nebraska","11/06/10","10","HELU JR.","ROY","22","101","2","99","1","","","","","","","22","99","","","","","","","","","","","","","","","","","","1","","","","","","","","","","","","6"
"463","Nebraska","11/13/10","10","HELU JR.","ROY","18","85","0","85","1","","","","","","","18","85","","","","","","","","","","","","","","","","","","1","","","","","","","","","","","","6"
"463","Nebraska","11/20/10","10","HELU JR.","ROY","9","57","5","52","0","","","","","","","9","52","2","22","0","","","","","","","","","","","","","","","","","","","","","","","","","","","0"
"463","Nebraska","11/26/10","10","HELU JR.","ROY","15","78","1","77","0","","","","","","","15","77","","","","","","","","","","","","","","","","","","","","","","","","","","","","","","0"
"463","Nebraska","12/04/10","10","HELU JR.","ROY","11","102","11","91","1","","","","","","","11","91","","","","","","","","","","","","","","","","","","1","","","","","","","","","","","","6"
"463","Nebraska","12/30/10","10","HELU JR.","ROY","11","40","6","34","0","","","","","","","11","34","","","","","","","","","","","","","","","","","","","","","","","","","","","","","","0"
"463","Nebraska","09/04/10","90","HENERY","ALEX","","","","","","","","","","","","0","0","","","","","","","","","","3","128","","","","","","","","7","7","0","0","","","","","","","","7"
"463","Nebraska","09/11/10","90","HENERY","ALEX","","","","","","","","","","","","0","0","","","","","","","","","","2","52","","","","","","","","5","5","0","0","","","","","1","1","","8"
"463","Nebraska","09/18/10","90","HENERY","ALEX","","","","","","","","","","","","0","0","","","","","","","","","","5","236","","","","","","","","8","8","0","0","","","","","","","","8"
"463","Nebraska","09/25/10","90","HENERY","ALEX","","","","","","","","","","","","0","0","","","","","","","","","","6","284","","","","","","","","2","2","0","0","","","","","1","1","","5"
"463","Nebraska","10/07/10","90","HENERY","ALEX","","","","","","","","","","","","0","0","","","","","","","","","","2","99","","","","","","","","6","6","0","0","","","","","2","2","","12"
"463","Nebraska","10/16/10","90","HENERY","ALEX","","","","","","","","","","","","0","0","","","","","","","","","","7","346","","","","","","","","1","1","0","0","","","","","2","2","","7"
"463","Nebraska","10/23/10","90","HENERY","ALEX","1","27","0","27","0","","","","","","","1","27","","","","","","","","","","3","151","","","","","","","","6","6","0","0","","","","","3","3","","15"
"463","Nebraska","10/30/10","90","HENERY","ALEX","","","","","","","","","","","","0","0","","","","","","","","","","5","208","","","","","","","","4","4","0","0","","","","","2","1","","7"
"463","Nebraska","11/06/10","90","HENERY","ALEX","","","","","","","","","","","","0","0","","","","","","","","","","6","235","","","","","","","","4","4","0","0","","","","","1","1","","7"
"463","Nebraska","11/13/10","90","HENERY","ALEX","","","","","","","","","","","","0","0","","","","","","","","","","6","259","","","","","","","","2","2","0","0","","","","","2","2","","8"
"463","Nebraska","11/20/10","90","HENERY","ALEX","","","","","","","","","","","","0","0","","","","","","","","","","6","245","","","","","","","","","","","","","","","","2","2","","6"
"463","Nebraska","11/26/10","90","HENERY","ALEX","","","","","","","","","","","","0","0","","","","","","","","","","4","152","","","","","","","","6","6","0","0","","","","","1","1","","9"
"463","Nebraska","12/04/10","90","HENERY","ALEX","","","","","","","","","","","","0","0","","","","","","","","","","8","368","","","","","","","","2","2","0","0","","","","","2","2","","8"
"463","Nebraska","12/30/10","90","HENERY","ALEX","","","","","","","","","","","","0","0","","","","","","","","","","6","219","","","","","","","","1","1","0","0","","","","","","","","1"
"463","Nebraska","09/04/10","8","HENRY","WILL","","","","","","","","","","","","0","0","1","24","0","","","","","","","","","","","","","","","","","","","","","","","","","","","0"
"463","Nebraska","10/07/10","8","HENRY","WILL","","","","","","","","","","","","0","0","1","8","0","","","","","","","","","","","","","","","","","","","","","","","","","","","0"
"463","Nebraska","09/04/10","33","HILL","RYAN","","","","","","","","","","","","0","0","1","11","0","","","","","","","","","","","","","","","","","","","","","","","","","","","0"
"463","Nebraska","09/04/10","2B","JONES","AUSTIN","2","13","0","13","1","","","","","","","2","13","","","","","","","","","","","","","","","","","","1","","","","","","","","","","","","6"
"463","Nebraska","09/11/10","2B","JONES","AUSTIN","3","18","0","18","0","","","","","","","3","18","","","","","","","","","","","","","","","","","","","","","","","","","","","","","","0"
"463","Nebraska","09/18/10","2B","JONES","AUSTIN","2","9","0","9","0","","","","","","","2","9","","","","","","","","","","","","","","","","","","","","","","","","","","","","","","0"
"463","Nebraska","10/07/10","2B","JONES","AUSTIN","3","10","0","10","0","","","","","","","3","10","","","","","","","","","","","","","","","","","","","","","","","","","","","","","","0"
"463","Nebraska","11/26/10","2B","JONES","AUSTIN","4","8","0","8","0","","","","","","","4","8","","","","","","","","","","","","","","","","","","","","","","","","","","","","","","0"
"463","Nebraska","09/04/10","84","KINNIE","BRANDON","","","","","","","","","","","","0","0","6","59","0","","","","","","","","","","","","1","14","0","","","","","","","","","","","","","0"
"463","Nebraska","09/11/10","84","KINNIE","BRANDON","","","","","","","","","","","","0","0","3","17","0","","","","","","","","","","","","","","","","","","","","","","","","","","","0"
"463","Nebraska","09/18/10","84","KINNIE","BRANDON","","","","","","","","","","","","0","0","5","105","0","","","","","","","","","","","","2","75","0","","","","","","","","","","","","","0"
"463","Nebraska","09/25/10","84","KINNIE","BRANDON","","","","","","","","","","","","0","0","3","34","0","","","","","","","","","","","","1","15","0","","","","","","","","","","","","","0"
"463","Nebraska","10/16/10","84","KINNIE","BRANDON","","","","","","","","","","","","0","0","1","4","0","","","","","","","","","","","","1","23","0","","","","","","","","","","","","","0"
"463","Nebraska","10/23/10","84","KINNIE","BRANDON","","","","","","","","","","","","0","0","3","62","3","","","","","","","","","","","","","","","3","","","","","","","","","","","","18"
"463","Nebraska","10/30/10","84","KINNIE","BRANDON","","","","","","","","","","","","0","0","1","13","0","","","","","","","","","","","","","","","","","","","","","","","","","","","0"
"463","Nebraska","11/06/10","84","KINNIE","BRANDON","","","","","","","","","","","","0","0","3","22","0","","","","","","","","","","","","","","","","","","","","","","","","","","","0"
"463","Nebraska","11/13/10","84","KINNIE","BRANDON","","","","","","","","","","","","0","0","6","67","0","","","","","","","","","","","","","","","","","","","","","","","","","","","0"
"463","Nebraska","11/20/10","84","KINNIE","BRANDON","","","","","","","","","","","","0","0","5","24","0","","","","","","","","","","","","","","","","","","","","","","","","","","","0"
"463","Nebraska","11/26/10","84","KINNIE","BRANDON","","","","","","","","","","","","0","0","4","48","2","","","","","","","","","","","","1","15","0","2","","","","","","","","","","","","12"
"463","Nebraska","12/04/10","84","KINNIE","BRANDON","","","","","","","","","","","","0","0","2","18","0","","","","","","","","","","","","","","","","","","","","","","","","","","","0"
"463","Nebraska","12/30/10","84","KINNIE","BRANDON","","","","","","","","","","","","0","0","2","21","0","","","","","","","","","","","","","","","","","","","","","","","","","","","0"
"463","Nebraska","09/04/10","5","LEE","ZAC","3","21","0","21","0","4","3","0","45","0","","7","66","","","","","","","","","","","","","","","","","","","","","","","","","","","","","","0"
"463","Nebraska","10/16/10","5","LEE","ZAC","10","25","0","25","0","9","4","0","14","0","","19","39","","","","","","","","","","","","","","","","","","","","","","","","","","","","","","0"
"463","Nebraska","10/30/10","5","LEE","ZAC","2","11","0","11","0","3","1","0","11","0","","5","22","","","","","","","","","","","","","","","","","","","","","","","","","","","","","","0"
"463","Nebraska","11/26/10","5","LEE","ZAC","","","","","","4","3","0","32","0","","4","32","","","","","","","","","","","","","","","","","","","","","","","","","","","","","","0"
"463","Nebraska","10/23/10","48","LEGATE","TYLER","","","","","","","","","","","","0","0","1","1","1","","","","","","","","","","","","","","","1","","","","","","","","","","","","6"
"463","Nebraska","11/26/10","4C","LONG","JAKE","","","","","","","","","","","","0","0","1","17","0","","","","","","","","","","","","","","","","","","","","","","","","","","","0"
"463","Nebraska","09/04/10","6","MARLOWE","TIM","1","13","0","13","0","","","","","","","1","13","","","","","","","","","","","","","","","2","69","0","","","","","","","","","","","","","0"
"463","Nebraska","09/11/10","6","MARLOWE","TIM","","","","","","","","","","","","0","0","","","","","","","","","","","","","","","1","27","0","","","","","","","","","","","","","0"
"463","Nebraska","10/23/10","6","MARLOWE","TIM","","","","","","","","","","","","0","0","","","","","","","","","","","","","","","1","21","0","","","","","","","","","","","","","0"
"463","Nebraska","10/30/10","6","MARLOWE","TIM","","","","","","","","","","","","0","0","","","","","","","","","","","","","","","1","29","0","","","","","","","","","","","","","0"
"463","Nebraska","11/06/10","6","MARLOWE","TIM","","","","","","","","","","","","0","0","","","","","","","","","","","","","","","1","16","0","","","","","","","","","","","","","0"
"463","Nebraska","11/26/10","6","MARLOWE","TIM","1","1","0","1","0","","","","","","","1","1","","","","","","","","","","","","1","0","0","2","37","0","","","","","","","","","","","","","0"
"463","Nebraska","12/04/10","6","MARLOWE","TIM","","","","","","","","","","","","0","0","","","","","","","","","","","","1","17","0","4","66","0","","","","","","","","","","","","","0"
"463","Nebraska","12/30/10","6","MARLOWE","TIM","","","","","","","","","","","","0","0","","","","","","","","","","","","","","","1","20","0","","","","","","","","","","","","","0"
"463","Nebraska","09/04/10","3","MARTINEZ","TAYLOR","7","129","2","127","3","15","9","0","136","0","","22","263","","","","","","","","","","","","","","","","","","3","","","","","","","","","","","","18"
"463","Nebraska","09/11/10","3","MARTINEZ","TAYLOR","14","177","20","157","2","17","12","1","106","0","","31","263","","","","","","","","","","","","","","","","","","2","","","","","","","","","","","","12"
"463","Nebraska","09/18/10","3","MARTINEZ","TAYLOR","19","156","19","137","3","11","7","0","150","1","","30","287","","","","","","","","","","","","","","","","","","3","","","","","","","","","","","","18"
"463","Nebraska","09/25/10","3","MARTINEZ","TAYLOR","13","75","0","75","0","14","6","2","140","1","","27","215","","","","","","","","","","","","","","","","","","","","","","","","","","","","","","0"
"463","Nebraska","10/07/10","3","MARTINEZ","TAYLOR","15","259","18","241","4","7","5","0","128","1","","22","369","","","","","","","","","","","","","","","","","","4","","","","","","","","","","","","24"
"463","Nebraska","10/16/10","3","MARTINEZ","TAYLOR","13","39","18","21","0","12","4","0","63","0","","25","84","","","","","","","","","","","","","","","","","","","","","","","","","","","","","","0"
"463","Nebraska","10/23/10","3","MARTINEZ","TAYLOR","19","130","18","112","0","35","23","0","323","5","","54","435","","","","","","","","","","","","","","","","","","","","","","","","","","","","","","0"
"463","Nebraska","10/30/10","3","MARTINEZ","TAYLOR","12","39","23","16","0","9","6","0","115","1","","21","131","","","","","","","","","","","","","","","","","","","","","","","","","","","","","","0"
"463","Nebraska","11/13/10","3","MARTINEZ","TAYLOR","11","76","5","71","0","26","14","1","167","0","","37","238","","","","","","","","","","","","","","","","","","","","","","","","","","","","","","0"
"463","Nebraska","11/20/10","3","MARTINEZ","TAYLOR","11","29","12","17","0","17","11","1","107","0","","28","124","","","","","","","","","","","","","","","","","","","","","","","","","","","","","","0"
"463","Nebraska","12/04/10","3","MARTINEZ","TAYLOR","14","20","52","-32","0","24","12","1","143","0","","38","111","","","","","","","","","","","","","","","","","","","","","","","","","","","","","","0"
"463","Nebraska","12/30/10","3","MARTINEZ","TAYLOR","14","66","43","23","0","9","7","1","53","1","","23","76","1","1","0","","","","","","","","","","","","","","","","","","","","","","","","","","","0"
"463","Nebraska","09/11/10","44","MCNEILL","MIKE","","","","","","","","","","","","0","0","2","17","0","","","","","","","","","","","","","","","","","","","","","","","","","","","0"
"463","Nebraska","09/18/10","44","MCNEILL","MIKE","","","","","","","","","","","","0","0","1","24","1","","","","","","","","","","","","","","","1","","","","","","","","","","","","6"
"463","Nebraska","09/25/10","44","MCNEILL","MIKE","","","","","","","","","","","","0","0","1","64","0","","","","","","","","","","","","","","","","","","","","","","","","","","","0"
"463","Nebraska","10/07/10","44","MCNEILL","MIKE","","","","","","","","","","","","0","0","2","25","0","","","","","","","","","","","","","","","","","","","","","","","","","","","0"
"463","Nebraska","10/23/10","44","MCNEILL","MIKE","","","","","","","","","","","","0","0","5","61","0","","","","","","","","","","","","","","","","","","","","","","","","","","","0"
"463","Nebraska","11/13/10","44","MCNEILL","MIKE","","","","","","","","","","","","0","0","1","21","0","","","","","","","","","","","","","","","","","","","","","","","","","","","0"
"463","Nebraska","11/20/10","44","MCNEILL","MIKE","","","","","","","","","","","","0","0","1","20","0","","","","","","","","","","","","","","","","","","","","","","","","","","","0"
"463","Nebraska","11/26/10","44","MCNEILL","MIKE","","","","","","","","","","","","0","0","1","18","0","","","","","","","","","","","","","","","","","","","","","","","","","","","0"
"463","Nebraska","12/04/10","44","MCNEILL","MIKE","","","","","","","","","","","","0","0","4","63","0","","","","","","","","","","","","","","","","","","","","","","","","","","","0"
"463","Nebraska","12/30/10","44","MCNEILL","MIKE","","","","","","","","","","","","0","0","3","33","0","","","","","","","","","","","","","","","","","","","","","","","","","","","0"
"463","Nebraska","09/04/10","29","OKAFOR","COLLINS","1","2","0","2","0","","","","","","","1","2","","","","","","","","","","","","","","","","","","","","","","","","","","","","","","0"
"463","Nebraska","12/04/10","12","OSBORNE","COURTNEY","","","","","","","","","","","","0","0","","","","1","33","0","","","","","","","","","","","","","","","","","","","","","","","","0"
"463","Nebraska","09/04/10","24","PAUL","NILES","1","8","0","8","0","","","","","","","1","8","5","92","1","","","","","","","","","3","58","0","","","","1","","","","","","","","","","","","6"
"463","Nebraska","09/11/10","24","PAUL","NILES","2","2","4","-2","0","","","","","","","2","-2","4","31","0","","","","","","","","","","","","","","","","","","","","","","","","","","","0"
"463","Nebraska","09/18/10","24","PAUL","NILES","1","7","0","7","0","","","","","","","1","7","1","21","0","","","","","","","","","6","58","0","2","37","0","","","","","","","","","","","","","0"
"463","Nebraska","09/25/10","24","PAUL","NILES","","","","","","","","","","","","0","0","","","","","","","","","","","","2","4","0","","","","","","","","","","","","","","","","0"
"463","Nebraska","10/07/10","24","PAUL","NILES","","","","","","","","","","","","0","0","1","17","0","","","","","","","","","","","","3","48","0","","","","","","","","","","","","","0"
"463","Nebraska","10/16/10","24","PAUL","NILES","1","1","0","1","0","","","","","","","1","1","6","66","0","","","","","","","","","2","16","0","2","26","0","","","","","","","","","","","","","0"
"463","Nebraska","10/23/10","24","PAUL","NILES","","","","","","","","","","","","0","0","9","131","0","","","","","","","","","1","24","0","2","119","1","1","","","","","","","","","","","","6"
"463","Nebraska","10/30/10","24","PAUL","NILES","","","","","","","","","","","","0","0","1","21","0","","","","","","","","","","","","2","55","0","","","","","","","","","","","","","0"
"463","Nebraska","11/06/10","24","PAUL","NILES","","","","","","","","","","","","0","0","1","5","0","","","","","","","","","","","","2","40","0","","","","","","","","","","","","","0"
"463","Nebraska","11/13/10","24","PAUL","NILES","","","","","","","","","","","","0","0","7","79","0","","","","","","","","","","","","2","63","0","","","","","","","","","","","","","0"
"463","Nebraska","11/20/10","24","PAUL","NILES","","","","","","","","","","","","0","0","4","53","0","","","","","","","","","","","","1","15","0","","","","","","","","","","","","","0"
"463","Nebraska","12/30/10","24","PAUL","NILES","","","","","","","","","","","","0","0","","","","","","","","","","","","","","","3","61","0","","","","","","","","","","","","","0"
"463","Nebraska","09/04/10","25","REED","KYLER","","","","","","","","","","","","0","0","1","4","0","","","","","","","","","","","","","","","","","","","","","","","","","","","0"
"463","Nebraska","09/25/10","25","REED","KYLER","","","","","","","","","","","","0","0","1","33","1","","","","","","","","","","","","","","","1","","","","","","","","","","","","6"
"463","Nebraska","10/07/10","25","REED","KYLER","","","","","","","","","","","","0","0","1","79","1","","","","","","","","","","","","","","","1","","","","","","","","","","","","6"
"463","Nebraska","10/23/10","25","REED","KYLER","","","","","","","","","","","","0","0","2","58","1","","","","","","","","","","","","","","","1","","","","","","","","","","","","6"
"463","Nebraska","10/30/10","25","REED","KYLER","","","","","","","","","","","","0","0","2","51","1","","","","","","","","","","","","","","","1","","","","","","","","","","","","6"
"463","Nebraska","11/06/10","25","REED","KYLER","","","","","","","","","","","","0","0","3","52","0","","","","","","","","","","","","","","","","","","","","","","","","","","","0"
"463","Nebraska","11/20/10","25","REED","KYLER","","","","","","","","","","","","0","0","3","29","0","","","","","","","","","","","","","","","","","","","","","","","","","","","0"
"463","Nebraska","11/26/10","25","REED","KYLER","","","","","","","","","","","","0","0","4","17","2","","","","","","","","","","","","","","","2","","","","","","","","","","","","12"
"463","Nebraska","12/04/10","25","REED","KYLER","","","","","","","","","","","","0","0","3","41","1","","","","","","","","","","","","","","","1","","","","","","","","","","","","6"
"463","Nebraska","12/30/10","25","REED","KYLER","","","","","","","","","","","","0","0","2","31","1","","","","","","","","","","","","","","","1","","","","","","","","","","","","6"
"463","Nebraska","09/04/10","27","ROBINSON","DONTRAYEVOUS","4","7","7","0","0","","","","","","","4","0","","","","","","","","","","","","","","","","","","","","","","","","","","","","","","0"
"463","Nebraska","09/11/10","27","ROBINSON","DONTRAYEVOUS","2","3","1","2","0","","","","","","","2","2","","","","","","","","","","","","","","","","","","","","","","","","","","","","","","0"
"463","Nebraska","09/18/10","27","ROBINSON","DONTRAYEVOUS","4","7","2","5","0","","","","","","","4","5","","","","","","","","","","","","","","","","","","","","","","","","","","","","","","0"
"463","Nebraska","10/07/10","27","ROBINSON","DONTRAYEVOUS","1","5","0","5","0","","","","","","","1","5","","","","","","","","","","","","","","","","","","","","","","","","","","","","","","0"
"463","Nebraska","11/26/10","27","ROBINSON","DONTRAYEVOUS","13","55","0","55","0","","","","","","","13","55","1","8","0","","","","","","","","","","","","","","","","","","","","","","","","","","","0"
"463","Nebraska","09/04/10","13","SMITH","P.J.","","","","","","","","","","","","0","0","","","","1","29","0","","","","","","","","","","","","","","","","","","","","","","","","0"
"463","Nebraska","09/11/10","13","SMITH","P.J.","","","","","","","","","","","","0","0","","","","1","17","0","","","","","","","","","","","","","","","","","","","","","","","","0"
"463","Nebraska","09/25/10","13","SMITH","P.J.","","","","","","","","","","","","0","0","","","","1","0","0","","","","","","","","","","","","","","","","","","","","","","","","0"
"463","Nebraska","09/11/10","3A","THENARSE","RICKEY","","","","","","","","","","","","0","0","","","","1","47","1","","","","","","","","","","","","1","","","","","","","","","","","","6"
"463","Nebraska","09/04/10","14","WARD","LESTER","1","2","0","2","0","","","","","","","1","2","","","","","","","","","","","","","","","","","","","","","","","","","","","","","","0"
"463","Nebraska","09/11/10","5A","WEST","ANTHONY","","","","","","","","","","","","0","0","","","","1","23","0","","","","","","","","","","","","","","","","","","","","","","","","0"
"466","Nevada","11/06/10","23","ANDERSON","SHANE","","","","","","","","","","","","0","0","1","28","1","","","","","","","","","","","","","","","1","","","","","","","","","","","","6"
"466","Nevada","12/04/10","23","ANDERSON","SHANE","","","","","","","","","","","","0","0","1","6","0","","","","","","","","","","","","","","","","","","","","","","","","","","","0"
"466","Nevada","09/02/10","5","BALL","MIKE","7","46","0","46","0","","","","","","","7","46","3","22","0","","","","","","","","","","","","2","75","0","","","","","","","","","","","","","0"
"466","Nevada","09/17/10","5","BALL","MIKE","1","4","0","4","0","","","","","","","1","4","","","","","","","","","","","","","","","4","78","0","","","","","","","","","","","","","0"
"466","Nevada","10/09/10","5","BALL","MIKE","2","8","0","8","0","","","","","","","2","8","1","-5","0","","","","","","","","","","","","2","57","0","","","","","","","","","","","","","0"
"466","Nevada","10/16/10","5","BALL","MIKE","1","0","3","-3","0","","","","","","","1","-3","1","10","1","","","","","","","","","","","","4","148","0","1","","","","","","","","","","","","6"
"466","Nevada","10/30/10","5","BALL","MIKE","6","58","0","58","2","","","","","","","6","58","1","8","1","","","","","","","","","","","","2","31","0","3","","","","","","","","","","","","18"
"466","Nevada","11/06/10","5","BALL","MIKE","9","101","0","101","2","","","","","","","9","101","","","","","","","","","","","","","","","2","34","0","2","","","","","","","","","","","","12"
"466","Nevada","11/13/10","5","BALL","MIKE","1","3","0","3","0","","","","","","","1","3","","","","","","","","","","","","","","","6","160","0","","","","","","","","","","","","","0"
"466","Nevada","11/20/10","5","BALL","MIKE","","","","","","","","","","","","0","0","","","","","","","","","","","","","","","2","39","0","","","","","","","","","","","","","0"
"466","Nevada","11/26/10","5","BALL","MIKE","1","3","0","3","0","","","","","","","1","3","4","37","0","","","","","","","","","","","","3","70","0","","","","","","","","","","","","","0"
"466","Nevada","12/04/10","5","BALL","MIKE","9","41","2","39","0","","","","","","","9","39","","","","","","","","","","","","","","","4","85","0","","","","","","","","","","","","","0"
"466","Nevada","01/09/11","5","BALL","MIKE","1","0","0","0","0","","","","","","","1","0","1","1","0","","","","","","","","","","","","3","56","0","","","","","","","","","","","","","0"
"466","Nevada","10/02/10","22","BROWN","THADDEUS","","","","","","","","","","","","0","0","","","","","","","1","16","0","","","","","","","","","","","","","","","","","","","","","0"
"466","Nevada","09/25/10","46","DRAKE","RICKY","","","","","","","","","","","","0","0","","","","","","","","","","","","","","","","","","","","","","","","","","","1","1","","3"
"466","Nevada","10/30/10","46","DRAKE","RICKY","","","","","","","","","","","","0","0","","","","","","","","","","","","","","","","","","","","","","","","","","","1","0","","0"
"466","Nevada","11/20/10","28","FREY","ISAIAH","","","","","","","","","","","","0","0","","","","1","0","0","","","","","","","","","","","","","","","","","","","","","","","","0"
"466","Nevada","09/02/10","85","GREEN","VIRGIL","","","","","","","","","","","","0","0","7","144","2","","","","","","","","","","","","","","","2","","","","","","","","","","","","12"
"466","Nevada","09/11/10","85","GREEN","VIRGIL","","","","","","","","","","","","0","0","3","35","1","","","","","","","","","","","","","","","1","","","","","","","","","","","","6"
"466","Nevada","09/17/10","85","GREEN","VIRGIL","","","","","","","","","","","","0","0","2","35","0","","","","","","","","","","","","","","","","","","","","","","","","","","","0"
"466","Nevada","09/25/10","85","GREEN","VIRGIL","1","3","0","3","0","","","","","","","1","3","1","11","0","","","","","","","","","","","","","","","","","","","","","","","","","","","0"
"466","Nevada","10/02/10","85","GREEN","VIRGIL","","","","","","","","","","","","0","0","2","10","0","","","","","","","","","","","","","","","","","","","","","","","","","","","0"
"466","Nevada","10/09/10","85","GREEN","VIRGIL","1","1","0","1","0","","","","","","","1","1","3","49","0","","","","","","","","","","","","","","","","","","","","","","","","","","","0"
"466","Nevada","10/16/10","85","GREEN","VIRGIL","","","","","","","","","","","","0","0","2","11","0","","","","","","","","","","","","","","","","","","","","","","","","","","","0"
"466","Nevada","11/06/10","85","GREEN","VIRGIL","","","","","","","","","","","","0","0","3","26","1","","","","","","","","","","","","","","","1","","","","","","","","","","","","6"
"466","Nevada","11/13/10","85","GREEN","VIRGIL","","","","","","","","","","","","0","0","2","22","0","","","","","","","","","","","","","","","","","","","","","","","","","","","0"
"466","Nevada","11/20/10","85","GREEN","VIRGIL","","","","","","","","","","","","0","0","2","59","1","","","","","","","","","","","","","","","1","","","","","","","","","","","","6"
"466","Nevada","11/26/10","85","GREEN","VIRGIL","2","15","0","15","0","","","","","","","2","15","1","14","0","","","","","","","","","","","","","","","","","","","","","","","","","","","0"
"466","Nevada","12/04/10","85","GREEN","VIRGIL","","","","","","","","","","","","0","0","3","37","0","","","","","","","","","","","","","","","","","","","","","","","","","","","0"
"466","Nevada","01/09/11","85","GREEN","VIRGIL","","","","","","","","","","","","0","0","4","62","0","","","","","","","","","","","","","","","","","","","","","","","","","","","0"
"466","Nevada","09/02/10","32","HALE","NICK","1","7","0","7","0","","","","","","","1","7","","","","","","","","","","","","","","","","","","","","","","","","","","","","","","0"
"466","Nevada","10/30/10","32","HALE","NICK","4","16","1","15","0","","","","","","","4","15","1","20","1","","","","","","","","","","","","","","","1","","","","","","","","","","","","6"
"466","Nevada","11/06/10","32","HALE","NICK","1","1","0","1","0","","","","","","","1","1","","","","","","","","","","","","","","","","","","","","","","","","","","","","","","0"
"466","Nevada","09/11/10","25","JEFFERSON","STEFPHON","2","21","0","21","1","","","","","","","2","21","","","","","","","","","","","","","","","","","","1","","","","","","","","","","","","6"
"466","Nevada","10/02/10","25","JEFFERSON","STEFPHON","1","5","0","5","0","","","","","","","1","5","","","","","","","","","","","","","","","","","","","","","","","","","","","","","","0"
"466","Nevada","11/06/10","52","JOHNSON","JAMES-MICHAEL","","","","","","","","","","","","0","0","","","","","","","1","8","0","","","","","","","","","","","","","","","","","","","","","0"
"466","Nevada","09/17/10","8","JOHNSON","MARLON","","","","","","","","","","","","0","0","","","","1","65","1","","","","","","","","","","","","1","","","","","","","","","","","","6"
"466","Nevada","01/09/11","8","JOHNSON","MARLON","","","","","","","","","","","","0","0","","","","1","5","0","","","","","","","","","","","","","","","","","","","","","","","","0"
"466","Nevada","09/02/10","10","KAEPERNICK","COLIN","11","68","8","60","2","37","26","0","306","2","","48","366","","","","","","","","","","","","","","","","","","2","","","","","","","","","","","","12"
"466","Nevada","09/11/10","10","KAEPERNICK","COLIN","11","161","0","161","2","29","21","0","241","2","","40","402","","","","","","","","","","","","","","","","","","2","","","","","","","","","","","","12"
"466","Nevada","09/17/10","10","KAEPERNICK","COLIN","17","149","1","148","3","15","10","0","181","2","","32","329","","","","","","","","","","","","","","","","","","3","","","","","","","","","","","","18"
"466","Nevada","09/25/10","10","KAEPERNICK","COLIN","17","85","3","82","1","25","16","1","196","1","","42","278","","","","","","","","","","","","","","","","","","1","","","","","","","","","","","","6"
"466","Nevada","10/02/10","10","KAEPERNICK","COLIN","13","97","0","97","1","17","13","1","124","1","","30","221","","","","","","","","","","","","","","","","","","1","","","","","","","","","","","","6"
"466","Nevada","10/09/10","10","KAEPERNICK","COLIN","17","98","7","91","2","27","20","1","273","0","","44","364","","","","","","","","","","","","","","","","","","2","","","","","","","","","","","","12"
"466","Nevada","10/16/10","10","KAEPERNICK","COLIN","11","37","7","30","1","26","14","2","159","2","","37","189","","","","","","","","","","","","","","","","","","1","","","","","","","","","","","","6"
"466","Nevada","10/30/10","10","KAEPERNICK","COLIN","8","106","4","102","1","15","10","0","190","2","","23","292","","","","","","","","","","","","","","","","","","1","","","","","","","","","","","","6"
"466","Nevada","11/06/10","10","KAEPERNICK","COLIN","8","36","14","22","0","30","20","0","320","5","","38","342","","","","","","","","","","","","","","","","","","","","","","","","","","","","","","0"
"466","Nevada","11/13/10","10","KAEPERNICK","COLIN","14","160","4","156","2","26","16","1","171","0","","40","327","","","","","","","","","","","","","","","","","","2","","","","","","","","","","","","12"
"466","Nevada","11/20/10","10","KAEPERNICK","COLIN","7","48","13","35","1","27","15","0","251","2","","34","286","","","","","","","","","","","","","","","","","","1","","","","","","","","","","","","6"
"466","Nevada","11/26/10","10","KAEPERNICK","COLIN","10","61","16","45","1","35","19","1","259","1","","45","304","","","","","","","","","","","","","","","","","","1","","","","","","","","","","","","6"
"466","Nevada","12/04/10","10","KAEPERNICK","COLIN","20","171","16","155","3","17","13","0","159","0","","37","314","","","","","","","","","","","","","","","","","","3","","","","","","","","","","","","18"
"466","Nevada","01/09/11","10","KAEPERNICK","COLIN","9","32","10","22","0","33","20","1","192","1","","42","214","","","","","","","","","","","","","","","","","","","","","","","","","","","","","","0"
"466","Nevada","09/02/10","48","LANGLEY","BRAD","","","","","","","","","","","","0","0","","","","","","","","","","4","201","","","","","","","","","","","","","","","","","","","0"
"466","Nevada","09/17/10","48","LANGLEY","BRAD","","","","","","","","","","","","0","0","","","","","","","","","","2","73","","","","","","","","","","","","","","","","","","","0"
"466","Nevada","09/25/10","48","LANGLEY","BRAD","","","","","","","","","","","","0","0","","","","","","","","","","2","112","","","","","","","","","","","","","","","","","","","0"
"466","Nevada","10/09/10","48","LANGLEY","BRAD","","","","","","","","","","","","0","0","","","","","","","","","","2","83","","","","","","","","","","","","","","","","","","","0"
"466","Nevada","10/16/10","48","LANGLEY","BRAD","","","","","","","","","","","","0","0","","","","","","","","","","4","157","","","","","","","","","","","","","","","","","","","0"
"466","Nevada","10/30/10","48","LANGLEY","BRAD","","","","","","","","","","","","0","0","","","","","","","","","","2","85","","","","","","","","","","","","","","","","","","","0"
"466","Nevada","11/06/10","48","LANGLEY","BRAD","","","","","","","","","","","","0","0","","","","","","","","","","2","69","","","","","","","","","","","","","","","","","","","0"
"466","Nevada","11/13/10","48","LANGLEY","BRAD","","","","","","","","","","","","0","0","","","","","","","","","","4","155","","","","","","","","","","","","","","","","","","","0"
"466","Nevada","11/20/10","48","LANGLEY","BRAD","","","","","","","","","","","","0","0","","","","","","","","","","3","129","","","","","","","","","","","","","","","","","","","0"
"466","Nevada","11/26/10","48","LANGLEY","BRAD","","","","","","","","","","","","0","0","","","","","","","","","","3","123","","","","","","","","","","","","","","","","","","","0"
"466","Nevada","12/04/10","48","LANGLEY","BRAD","","","","","","","","","","","","0","0","","","","","","","","","","2","86","","","","","","","","","","","","","","","","","","","0"
"466","Nevada","01/09/11","48","LANGLEY","BRAD","","","","","","","","","","","","0","0","","","","","","","","","","7","304","","","","","","","","","","","","","","","","","","","0"
"466","Nevada","09/02/10","16","LANTRIP","TYLER","2","0","6","-6","0","1","1","0","33","0","","3","27","","","","","","","","","","","","","","","","","","","","","","","","","","","","","","0"
"466","Nevada","09/11/10","16","LANTRIP","TYLER","5","26","4","22","0","3","2","0","14","0","","8","36","","","","","","","","","","","","","","","","","","","","","","","","","","","","","","0"
"466","Nevada","10/02/10","16","LANTRIP","TYLER","1","0","5","-5","0","2","1","0","18","0","","3","13","","","","","","","","","","","","","","","","","","","","","","","","","","","","","","0"
"466","Nevada","10/30/10","16","LANTRIP","TYLER","7","35","2","33","1","3","2","0","19","0","","10","52","","","","","","","","","","","","","","","","","","1","","","","","","","","","","","","6"
"466","Nevada","11/06/10","16","LANTRIP","TYLER","1","2","0","2","0","4","2","0","71","1","","5","73","","","","","","","","","","","","","","","","","","","","","","","","","","","","","","0"
"466","Nevada","11/06/10","13","MAGLEBY","MASON","1","31","0","31","0","","","","","","","1","31","","","","","","","","","","","","","","","","","","","","","","","","","","","","","","0"
"466","Nevada","09/02/10","29","MARK","LAMPFORD","6","40","0","40","1","","","","","","","6","40","","","","","","","","","","","","","","","","","","1","","","","","","","","","","","","6"
"466","Nevada","09/11/10","29","MARK","LAMPFORD","7","30","0","30","0","","","","","","","7","30","","","","","","","","","","","","","","","","","","","","","","","","","","","","","","0"
"466","Nevada","09/25/10","29","MARK","LAMPFORD","1","4","0","4","0","","","","","","","1","4","","","","","","","","","","","","","","","","","","","","","","","","","","","","","","0"
"466","Nevada","10/02/10","29","MARK","LAMPFORD","9","60","0","60","0","","","","","","","9","60","","","","","","","","","","","","","","","","","","","","","","","","","","","","","","0"
"466","Nevada","10/09/10","29","MARK","LAMPFORD","2","10","0","10","0","","","","","","","2","10","","","","","","","","","","","","","","","","","","","","","","","","","","","","","","0"
"466","Nevada","10/16/10","29","MARK","LAMPFORD","4","6","0","6","0","","","","","","","4","6","","","","","","","","","","","","","","","","","","","","","","","","","","","","","","0"
"466","Nevada","10/30/10","29","MARK","LAMPFORD","10","52","0","52","1","","","","","","","10","52","","","","","","","","","","","","","","","","","","1","","","","","","","","","","","","6"
"466","Nevada","11/06/10","29","MARK","LAMPFORD","6","116","0","116","0","","","","","","","6","116","","","","","","","","","","","","","","","","","","","","","","","","","","","","","","0"
"466","Nevada","11/20/10","29","MARK","LAMPFORD","10","96","1","95","1","","","","","","","10","95","","","","","","","","","","","","","","","","","","1","","","","","","","","","","","","6"
"466","Nevada","09/02/10","33","MARSHALL","BRANDON","","","","","","","","","","","","0","0","","","","","","","1","16","0","","","","","","","","","","","","","","","","","","","","","0"
"466","Nevada","10/02/10","33","MARSHALL","BRANDON","","","","","","","","","","","","0","0","","","","1","0","0","","","","","","","","","","","","","","","","","","","","","","","","0"
"466","Nevada","10/09/10","33","MARSHALL","BRANDON","","","","","","","","","","","","0","0","","","","1","0","0","","","","","","","","","","","","","","","","","","","","","","","","0"
"466","Nevada","09/02/10","40","MARTINEZ","ANTHONY","","","","","","","","","","","","0","0","","","","","","","","","","","","","","","","","","","7","7","0","0","","","","","","","","7"
"466","Nevada","09/11/10","40","MARTINEZ","ANTHONY","","","","","","","","","","","","0","0","","","","","","","","","","","","","","","","","","","6","6","0","0","","","","","3","3","","15"
"466","Nevada","09/17/10","40","MARTINEZ","ANTHONY","","","","","","","","","","","","0","0","","","","","","","","","","","","","","","","","","","7","7","0","0","","","","","1","1","","10"
"466","Nevada","09/25/10","40","MARTINEZ","ANTHONY","","","","","","","","","","","","0","0","","","","","","","","","","","","","","","","","","","3","3","0","0","","","","","1","1","","6"
"466","Nevada","10/02/10","40","MARTINEZ","ANTHONY","","","","","","","","","","","","0","0","","","","","","","","","","","","","","","","","","","6","5","0","0","","","","","1","1","","8"
"466","Nevada","10/09/10","40","MARTINEZ","ANTHONY","","","","","","","","","","","","0","0","","","","","","","","","","","","","","","","","","","5","5","0","0","","","","","1","0","","5"
"466","Nevada","10/16/10","40","MARTINEZ","ANTHONY","","","","","","","","","","","","0","0","","","","","","","","","","","","","","","","","","","3","3","0","0","","","","","","","","3"
"466","Nevada","10/30/10","40","MARTINEZ","ANTHONY","","","","","","","","","","","","0","0","","","","","","","","","","","","","","","","","","","8","8","0","0","","","","","","","","8"
"466","Nevada","11/06/10","40","MARTINEZ","ANTHONY","","","","","","","","","","","","0","0","","","","","","","","","","","","","","","","","","","9","9","0","0","","","","","2","0","","9"
"466","Nevada","11/13/10","40","MARTINEZ","ANTHONY","","","","","","","","","","","","0","0","","","","","","","","","","","","","","","","","","","5","5","0","0","","","","","","","","5"
"466","Nevada","11/20/10","40","MARTINEZ","ANTHONY","","","","","","","","","","","","0","0","","","","","","","","","","","","","","","","","","","7","7","0","0","","","","","1","1","","10"
"466","Nevada","11/26/10","40","MARTINEZ","ANTHONY","","","","","","","","","","","","0","0","","","","","","","","","","","","","","","","","","","4","4","0","0","","","","","3","2","","10"
"466","Nevada","12/04/10","40","MARTINEZ","ANTHONY","","","","","","","","","","","","0","0","","","","","","","","","","","","","","","","","","","5","5","0","0","","","","","","","","5"
"466","Nevada","01/09/11","40","MARTINEZ","ANTHONY","","","","","","","","","","","","0","0","","","","","","","","","","","","","","","","","","","2","2","0","0","","","","","2","2","","8"
"466","Nevada","09/02/10","15","MATTHEWS","RISHARD","","","","","","","","","","","","0","0","3","41","0","","","","","","","","","3","33","0","","","","","","","","","","","","","","","","0"
"466","Nevada","09/11/10","15","MATTHEWS","RISHARD","1","10","0","10","0","","","","","","","1","10","6","87","0","","","","","","","","","","","","","","","","","","","","","","","","","","","0"
"466","Nevada","09/17/10","15","MATTHEWS","RISHARD","","","","","","","","","","","","0","0","3","83","1","","","","","","","","","","","","","","","1","","","","","","","","","","","","6"
"466","Nevada","09/25/10","15","MATTHEWS","RISHARD","","","","","","","","","","","","0","0","4","41","0","","","","","","","","","1","0","0","2","32","0","","","","","","","","","","","","","0"
"466","Nevada","10/02/10","15","MATTHEWS","RISHARD","","","","","","","","","","","","0","0","2","18","0","","","","","","","","","3","7","0","3","59","0","","","","","","","","","","","","","0"
"466","Nevada","10/09/10","15","MATTHEWS","RISHARD","","","","","","","","","","","","0","0","4","53","0","","","","","","","","","3","20","0","","","","","","","","","","","","","","","","0"
"466","Nevada","10/16/10","15","MATTHEWS","RISHARD","","","","","","","","","","","","0","0","2","21","0","","","","","","","","","2","42","0","","","","","","","","","","","","","","","","0"
"466","Nevada","10/30/10","15","MATTHEWS","RISHARD","1","12","0","12","0","","","","","","","1","12","2","63","0","","","","","","","","","2","33","0","","","","","","","","","","","","","","","","0"
"466","Nevada","11/06/10","15","MATTHEWS","RISHARD","1","7","0","7","1","","","","","","","1","7","7","151","2","","","","","","","","","1","10","0","","","","3","","","","","","","","","","","","18"
"466","Nevada","11/13/10","15","MATTHEWS","RISHARD","","","","","","","","","","","","0","0","2","23","0","","","","","","","","","","","","","","","","","","","","","","","","","","","0"
"466","Nevada","11/20/10","15","MATTHEWS","RISHARD","","","","","","","","","","","","0","0","3","35","0","","","","","","","","","4","25","0","","","","","","","","","","","","","","","","0"
"466","Nevada","11/26/10","15","MATTHEWS","RISHARD","1","44","0","44","1","","","","","","","1","44","10","172","1","","","","","","","","","1","0","0","","","","2","","","","","","","","","","","","12"
"466","Nevada","12/04/10","15","MATTHEWS","RISHARD","","","","","","","","","","","","0","0","1","5","0","","","","","","","","","1","2","0","","","","","","","","","","","","","","","","0"
"466","Nevada","01/09/11","15","MATTHEWS","RISHARD","1","3","0","3","0","","","","","","","1","3","7","86","1","","","","","","","","","4","72","1","","","","2","","","","","","","","","","","","12"
"466","Nevada","09/02/10","6","MILLER","DOYLE","","","","","","","","","","","","0","0","","","","1","0","0","","","","","","","","","","","","","","","","","","","","","","","","0"
"466","Nevada","09/02/10","9","PATTERSON","MOE","","","","","","","","","","","","0","0","2","15","0","","","","","","","","","","","","","","","","","","","","","","","","","","","0"
"466","Nevada","09/11/10","9","PATTERSON","MOE","","","","","","","","","","","","0","0","1","7","0","","","","","","","","","","","","","","","","","","","","","","","","","","","0"
"466","Nevada","10/09/10","9","PATTERSON","MOE","1","10","0","10","0","","","","","","","1","10","2","16","0","","","","","","","","","","","","","","","","","","","","","","","","","","","0"
"466","Nevada","10/16/10","9","PATTERSON","MOE","1","4","0","4","0","","","","","","","1","4","2","25","0","","","","","","","","","","","","","","","","","","","","","","","","","","","0"
"466","Nevada","10/30/10","9","PATTERSON","MOE","","","","","","","","","","","","0","0","1","11","0","","","","","","","","","","","","","","","","","","","","","","","","","","","0"
"466","Nevada","09/02/10","35","RANDALL","COURTNEY","2","16","0","16","0","","","","","","","2","16","1","-5","0","","","","","","","","","","","","","","","","","","","","","","","","","","","0"
"466","Nevada","09/11/10","35","RANDALL","COURTNEY","4","15","0","15","0","","","","","","","4","15","","","","","","","","","","","","","","","","","","","","","","","","","","","","","","0"
"466","Nevada","09/25/10","35","RANDALL","COURTNEY","4","10","0","10","0","","","","","","","4","10","2","12","1","","","","","","","","","","","","","","","1","","","","","","","","","","","","6"
"466","Nevada","10/02/10","35","RANDALL","COURTNEY","6","22","1","21","1","","","","","","","6","21","","","","","","","","","","","","","","","","","","1","","","","","","","","","","","","6"
"466","Nevada","10/09/10","35","RANDALL","COURTNEY","","","","","","","","","","","","0","0","","","","","","","","","","","","","","","1","4","0","","","","","","","","","","","","","0"
"466","Nevada","10/16/10","35","RANDALL","COURTNEY","2","6","0","6","0","","","","","","","2","6","","","","","","","","","","","","","","","","","","","","","","","","","","","","","","0"
"466","Nevada","10/30/10","35","RANDALL","COURTNEY","17","93","0","93","1","","","","","","","17","93","","","","","","","","","","","","","","","","","","1","","","","","","","","","","","","6"
"466","Nevada","11/06/10","35","RANDALL","COURTNEY","7","47","3","44","0","","","","","","","7","44","","","","","","","","","","","","","","","","","","","","","","","","","","","","","","0"
"466","Nevada","11/26/10","35","RANDALL","COURTNEY","5","29","0","29","0","","","","","","","5","29","","","","","","","","","","","","","","","","","","","","","","","","","","","","","","0"
"466","Nevada","09/11/10","51","ROSETTE","ALBERT","","","","","","","","","","","","0","0","","","","1","3","0","","","","","","","","","","","","","","","","","","","","","","","","0"
"466","Nevada","09/11/10","82","SESSION","TRAY","","","","","","","","","","","","0","0","4","44","1","","","","","","","","","","","","","","","1","","","","","","","","","","","","6"
"466","Nevada","09/17/10","82","SESSION","TRAY","1","0","3","-3","0","","","","","","","1","-3","3","43","1","","","","","","","","","","","","","","","1","","","","","","","","","","","","6"
"466","Nevada","09/25/10","82","SESSION","TRAY","","","","","","","","","","","","0","0","3","38","0","","","","","","","","","","","","","","","","","","","","","","","","","","","0"
"466","Nevada","10/02/10","82","SESSION","TRAY","","","","","","","","","","","","0","0","1","34","0","","","","","","","","","","","","","","","","","","","","","","","","","","","0"
"466","Nevada","10/09/10","82","SESSION","TRAY","","","","","","","","","","","","0","0","2","34","0","","","","","","","","","","","","","","","","","","","","","","","","","","","0"
"466","Nevada","10/30/10","82","SESSION","TRAY","","","","","","","","","","","","0","0","1","45","0","","","","","","","","","","","","","","","","","","","","","","","","","","","0"
"466","Nevada","11/06/10","82","SESSION","TRAY","","","","","","","","","","","","0","0","2","64","1","","","","","","","","","","","","","","","1","","","","","","","","","","","","6"
"466","Nevada","11/13/10","82","SESSION","TRAY","","","","","","","","","","","","0","0","1","11","0","","","","","","","","","","","","","","","","","","","","","","","","","","","0"
"466","Nevada","12/04/10","82","SESSION","TRAY","1","2","0","2","0","","","","","","","1","2","","","","","","","","","","","","","","","","","","","","","","","","","","","","","","0"
"466","Nevada","09/02/10","19","SHEPHERD","MALCOLM","","","","","","","","","","","","0","0","1","33","0","","","","","","","","","","","","","","","","","","","","","","","","","","","0"
"466","Nevada","09/11/10","19","SHEPHERD","MALCOLM","","","","","","","","","","","","0","0","3","38","0","","","","","","","","","","","","","","","","","","","","","","","","","","","0"
"466","Nevada","09/25/10","19","SHEPHERD","MALCOLM","1","7","0","7","0","","","","","","","1","7","1","20","0","","","","","","","","","","","","","","","","","","","","","","","","","","","0"
"466","Nevada","10/09/10","19","SHEPHERD","MALCOLM","1","26","0","26","0","","","","","","","1","26","","","","","","","","","","","","","","","","","","","","","","","","","","","","","","0"
"466","Nevada","10/30/10","19","SHEPHERD","MALCOLM","2","22","0","22","0","","","","","","","2","22","5","54","0","","","","","","","","","","","","","","","","","","","","","","","","","","","0"
"466","Nevada","11/06/10","19","SHEPHERD","MALCOLM","2","19","0","19","0","","","","","","","2","19","3","49","1","","","","","","","","","","","","","","","1","","","","","","","","","","","","6"
"466","Nevada","11/13/10","19","SHEPHERD","MALCOLM","","","","","","","","","","","","0","0","7","68","0","","","","","","","","","","","","","","","","","","","","","","","","","","","0"
"466","Nevada","11/20/10","19","SHEPHERD","MALCOLM","1","2","0","2","0","","","","","","","1","2","7","57","0","","","","","","","","","","","","","","","","","","","","","","","","","","","0"
"466","Nevada","11/26/10","19","SHEPHERD","MALCOLM","1","2","0","2","0","","","","","","","1","2","1","5","0","","","","","","","","","","","","","","","","","","","","","","","","","","","0"
"466","Nevada","12/04/10","19","SHEPHERD","MALCOLM","1","3","0","3","0","","","","","","","1","3","4","51","0","","","","","","","","","","","","","","","","","","","","","","","","","","","0"
"466","Nevada","01/09/11","19","SHEPHERD","MALCOLM","1","8","0","8","0","","","","","","","1","8","3","24","0","","","","","","","","","","","","","","","","","","","","","","","","","","","0"
"466","Nevada","09/25/10","44","SUDFELD","ZACH","","","","","","","","","","","","0","0","1","8","0","","","","","","","","","","","","","","","","","","","","","","","","","","","0"
"466","Nevada","09/02/10","34","TAUA","VAI","12","51","0","51","2","","","","","","","12","51","3","36","0","","","","","","","","","","","","","","","2","","","","","","","","","","","","12"
"466","Nevada","09/11/10","34","TAUA","VAI","15","118","0","118","1","","","","","","","15","118","","","","","","","","","","","","","","","","","","1","","","","","","","","","","","","6"
"466","Nevada","09/17/10","34","TAUA","VAI","25","152","1","151","1","","","","","","","25","151","","","","","","","","","","","","","","","","","","1","","","","","","","","","","","","6"
"466","Nevada","09/25/10","34","TAUA","VAI","29","133","0","133","1","","","","","","","29","133","1","1","0","","","","","","","","","","","","","","","1","","","","","","","","","","","","6"
"466","Nevada","10/02/10","34","TAUA","VAI","19","188","0","188","3","","","","","","","19","188","2","17","1","","","","","","","","","","","","","","","4","","","","","","","","","","","","24"
"466","Nevada","10/09/10","34","TAUA","VAI","16","201","5","196","3","","","","","","","16","196","2","18","0","","","","","","","","","","","","","","","3","","","","","","","","","","","","18"
"466","Nevada","10/16/10","34","TAUA","VAI","24","91","0","91","0","","","","","","","24","91","3","30","1","","","","","","","","","","","","","","","1","","","","","","","","","","","","6"
"466","Nevada","11/06/10","34","TAUA","VAI","18","115","2","113","0","","","","","","","18","113","","","","","","","","","","","","","","","","","","","","","","","","","","","","","","0"
"466","Nevada","11/13/10","34","TAUA","VAI","21","90","1","89","3","","","","","","","21","89","","","","","","","","","","","","","","","","","","3","","","","","","","","","","","","18"
"466","Nevada","11/20/10","34","TAUA","VAI","22","111","0","111","2","","","","","","","22","111","1","79","1","","","","","","","","","","","","","","","3","","","","","","","","","","","","18"
"466","Nevada","11/26/10","34","TAUA","VAI","32","134","3","131","1","","","","","","","32","131","2","24","0","","","","","","","","","","","","","","","1","","","","","","","","","","","","6"
"466","Nevada","12/04/10","34","TAUA","VAI","29","162","0","162","2","","","","","","","29","162","1","11","0","","","","","","","","","","","","","","","2","","","","","","","","","","","","12"
"466","Nevada","01/09/11","34","TAUA","VAI","22","77","1","76","0","","","","","","","22","76","3","10","0","","","","","","","","","","","","","","","","","","","","","","","","","","","0"
"466","Nevada","09/02/10","14","WELLINGTON","CHRIS","2","1","0","1","0","","","","","","","2","1","4","39","0","","","","","","","","","","","","","","","","","","","","","","","","","","","0"
"466","Nevada","09/11/10","14","WELLINGTON","CHRIS","","","","","","","","","","","","0","0","3","21","0","","","","","","","","","","","","","","","","","","","","","","","","","","","0"
"466","Nevada","09/25/10","14","WELLINGTON","CHRIS","","","","","","","","","","","","0","0","1","6","0","","","","","","","","","","","","","","","","","","","","","","","","","","","0"
"466","Nevada","10/02/10","14","WELLINGTON","CHRIS","1","8","0","8","0","","","","","","","1","8","2","28","0","","","","","","","","","","","","","","","","","","","","","","","","","","","0"
"466","Nevada","10/09/10","14","WELLINGTON","CHRIS","","","","","","","","","","","","0","0","3","53","0","","","","","","","","","","","","","","","","","","","","","","","","","","","0"
"466","Nevada","09/17/10","20","WILLIAMS","DUKE","","","","","","","","","","","","0","0","","","","1","30","0","","","","","","","","","","","","","","","","","","","","","","","","0"
"466","Nevada","10/09/10","20","WILLIAMS","DUKE","","","","","","","","","","","","0","0","","","","1","12","0","","","","","","","","","","","","","","","","","","","","","","","","0"
"466","Nevada","09/02/10","4","WIMBERLY","BRANDON","","","","","","","","","","","","0","0","3","14","0","","","","","","","","","","","","","","","","","","","","","","","","","","","0"
"466","Nevada","09/11/10","4","WIMBERLY","BRANDON","","","","","","","","","","","","0","0","3","23","0","","","","","","","","","","","","","","","","","","","","","","","","","","","0"
"466","Nevada","09/17/10","4","WIMBERLY","BRANDON","2","18","0","18","0","","","","","","","2","18","2","20","0","","","","","","","","","","","","","","","","","","","","","","","","","","","0"
"466","Nevada","09/25/10","4","WIMBERLY","BRANDON","","","","","","","","","","","","0","0","2","59","0","","","","","","","","","","","","","","","","","","","","","","","","","","","0"
"466","Nevada","10/02/10","4","WIMBERLY","BRANDON","","","","","","","","","","","","0","0","5","35","0","","","","","","","","","","","","","","","","","","","","","","","","","","","0"
"466","Nevada","10/09/10","4","WIMBERLY","BRANDON","1","25","0","25","0","1","0","1","0","0","","2","25","3","55","0","","","","","","","","","","","","","","","","","","","","","","","","","","","0"
"466","Nevada","10/16/10","4","WIMBERLY","BRANDON","","","","","","","","","","","","0","0","4","62","0","","","","","","","","","","","","","","","","","","","","","","","","","","","0"
"466","Nevada","10/30/10","4","WIMBERLY","BRANDON","","","","","","","","","","","","0","0","1","8","0","","","","","","","","","","","","","","","","","","","","","","","","","","","0"
"466","Nevada","11/06/10","4","WIMBERLY","BRANDON","","","","","","","","","","","","0","0","6","73","0","","","","","","","","","","","","","","","","","","","","","","","","","","","0"
"466","Nevada","11/13/10","4","WIMBERLY","BRANDON","","","","","","","","","","","","0","0","4","47","0","","","","","","","","","","","","","","","","","","","","","","","","","","","0"
"466","Nevada","11/20/10","4","WIMBERLY","BRANDON","","","","","","","","","","","","0","0","2","21","0","","","","","","","","","","","","","","","","","","","","","","","","","","","0"
"466","Nevada","11/26/10","4","WIMBERLY","BRANDON","","","","","","","","","","","","0","0","1","7","0","","","","","","","","","","","","","","","","","","","","","","","","","","","0"
"466","Nevada","12/04/10","4","WIMBERLY","BRANDON","","","","","","","","","","","","0","0","3","49","0","","","","","","","","","","","","","","","","","","","","","","","","","","","0"
"466","Nevada","01/09/11","4","WIMBERLY","BRANDON","2","12","0","12","0","","","","","","","2","12","2","9","0","","","","","","","","","","","","","","","","","","","","","","","","","","","0"
"466","Nevada","09/02/10","2","WOOTEN","KHALID","","","","","","","","","","","","0","0","","","","","","","","","","","","","","","1","22","0","","","","","","","","","","","","","0"
"466","Nevada","10/02/10","2","WOOTEN","KHALID","","","","","","","","","","","","0","0","","","","","","","","","","","","","","","1","22","0","","","","","","","","","","","","","0"
"466","Nevada","10/16/10","2","WOOTEN","KHALID","","","","","","","","","","","","0","0","","","","","","","","","","","","","","","1","5","0","","","","","","","","","","","","","0"
"466","Nevada","10/30/10","2","WOOTEN","KHALID","","","","","","","","","","","","0","0","","","","","","","","","","","","","","","1","13","0","","","","","","","","","","","","","0"
"466","Nevada","11/20/10","2","WOOTEN","KHALID","","","","","","","","","","","","0","0","","","","1","90","1","","","","","","","","","1","28","0","1","","","","","","","","","","","","6"
"466","Nevada","11/26/10","2","WOOTEN","KHALID","","","","","","","","","","","","0","0","","","","","","","","","","","","","","","3","58","0","","","","","","","","","","","","","0"
"466","Nevada","01/09/11","2","WOOTEN","KHALID","","","","","","","","","","","","0","0","","","","1","6","0","","","","","","","","","","","","","","","","","","","","","","","","0"
"473","New Mexico","11/27/10","89","AHO","ANDREW","","","","","","","","","","","","0","0","1","9","0","","","","","","","","","","","","","","","","","","","","","","","","","","","0"
"473","New Mexico","09/11/10","12","AHO","JAMES","","","","","","","","","","","","0","0","","","","","","","","","","","","","","","","","","","2","2","0","0","","","","","1","1","","5"
"473","New Mexico","09/18/10","12","AHO","JAMES","","","","","","","","","","","","0","0","","","","","","","","","","","","","","","","","","","2","2","0","0","","","","","1","0","","2"
"473","New Mexico","09/25/10","12","AHO","JAMES","","","","","","","","","","","","0","0","","","","","","","","","","","","","","","","","","","1","1","0","0","","","","","1","1","","4"
"473","New Mexico","10/02/10","12","AHO","JAMES","","","","","","","","","","","","0","0","","","","","","","","","","","","","","","","","","","2","2","0","0","","","","","","","","2"
"473","New Mexico","10/09/10","12","AHO","JAMES","","","","","","","","","","","","0","0","","","","","","","","","","","","","","","","","","","2","2","0","0","","","","","","","","2"
"473","New Mexico","10/23/10","12","AHO","JAMES","","","","","","","","","","","","0","0","","","","","","","","","","","","","","","","","","","2","2","0","0","","","","","2","2","","8"
"473","New Mexico","10/30/10","12","AHO","JAMES","","","","","","","","","","","","0","0","","","","","","","","","","","","","","","","","","","2","2","0","0","","","","","","","","2"
"473","New Mexico","11/06/10","12","AHO","JAMES","","","","","","","","","","","","0","0","","","","","","","","","","","","","","","","","","","4","4","0","0","","","","","2","2","","10"
"473","New Mexico","11/13/10","12","AHO","JAMES","","","","","","","","","","","","0","0","","","","","","","","","","","","","","","","","","","2","2","0","0","","","","","1","1","","5"
"473","New Mexico","11/20/10","12","AHO","JAMES","","","","","","","","","","","","0","0","","","","","","","","","","","","","","","","","","","1","1","0","0","","","","","","","","1"
"473","New Mexico","11/27/10","12","AHO","JAMES","","","","","","","","","","","","0","0","","","","","","","","","","","","","","","","","","","2","2","0","0","","","","","1","1","","5"
"473","New Mexico","09/04/10","8","AUSTIN","TAREAN","5","26","0","26","0","5","2","0","12","0","","10","38","","","","","","","","","","","","","","","","","","","","","","","","","","","","","","0"
"473","New Mexico","09/11/10","8","AUSTIN","TAREAN","1","0","0","0","0","2","2","0","13","0","","3","13","","","","","","","","","","","","","","","","","","","","","","","","","","","","","","0"
"473","New Mexico","09/18/10","8","AUSTIN","TAREAN","8","46","8","38","0","27","15","1","128","1","","35","166","","","","","","","","","","","","","","","","","","","","","","","","","","","","","","0"
"473","New Mexico","09/25/10","8","AUSTIN","TAREAN","16","59","43","16","0","40","17","2","177","1","","56","193","","","","","","","","","","","","","","","","","","","","","","","","","","","","","","0"
"473","New Mexico","10/02/10","8","AUSTIN","TAREAN","10","36","16","20","1","11","7","1","64","0","","21","84","","","","","","","","","","","","","","","","","","1","","","","","","","","","","","","6"
"473","New Mexico","11/20/10","8","AUSTIN","TAREAN","","","","","","3","0","0","0","0","","3","0","","","","","","","","","","","","","","","","","","","","","","","","","","","","","","0"
"473","New Mexico","11/27/10","8","AUSTIN","TAREAN","2","1","0","1","0","2","1","0","4","0","","4","5","","","","","","","","","","","","","","","","","","","","","","","","","","","","","","0"
"473","New Mexico","09/11/10","23","BROWN","TERENCE","1","4","0","4","0","","","","","","","1","4","","","","","","","","","","","","","","","","","","","","","","","","","","","","","","0"
"473","New Mexico","09/18/10","23","BROWN","TERENCE","2","1","4","-3","0","","","","","","","2","-3","","","","","","","","","","","","","","","","","","","","","","","","","","","","","","0"
"473","New Mexico","09/18/10","34","BUTLER","A.J.","","","","","","","","","","","","0","0","","","","","","","1","27","1","","","","","","","","","1","","","","","","","","","","","","6"
"473","New Mexico","09/18/10","31","CARO","DANTE","","","","","","","","","","","","0","0","","","","","","","","","","","","","","","1","8","0","","","","","","","","","","","","","0"
"473","New Mexico","09/25/10","31","CARO","DANTE","","","","","","","","","","","","0","0","","","","","","","","","","","","","","","1","25","0","","","","","","","","","","","","","0"
"473","New Mexico","10/09/10","31","CARO","DANTE","","","","","","","","","","","","0","0","","","","","","","","","","","","","","","1","21","0","","","","","","","","","","","","","0"
"473","New Mexico","10/30/10","31","CARO","DANTE","","","","","","","","","","","","0","0","","","","","","","","","","","","","","","1","48","0","","","","","","","","","","","","","0"
"473","New Mexico","11/06/10","31","CARO","DANTE","","","","","","","","","","","","0","0","","","","","","","","","","","","","","","1","22","0","","","","","","","","","","","","","0"
"473","New Mexico","11/13/10","31","CARO","DANTE","","","","","","","","","","","","0","0","","","","","","","","","","","","","","","1","16","0","","","","","","","","","","","","","0"
"473","New Mexico","11/20/10","31","CARO","DANTE","","","","","","","","","","","","0","0","","","","","","","","","","","","","","","2","42","0","","","","","","","","","","","","","0"
"473","New Mexico","09/11/10","21","CARRIER","KASEY","10","27","0","27","0","","","","","","","10","27","2","15","0","","","","","","","","","","","","","","","","","","","","","","","","","","","0"
"473","New Mexico","09/18/10","21","CARRIER","KASEY","5","1","3","-2","0","","","","","","","5","-2","1","5","0","","","","","","","","","","","","","","","","","","","","","","","","","","","0"
"473","New Mexico","09/25/10","21","CARRIER","KASEY","7","16","7","9","0","","","","","","","7","9","1","4","0","","","","","","","","","","","","","","","","","","","","","","","","","","","0"
"473","New Mexico","10/02/10","21","CARRIER","KASEY","12","60","2","58","0","","","","","","","12","58","5","36","0","","","","","","","","","","","","2","52","0","","","","","","","","","","","","","0"
"473","New Mexico","10/09/10","21","CARRIER","KASEY","9","18","12","6","1","","","","","","","9","6","1","5","0","","","","","","","","","","","","","","","1","","","","","","","","","","","","6"
"473","New Mexico","10/23/10","21","CARRIER","KASEY","6","13","2","11","0","","","","","","","6","11","1","17","0","","","","","","","","","","","","","","","","","","","","","","","","","","","0"
"473","New Mexico","10/30/10","21","CARRIER","KASEY","3","5","0","5","0","","","","","","","3","5","","","","","","","","","","","","","","","","","","","","","","","","","","","","","","0"
"473","New Mexico","11/06/10","21","CARRIER","KASEY","13","97","0","97","1","","","","","","","13","97","2","7","0","","","","","","","","","","","","","","","1","","","","","","","","","","","","6"
"473","New Mexico","11/13/10","21","CARRIER","KASEY","14","86","7","79","0","","","","","","","14","79","3","10","0","","","","","","","","","","","","3","51","0","","","","","","","","","","","","","0"
"473","New Mexico","11/20/10","21","CARRIER","KASEY","15","50","6","44","0","","","","","","","15","44","5","22","0","","","","","","","","","","","","","","","","","","","","","","","","","","","0"
"473","New Mexico","11/27/10","21","CARRIER","KASEY","10","39","0","39","0","","","","","","","10","39","","","","","","","","","","","","","","","3","86","0","","","","","","","","","","","","","0"
"473","New Mexico","09/04/10","19","DAUGHTRY","MYLES","","","","","","","","","","","","0","0","2","13","0","","","","","","","","","","","","7","134","0","","","","","","","","","","","","","0"
"473","New Mexico","09/11/10","19","DAUGHTRY","MYLES","","","","","","","","","","","","0","0","1","10","0","","","","","","","","","","","","","","","","","","","","","","","","","","","0"
"473","New Mexico","09/18/10","19","DAUGHTRY","MYLES","","","","","","","","","","","","0","0","","","","","","","","","","","","","","","2","32","0","","","","","","","","","","","","","0"
"473","New Mexico","10/02/10","19","DAUGHTRY","MYLES","","","","","","","","","","","","0","0","3","24","0","","","","","","","","","","","","1","100","1","1","","","","","","","","","","","","6"
"473","New Mexico","10/09/10","19","DAUGHTRY","MYLES","","","","","","","","","","","","0","0","2","26","0","","","","","","","","","","","","3","59","0","","","","","","","","","","","","","0"
"473","New Mexico","10/23/10","19","DAUGHTRY","MYLES","","","","","","","","","","","","0","0","","","","","","","","","","","","","","","1","19","0","","","","","","","","","","","","","0"
"473","New Mexico","09/04/10","1","DENNIS","DEMOND","11","26","16","10","0","","","","","","","11","10","","","","","","","","","","","","","","","","","","","","","","","","","","","","","","0"
"473","New Mexico","09/11/10","1","DENNIS","DEMOND","4","20","0","20","0","","","","","","","4","20","5","16","0","","","","","","","","","","","","","","","","","","","","","","","","","","","0"
"473","New Mexico","09/18/10","1","DENNIS","DEMOND","9","28","3","25","0","","","","","","","9","25","4","41","0","","","","","","","","","","","","","","","","","","","","","","","","","","","0"
"473","New Mexico","09/25/10","1","DENNIS","DEMOND","13","88","0","88","0","","","","","","","13","88","","","","","","","","","","","","","","","","","","","","","","","","","","","","","","0"
"473","New Mexico","10/02/10","1","DENNIS","DEMOND","1","3","0","3","0","","","","","","","1","3","","","","","","","","","","","","","","","","","","","","","","","","","","","","","","0"
"473","New Mexico","10/23/10","1","DENNIS","DEMOND","4","9","0","9","0","","","","","","","4","9","2","-11","0","","","","","","","","","","","","","","","","","","","","","","","","","","","0"
"473","New Mexico","10/09/10","28","FORREST","BUBBA","","","","","","","","","","","","0","0","","","","1","0","0","","","","","","","","","","","","","","","","","","","","","","","","0"
"473","New Mexico","11/06/10","28","FORREST","BUBBA","","","","","","","","","","","","0","0","","","","1","0","0","","","","","","","","","","","","","","","","","","","","","","","","0"
"473","New Mexico","09/11/10","32","FUSSELL","JOSH","","","","","","","","","","","","0","0","2","18","0","","","","","","","","","","","","","","","","","","","","","","","","","","","0"
"473","New Mexico","09/18/10","32","FUSSELL","JOSH","","","","","","","","","","","","0","0","1","11","0","","","","","","","","","","","","","","","","","","","","","","","","","","","0"
"473","New Mexico","10/09/10","32","FUSSELL","JOSH","","","","","","","","","","","","0","0","","","","","","","","","","","","","","","1","10","0","","","","","","","","","","","","","0"
"473","New Mexico","10/30/10","32","FUSSELL","JOSH","","","","","","","","","","","","0","0","1","8","0","","","","","","","","","","","","","","","","","","","","","","","","","","","0"
"473","New Mexico","11/06/10","32","FUSSELL","JOSH","1","1","0","1","0","","","","","","","1","1","1","6","0","","","","","","","","","","","","","","","","","","","","","","","","","","","0"
"473","New Mexico","10/09/10","11","GODFREY","STUMP","12","41","33","8","0","3","2","0","15","0","","15","23","","","","","","","","","","","","","","","","","","","","","","","","","","","","","","0"
"473","New Mexico","10/23/10","11","GODFREY","STUMP","4","17","0","17","0","","","","","","","4","17","","","","","","","","","","","","","","","","","","","","","","","","","","","","","","0"
"473","New Mexico","10/30/10","11","GODFREY","STUMP","18","74","2","72","0","16","8","0","82","1","","34","154","","","","","","","","","","","","","","","","","","","","","","","","","","","","","","0"
"473","New Mexico","11/06/10","11","GODFREY","STUMP","23","94","25","69","1","20","16","0","211","2","","43","280","","","","","","","","","","","","","","","","","","1","","","","","","","","","","","","6"
"473","New Mexico","11/13/10","11","GODFREY","STUMP","17","77","36","41","1","24","15","0","99","1","","41","140","","","","","","","","","","","","","","","","","","1","","","1","0","","","","","","","","6"
"473","New Mexico","11/20/10","11","GODFREY","STUMP","14","64","11","53","0","20","9","2","125","1","","34","178","","","","","","","","","","","","","","","","","","","","","","","","","","","","","","0"
"473","New Mexico","11/27/10","11","GODFREY","STUMP","19","66","39","27","2","14","7","1","21","0","","33","48","","","","","","","","","","","","","","","","","","2","","","","","","","","","","","","12"
"473","New Mexico","09/18/10","10","GRUNER","BRAD","8","32","24","8","0","8","3","0","33","0","","16","41","","","","","","","","","","","","","","","","","","","","","","","","","","","","","","0"
"473","New Mexico","10/02/10","10","GRUNER","BRAD","2","4","4","0","0","21","11","1","75","0","","23","75","","","","","","","","","","","","","","","","","","","","","1","0","","","","","","","","0"
"473","New Mexico","10/09/10","10","GRUNER","BRAD","9","49","0","49","0","20","10","1","145","1","","29","194","","","","","","","","","","","","","","","","","","","","","","","","","","","","","","0"
"473","New Mexico","10/23/10","10","GRUNER","BRAD","1","7","0","7","0","9","4","0","69","1","","10","76","","","","","","","","","","","","","","","","","","","","","","","","","","","","","","0"
"473","New Mexico","09/04/10","18","HERNANDEZ","CHRIS","","","","","","","","","","","","0","0","2","14","0","","","","","","","","","","","","","","","","","","","","","","","","","","","0"
"473","New Mexico","09/11/10","18","HERNANDEZ","CHRIS","0","45","0","45","1","","","","","","","0","45","3","6","0","","","","","","","","","","","","","","","1","","","","","","","","","","","","6"
"473","New Mexico","09/18/10","18","HERNANDEZ","CHRIS","","","","","","","","","","","","0","0","2","33","0","","","","","","","","","","","","","","","","","","","","","","","","","","","0"
"473","New Mexico","09/25/10","18","HERNANDEZ","CHRIS","","","","","","","","","","","","0","0","7","66","0","","","","","","","","","","","","","","","","","","","","","","","","","","","0"
"473","New Mexico","10/02/10","18","HERNANDEZ","CHRIS","","","","","","","","","","","","0","0","5","28","0","","","","","","","","","","","","","","","","","","","","","","","","","","","0"
"473","New Mexico","10/09/10","18","HERNANDEZ","CHRIS","","","","","","","","","","","","0","0","3","21","0","","","","","","","","","","","","","","","","","","","","","","","","","","","0"
"473","New Mexico","10/23/10","18","HERNANDEZ","CHRIS","","","","","","","","","","","","0","0","4","49","0","","","","","","","","","","","","","","","","","","","","","","","","","","","0"
"473","New Mexico","10/30/10","18","HERNANDEZ","CHRIS","","","","","","","","","","","","0","0","2","-1","0","","","","","","","","","","","","","","","","","","","","","","","","","","","0"
"473","New Mexico","11/06/10","18","HERNANDEZ","CHRIS","","","","","","","","","","","","0","0","2","17","0","","","","","","","","","","","","","","","","","","","","","","","","","","","0"
"473","New Mexico","11/13/10","18","HERNANDEZ","CHRIS","","","","","","","","","","","","0","0","3","3","0","","","","","","","","","","","","","","","","","","","","","","","","","","","0"
"473","New Mexico","11/20/10","18","HERNANDEZ","CHRIS","","","","","","","","","","","","0","0","2","10","0","","","","","","","","","","","","","","","","","","","","","","","","","","","0"
"473","New Mexico","09/04/10","1H","HOLBROOK","B.R.","2","2","2","0","0","24","11","2","70","0","","26","70","","","","","","","","","","","","","","","","","","","","","","","","","","","","","","0"
"473","New Mexico","09/11/10","1H","HOLBROOK","B.R.","7","23","49","-26","0","50","30","2","323","1","","57","297","","","","","","","","","","","","","","","","","","","","","","","","","","","","","","0"
"473","New Mexico","10/23/10","1H","HOLBROOK","B.R.","4","12","1","11","0","27","11","1","124","1","","31","135","","","","","","","","","","","","","","","","","","","","","","","","","","","","","","0"
"473","New Mexico","10/30/10","1H","HOLBROOK","B.R.","1","5","0","5","0","6","4","0","59","0","","7","64","","","","","","","","","","","","","","","","","","","","","","","","","","","","","","0"
"473","New Mexico","11/13/10","1H","HOLBROOK","B.R.","","","","","","1","0","0","0","0","","1","0","","","","","","","","","","","","","","","","","","","","","","","","","","","","","","0"
"473","New Mexico","11/20/10","1H","HOLBROOK","B.R.","1","4","0","4","0","7","6","1","34","0","","8","38","","","","","","","","","","","","","","","","","","","","","","","","","","","","","","0"
"473","New Mexico","11/27/10","1H","HOLBROOK","B.R.","","","","","","4","1","0","9","0","","4","9","","","","","","","","","","","","","","","","","","","","","","","","","","","","","","0"
"473","New Mexico","10/02/10","6","HOOKS","ANTHONY","","","","","","","","","","","","0","0","","","","","","","0","0","1","","","","","","","","","1","","","","","","","","","","","","6"
"473","New Mexico","10/23/10","6","HOOKS","ANTHONY","","","","","","","","","","","","0","0","","","","1","25","0","","","","","","","","","","","","","","","","","","","","","","","","0"
"473","New Mexico","09/11/10","91","KENNEDY","BRETT","","","","","","","","","","","","0","0","","","","","","","1","3","0","","","","","","","","","","","","","","","","","","","","","0"
"473","New Mexico","09/04/10","84","KIRK","TY","","","","","","","","","","","","0","0","8","48","0","","","","","","","","","","","","","","","","","","","","","","","","","","","0"
"473","New Mexico","09/11/10","84","KIRK","TY","1","16","0","16","0","","","","","","","1","16","5","119","0","","","","","","","","","","","","","","","","","","","","","","","","","","","0"
"473","New Mexico","09/18/10","84","KIRK","TY","1","3","0","3","0","","","","","","","1","3","4","21","0","","","","","","","","","1","3","0","","","","","","","","","","","","","","","","0"
"473","New Mexico","09/25/10","84","KIRK","TY","","","","","","","","","","","","0","0","1","8","0","","","","","","","","","","","","","","","","","","","","","","","","","","","0"
"473","New Mexico","10/02/10","84","KIRK","TY","1","0","3","-3","0","","","","","","","1","-3","2","16","0","","","","","","","","","2","9","0","","","","","","","","","","","","","","","","0"
"473","New Mexico","10/23/10","84","KIRK","TY","","","","","","","","","","","","0","0","1","10","0","","","","","","","","","","","","","","","","","","","","","","","","","","","0"
"473","New Mexico","10/30/10","84","KIRK","TY","1","-3","8","-11","0","","","","","","","1","-11","5","91","1","","","","0","4","0","","","","","","","","","1","","","","","","","","","","","","6"
"473","New Mexico","11/06/10","84","KIRK","TY","1","0","0","0","0","","","","","","","1","0","3","71","0","","","","","","","","","","","","","","","","","","","","","","","","","","","0"
"473","New Mexico","11/13/10","84","KIRK","TY","1","5","0","5","0","","","","","","","1","5","4","26","1","","","","","","","","","","","","2","43","0","1","","","","","","","","","","","","6"
"473","New Mexico","11/20/10","84","KIRK","TY","","","","","","","","","","","","0","0","3","64","0","","","","","","","","","","","","","","","","","","","","","","","","","","","0"
"473","New Mexico","11/27/10","84","KIRK","TY","","","","","","","","","","","","0","0","2","3","0","","","","","","","","","","","","","","","","","","","","","","","","","","","0"
"473","New Mexico","09/04/10","2","MCPHEARSON","EMMANUEL","","","","","","","","","","","","0","0","","","","","","","","","","","","","","","4","102","0","","","","","","","","","","","","","0"
"473","New Mexico","09/11/10","2","MCPHEARSON","EMMANUEL","","","","","","","","","","","","0","0","","","","","","","","","","","","","","","3","83","0","","","","","","","","","","","","","0"
"473","New Mexico","09/18/10","2","MCPHEARSON","EMMANUEL","","","","","","","","","","","","0","0","","","","","","","","","","","","","","","3","59","0","","","","","","","","","","","","","0"
"473","New Mexico","09/25/10","2","MCPHEARSON","EMMANUEL","","","","","","","","","","","","0","0","","","","","","","","","","","","","","","3","74","0","","","","","","","","","","","","","0"
"473","New Mexico","10/02/10","2","MCPHEARSON","EMMANUEL","","","","","","","","","","","","0","0","","","","","","","","","","","","","","","2","49","0","","","","","","","","","","","","","0"
"473","New Mexico","10/23/10","2","MCPHEARSON","EMMANUEL","","","","","","","","","","","","0","0","","","","","","","","","","","","","","","1","40","0","","","","","","","","","","","","","0"
"473","New Mexico","10/30/10","2","MCPHEARSON","EMMANUEL","","","","","","","","","","","","0","0","","","","","","","","","","","","","","","3","67","0","","","","","","","","","","","","","0"
"473","New Mexico","11/06/10","2","MCPHEARSON","EMMANUEL","","","","","","","","","","","","0","0","","","","","","","","","","","","","","","5","120","0","","","","","","","","","","","","","0"
"473","New Mexico","11/20/10","2","MCPHEARSON","EMMANUEL","","","","","","","","","","","","0","0","","","","","","","","","","","","","","","4","120","0","","","","","","","","","","","","","0"
"473","New Mexico","11/27/10","2","MCPHEARSON","EMMANUEL","","","","","","","","","","","","0","0","","","","","","","","","","","","","","","7","138","0","","","","","","","","","","","","","0"
"473","New Mexico","11/27/10","46","MERRITT","SPENCER","","","","","","","","","","","","0","0","","","","","","","1","18","0","","","","","","","","","","","","","","","","","","","","","0"
"473","New Mexico","09/11/10","88","RAINEY","JOHNATHAN","","","","","","","","","","","","0","0","","","","","","","1","7","0","","","","","","","","","","","","","","","","","","","","","0"
"473","New Mexico","09/11/10","97","REED","LUCAS","","","","","","","","","","","","0","0","4","68","1","","","","","","","","","","","","","","","1","","","","","","","","","","","","6"
"473","New Mexico","09/18/10","97","REED","LUCAS","","","","","","","","","","","","0","0","1","12","0","","","","","","","","","","","","","","","","","","","","","","","","","","","0"
"473","New Mexico","09/25/10","97","REED","LUCAS","","","","","","","","","","","","0","0","4","22","0","","","","","","","","","","","","","","","","","","","","","","","","","","","0"
"473","New Mexico","10/02/10","97","REED","LUCAS","","","","","","","","","","","","0","0","2","26","0","","","","","","","","","","","","","","","","","","","","","","","","","","","0"
"473","New Mexico","10/09/10","97","REED","LUCAS","","","","","","","","","","","","0","0","1","3","0","","","","","","","","","","","","","","","","","","","","","","","","","","","0"
"473","New Mexico","10/23/10","97","REED","LUCAS","","","","","","","","","","","","0","0","5","95","2","","","","","","","","","","","","","","","2","","","","","","","","","","","","12"
"473","New Mexico","10/30/10","97","REED","LUCAS","","","","","","","","","","","","0","0","3","38","0","","","","","","","","","","","","","","","","","","","","","","","","","","","0"
"473","New Mexico","11/06/10","97","REED","LUCAS","","","","","","","","","","","","0","0","7","100","2","","","","","","","","","","","","","","","2","","","","","","","","","","","","12"
"473","New Mexico","11/13/10","97","REED","LUCAS","","","","","","","","","","","","0","0","4","54","0","","","","","","","","","","","","1","13","0","","","","","","","","","","","","","0"
"473","New Mexico","11/20/10","97","REED","LUCAS","","","","","","","","","","","","0","0","2","41","0","","","","","","","","","","","","","","","","","","","","","","","","","","","0"
"473","New Mexico","09/25/10","9","SCARLETT","MICHAEL","","","","","","","","","","","","0","0","1","9","0","","","","","","","","","","","","","","","","","","","","","","","","","","","0"
"473","New Mexico","11/06/10","9","SCARLETT","MICHAEL","","","","","","","","","","","","0","0","1","10","0","","","","","","","","","","","","","","","","","","","","","","","","","","","0"
"473","New Mexico","11/27/10","9","SCARLETT","MICHAEL","","","","","","1","0","0","0","0","","1","0","","","","","","","","","","","","","","","","","","","","","","","","","","","","","","0"
"473","New Mexico","09/04/10","35","SKAER","BEN","","","","","","","","","","","","0","0","","","","","","","","","","6","246","","","","","","","","","","","","","","","","","","","0"
"473","New Mexico","09/11/10","35","SKAER","BEN","","","","","","","","","","","","0","0","","","","","","","","","","5","216","","","","","","","","","","","","","","","","","","","0"
"473","New Mexico","09/18/10","35","SKAER","BEN","","","","","","","","","","","","0","0","","","","","","","","","","8","349","","","","","","","","","","","","","","","","","","","0"
"473","New Mexico","09/25/10","35","SKAER","BEN","","","","","","","","","","","","0","0","","","","","","","","","","11","434","","","","","","","","","","","","","","","","","","","0"
"473","New Mexico","10/02/10","35","SKAER","BEN","","","","","","","","","","","","0","0","","","","","","","","","","7","284","","","","","","","","","","","","","","","","","","","0"
"473","New Mexico","10/09/10","35","SKAER","BEN","","","","","","","","","","","","0","0","","","","","","","","","","7","291","","","","","","","","","","","","","","","","","","","0"
"473","New Mexico","10/23/10","35","SKAER","BEN","","","","","","","","","","","","0","0","","","","","","","","","","9","334","","","","","","","","","","","","","","","","","","","0"
"473","New Mexico","10/30/10","35","SKAER","BEN","","","","","","","","","","","","0","0","","","","","","","","","","7","304","","","","","","","","","","","","","","","","","","","0"
"473","New Mexico","11/06/10","35","SKAER","BEN","","","","","","","","","","","","0","0","","","","","","","","","","6","205","","","","","","","","","","","","","","","","","","","0"
"473","New Mexico","11/13/10","35","SKAER","BEN","","","","","","","","","","","","0","0","","","","","","","","","","5","192","","","","","","","","","","","","","","","","","","","0"
"473","New Mexico","11/20/10","35","SKAER","BEN","","","","","","","","","","","","0","0","","","","","","","","","","4","162","","","","","","","","","","","","","","","","","","","0"
"473","New Mexico","11/27/10","35","SKAER","BEN","","","","","","","","","","","","0","0","","","","","","","","","","10","425","","","","","","","","","","","","","","","","","","","0"
"473","New Mexico","09/25/10","85","SOLOMON","QUINTELL","","","","","","","","","","","","0","0","1","17","0","","","","","","","","","","","","","","","","","","","","","","","","","","","0"
"473","New Mexico","11/20/10","85","SOLOMON","QUINTELL","","","","","","","","","","","","0","0","1","12","1","","","","","","","","","","","","","","","1","","","","","","","","","","","","6"
"473","New Mexico","11/27/10","85","SOLOMON","QUINTELL","","","","","","","","","","","","0","0","3","15","0","","","","","","","","","","","","","","","","","","","","","","","","","","","0"
"473","New Mexico","09/04/10","39","STONER","JOE","","","","","","","","","","","","0","0","","","","1","28","0","","","","","","","","","","","","","","","","","","","","","","","","0"
"473","New Mexico","09/18/10","39","STONER","JOE","","","","","","","","","","","","0","0","","","","","","","1","3","0","","","","","","","","","","","","","","","","","","","","","0"
"473","New Mexico","11/27/10","39","STONER","JOE","","","","","","","","","","","","0","0","","","","","","","1","35","0","","","","","","","","","","","","","","","","","","","","","0"
"473","New Mexico","10/23/10","82","WILHELM","NICK","","","","","","","","","","","","0","0","","","","","","","","","","","","1","6","0","","","","","","","","","","","","","","","","0"
"473","New Mexico","11/06/10","82","WILHELM","NICK","","","","","","","","","","","","0","0","","","","","","","","","","","","1","6","0","","","","","","","","","","","","","","","","0"
"473","New Mexico","11/13/10","82","WILHELM","NICK","","","","","","","","","","","","0","0","","","","","","","","","","","","1","0","0","","","","","","","","","","","","","","","","0"
"473","New Mexico","11/20/10","82","WILHELM","NICK","","","","","","","","","","","","0","0","","","","","","","","","","","","1","0","0","","","","","","","","","","","","","","","","0"
"473","New Mexico","11/27/10","82","WILHELM","NICK","","","","","","","","","","","","0","0","1","9","0","","","","","","","","","1","12","0","","","","","","","","","","","","","","","","0"
"473","New Mexico","09/04/10","7","WILLIAMS","BRYANT","1","8","0","8","0","","","","","","","1","8","","","","","","","","","","","","","","","1","15","0","","","","","","","","","","","","","0"
"473","New Mexico","09/11/10","7","WILLIAMS","BRYANT","","","","","","","","","","","","0","0","9","68","0","","","","","","","","","","","","","","","","","","","","","","","","","","","0"
"473","New Mexico","09/18/10","7","WILLIAMS","BRYANT","2","5","1","4","0","","","","","","","2","4","3","24","1","","","","","","","","","","","","","","","1","","","","","","","","","","","","6"
"473","New Mexico","09/25/10","7","WILLIAMS","BRYANT","","","","","","","","","","","","0","0","2","51","1","","","","","","","","","","","","","","","1","","","","","","","","","","","","6"
"473","New Mexico","10/02/10","7","WILLIAMS","BRYANT","","","","","","","","","","","","0","0","1","9","0","","","","","","","","","","","","","","","","","","","","","","","","","","","0"
"473","New Mexico","10/09/10","7","WILLIAMS","BRYANT","","","","","","","","","","","","0","0","4","97","1","","","","","","","","","","","","","","","1","","","","","","","","","","","","6"
"473","New Mexico","10/23/10","7","WILLIAMS","BRYANT","","","","","","","","","","","","0","0","2","33","0","","","","","","","","","","","","","","","","","","","","","","","","","","","0"
"473","New Mexico","11/13/10","7","WILLIAMS","BRYANT","","","","","","","","","","","","0","0","1","6","0","","","","","","","","","","","","","","","","","","","","","","","","","","","0"
"473","New Mexico","11/20/10","7","WILLIAMS","BRYANT","","","","","","","","","","","","0","0","2","10","0","","","","","","","","","","","","","","","","","","","","","","","","","","","0"
"473","New Mexico","09/04/10","13","WRIGHT","JAMES","11","21","12","9","0","","","","","","","11","9","1","7","0","","","","","","","","","","","","","","","","","","","","","","","","","","","0"
"473","New Mexico","09/11/10","13","WRIGHT","JAMES","3","11","0","11","0","","","","","","","3","11","1","16","0","","","","","","","","","","","","","","","","","","","","","","","","","","","0"
"473","New Mexico","09/18/10","13","WRIGHT","JAMES","1","0","1","-1","0","","","","","","","1","-1","2","14","0","","","","","","","","","","","","","","","","","","","","","","","","","","","0"
"473","New Mexico","09/25/10","13","WRIGHT","JAMES","2","1","0","1","0","","","","","","","2","1","","","","","","","","","","","","","","","","","","","","","","","","","","","","","","0"
"473","New Mexico","10/02/10","13","WRIGHT","JAMES","5","20","0","20","0","","","","","","","5","20","","","","","","","","","","","","","","","","","","","","","","","","","","","","","","0"
"473","New Mexico","10/09/10","13","WRIGHT","JAMES","11","49","0","49","0","","","","","","","11","49","1","8","0","","","","","","","","","","","","","","","","","","","","","","","","","","","0"
"473","New Mexico","10/23/10","13","WRIGHT","JAMES","11","61","1","60","0","","","","","","","11","60","","","","","","","","","","","","","","","","","","","","","","","","","","","","","","0"
"473","New Mexico","10/30/10","13","WRIGHT","JAMES","10","32","5","27","1","","","","","","","10","27","1","5","0","","","","","","","","","","","","","","","1","","","","","","","","","","","","6"
"473","New Mexico","11/06/10","13","WRIGHT","JAMES","19","68","3","65","0","","","","","","","19","65","","","","","","","","","","","","","","","","","","","","","","","","","","","","","","0"
"473","New Mexico","11/13/10","13","WRIGHT","JAMES","7","34","0","34","1","","","","","","","7","34","","","","","","","","","","","","","","","","","","1","","","","","","","","","","","","6"
"473","New Mexico","11/27/10","13","WRIGHT","JAMES","9","31","2","29","0","","","","","","","9","29","1","0","0","","","","","","","","","","","","","","","","","","","","","","","","","","","0"
"472","New Mexico St.","09/11/10","32","ALLEN","MARCUS","1","3","0","3","0","","","","","","","1","3","4","114","1","","","","","","","","","","","","","","","1","","","","","","","","","","","","6"
"472","New Mexico St.","09/18/10","32","ALLEN","MARCUS","2","9","0","9","0","","","","","","","2","9","5","65","0","","","","","","","","","","","","","","","","","","","","","","","","","","","0"
"472","New Mexico St.","09/25/10","32","ALLEN","MARCUS","4","45","0","45","0","","","","","","","4","45","4","89","1","","","","","","","","","","","","","","","1","","","","","","","","","","","","6"
"472","New Mexico St.","10/02/10","32","ALLEN","MARCUS","","","","","","","","","","","","0","0","3","46","0","","","","","","","","","","","","","","","","","","","","","","","","","","","0"
"472","New Mexico St.","10/09/10","32","ALLEN","MARCUS","2","7","4","3","0","","","","","","","2","3","1","21","0","","","","","","","","","","","","","","","","","","","","","","","","","","","0"
"472","New Mexico St.","10/16/10","32","ALLEN","MARCUS","","","","","","","","","","","","0","0","3","16","0","","","","","","","","","1","3","0","","","","","","","","","","","","","","","","0"
"472","New Mexico St.","10/23/10","32","ALLEN","MARCUS","","","","","","","","","","","","0","0","","","","","","","","","","","","4","10","0","","","","","","","","","","","","","","","","0"
"472","New Mexico St.","10/30/10","32","ALLEN","MARCUS","","","","","","","","","","","","0","0","7","89","0","","","","","","","","","","","","","","","","","","","","","","","","","","","0"
"472","New Mexico St.","11/06/10","32","ALLEN","MARCUS","4","18","0","18","0","","","","","","","4","18","1","15","0","","","","","","","","","","","","","","","","","","","","","","","","","","","0"
"472","New Mexico St.","11/13/10","32","ALLEN","MARCUS","","","","","","","","","","","","0","0","7","80","0","","","","","","","","","","","","","","","","","","","","","","","","","","","0"
"472","New Mexico St.","11/20/10","32","ALLEN","MARCUS","3","17","0","17","0","","","","","","","3","17","5","43","0","","","","","","","","","","","","","","","","","","","","","","","","","","","0"
"472","New Mexico St.","11/27/10","32","ALLEN","MARCUS","1","5","0","5","1","","","","","","","1","5","2","20","0","","","","","","","","","","","","","","","1","","","","","","","","","","","","6"
"472","New Mexico St.","11/13/10","47","AOELUA","BOYBLUE","","","","","","","","","","","","0","0","","","","1","41","1","","","","","","","","","","","","1","","","","","","","","","","","","6"
"472","New Mexico St.","10/02/10","42","CAPRARO","JAKE","","","","","","","","","","","","0","0","","","","","","","","","","9","334","","","","","","","","","","","","","","","","","","","0"
"472","New Mexico St.","10/09/10","42","CAPRARO","JAKE","","","","","","","","","","","","0","0","","","","","","","","","","7","252","","","","","","","","","","","","","","","","","","","0"
"472","New Mexico St.","10/16/10","42","CAPRARO","JAKE","","","","","","","","","","","","0","0","","","","","","","","","","9","293","","","","","","","","","","","","","","","","","","","0"
"472","New Mexico St.","10/23/10","42","CAPRARO","JAKE","","","","","","","","","","","","0","0","","","","","","","","","","9","332","","","","","","","","","","","","","","","","","","","0"
"472","New Mexico St.","10/30/10","42","CAPRARO","JAKE","","","","","","","","","","","","0","0","","","","","","","","","","4","163","","","","","","","","","","","","","","","","","","","0"
"472","New Mexico St.","11/06/10","42","CAPRARO","JAKE","","","","","","","","","","","","0","0","","","","","","","","","","7","272","","","","","","","","","","","","","","","","","","","0"
"472","New Mexico St.","11/13/10","42","CAPRARO","JAKE","","","","","","","","","","","","0","0","","","","","","","","","","6","207","","","","","","","","","","","","","","","","","","","0"
"472","New Mexico St.","11/20/10","42","CAPRARO","JAKE","","","","","","","","","","","","0","0","","","","","","","","","","6","246","","","","","","","","","","","","","","","","","","","0"
"472","New Mexico St.","11/27/10","42","CAPRARO","JAKE","","","","","","","","","","","","0","0","","","","","","","","","","6","224","","","","","","","","","","","","","","","","","","","0"
"472","New Mexico St.","09/11/10","2A","CHRISTIAN","MATT","9","42","7","35","0","34","17","0","223","2","","43","258","","","","","","","","","","","","","","","","","","","","","","","","","","","","","","0"
"472","New Mexico St.","09/18/10","2A","CHRISTIAN","MATT","4","16","2","14","0","40","21","1","200","0","","44","214","","","","","","","","","","","","","","","","","","","","","","","","","","","","","","0"
"472","New Mexico St.","09/25/10","2A","CHRISTIAN","MATT","7","14","6","8","0","20","12","0","147","1","","27","155","","","","","","","","","","","","","","","","","","","","","","","","","","","","","","0"
"472","New Mexico St.","10/02/10","2A","CHRISTIAN","MATT","8","28","8","20","0","14","5","1","63","0","","22","83","","","","","","","","","","","","","","","","","","","","","","","","","","","","","","0"
"472","New Mexico St.","10/16/10","2A","CHRISTIAN","MATT","3","0","12","-12","0","22","11","0","155","0","","25","143","","","","","","","","","","","","","","","","","","","","","","","","","","","","","","0"
"472","New Mexico St.","10/23/10","2A","CHRISTIAN","MATT","10","40","2","38","0","29","8","0","134","2","","39","172","","","","","","","","","","","","","","","","","","","","","","","","","","","","","","0"
"472","New Mexico St.","10/30/10","2A","CHRISTIAN","MATT","12","74","0","74","1","44","23","0","259","2","","56","333","","","","","","","","","","","","","","","","","","1","","","","","","","","","","","","6"
"472","New Mexico St.","11/06/10","2A","CHRISTIAN","MATT","10","55","14","41","1","34","17","0","191","1","","44","232","","","","","","","","","","","","","","","","","","1","","","","","","","","","","","","6"
"472","New Mexico St.","09/25/10","28","CLAY","ROBERT","","","","","","","","","","","","0","0","","","","","","","","","","","","","","","1","20","0","","","","","","","","","","","","","0"
"472","New Mexico St.","10/09/10","28","CLAY","ROBERT","11","44","0","44","0","","","","","","","11","44","","","","","","","0","0","1","","","","","","","","","1","","","","","","","","","","","","6"
"472","New Mexico St.","10/30/10","28","CLAY","ROBERT","","","","","","","","","","","","0","0","","","","","","","","","","","","","","","1","12","0","","","","","","","","","","","","","0"
"472","New Mexico St.","11/06/10","28","CLAY","ROBERT","","","","","","","","","","","","0","0","1","6","0","","","","","","","","","","","","","","","","","","","","","","","","","","","0"
"472","New Mexico St.","11/13/10","28","CLAY","ROBERT","22","117","9","108","0","","","","","","","22","108","1","3","0","","","","","","","","","","","","","","","","","","","","","","","","","","","0"
"472","New Mexico St.","11/20/10","28","CLAY","ROBERT","13","58","3","55","0","","","","","","","13","55","","","","","","","","","","","","","","","","","","","","","","","","","","","","","","0"
"472","New Mexico St.","11/27/10","28","CLAY","ROBERT","8","19","0","19","0","","","","","","","8","19","","","","","","","","","","","","","","","","","","","","","","","","","","","","","","0"
"472","New Mexico St.","09/11/10","3","COLEMAN","DONYAE","","","","","","","","","","","","0","0","","","","","","","","","","","","3","11","0","","","","","","","","","","","","","","","","0"
"472","New Mexico St.","11/20/10","14","FLANAGAN","BRANDON","","","","","","","","","","","","0","0","1","6","0","","","","","","","","","","","","","","","","","","","","","","","","","","","0"
"472","New Mexico St.","09/11/10","81","FRAZIER","WILLIAM","","","","","","","","","","","","0","0","1","7","0","","","","","","","","","","","","","","","","","","","","","","","","","","","0"
"472","New Mexico St.","09/18/10","81","FRAZIER","WILLIAM","","","","","","","","","","","","0","0","2","30","0","","","","","","","","","","","","","","","","","","","","","","","","","","","0"
"472","New Mexico St.","10/02/10","81","FRAZIER","WILLIAM","","","","","","","","","","","","0","0","1","0","0","","","","","","","","","","","","","","","","","","","","","","","","","","","0"
"472","New Mexico St.","10/16/10","81","FRAZIER","WILLIAM","","","","","","","","","","","","0","0","1","5","0","","","","","","","","","","","","","","","","","","","","","","","","","","","0"
"472","New Mexico St.","11/06/10","81","FRAZIER","WILLIAM","","","","","","","","","","","","0","0","1","7","0","","","","","","","","","","","","","","","","","","","","","","","","","","","0"
"472","New Mexico St.","11/20/10","81","FRAZIER","WILLIAM","","","","","","","","","","","","0","0","1","2","0","","","","","","","","","","","","","","","","","","","","","","","","","","","0"
"472","New Mexico St.","10/30/10","87","HIPP","KYLE","","","","","","","","","","","","0","0","","","","","","","","","","","","","","","1","7","0","","","","","","","","","","","","","0"
"472","New Mexico St.","10/09/10","4","HOUSE","DAVON","","","","","","","","","","","","0","0","","","","1","0","0","","","","","","","","","","","","","","","","","","","","","","","","0"
"472","New Mexico St.","11/27/10","4","HOUSE","DAVON","","","","","","","","","","","","0","0","","","","1","48","1","","","","","","","","","","","","1","","","","","","","","","","","","6"
"472","New Mexico St.","10/23/10","12","HOWARD","KENONTE","","","","","","","","","","","","0","0","1","28","1","","","","","","","","","","","","","","","1","","","","","","","","","","","","6"
"472","New Mexico St.","10/30/10","12","HOWARD","KENONTE","1","0","1","-1","0","","","","","","","1","-1","","","","","","","","","","","","","","","","","","","","","","","","","","","","","","0"
"472","New Mexico St.","10/02/10","29","JOHNSON","VICTOR","2","8","0","8","0","","","","","","","2","8","","","","","","","","","","","","","","","2","19","0","","","","","","","","","","","","","0"
"472","New Mexico St.","11/20/10","29","JOHNSON","VICTOR","1","1","0","1","0","","","","","","","1","1","","","","","","","","","","","","","","","1","14","0","","","","","","","","","","","","","0"
"472","New Mexico St.","11/27/10","29","JOHNSON","VICTOR","","","","","","","","","","","","0","0","","","","","","","","","","","","","","","1","8","0","","","","","","","","","","","","","0"
"472","New Mexico St.","09/11/10","7A","LEE","TODD","1","22","0","22","0","","","","","","","1","22","4","40","1","","","","","","","","","","","","","","","1","","","","","","","","","","","","6"
"472","New Mexico St.","09/18/10","7A","LEE","TODD","","","","","","","","","","","","0","0","3","29","0","","","","","","","","","1","37","0","","","","","","","","","","","","","","","","0"
"472","New Mexico St.","09/25/10","7A","LEE","TODD","1","14","0","14","0","","","","","","","1","14","","","","","","","","","","","","","","","","","","","","","","","","","","","","","","0"
"472","New Mexico St.","10/09/10","7A","LEE","TODD","","","","","","","","","","","","0","0","","","","","","","","","","","","3","7","0","","","","","","","","","","","","","","","","0"
"472","New Mexico St.","10/16/10","7A","LEE","TODD","","","","","","","","","","","","0","0","","","","","","","","","","","","1","5","0","","","","","","","","","","","","","","","","0"
"472","New Mexico St.","10/23/10","7A","LEE","TODD","","","","","","","","","","","","0","0","2","27","0","","","","","","","","","","","","","","","","","","","","","","","","","","","0"
"472","New Mexico St.","10/30/10","7A","LEE","TODD","1","18","0","18","0","","","","","","","1","18","2","7","0","","","","","","","","","2","18","0","","","","","","","","","","","","","","","","0"
"472","New Mexico St.","11/06/10","7A","LEE","TODD","1","0","3","-3","0","","","","","","","1","-3","2","37","1","","","","","","","","","","","","","","","1","","","","","","","","","","","","6"
"472","New Mexico St.","11/13/10","7A","LEE","TODD","","","","","","","","","","","","0","0","3","73","1","","","","","","","","","","","","","","","1","","","","","","","","","","","","6"
"472","New Mexico St.","11/20/10","7A","LEE","TODD","1","2","0","2","0","","","","","","","1","2","3","17","0","","","","","","","","","2","16","0","","","","","","","","","","","","","","","","0"
"472","New Mexico St.","11/27/10","7A","LEE","TODD","","","","","","","","","","","","0","0","5","50","0","","","","","","","","","","","","","","","","","","","","","","","","","","","0"
"472","New Mexico St.","10/09/10","4A","MANLEY","ANDREW","","","","","","2","2","0","32","0","","2","32","","","","","","","","","","","","","","","","","","","","","","","","","","","","","","0"
"472","New Mexico St.","10/16/10","4A","MANLEY","ANDREW","2","0","17","-17","0","5","2","0","1","0","","7","-16","","","","","","","","","","","","","","","","","","","","","","","","","","","","","","0"
"472","New Mexico St.","11/13/10","4A","MANLEY","ANDREW","9","31","4","27","0","40","20","2","216","1","","49","243","","","","","","","","","","","","","","","","","","","","","","","","","","","","","","0"
"472","New Mexico St.","11/20/10","4A","MANLEY","ANDREW","10","9","42","-33","0","39","19","2","220","0","","49","187","","","","","","","","","","","","","","","","","","","","","","","","","","","","","","0"
"472","New Mexico St.","11/27/10","4A","MANLEY","ANDREW","13","21","22","-1","0","35","20","2","135","0","","48","134","","","","","","","","","","","","","","","","","","","","","","","","","","","","","","0"
"472","New Mexico St.","10/16/10","82","MCINTYRE","STEPHEN","","","","","","","","","","","","0","0","1","1","0","","","","","","","","","","","","","","","","","","","","","","","","","","","0"
"472","New Mexico St.","10/23/10","82","MCINTYRE","STEPHEN","","","","","","","","","","","","0","0","","","","","","","","","","","","","","","1","26","0","","","","","","","","","","","","","0"
"472","New Mexico St.","11/13/10","82","MCINTYRE","STEPHEN","","","","","","","","","","","","0","0","","","","","","","","","","","","","","","1","8","0","","","","","","","","","","","","","0"
"472","New Mexico St.","11/27/10","82","MCINTYRE","STEPHEN","","","","","","","","","","","","0","0","","","","","","","","","","","","","","","1","12","0","","","","","","","","","","","","","0"
"472","New Mexico St.","09/11/10","17","NELSON","KYLE","","","","","","","","","","","","0","0","5","28","0","","","","","","","","","","","","","","","","","","","","","","","","","","","0"
"472","New Mexico St.","09/18/10","17","NELSON","KYLE","","","","","","","","","","","","0","0","4","30","0","","","","","","","","","","","","","","","","","","","","","","","","","","","0"
"472","New Mexico St.","09/25/10","17","NELSON","KYLE","","","","","","","","","","","","0","0","4","33","0","","","","","","","","","","","","","","","","","","","","","","","","","","","0"
"472","New Mexico St.","10/02/10","17","NELSON","KYLE","","","","","","","","","","","","0","0","2","25","0","","","","","","","","","","","","","","","","","","","","","","","","","","","0"
"472","New Mexico St.","10/09/10","17","NELSON","KYLE","","","","","","","","","","","","0","0","3","10","0","","","","","","","","","","","","","","","","","","","","","","","","","","","0"
"472","New Mexico St.","10/16/10","17","NELSON","KYLE","","","","","","","","","","","","0","0","1","6","0","","","","","","","","","","","","","","","","","","","","","","","","","","","0"
"472","New Mexico St.","10/23/10","17","NELSON","KYLE","","","","","","","","","","","","0","0","2","48","1","","","","","","","","","","","","","","","1","","","","","","","","","","","","6"
"472","New Mexico St.","10/30/10","17","NELSON","KYLE","","","","","","","","","","","","0","0","3","35","0","","","","","","","","","","","","","","","","","","","","","","","","","","","0"
"472","New Mexico St.","11/06/10","17","NELSON","KYLE","","","","","","","","","","","","0","0","2","23","0","","","","","","","","","","","","","","","","","","","","","","","","","","","0"
"472","New Mexico St.","11/13/10","17","NELSON","KYLE","","","","","","","","","","","","0","0","6","47","0","","","","","","","","","","","","","","","","","","","","","","","","","","","0"
"472","New Mexico St.","11/20/10","17","NELSON","KYLE","","","","","","","","","","","","0","0","4","43","0","","","","","","","","","","","","","","","","","","","","","","","","","","","0"
"472","New Mexico St.","11/27/10","17","NELSON","KYLE","","","","","","","","","","","","0","0","5","43","0","","","","","","","","","","","","","","","","","","","","","","","","","","","0"
"472","New Mexico St.","09/18/10","38","PEREZ","BRANDON","3","8","0","8","0","","","","","","","3","8","","","","","","","","","","","","","","","","","","","","","","","","","","","","","","0"
"472","New Mexico St.","09/25/10","38","PEREZ","BRANDON","1","1","0","1","0","","","","","","","1","1","","","","","","","","","","","","","","","","","","","","","","","","","","","","","","0"
"472","New Mexico St.","10/16/10","38","PEREZ","BRANDON","1","1","0","1","0","","","","","","","1","1","","","","","","","","","","","","","","","","","","","","","","","","","","","","","","0"
"472","New Mexico St.","11/20/10","38","PEREZ","BRANDON","","","","","","","","","","","","0","0","","","","","","","","","","","","","","","1","22","0","","","","","","","","","","","","","0"
"472","New Mexico St.","11/27/10","38","PEREZ","BRANDON","","","","","","","","","","","","0","0","","","","","","","","","","","","","","","2","28","0","","","","","","","","","","","","","0"
"472","New Mexico St.","11/06/10","2","POWELL","ALPHONSO","","","","","","","","","","","","0","0","","","","1","0","0","","","","","","","","","","","","","","","","","","","","","","","","0"
"472","New Mexico St.","09/11/10","9A","PRESTON","DARRIUS","","","","","","","","","","","","0","0","2","27","0","","","","","","","","","","","","","","","","","","","","","","","","","","","0"
"472","New Mexico St.","09/25/10","9A","PRESTON","DARRIUS","","","","","","","","","","","","0","0","2","15","0","","","","","","","","","","","","","","","","","","","","","","","","","","","0"
"472","New Mexico St.","10/02/10","9A","PRESTON","DARRIUS","","","","","","","","","","","","0","0","1","8","0","","","","","","","","","","","","","","","","","","","","","","","","","","","0"
"472","New Mexico St.","10/09/10","9A","PRESTON","DARRIUS","","","","","","","","","","","","0","0","1","11","0","","","","","","","","","","","","","","","","","","","","","","","","","","","0"
"472","New Mexico St.","10/16/10","9A","PRESTON","DARRIUS","","","","","","","","","","","","0","0","2","22","0","","","","","","","","","","","","","","","","","","","","","","","","","","","0"
"472","New Mexico St.","11/13/10","6A","ROBERTS","DONAVAN","1","1","0","1","0","","","","","","","1","1","2","18","0","","","","","","","","","","","","","","","","","","","","","","","","","","","0"
"472","New Mexico St.","09/11/10","1A","ROGERS","TAVEON","","","","","","","","","","","","0","0","","","","","","","","","","","","","","","2","38","0","","","","","","","","","","","","","0"
"472","New Mexico St.","09/18/10","1A","ROGERS","TAVEON","","","","","","","","","","","","0","0","","","","","","","","","","","","","","","4","89","0","","","","","","","","","","","","","0"
"472","New Mexico St.","09/25/10","1A","ROGERS","TAVEON","","","","","","","","","","","","0","0","","","","","","","","","","","","","","","6","219","0","","","","","","","","","","","","","0"
"472","New Mexico St.","10/02/10","1A","ROGERS","TAVEON","1","3","0","3","0","","","","","","","1","3","","","","","","","","","","","","","","","6","136","0","","","","","","","","","","","","","0"
"472","New Mexico St.","10/09/10","1A","ROGERS","TAVEON","1","29","0","29","0","","","","","","","1","29","1","-7","0","","","","","","","","","","","","3","99","0","","","","","","","","","","","","","0"
"472","New Mexico St.","10/16/10","1A","ROGERS","TAVEON","1","0","0","0","0","","","","","","","1","0","1","47","0","","","","","","","","","","","","5","127","0","","","","","","","","","","","","","0"
"472","New Mexico St.","10/23/10","1A","ROGERS","TAVEON","1","10","0","10","0","","","","","","","1","10","","","","","","","","","","","","","","","3","119","0","","","","","","","","","","","","","0"
"472","New Mexico St.","10/30/10","1A","ROGERS","TAVEON","","","","","","","","","","","","0","0","5","90","2","","","","","","","","","","","","1","24","0","2","","","","","","","","","","","","12"
"472","New Mexico St.","11/06/10","1A","ROGERS","TAVEON","","","","","","","","","","","","0","0","3","39","0","","","","","","","","","","","","6","102","0","","","","","","","","","","","","","0"
"472","New Mexico St.","11/13/10","1A","ROGERS","TAVEON","","","","","","","","","","","","0","0","1","-5","0","","","","","","","","","","","","6","162","0","","","","","","","","","","","","","0"
"472","New Mexico St.","11/20/10","1A","ROGERS","TAVEON","1","12","0","12","0","","","","","","","1","12","4","94","0","","","","","","","","","","","","4","110","0","","","","","","","","","","","","","0"
"472","New Mexico St.","11/27/10","1A","ROGERS","TAVEON","","","","","","","","","","","","0","0","3","20","0","","","","","","","","","","","","6","185","0","","","","","","","","","","","","","0"
"472","New Mexico St.","09/11/10","8A","RUST","TANNER","","","","","","","","","","","","0","0","","","","","","","","","","9","364","","","","","","","","","","","","","","","","","","","0"
"472","New Mexico St.","09/18/10","8A","RUST","TANNER","","","","","","","","","","","","0","0","","","","","","","","","","6","220","","","","","","","","","","","","","","","","","","","0"
"472","New Mexico St.","09/25/10","8A","RUST","TANNER","","","","","","","","","","","","0","0","","","","","","","","","","7","237","","","","","","","","","","","","","","","","","","","0"
"472","New Mexico St.","10/02/10","8A","RUST","TANNER","10","29","4","25","0","8","3","0","27","0","","18","52","","","","","","","","","","","","","","","","","","","","","","","","","","","","","","0"
"472","New Mexico St.","10/09/10","8A","RUST","TANNER","14","42","11","31","0","10","5","1","6","0","","24","37","","","","","","","","","","","","","","","","","","","","","","","","","","","","","","0"
"472","New Mexico St.","10/23/10","8A","RUST","TANNER","5","19","2","17","0","","","","","","","5","17","","","","","","","","","","","","","","","","","","","","","","","","","","","","","","0"
"472","New Mexico St.","11/06/10","8A","RUST","TANNER","1","2","0","2","0","","","","","","","1","2","","","","","","","","","","","","","","","","","","","","","","","","","","","","","","0"
"472","New Mexico St.","11/13/10","8A","RUST","TANNER","3","15","1","14","0","","","","","","","3","14","","","","","","","","","","","","","","","","","","","","","","","","","","","","","","0"
"472","New Mexico St.","11/20/10","8A","RUST","TANNER","2","8","2","6","0","","","","","","","2","6","","","","","","","","","","","","","","","","","","","","","","","","","","","","","","0"
"472","New Mexico St.","11/27/10","8A","RUST","TANNER","2","8","0","8","0","","","","","","","2","8","","","","","","","","","","","","","","","","","","","","","","","","","","","","","","0"
"472","New Mexico St.","09/11/10","20","SMITH","SETH","5","8","6","2","0","","","","","","","5","2","1","7","0","","","","","","","","","","","","","","","","","","","","","","","","","","","0"
"472","New Mexico St.","09/18/10","20","SMITH","SETH","10","48","2","46","1","","","","","","","10","46","1","9","0","","","","","","","","","","","","","","","1","","","","","","","","","","","","6"
"472","New Mexico St.","09/25/10","20","SMITH","SETH","16","52","0","52","1","","","","","","","16","52","2","10","0","","","","","","","","","","","","","","","1","","","","","","","","","","","","6"
"472","New Mexico St.","10/02/10","20","SMITH","SETH","9","37","3","34","0","","","","","","","9","34","","","","","","","","","","","","","","","","","","","","","","","","","","","","","","0"
"472","New Mexico St.","10/09/10","20","SMITH","SETH","14","50","3","47","0","","","","","","","14","47","1","3","0","","","","","","","","","","","","","","","","","","","","","","","","","","","0"
"472","New Mexico St.","10/16/10","20","SMITH","SETH","11","91","0","91","0","","","","","","","11","91","","","","","","","","","","","","","","","","","","","","","","","","","","","","","","0"
"472","New Mexico St.","10/23/10","20","SMITH","SETH","9","34","6","28","0","","","","","","","9","28","","","","","","","","","","","","","","","","","","","","","","","","","","","","","","0"
"472","New Mexico St.","10/30/10","20","SMITH","SETH","5","15","0","15","0","","","","","","","5","15","","","","","","","","","","","","","","","","","","","","","","","","","","","","","","0"
"472","New Mexico St.","11/06/10","20","SMITH","SETH","7","34","0","34","0","","","","","","","7","34","","","","","","","","","","","","","","","","","","","","","","","","","","","","","","0"
"472","New Mexico St.","11/20/10","20","SMITH","SETH","9","32","3","29","0","","","","","","","9","29","","","","","","","","","","","","","","","","","","","","","","","","","","","","","","0"
"472","New Mexico St.","11/27/10","20","SMITH","SETH","6","10","3","7","1","","","","","","","6","7","","","","","","","","","","","","","","","","","","1","","","","","","","","","","","","6"
"472","New Mexico St.","09/11/10","18","STAMPLER","TYLER","","","","","","","","","","","","0","0","","","","","","","","","","","","","","","","","","","3","3","0","0","","","","","1","0","","3"
"472","New Mexico St.","09/18/10","18","STAMPLER","TYLER","","","","","","","","","","","","0","0","","","","","","","","","","","","","","","","","","","1","1","0","0","","","","","1","1","","4"
"472","New Mexico St.","09/25/10","18","STAMPLER","TYLER","","","","","","","","","","","","0","0","","","","","","","","","","","","","","","","","","","2","1","0","0","","","","","1","1","","4"
"472","New Mexico St.","10/09/10","18","STAMPLER","TYLER","","","","","","","","","","","","0","0","","","","","","","","","","","","","","","","","","","1","1","0","0","","","","","3","3","","10"
"472","New Mexico St.","10/16/10","18","STAMPLER","TYLER","","","","","","","","","","","","0","0","","","","","","","","","","","","","","","","","","","1","1","0","0","","","","","1","1","","4"
"472","New Mexico St.","10/23/10","18","STAMPLER","TYLER","","","","","","","","","","","","0","0","","","","","","","","","","","","","","","","","","","2","2","0","0","","","","","1","0","","2"
"472","New Mexico St.","10/30/10","18","STAMPLER","TYLER","","","","","","","","","","","","0","0","","","","","","","","","","","","","","","","","","","2","2","0","0","","","","","3","3","","11"
"472","New Mexico St.","11/06/10","18","STAMPLER","TYLER","","","","","","","","","","","","0","0","","","","","","","","","","","","","","","","","","","2","2","0","0","","","","","2","2","","8"
"472","New Mexico St.","11/13/10","18","STAMPLER","TYLER","","","","","","","","","","","","0","0","","","","","","","","","","","","","","","","","","","2","2","0","0","","","","","2","2","","8"
"472","New Mexico St.","11/20/10","18","STAMPLER","TYLER","","","","","","","","","","","","0","0","","","","","","","","","","","","","","","","","","","","","","","","","","","3","2","","6"
"472","New Mexico St.","11/27/10","18","STAMPLER","TYLER","","","","","","","","","","","","0","0","","","","","","","","","","","","","","","","","","","3","3","0","0","","","","","1","1","","6"
"472","New Mexico St.","09/11/10","3A","TURNER","KENNY","10","48","5","43","1","","","","","","","10","43","","","","","","","","","","","","","","","","","","1","","","","","","","","","","","","6"
"472","New Mexico St.","09/18/10","3A","TURNER","KENNY","5","19","0","19","0","","","","","","","5","19","3","12","0","","","","","","","","","","","","","","","","","","","","","","","","","","","0"
"472","New Mexico St.","09/25/10","3A","TURNER","KENNY","6","12","4","8","0","","","","","","","6","8","","","","","","","","","","","","","","","","","","","","","","","","","","","","","","0"
"472","New Mexico St.","10/02/10","3A","TURNER","KENNY","11","28","0","28","0","","","","","","","11","28","1","11","0","","","","","","","","","","","","","","","","","","","","","","","","","","","0"
"472","New Mexico St.","10/09/10","3A","TURNER","KENNY","5","13","0","13","0","","","","","","","5","13","","","","","","","","","","","","","","","","","","","","","","","","","","","","","","0"
"472","New Mexico St.","10/16/10","3A","TURNER","KENNY","15","84","5","79","1","","","","","","","15","79","3","61","0","","","","","","","","","","","","","","","1","","","","","","","","","","","","6"
"472","New Mexico St.","10/23/10","3A","TURNER","KENNY","18","82","5","77","0","","","","","","","18","77","2","22","0","","","","","","","","","","","","","","","","","","","","","","","","","","","0"
"472","New Mexico St.","10/30/10","3A","TURNER","KENNY","18","74","0","74","0","","","","","","","18","74","5","32","0","","","","","","","","","","","","","","","","","","","","","","","","","","","0"
"472","New Mexico St.","11/06/10","3A","TURNER","KENNY","17","69","1","68","0","","","","","","","17","68","7","64","0","","","","","","","","","","","","","","","","","","","","","","","","","","","0"
"472","New Mexico St.","11/27/10","3A","TURNER","KENNY","10","52","0","52","0","","","","","","","10","52","4","1","0","","","","","","","","","","","","","","","","","","","","","","","","","","","0"
"472","New Mexico St.","10/09/10","74","WALLACE","DAVONTE","0","9","0","9","0","","","","","","","0","9","","","","","","","","","","","","","","","","","","","","","","","","","","","","","","0"
"472","New Mexico St.","09/18/10","10","WILLIAMS","MARCUS","","","","","","","","","","","","0","0","3","25","0","","","","","","","","","","","","","","","","","","","","","","","","","","","0"
"472","New Mexico St.","10/23/10","10","WILLIAMS","MARCUS","","","","","","","","","","","","0","0","1","9","0","","","","","","","","","","","","","","","","","","","","","","","","","","","0"
"472","New Mexico St.","10/30/10","10","WILLIAMS","MARCUS","","","","","","","","","","","","0","0","1","6","0","","","","","","","","","","","","","","","","","","","","","","","","","","","0"
"472","New Mexico St.","11/20/10","10","WILLIAMS","MARCUS","","","","","","","","","","","","0","0","1","15","0","","","","","","","","","","","","","","","","","","","","","","","","","","","0"
"472","New Mexico St.","11/27/10","10","WILLIAMS","MARCUS","","","","","","","","","","","","0","0","1","1","0","","","","","","","","","","","","","","","","","","","","","","","","","","","0"
"457","North Carolina","09/04/10","3","ADAMS","JOSHUA","","","","","","","","","","","","0","0","4","42","0","","","","","","","","","","","","","","","","","","","","","","","","","","","0"
"457","North Carolina","09/18/10","3","ADAMS","JOSHUA","","","","","","","","","","","","0","0","1","8","0","","","","","","","","","","","","","","","","","","","","","","","","","","","0"
"457","North Carolina","10/02/10","3","ADAMS","JOSHUA","","","","","","","","","","","","0","0","1","5","0","","","","","","","","","","","","","","","","","","","","","","","","","","","0"
"457","North Carolina","10/30/10","3","ADAMS","JOSHUA","","","","","","","","","","","","0","0","1","23","0","","","","","","","","","","","","","","","","","","","","","","","","","","","0"
"457","North Carolina","11/06/10","3","ADAMS","JOSHUA","","","","","","","","","","","","0","0","5","91","1","","","","","","","","","","","","","","","1","","","","","","","","","","","","6"
"457","North Carolina","11/20/10","3","ADAMS","JOSHUA","","","","","","","","","","","","0","0","2","9","0","","","","","","","","","","","","","","","","","","","","","","","","","","","0"
"457","North Carolina","11/27/10","3","ADAMS","JOSHUA","3","30","0","30","0","","","","","","","3","30","3","16","1","","","","","","","","","","","","","","","1","","","","","","","","","","","","6"
"457","North Carolina","12/30/10","3","ADAMS","JOSHUA","","","","","","","","","","","","0","0","2","8","0","","","","","","","","","","","","","","","","","","","","","","","","","","","0"
"457","North Carolina","10/16/10","80","BARHAM","ED","","","","","","","","","","","","0","0","3","27","0","","","","","","","","","","","","","","","","","","","","","","","","","","","0"
"457","North Carolina","10/30/10","80","BARHAM","ED","","","","","","","","","","","","0","0","3","38","0","","","","","","","","","","","","","","","","","","","","","","","","","","","0"
"457","North Carolina","11/06/10","80","BARHAM","ED","","","","","","","","","","","","0","0","1","14","0","","","","","","","","","","","","","","","","","","","","","","","","","","","0"
"457","North Carolina","11/13/10","80","BARHAM","ED","","","","","","","","","","","","0","0","3","22","0","","","","","","","","","","","","","","","","","","","","","","","","","","","0"
"457","North Carolina","11/20/10","80","BARHAM","ED","","","","","","","","","","","","0","0","3","25","0","","","","","","","","","","","","","","","","","","","","","","","","","","","0"
"457","North Carolina","09/04/10","11","BARTH","CASEY","","","","","","","","","","","","0","0","","","","","","","","","","","","","","","","","","","3","3","0","0","","","","","1","1","","6"
"457","North Carolina","09/18/10","11","BARTH","CASEY","","","","","","","","","","","","0","0","","","","","","","","","","","","","","","","","","","3","3","0","0","","","","","1","1","","6"
"457","North Carolina","09/25/10","11","BARTH","CASEY","","","","","","","","","","","","0","0","","","","","","","","","","","","","","","","","","","2","2","0","0","","","","","1","1","","5"
"457","North Carolina","10/02/10","11","BARTH","CASEY","","","","","","","","","","","","0","0","","","","","","","","","","","","","","","","","","","6","6","0","0","","","","","1","0","","6"
"457","North Carolina","10/09/10","11","BARTH","CASEY","","","","","","","","","","","","0","0","","","","","","","","","","","","","","","","","","","3","3","0","0","","","","","","","","3"
"457","North Carolina","10/16/10","11","BARTH","CASEY","","","","","","","","","","","","0","0","","","","","","","","","","","","","","","","","","","5","5","0","0","","","","","3","3","","14"
"457","North Carolina","10/23/10","11","BARTH","CASEY","","","","","","","","","","","","0","0","","","","","","","","","","","","","","","","","","","1","1","0","0","","","","","1","1","","4"
"457","North Carolina","10/30/10","11","BARTH","CASEY","","","","","","","","","","","","0","0","","","","","","","","","","","","","","","","","","","3","3","0","0","","","","","1","0","","3"
"457","North Carolina","11/06/10","11","BARTH","CASEY","","","","","","","","","","","","0","0","","","","","","","","","","","","","","","","","","","4","4","0","0","","","","","3","3","","13"
"457","North Carolina","11/13/10","11","BARTH","CASEY","","","","","","","","","","","","0","0","","","","","","","","","","","","","","","","","","","1","1","0","0","","","","","1","1","","4"
"457","North Carolina","11/20/10","11","BARTH","CASEY","","","","","","","","","","","","0","0","","","","","","","","","","","","","","","","","","","1","1","0","0","","","","","4","4","","13"
"457","North Carolina","11/27/10","11","BARTH","CASEY","","","","","","","","","","","","0","0","","","","","","","","","","","","","","","","","","","3","3","0","0","","","","","2","1","","6"
"457","North Carolina","12/30/10","11","BARTH","CASEY","","","","","","","","","","","","0","0","","","","","","","","","","","","","","","","","","","3","3","0","0","","","","","3","3","","12"
"457","North Carolina","09/04/10","10","BOSTON","TRE","","","","","","","","","","","","0","0","","","","1","2","0","","","","","","","","","","","","","","","","","","","","","","","","0"
"457","North Carolina","09/04/10","87","BOYD","JHERANIE","","","","","","","","","","","","0","0","6","221","1","","","","","","","","","","","","3","66","0","1","","","","","","","","","","","","6"
"457","North Carolina","09/18/10","87","BOYD","JHERANIE","1","0","2","-2","0","","","","","","","1","-2","","","","","","","","","","","","","","","4","89","0","","","","","","","","","","","","","0"
"457","North Carolina","09/25/10","87","BOYD","JHERANIE","3","18","7","11","0","","","","","","","3","11","3","37","0","","","","","","","","","","","","1","21","0","","","","","","","","","","","","","0"
"457","North Carolina","10/02/10","87","BOYD","JHERANIE","","","","","","","","","","","","0","0","1","25","1","","","","","","","","","","","","","","","1","","","","","","","","","","","","6"
"457","North Carolina","10/09/10","87","BOYD","JHERANIE","","","","","","","","","","","","0","0","2","14","1","","","","","","","","","","","","","","","1","","","","","","","","","","","","6"
"457","North Carolina","10/16/10","87","BOYD","JHERANIE","1","3","0","3","0","","","","","","","1","3","","","","","","","","","","","","","","","","","","","","","","","","","","","","","","0"
"457","North Carolina","10/23/10","87","BOYD","JHERANIE","1","1","0","1","0","","","","","","","1","1","","","","","","","","","","","","","","","","","","","","","","","","","","","","","","0"
"457","North Carolina","11/13/10","87","BOYD","JHERANIE","1","1","0","1","0","","","","","","","1","1","","","","","","","","","","","","","","","","","","","","","","","","","","","","","","0"
"457","North Carolina","11/27/10","87","BOYD","JHERANIE","2","41","0","41","0","","","","","","","2","41","1","14","0","","","","","","","","","","","","","","","","","","","","","","","","","","","0"
"457","North Carolina","12/30/10","87","BOYD","JHERANIE","1","7","0","7","0","","","","","","","1","7","","","","","","","","","","","","","","","","","","","","","","","","","","","","","","0"
"457","North Carolina","10/16/10","47","BROWN","ZACH","","","","","","","","","","","","0","0","","","","1","70","0","","","","","","","","","","","","","","","","","","","","","","","","0"
"457","North Carolina","10/30/10","47","BROWN","ZACH","","","","","","","","","","","","0","0","","","","1","0","0","","","","","","","","","","","","","","","","","","","","","","","","0"
"457","North Carolina","12/30/10","47","BROWN","ZACH","","","","","","","","","","","","0","0","","","","1","43","0","","","","","","","","","","","","","","","","","","","","","","","","0"
"457","North Carolina","10/30/10","16","BURNEY","KENDRIC","","","","","","","","","","","","0","0","","","","","","","","","","","","2","18","0","","","","","","","","","","","","","","","","0"
"457","North Carolina","11/27/10","16","BURNEY","KENDRIC","","","","","","","","","","","","0","0","","","","1","0","0","","","","","","","","","","","","","","","","","","","","","","","","0"
"457","North Carolina","12/30/10","16","BURNEY","KENDRIC","","","","","","","","","","","","0","0","","","","1","11","0","","","","","","","","","","","","","","","","","","","","","","","","0"
"457","North Carolina","09/25/10","38","BYRD","CURTIS","","","","","","","","","","","","0","0","1","3","0","","","","","","","","","","","","","","","","","","","","","","","","","","","0"
"457","North Carolina","10/09/10","38","BYRD","CURTIS","","","","","","","","","","","","0","0","2","10","0","","","","","","","","","","","","","","","","","","","","","","","","","","","0"
"457","North Carolina","10/16/10","38","BYRD","CURTIS","","","","","","","","","","","","0","0","1","2","0","","","","","","","","","","","","","","","","","","","","","","","","","","","0"
"457","North Carolina","10/30/10","38","BYRD","CURTIS","","","","","","","","","","","","0","0","2","14","0","","","","","","","","","","","","1","13","0","","","","","","","","","","","","","0"
"457","North Carolina","11/06/10","38","BYRD","CURTIS","","","","","","","","","","","","0","0","1","8","0","","","","","","","","","","","","","","","","","","","","","","","","","","","0"
"457","North Carolina","11/13/10","38","BYRD","CURTIS","","","","","","","","","","","","0","0","3","31","0","","","","","","","","","","","","","","","","","","","","","","","","","","","0"
"457","North Carolina","11/20/10","38","BYRD","CURTIS","","","","","","","","","","","","0","0","","","","","","","","","","","","","","","1","9","0","","","","","","","","","","","","","0"
"457","North Carolina","11/27/10","38","BYRD","CURTIS","","","","","","","","","","","","0","0","1","9","0","","","","","","","","","","","","","","","","","","","","","","","","","","","0"
"457","North Carolina","09/25/10","54","CARTER","BRUCE","","","","","","","","","","","","0","0","","","","1","55","0","","","","","","1","17","0","","","","","","","","","","","","","","","","0"
"457","North Carolina","10/16/10","64","COOPER","JONATHAN","","","","","","","","","","","","0","0","1","4","0","","","","","","","","","","","","","","","","","","","","","","","","","","","0"
"457","North Carolina","09/18/10","20","DRAUGHN","SHAUN","6","22","0","22","0","","","","","","","6","22","2","13","0","","","","","","","","","","","","2","42","0","","","","","","","","","","","","","0"
"457","North Carolina","09/25/10","20","DRAUGHN","SHAUN","8","57","2","55","0","","","","","","","8","55","","","","","","","","","","","","","","","","","","","","","","","","","","","","","","0"
"457","North Carolina","10/02/10","20","DRAUGHN","SHAUN","27","137","0","137","3","","","","","","","27","137","2","3","0","","","","","","","","","","","","","","","3","","","","","","","","","","","","18"
"457","North Carolina","10/09/10","20","DRAUGHN","SHAUN","5","10","2","8","0","","","","","","","5","8","","","","","","","","","","","","","","","","","","","","","","","","","","","","","","0"
"457","North Carolina","10/16/10","20","DRAUGHN","SHAUN","17","74","9","65","1","","","","","","","17","65","","","","","","","","","","","","","","","","","","1","","","","","","","","","","","","6"
"457","North Carolina","10/23/10","20","DRAUGHN","SHAUN","10","74","3","71","0","","","","","","","10","71","","","","","","","","","","","","","","","","","","","","","","","","","","","","","","0"
"457","North Carolina","10/30/10","20","DRAUGHN","SHAUN","3","5","0","5","0","","","","","","","3","5","","","","","","","","","","","","","","","1","3","0","","","","","","","","","","","","","0"
"457","North Carolina","11/06/10","20","DRAUGHN","SHAUN","6","26","3","23","0","","","","","","","6","23","1","8","0","","","","","","","","","","","","","","","","","","","","","","","","","","","0"
"457","North Carolina","11/13/10","20","DRAUGHN","SHAUN","5","19","1","18","0","","","","","","","5","18","2","16","0","","","","","","","","","","","","","","","","","","","","","","","","","","","0"
"457","North Carolina","11/20/10","20","DRAUGHN","SHAUN","6","15","1","14","0","","","","","","","6","14","3","16","0","","","","","","","","","","","","","","","","","","","","","","","","","","","0"
"457","North Carolina","11/27/10","20","DRAUGHN","SHAUN","13","61","2","59","1","","","","","","","13","59","","","","","","","","","","","","","","","","","","1","","","","","","","","","","","","6"
"457","North Carolina","12/30/10","20","DRAUGHN","SHAUN","23","160","0","160","1","","","","","","","23","160","3","6","0","","","","","","","","","","","","","","","1","","","","","","","","","","","","6"
"457","North Carolina","09/04/10","6","ELZY","ANTHONY","14","52","6","46","0","","","","","","","14","46","","","","","","","","","","","","","","","","","","","","","","","","","","","","","","0"
"457","North Carolina","09/25/10","6","ELZY","ANTHONY","1","7","0","7","0","","","","","","","1","7","","","","","","","","","","","","","","","","","","","","","","","","","","","","","","0"
"457","North Carolina","10/09/10","6","ELZY","ANTHONY","","","","","","","","","","","","0","0","1","3","0","","","","","","","","","","","","1","10","0","","","","","","","","","","","","","0"
"457","North Carolina","10/23/10","6","ELZY","ANTHONY","","","","","","","","","","","","0","0","1","9","0","","","","","","","","","","","","1","5","0","","","","","","","","","","","","","0"
"457","North Carolina","11/06/10","6","ELZY","ANTHONY","5","13","0","13","0","","","","","","","5","13","3","25","1","","","","","","","","","","","","","","","1","","","","","","","","","","","","6"
"457","North Carolina","11/13/10","6","ELZY","ANTHONY","17","83","1","82","1","","","","","","","17","82","7","102","0","","","","","","","","","","","","","","","1","","","","","","","","","","","","6"
"457","North Carolina","11/20/10","6","ELZY","ANTHONY","12","37","5","32","0","","","","","","","12","32","9","178","1","","","","","","","","","","","","","","","1","","","","","","","","","","","","6"
"457","North Carolina","11/27/10","6","ELZY","ANTHONY","23","116","0","116","1","","","","","","","23","116","4","21","0","","","","","","","","","","","","","","","1","","","","","","","","","","","","6"
"457","North Carolina","09/18/10","30","FEAGLES","C.J.","","","","","","","","","","","","0","0","","","","","","","","","","1","37","","","","","","","","","","","","","","","","","","","0"
"457","North Carolina","09/25/10","30","FEAGLES","C.J.","","","","","","","","","","","","0","0","","","","","","","","","","1","31","","","","","","","","","","","","","","","","","","","0"
"457","North Carolina","10/02/10","30","FEAGLES","C.J.","","","","","","","","","","","","0","0","","","","","","","","","","6","218","","","","","","","","","","","","","","","","","","","0"
"457","North Carolina","10/09/10","30","FEAGLES","C.J.","","","","","","","","","","","","0","0","","","","","","","","","","7","231","","","","","","","","","","","","","","","","","","","0"
"457","North Carolina","10/16/10","30","FEAGLES","C.J.","","","","","","","","","","","","0","0","","","","","","","","","","2","69","","","","","","","","","","","","","","","","","","","0"
"457","North Carolina","10/23/10","30","FEAGLES","C.J.","","","","","","","","","","","","0","0","","","","","","","","","","4","164","","","","","","","","","","","","","","","","","","","0"
"457","North Carolina","10/30/10","30","FEAGLES","C.J.","","","","","","","","","","","","0","0","","","","","","","","","","3","114","","","","","","","","","","","","","","","","","","","0"
"457","North Carolina","11/06/10","30","FEAGLES","C.J.","","","","","","","","","","","","0","0","","","","","","","","","","5","196","","","","","","","","","","","","","","","","","","","0"
"457","North Carolina","11/13/10","30","FEAGLES","C.J.","","","","","","","","","","","","0","0","","","","","","","","","","3","105","","","","","","","","","","","","","","","","","","","0"
"457","North Carolina","11/20/10","30","FEAGLES","C.J.","","","","","","","","","","","","0","0","","","","","","","","","","4","158","","","","","","","","","","","","","","","","","","","0"
"457","North Carolina","11/27/10","30","FEAGLES","C.J.","","","","","","","","","","","","0","0","","","","","","","","","","3","116","","","","","","","","","","","","","","","","","","","0"
"457","North Carolina","12/30/10","30","FEAGLES","C.J.","","","","","","","","","","","","0","0","","","","","","","","","","7","286","","","","","","","","","","","","","","","","","","","0"
"457","North Carolina","09/04/10","40","FURR","HUNTER","2","3","1","2","0","","","","","","","2","2","","","","","","","","","","","","","","","1","4","0","","","","","","","","","","","","","0"
"457","North Carolina","11/06/10","40","FURR","HUNTER","3","27","0","27","0","","","","","","","3","27","","","","","","","","","","","","","","","","","","","","","","","","","","","","","","0"
"457","North Carolina","10/23/10","82","HARRELSON","TODD","","","","","","","","","","","","0","0","","","","","","","","","","","","","","","1","18","0","","","","","","","","","","","","","0"
"457","North Carolina","10/30/10","82","HARRELSON","TODD","","","","","","","","","","","","0","0","1","13","0","","","","","","","","","","","","1","29","0","","","","","","","","","","","","","0"
"457","North Carolina","11/06/10","82","HARRELSON","TODD","","","","","","","","","","","","0","0","","","","","","","","","","","","","","","1","22","0","","","","","","","","","","","","","0"
"457","North Carolina","11/13/10","82","HARRELSON","TODD","","","","","","","","","","","","0","0","","","","","","","","","","","","","","","2","58","0","","","","","","","","","","","","","0"
"457","North Carolina","11/20/10","82","HARRELSON","TODD","","","","","","","","","","","","0","0","","","","","","","","","","","","","","","3","68","0","","","","","","","","","","","","","0"
"457","North Carolina","11/27/10","82","HARRELSON","TODD","","","","","","","","","","","","0","0","","","","","","","","","","","","","","","1","14","0","","","","","","","","","","","","","0"
"457","North Carolina","12/30/10","82","HARRELSON","TODD","1","12","0","12","0","","","","","","","1","12","1","28","0","","","","","","","","","","","","2","44","0","","","","","","","","","","","","","0"
"457","North Carolina","09/04/10","88","HIGHSMITH","ERIK","","","","","","","","","","","","0","0","3","36","1","","","","","","","","","","","","","","","1","","","","","","","","","","","","6"
"457","North Carolina","09/18/10","88","HIGHSMITH","ERIK","","","","","","","","","","","","0","0","4","71","1","","","","","","","","","","","","","","","1","","","","","","","","","","","","6"
"457","North Carolina","09/25/10","88","HIGHSMITH","ERIK","","","","","","","","","","","","0","0","2","16","0","","","","","","","","","","","","","","","","","","","","","","","","","","","0"
"457","North Carolina","10/02/10","88","HIGHSMITH","ERIK","","","","","","","","","","","","0","0","1","12","0","","","","","","","","","","","","","","","","","","","","","","","","","","","0"
"457","North Carolina","10/09/10","88","HIGHSMITH","ERIK","","","","","","","","","","","","0","0","3","28","0","","","","","","","","","","","","","","","","","","","","","","","","","","","0"
"457","North Carolina","10/16/10","88","HIGHSMITH","ERIK","","","","","","","","","","","","0","0","1","42","0","","","","","","","","","","","","","","","","","","","","","","","","","","","0"
"457","North Carolina","10/23/10","88","HIGHSMITH","ERIK","","","","","","","","","","","","0","0","2","9","0","","","","","","","","","","","","","","","","","","","","","","","","","","","0"
"457","North Carolina","10/30/10","88","HIGHSMITH","ERIK","","","","","","","","","","","","0","0","1","2","0","","","","","","","","","","","","","","","","","","","","","","","","","","","0"
"457","North Carolina","11/13/10","88","HIGHSMITH","ERIK","","","","","","","","","","","","0","0","2","22","0","","","","","","","","","","","","","","","","","","","","","","","","","","","0"
"457","North Carolina","11/20/10","88","HIGHSMITH","ERIK","","","","","","","","","","","","0","0","5","71","0","","","","","","","","","","","","","","","","","","","","","","","","","","","0"
"457","North Carolina","12/30/10","88","HIGHSMITH","ERIK","","","","","","","","","","","","0","0","1","39","1","","","","","","","","","","","","","","","1","","","","","","","","","","","","6"
"457","North Carolina","11/27/10","89","HURST","NELSON","","","","","","","","","","","","0","0","1","2","0","","","","","","","","","","","","","","","","","","","","","","","","","","","0"
"457","North Carolina","10/16/10","93","JACKSON","TIM","","","","","","","","","","","","0","0","","","","1","1","0","","","","","","","","","","","","","","","","","","","","","","","","0"
"457","North Carolina","09/04/10","83","JONES","DWIGHT","","","","","","","","","","","","0","0","3","12","0","","","","","","","","","","","","","","","","","","","","","","","","","","","0"
"457","North Carolina","09/18/10","83","JONES","DWIGHT","","","","","","","","","","","","0","0","1","10","0","","","","","","","","","","","","","","","","","","","","","","","","","","","0"
"457","North Carolina","09/25/10","83","JONES","DWIGHT","","","","","","","","","","","","0","0","4","43","0","","","","","","","","","","","","","","","","","","","","","","","","","","","0"
"457","North Carolina","10/02/10","83","JONES","DWIGHT","","","","","","","","","","","","0","0","3","35","1","","","","","","","","","","","","","","","1","","","","","","","","","","","","6"
"457","North Carolina","10/09/10","83","JONES","DWIGHT","","","","","","","","","","","","0","0","1","4","0","","","","","","","","","","","","","","","","","","","","","","","","","","","0"
"457","North Carolina","10/16/10","83","JONES","DWIGHT","","","","","","","","","","","","0","0","7","198","2","","","","","","","","","","","","","","","2","","","","","","","","","","","","12"
"457","North Carolina","10/23/10","83","JONES","DWIGHT","","","","","","","","","","","","0","0","4","74","0","","","","","","","","","","","","","","","","","","","","","","","","","","","0"
"457","North Carolina","10/30/10","83","JONES","DWIGHT","","","","","","","","","","","","0","0","9","107","0","","","","","","","","","","","","","","","","","","","","","","","","","","","0"
"457","North Carolina","11/06/10","83","JONES","DWIGHT","","","","","","","","","","","","0","0","8","233","1","","","","","","","","","","","","","","","1","","","","","","","","","","","","6"
"457","North Carolina","11/13/10","83","JONES","DWIGHT","","","","","","","","","","","","0","0","1","4","0","","","","","","","","","","","","","","","","","","","","","","","","","","","0"
"457","North Carolina","11/20/10","83","JONES","DWIGHT","","","","","","","","","","","","0","0","5","54","0","","","","","","","","","","","","","","","","","","","","","","","","","","","0"
"457","North Carolina","11/27/10","83","JONES","DWIGHT","","","","","","","","","","","","0","0","11","121","0","","","","","","","","","","","","","","","","","","","","","","","","","","","0"
"457","North Carolina","12/30/10","83","JONES","DWIGHT","","","","","","","","","","","","0","0","5","51","0","","","","","","","","","","","","","","","","","","","","","","","","","","","0"
"457","North Carolina","10/16/10","25","MERLETTI","MATT","","","","","","","","","","","","0","0","","","","1","0","0","","","","","","","","","","","","","","","","","","","","","","","","0"
"457","North Carolina","11/13/10","25","MERLETTI","MATT","","","","","","","","","","","","0","0","","","","","","","","","","","","","","","3","62","0","","","","","","","","","","","","","0"
"457","North Carolina","11/20/10","25","MERLETTI","MATT","","","","","","","","","","","","0","0","","","","","","","","","","","","","","","1","18","0","","","","","","","","","","","","","0"
"457","North Carolina","11/27/10","25","MERLETTI","MATT","","","","","","","","","","","","0","0","","","","","","","","","","","","","","","1","11","0","","","","","","","","","","","","","0"
"457","North Carolina","09/04/10","17","PIANALTO","ZACK","","","","","","","","","","","","0","0","8","74","0","","","","","","","","","","","","","","","","","","","","","","","","","","","0"
"457","North Carolina","09/18/10","17","PIANALTO","ZACK","","","","","","","","","","","","0","0","7","62","0","","","","","","","","","","","","","","","","","","","","","","","","","","","0"
"457","North Carolina","09/25/10","17","PIANALTO","ZACK","","","","","","","","","","","","0","0","4","20","0","","","","","","","","","","","","","","","","","","","","","","","","","","","0"
"457","North Carolina","10/02/10","17","PIANALTO","ZACK","","","","","","","","","","","","0","0","7","95","0","","","","","","","","","","","","","","","","","","","","","","","","","","","0"
"457","North Carolina","10/09/10","17","PIANALTO","ZACK","","","","","","","","","","","","0","0","1","6","0","","","","","","","","","","","","","","","","","","","","","","","","","","","0"
"457","North Carolina","10/16/10","17","PIANALTO","ZACK","","","","","","","","","","","","0","0","3","54","1","","","","","","","","","","","","","","","1","","","","","","","","","","","","6"
"457","North Carolina","11/27/10","4","PRICE","JABARI","","","","","","","","","","","","0","0","","","","1","29","0","","","","","","","","","","","","","","","","","","","","","","","","0"
"457","North Carolina","09/04/10","45","RAMSEY","DEVON","","","","","","","","","","","","0","0","1","9","1","","","","","","","","","","","","","","","1","","","","","","","","","","","","6"
"457","North Carolina","09/25/10","45","RAMSEY","DEVON","","","","","","","","","","","","0","0","1","6","0","","","","","","","","","","","","","","","","","","","","","","","","","","","0"
"457","North Carolina","10/02/10","48","REDDICK","KEVIN","","","","","","","","","","","","0","0","","","","1","0","0","","","","","","","","","","","","","","","","","","","","","","","","0"
"457","North Carolina","10/16/10","48","REDDICK","KEVIN","","","","","","","","","","","","0","0","","","","1","22","1","","","","","","","","","","","","1","","","","","","","","","","","","6"
"457","North Carolina","09/18/10","2","RENNER","BRYN","","","","","","1","0","0","0","0","","1","0","","","","","","","","","","","","","","","","","","","","","","","","","","","","","","0"
"457","North Carolina","10/16/10","2","RENNER","BRYN","","","","","","1","1","0","14","0","","1","14","","","","","","","","","","","","","","","","","","","","","","","","","","","","","","0"
"457","North Carolina","11/20/10","2","RENNER","BRYN","","","","","","","","","","","","0","0","","","","","","","","","","1","27","","","","","","","","","","","","","","","","","","","0"
"457","North Carolina","10/02/10","1","ROBINSON","GENE","","","","","","","","","","","","0","0","","","","1","0","0","","","","","","","","","","","","","","","","","","","","","","","","0"
"457","North Carolina","09/04/10","39","SCHALLOCK","GRANT","","","","","","","","","","","","0","0","","","","","","","","","","7","313","","","","","","","","","","","","","","","","","","","0"
"457","North Carolina","09/18/10","39","SCHALLOCK","GRANT","","","","","","","","","","","","0","0","","","","","","","","","","1","45","","","","","","","","","","","","","","","","","","","0"
"457","North Carolina","09/25/10","39","SCHALLOCK","GRANT","","","","","","","","","","","","0","0","","","","","","","","","","1","40","","","","","","","","","","","","","","","","","","","0"
"457","North Carolina","10/02/10","21","SEARCY","DA'NORRIS","","","","","","","","","","","","0","0","","","","1","46","1","","","","","","3","24","0","2","55","0","1","","","","","","","","","","","","6"
"457","North Carolina","10/09/10","21","SEARCY","DA'NORRIS","","","","","","","","","","","","0","0","","","","","","","","","","","","1","7","0","3","91","0","","","","","","","","","","","","","0"
"457","North Carolina","10/16/10","21","SEARCY","DA'NORRIS","","","","","","","","","","","","0","0","","","","1","2","0","","","","","","","","","2","43","0","","","","","","","","","","","","","0"
"457","North Carolina","10/23/10","21","SEARCY","DA'NORRIS","","","","","","","","","","","","0","0","","","","1","5","0","","","","","","","","","1","19","0","","","","","","","","","","","","","0"
"457","North Carolina","11/06/10","21","SEARCY","DA'NORRIS","","","","","","","","","","","","0","0","","","","","","","","","","","","2","44","0","1","27","0","","","","","","","","","","","","","0"
"457","North Carolina","11/13/10","21","SEARCY","DA'NORRIS","","","","","","","","","","","","0","0","","","","","","","","","","","","1","-9","0","1","22","0","","","","","","","","","","","","","0"
"457","North Carolina","11/20/10","21","SEARCY","DA'NORRIS","","","","","","","","","","","","0","0","","","","1","0","0","","","","","","2","16","0","","","","","","","","","","","","","","","","0"
"457","North Carolina","11/27/10","21","SEARCY","DA'NORRIS","","","","","","","","","","","","0","0","","","","","","","","","","","","1","3","0","","","","","","","","","","","","","","","","0"
"457","North Carolina","12/30/10","21","SEARCY","DA'NORRIS","","","","","","","","","","","","0","0","","","","","","","","","","","","2","8","0","2","42","0","","","","","","","","","","","","","0"
"457","North Carolina","09/04/10","52","STURDIVANT","QUAN","","","","","","","","","","","","0","0","","","","","","","1","9","0","","","","","","","","","","","","","","","","","","","","","0"
"457","North Carolina","12/30/10","52","STURDIVANT","QUAN","","","","","","","","","","","","0","0","","","","1","0","0","","","","","","","","","","","","","","","","","","","","","","","","0"
"457","North Carolina","09/04/10","49","TAYLOR","RYAN","","","","","","","","","","","","0","0","1","6","0","","","","","","","","","","","","","","","","","","","","","","","","","","","0"
"457","North Carolina","09/18/10","49","TAYLOR","RYAN","","","","","","","","","","","","0","0","1","10","0","","","","","","","","","","","","","","","","","","","","","","","","","","","0"
"457","North Carolina","09/25/10","49","TAYLOR","RYAN","","","","","","","","","","","","0","0","3","16","1","","","","","","","","","","","","","","","1","","","","","","","","","","","","6"
"457","North Carolina","10/02/10","49","TAYLOR","RYAN","","","","","","","","","","","","0","0","2","6","0","","","","","","","","","","","","","","","","","","","","","","","","","","","0"
"457","North Carolina","10/09/10","49","TAYLOR","RYAN","","","","","","","","","","","","0","0","2","9","0","","","","","","","","","","","","","","","","","","","","","","","","","","","0"
"457","North Carolina","10/23/10","49","TAYLOR","RYAN","","","","","","","","","","","","0","0","2","13","0","","","","","","","","","","","","","","","","","","","","","","","","","","","0"
"457","North Carolina","10/30/10","49","TAYLOR","RYAN","","","","","","","","","","","","0","0","3","19","1","","","","","","","","","","","","","","","1","","","","","","","","","","","","6"
"457","North Carolina","11/06/10","49","TAYLOR","RYAN","","","","","","","","","","","","0","0","2","34","0","","","","","","","","","","","","","","","","","","","","","","","","","","","0"
"457","North Carolina","11/20/10","49","TAYLOR","RYAN","","","","","","","","","","","","0","0","5","57","0","","","","","","","","","","","","","","","","","","","","","","","","","","","0"
"457","North Carolina","11/27/10","49","TAYLOR","RYAN","","","","","","","","","","","","0","0","6","75","0","","","","","","","","","","","","","","","","","","","","","","","","","","","0"
"457","North Carolina","12/30/10","49","TAYLOR","RYAN","","","","","","","","","","","","0","0","9","85","0","","","","","","","","","","","","","","","","","","","","","","","","","","","0"
"457","North Carolina","09/04/10","34","WHITE","JOHNNY","8","33","4","29","0","","","","","","","8","29","2","12","0","","","","","","","","","","","","","","","","","","","","","","","","","","","0"
"457","North Carolina","09/18/10","34","WHITE","JOHNNY","17","115","2","113","1","","","","","","","17","113","2","35","0","","","","","","","","","","","","","","","1","","","","","","","","","","","","6"
"457","North Carolina","09/25/10","34","WHITE","JOHNNY","10","40","4","36","1","","","","","","","10","36","4","63","0","","","","","","","","","","","","","","","1","","","","","","","","","","","","6"
"457","North Carolina","10/02/10","34","WHITE","JOHNNY","16","140","0","140","0","","","","","","","16","140","1","0","0","","","","","","","","","","","","","","","","","","","","","","","","","","","0"
"457","North Carolina","10/09/10","34","WHITE","JOHNNY","22","105","16","89","2","","","","","","","22","89","6","90","0","","","","","","","","","","","","","","","2","","","","","","","","","","","","12"
"457","North Carolina","10/16/10","34","WHITE","JOHNNY","13","61","4","57","0","","","","","","","13","57","2","12","0","","","","","","","","","","","","","","","","","","","","","","","","","","","0"
"457","North Carolina","10/23/10","34","WHITE","JOHNNY","8","88","3","85","1","","","","","","","8","85","2","27","0","","","","","","","","","","","","","","","1","","","","","","","","","","","","6"
"457","North Carolina","10/30/10","34","WHITE","JOHNNY","29","169","5","164","1","","","","","","","29","164","2","23","0","","","","","","","","","","","","","","","1","","","","","","","","","","","","6"
"457","North Carolina","11/06/10","34","WHITE","JOHNNY","7","12","5","7","1","","","","","","","7","7","3","26","0","","","","","","","","","","","","","","","1","","","","","","","","","","","","6"
"457","North Carolina","10/23/10","33","WILSON","CHRISTIAN","","","","","","","","","","","","0","0","1","8","0","","","","","","","","","","","","","","","","","","","","","","","","","","","0"
"457","North Carolina","11/20/10","33","WILSON","CHRISTIAN","","","","","","","","","","","","0","0","1","1","1","","","","","","","","","","","","1","12","0","1","","","","","","","","","","","","6"
"457","North Carolina","11/27/10","33","WILSON","CHRISTIAN","","","","","","","","","","","","0","0","1","6","0","","","","","","","","","","","","","","","","","","","","","","","","","","","0"
"457","North Carolina","12/30/10","33","WILSON","CHRISTIAN","","","","","","","","","","","","0","0","2","17","0","","","","","","","","","","","","","","","","","","","","","","","","","","","0"
"457","North Carolina","09/04/10","13","YATES","T.J.","6","8","46","-38","0","46","28","0","412","3","","52","374","","","","","","","","","","","","","","","","","","","","","","","","","","","","","","0"
"457","North Carolina","09/18/10","13","YATES","T.J.","8","18","8","10","1","24","18","0","209","1","","32","219","","","","","","","","","","","","","","","","","","1","","","","","","","","","","","","6"
"457","North Carolina","09/25/10","13","YATES","T.J.","4","13","13","0","0","30","22","1","204","1","","34","204","","","","","","","","","","","","","","","","","","","","","","","","","","","","","","0"
"457","North Carolina","10/02/10","13","YATES","T.J.","3","2","16","-14","0","26","18","0","181","2","","29","167","","","","","","","","","","","","","","","","","","","","","","","","","","","","","","0"
"457","North Carolina","10/09/10","13","YATES","T.J.","5","10","16","-6","0","34","18","0","164","1","","39","158","","","","","","","","","","","","","","","","","","","","","","","","","","","","","","0"
"457","North Carolina","10/16/10","13","YATES","T.J.","3","16","0","16","0","22","17","0","325","3","","25","341","","","","","","","","","","","","","","","","","","","","","","","","","","","","","","0"
"457","North Carolina","10/23/10","13","YATES","T.J.","10","11","19","-8","0","21","12","2","140","0","","31","132","","","","","","","","","","","","","","","","","","","","","","","","","","","","","","0"
"457","North Carolina","10/30/10","13","YATES","T.J.","5","21","7","14","1","33","23","1","238","1","","38","252","","","","","","","","","","","","","","","","","","1","","","","","","","","","","","","6"
"457","North Carolina","11/06/10","13","YATES","T.J.","10","28","24","4","0","35","24","0","439","3","","45","443","","","","","","","","","","","","","","","","","","","","","","","","","","","","","","0"
"457","North Carolina","11/13/10","13","YATES","T.J.","8","40","23","17","0","33","18","4","197","0","","41","214","","","","","","","","","","","","","","","","","","","","","","","","","","","","","","0"
"457","North Carolina","11/20/10","13","YATES","T.J.","8","2","55","-53","0","44","33","0","411","2","0","52","358","","","","","","","","","","","","","","","","","","","","","1","0","","","","","","","","0"
"457","North Carolina","11/27/10","13","YATES","T.J.","5","18","9","9","0","35","28","0","264","1","","40","273","","","","","","","","","","","","","","","","","","","","","","","","","","","","","","0"
"457","North Carolina","12/30/10","13","YATES","T.J.","4","1","29","-28","1","39","23","1","234","1","","43","206","","","","","","","","","","","","","","","","","","1","","","","","","","","","","","","6"
"490","North Carolina St.","11/27/10","1","AMERSON","DAVID","","","","","","","","","","","","0","0","","","","","","","","","","","","","","","1","17","0","","","","","","","","","","","","","0"
"490","North Carolina St.","10/02/10","30","BISHOP","BRANDAN","","","","","","","","","","","","0","0","","","","1","39","0","","","","","","","","","","","","","","","","","","","","","","","","0"
"490","North Carolina St.","10/09/10","30","BISHOP","BRANDAN","","","","","","","","","","","","0","0","","","","2","15","0","","","","","","","","","","","","","","","","","","","","","","","","0"
"490","North Carolina St.","12/28/10","30","BISHOP","BRANDAN","","","","","","","","","","","","0","0","","","","1","0","0","","","","","","","","","","","","","","","","","","","","","","","","0"
"490","North Carolina St.","09/04/10","84","BRYAN","GEORGE","","","","","","","","","","","","0","0","3","23","1","","","","","","","","","","","","","","","1","","","","","","","","","","","","6"
"490","North Carolina St.","09/11/10","84","BRYAN","GEORGE","","","","","","","","","","","","0","0","3","35","0","","","","","","","","","","","","","","","","","","","","","","","","","","","0"
"490","North Carolina St.","09/16/10","84","BRYAN","GEORGE","","","","","","","","","","","","0","0","4","43","0","","","","","","","","","","","","","","","","","","","","","","","","","","","0"
"490","North Carolina St.","09/25/10","84","BRYAN","GEORGE","","","","","","","","","","","","0","0","1","22","0","","","","","","","","","","","","","","","","","","","","","","","","","","","0"
"490","North Carolina St.","10/02/10","84","BRYAN","GEORGE","","","","","","","","","","","","0","0","2","24","1","","","","","","","","","","","","","","","1","","","","","","","","","","","","6"
"490","North Carolina St.","10/09/10","84","BRYAN","GEORGE","","","","","","","","","","","","0","0","4","64","0","","","","","","","","","","","","","","","","","","","","","","","","","","","0"
"490","North Carolina St.","10/16/10","84","BRYAN","GEORGE","","","","","","","","","","","","0","0","3","29","0","","","","","","","","","","","","","","","","","","","","","","","","","","","0"
"490","North Carolina St.","10/28/10","84","BRYAN","GEORGE","","","","","","","","","","","","0","0","2","10","1","","","","","","","","","","","","","","","1","","","","","","","","","","","","6"
"490","North Carolina St.","11/06/10","84","BRYAN","GEORGE","","","","","","","","","","","","0","0","4","51","0","","","","","","","","","","","","","","","","","","","","","","","","","","","0"
"490","North Carolina St.","11/13/10","84","BRYAN","GEORGE","","","","","","","","","","","","0","0","1","7","0","","","","","","","","","","","","","","","","","","","","","","","","","","","0"
"490","North Carolina St.","11/20/10","84","BRYAN","GEORGE","","","","","","","","","","","","0","0","1","12","0","","","","","","","","","","","","","","","","","","","","","","","","","","","0"
"490","North Carolina St.","11/27/10","84","BRYAN","GEORGE","","","","","","","","","","","","0","0","4","24","0","","","","","","","","","","","","","","","","","","","","","","","","","","","0"
"490","North Carolina St.","12/28/10","84","BRYAN","GEORGE","","","","","","","","","","","","0","0","3","25","0","","","","","","","","","","","","","","","","","","","","","","","","","","","0"
"490","North Carolina St.","09/04/10","28","BYERS","JUSTIN","","","","","","","","","","","","0","0","","","","","","","","","","","","1","9","0","","","","","","","","","","","","","","","","0"
"490","North Carolina St.","09/04/10","87","CARTER","MARIO","","","","","","","","","","","","0","0","1","14","0","","","","","","","","","","","","","","","","","","","","","","","","","","","0"
"490","North Carolina St.","12/28/10","87","CARTER","MARIO","","","","","","","","","","","","0","0","2","11","0","","","","","","","","","","","","","","","","","","","","","","","","","","","0"
"490","North Carolina St.","09/11/10","42","COLE","AUDIE","","","","","","","","","","","","0","0","","","","1","0","0","","","","","","","","","","","","","","","","","","","","","","","","0"
"490","North Carolina St.","10/16/10","42","COLE","AUDIE","","","","","","","","","","","","0","0","","","","","","","1","26","0","","","","","","","","","","","","","","","","","","","","","0"
"490","North Carolina St.","09/04/10","3C","COUNTS","DONOVAN","","","","","","","","","","","","0","0","1","2","0","","","","","","","","","","","","","","","","","","","","","","","","","","","0"
"490","North Carolina St.","10/09/10","3C","COUNTS","DONOVAN","","","","","","","","","","","","0","0","1","3","0","","","","","","","","","","","","","","","","","","","","","","","","","","","0"
"490","North Carolina St.","09/04/10","36","CZAJKOWSKI","JOSH","","","","","","","","","","","","0","0","","","","","","","","","","","","","","","","","","","4","4","0","0","","","","","2","2","","10"
"490","North Carolina St.","09/11/10","36","CZAJKOWSKI","JOSH","","","","","","","","","","","","0","0","","","","","","","","","","","","","","","","","","","4","4","0","0","","","","","","","","4"
"490","North Carolina St.","09/16/10","36","CZAJKOWSKI","JOSH","","","","","","","","","","","","0","0","","","","","","","","","","","","","","","","","","","4","3","0","0","","","","","1","1","","6"
"490","North Carolina St.","09/25/10","36","CZAJKOWSKI","JOSH","","","","","","","","","","","","0","0","","","","","","","","","","","","","","","","","","","6","6","0","0","","","","","3","1","","9"
"490","North Carolina St.","10/02/10","36","CZAJKOWSKI","JOSH","","","","","","","","","","","","0","0","","","","","","","","","","","","","","","","","","","3","3","0","0","","","","","3","3","","12"
"490","North Carolina St.","10/09/10","36","CZAJKOWSKI","JOSH","","","","","","","","","","","","0","0","","","","","","","","","","","","","","","","","","","5","5","0","0","","","","","3","3","","14"
"490","North Carolina St.","10/16/10","36","CZAJKOWSKI","JOSH","","","","","","","","","","","","0","0","","","","","","","","","","","","","","","","","","","3","3","0","0","","","","","3","2","","9"
"490","North Carolina St.","10/28/10","36","CZAJKOWSKI","JOSH","","","","","","","","","","","","0","0","","","","","","","","","","","","","","","","","","","4","4","0","0","","","","","","","","4"
"490","North Carolina St.","11/06/10","36","CZAJKOWSKI","JOSH","","","","","","","","","","","","0","0","","","","","","","","","","","","","","","","","","","1","1","0","0","","","","","3","2","","7"
"490","North Carolina St.","11/20/10","36","CZAJKOWSKI","JOSH","","","","","","","","","","","","0","0","","","","","","","","","","","","","","","","","","","3","3","0","0","","","","","2","2","","9"
"490","North Carolina St.","11/27/10","36","CZAJKOWSKI","JOSH","","","","","","","","","","","","0","0","","","","","","","","","","","","","","","","","","","4","4","0","0","","","","","2","1","","7"
"490","North Carolina St.","12/28/10","36","CZAJKOWSKI","JOSH","","","","","","","","","","","","0","0","","","","","","","","","","","","","","","","","","","2","2","0","0","","","","","4","3","","11"
"490","North Carolina St.","09/04/10","15","DAVIS","DARRELL","","","","","","","","","","","","0","0","2","16","0","","","","","","","","","","","","","","","","","","","","","","","","","","","0"
"490","North Carolina St.","09/11/10","15","DAVIS","DARRELL","","","","","","","","","","","","0","0","2","38","1","","","","","","","","","","","","","","","1","","","","","","","","","","","","6"
"490","North Carolina St.","09/16/10","15","DAVIS","DARRELL","","","","","","","","","","","","0","0","1","2","0","","","","","","","","","","","","","","","","","","","","","","","","","","","0"
"490","North Carolina St.","09/25/10","15","DAVIS","DARRELL","","","","","","","","","","","","0","0","3","32","0","","","","","","","","","","","","","","","","","","","","","","","","","","","0"
"490","North Carolina St.","10/09/10","15","DAVIS","DARRELL","","","","","","","","","","","","0","0","3","25","1","","","","","","","","","","","","","","","1","","","","","","","","","","","","6"
"490","North Carolina St.","10/16/10","15","DAVIS","DARRELL","","","","","","","","","","","","0","0","1","5","0","","","","","","","","","","","","","","","","","","","","","","","","","","","0"
"490","North Carolina St.","10/28/10","15","DAVIS","DARRELL","","","","","","","","","","","","0","0","2","44","0","","","","","","","","","","","","","","","","","","","","","","","","","","","0"
"490","North Carolina St.","11/20/10","15","DAVIS","DARRELL","","","","","","","","","","","","0","0","3","11","1","","","","","","","","","","","","","","","1","","","","","","","","","","","","6"
"490","North Carolina St.","11/27/10","15","DAVIS","DARRELL","","","","","","","","","","","","0","0","4","86","0","","","","","","","","","","","","","","","","","","","","","","","","","","","0"
"490","North Carolina St.","12/28/10","15","DAVIS","DARRELL","","","","","","","","","","","","0","0","5","68","0","","","","","","","","","","","","","","","","","","","","","","","","","","","0"
"490","North Carolina St.","09/04/10","4B","FLINT","J. ELLIS","","","","","","","","","","","","0","0","","","","","","","","","","","","","","","","","","","2","2","0","0","","","","","","","","2"
"490","North Carolina St.","09/04/10","47","GENTRY","TAYLOR","","","","","","","","","","","","0","0","1","1","1","","","","","","","","","","","","","","","1","","","","","","","","","","","","6"
"490","North Carolina St.","09/16/10","47","GENTRY","TAYLOR","","","","","","","","","","","","0","0","3","20","1","","","","","","","","","","","","","","","1","","","","","","","","","","","","6"
"490","North Carolina St.","09/25/10","47","GENTRY","TAYLOR","","","","","","","","","","","","0","0","2","29","0","","","","","","","","","","","","","","","","","","","","","","","","","","","0"
"490","North Carolina St.","10/02/10","47","GENTRY","TAYLOR","","","","","","","","","","","","0","0","1","3","0","","","","","","","","","","","","1","14","0","","","","","","","","","","","","","0"
"490","North Carolina St.","10/16/10","47","GENTRY","TAYLOR","","","","","","","","","","","","0","0","2","17","0","","","","","","","","","","","","","","","","","","","","","","","","","","","0"
"490","North Carolina St.","11/13/10","47","GENTRY","TAYLOR","","","","","","","","","","","","0","0","1","14","0","","","","","","","","","","","","","","","","","","","","","","","","","","","0"
"490","North Carolina St.","11/20/10","47","GENTRY","TAYLOR","","","","","","","","","","","","0","0","2","18","0","","","","","","","","","","","","","","","","","","","","","","","","","","","0"
"490","North Carolina St.","12/28/10","47","GENTRY","TAYLOR","","","","","","","","","","","","0","0","2","14","0","","","","","","","","","","","","","","","","","","","","","","","","","","","0"
"490","North Carolina St.","09/04/10","8","GLENNON","MIKE","","","","","","5","2","0","31","0","","5","31","","","","","","","","","","","","","","","","","","","","","","","","","","","","","","0"
"490","North Carolina St.","10/09/10","8","GLENNON","MIKE","1","3","0","3","0","4","3","0","19","0","","5","22","","","","","","","","","","","","","","","","","","","","","","","","","","","","","","0"
"490","North Carolina St.","11/13/10","8","GLENNON","MIKE","","","","","","4","4","0","28","0","","4","28","","","","","","","","","","","","","","","","","","","","","","","","","","","","","","0"
"490","North Carolina St.","09/04/10","6","GRAHAM","T.J.","","","","","","","","","","","","0","0","6","96","2","","","","","","","","","","","","1","50","0","2","","","","","","","","","","","","12"
"490","North Carolina St.","09/11/10","6","GRAHAM","T.J.","","","","","","","","","","","","0","0","1","4","0","","","","","","","","","2","20","0","4","71","0","","","","","","","","","","","","","0"
"490","North Carolina St.","09/16/10","6","GRAHAM","T.J.","","","","","","","","","","","","0","0","1","7","0","","","","","","","","","1","-3","0","1","28","0","","","","","","","","","","","","","0"
"490","North Carolina St.","09/25/10","6","GRAHAM","T.J.","","","","","","","","","","","","0","0","3","54","1","","","","","","","","","1","4","0","5","88","0","1","","","","","","","","","","","","6"
"490","North Carolina St.","10/02/10","6","GRAHAM","T.J.","1","0","7","-7","0","","","","","","","1","-7","","","","","","","","","","","","3","13","0","3","57","0","","","","","","","","","","","","","0"
"490","North Carolina St.","10/09/10","6","GRAHAM","T.J.","","","","","","","","","","","","0","0","4","40","0","","","","","","","","","3","16","0","2","31","0","","","","","","","","","","","","","0"
"490","North Carolina St.","10/16/10","6","GRAHAM","T.J.","","","","","","","","","","","","0","0","2","77","1","","","","","","","","","","","","1","-4","0","1","","","","","","","","","","","","6"
"490","North Carolina St.","10/28/10","6","GRAHAM","T.J.","","","","","","","","","","","","0","0","","","","","","","","","","","","2","8","0","","","","","","","","","","","","","","","","0"
"490","North Carolina St.","11/06/10","6","GRAHAM","T.J.","","","","","","","","","","","","0","0","4","22","0","","","","","","","","","","","","1","18","0","","","","","","","","","","","","","0"
"490","North Carolina St.","11/13/10","6","GRAHAM","T.J.","","","","","","","","","","","","0","0","1","12","0","","","","","","","","","3","6","0","1","32","0","","","","","","","","","","","","","0"
"490","North Carolina St.","11/20/10","6","GRAHAM","T.J.","","","","","","","","","","","","0","0","","","","","","","","","","","","2","88","1","5","100","0","1","","","","","","","","","","","","6"
"490","North Carolina St.","11/27/10","6","GRAHAM","T.J.","","","","","","","","","","","","0","0","1","-3","0","","","","","","","","","2","2","0","3","41","0","","","","","","","","","","","","","0"
"490","North Carolina St.","12/28/10","6","GRAHAM","T.J.","","","","","","","","","","","","0","0","2","7","0","","","","","","","","","","","","2","53","0","","","","","","","","","","","","","0"
"490","North Carolina St.","10/09/10","31","GREEN","D.J.","","","","","","","","","","","","0","0","","","","","","","","","","","","0","0","1","","","","1","","","","","","","","","","","","6"
"490","North Carolina St.","09/04/10","33","GREENE","MUSTAFA","10","35","0","35","1","","","","","","","10","35","2","22","0","","","","","","","","","","","","","","","1","","","","","","","","","","","","6"
"490","North Carolina St.","09/11/10","33","GREENE","MUSTAFA","14","63","8","55","1","","","","","","","14","55","1","6","0","","","","","","","","","","","","","","","1","","","","","","","","","","","","6"
"490","North Carolina St.","09/16/10","33","GREENE","MUSTAFA","16","85","1","84","1","","","","","","","16","84","5","54","0","","","","","","","","","","","","","","","1","","","","","","","","","","","","6"
"490","North Carolina St.","09/25/10","33","GREENE","MUSTAFA","13","68","0","68","1","","","","","","","13","68","4","41","0","","","","","","","","","","","","","","","1","","","","","","","","","","","","6"
"490","North Carolina St.","10/02/10","33","GREENE","MUSTAFA","10","94","3","91","0","","","","","","","10","91","3","30","0","","","","","","","","","","","","","","","","","","","","","","","","","","","0"
"490","North Carolina St.","10/09/10","33","GREENE","MUSTAFA","6","11","0","11","0","","","","","","","6","11","2","8","0","","","","","","","","","","","","","","","","","","","","","","","","","","","0"
"490","North Carolina St.","10/16/10","33","GREENE","MUSTAFA","16","77","2","75","0","","","","","","","16","75","1","5","0","","","","","","","","","","","","","","","","","","","","","","","","","","","0"
"490","North Carolina St.","10/28/10","33","GREENE","MUSTAFA","17","79","3","76","0","","","","","","","17","76","2","15","0","","","","","","","","","","","","","","","","","","","","","","","","","","","0"
"490","North Carolina St.","11/06/10","33","GREENE","MUSTAFA","12","27","1","26","0","","","","","","","12","26","2","20","1","","","","","","","","","","","","","","","1","","","","","","","","","","","","6"
"490","North Carolina St.","11/13/10","33","GREENE","MUSTAFA","6","15","3","12","0","","","","","","","6","12","3","22","0","","","","","","","","","","","","","","","","","","","","","","","","","","","0"
"490","North Carolina St.","11/20/10","33","GREENE","MUSTAFA","9","43","0","43","0","","","","","","","9","43","3","29","0","","","","","","","","","","","","","","","","","","","","","","","","","","","0"
"490","North Carolina St.","11/27/10","33","GREENE","MUSTAFA","2","8","0","8","0","","","","","","","2","8","1","4","0","","","","","","","","","","","","","","","","","","","","","","","","","","","0"
"490","North Carolina St.","12/28/10","33","GREENE","MUSTAFA","3","13","0","13","0","","","","","","","3","13","1","16","1","","","","","","","","","","","","","","","1","","","","","","","","","","","","6"
"490","North Carolina St.","11/13/10","39","HAWTHORNE","","","","","","","","","","","","","0","0","","","","","","","","","","","","","","","","","","","5","5","0","0","","","","","1","1","","8"
"490","North Carolina St.","09/04/10","29","HAYNES","DEAN","13","69","0","69","1","","","","","","","13","69","","","","","","","","","","","","","","","","","","1","","","","","","","","","","","","6"
"490","North Carolina St.","09/11/10","29","HAYNES","DEAN","10","51","2","49","1","","","","","","","10","49","","","","","","","","","","","","","","","","","","1","","","","","","","","","","","","6"
"490","North Carolina St.","09/16/10","29","HAYNES","DEAN","5","23","3","20","0","","","","","","","5","20","","","","","","","","","","","","","","","","","","","","","","","","","","","","","","0"
"490","North Carolina St.","09/25/10","29","HAYNES","DEAN","18","79","4","75","0","","","","","","","18","75","1","34","0","","","","","","","","","","","","","","","","","","","","","","","","","","","0"
"490","North Carolina St.","10/02/10","29","HAYNES","DEAN","12","30","3","27","0","","","","","","","12","27","3","34","1","","","","","","","","","","","","","","","1","","","","","","","","","","","","6"
"490","North Carolina St.","10/09/10","29","HAYNES","DEAN","4","14","0","14","0","","","","","","","4","14","5","17","0","","","","","","","","","","","","","","","","","","","","","","","","","","","0"
"490","North Carolina St.","10/16/10","29","HAYNES","DEAN","10","36","0","36","1","","","","","","","10","36","4","33","0","","","","","","","","","","","","","","","1","","","","","","","","","","","","6"
"490","North Carolina St.","10/28/10","29","HAYNES","DEAN","8","24","2","22","0","","","","","","","8","22","","","","","","","","","","","","","","","","","","","","","","","","","","","","","","0"
"490","North Carolina St.","11/13/10","29","HAYNES","DEAN","1","1","0","1","0","","","","","","","1","1","","","","","","","","","","","","","","","","","","","","","","","","","","","","","","0"
"490","North Carolina St.","11/27/10","29","HAYNES","DEAN","2","7","0","7","0","","","","","","","2","7","","","","","","","","","","","","","","","","","","","","","","","","","","","","","","0"
"490","North Carolina St.","09/04/10","89","HORST","PAUL","","","","","","","","","","","","0","0","1","12","0","","","","","","","","","","","","","","","","","","","","","","","","","","","0"
"490","North Carolina St.","11/13/10","89","HORST","PAUL","","","","","","","","","","","","0","0","1","8","0","","","","","","","","","","","","","","","","","","","","","","","","","","","0"
"490","North Carolina St.","09/04/10","85","HOWARD","STEVEN","","","","","","","","","","","","0","0","2","36","0","","","","","","","","","","","","","","","","","","","","","","","","","","","0"
"490","North Carolina St.","09/16/10","85","HOWARD","STEVEN","","","","","","","","","","","","0","0","1","9","0","","","","","","","","","","","","","","","","","","","","","","","","","","","0"
"490","North Carolina St.","09/25/10","85","HOWARD","STEVEN","","","","","","","","","","","","0","0","2","28","1","","","","","","","","","","","","","","","1","","","","","","","","","","","","6"
"490","North Carolina St.","10/09/10","85","HOWARD","STEVEN","","","","","","","","","","","","0","0","4","27","0","","","","","","","","","","","","","","","","","","","","","","","","","","","0"
"490","North Carolina St.","10/28/10","85","HOWARD","STEVEN","","","","","","","","","","","","0","0","2","9","0","","","","","","","","","","","","","","","","","","","","","","","","","","","0"
"490","North Carolina St.","12/28/10","85","HOWARD","STEVEN","","","","","","","","","","","","0","0","1","5","0","","","","","","","","","","","","","","","","","","","","","","","","","","","0"
"490","North Carolina St.","09/04/10","1C","IMHOFF","DANIEL","1","0","4","-4","0","2","2","0","14","0","","3","10","","","","","","","","","","","","","","","","","","","","","","","","","","","","","","0"
"490","North Carolina St.","11/13/10","1C","IMHOFF","DANIEL","1","4","0","4","0","","","","","","","1","4","","","","","","","","","","","","","","","","","","","","","","","","","","","","","","0"
"490","North Carolina St.","10/09/10","48","JACKSON","COLBY","","","","","","","","","","","","0","0","","","","","","","","","","","","1","21","0","","","","","","","","","","","","","","","","0"
"490","North Carolina St.","09/04/10","25","JOHNSON","DONTAE","","","","","","","","","","","","0","0","","","","","","","","","","","","","","","1","3","0","","","","","","","","","","","","","0"
"490","North Carolina St.","10/09/10","25","JOHNSON","DONTAE","","","","","","","","","","","","0","0","","","","","","","","","","","","","","","0","12","0","","","","","","","","","","","","","0"
"490","North Carolina St.","11/13/10","25","JOHNSON","DONTAE","","","","","","","","","","","","0","0","","","","","","","","","","","","","","","1","17","0","","","","","","","","","","","","","0"
"490","North Carolina St.","11/27/10","25","JOHNSON","DONTAE","","","","","","","","","","","","0","0","","","","","","","","","","","","","","","1","8","0","","","","","","","","","","","","","0"
"490","North Carolina St.","09/16/10","3A","LEFFLER","ANDY","","","","","","","","","","","","0","0","","","","","","","","","","1","34","","","","","","","","","","","","","","","","","","","0"
"490","North Carolina St.","09/25/10","3A","LEFFLER","ANDY","","","","","","","","","","","","0","0","","","","","","","","","","3","112","","","","","","","","","","","","","","","","","","","0"
"490","North Carolina St.","10/02/10","3A","LEFFLER","ANDY","","","","","","","","","","","","0","0","","","","","","","","","","4","172","","","","","","","","","","","","","","","","","","","0"
"490","North Carolina St.","10/09/10","3A","LEFFLER","ANDY","","","","","","","","","","","","0","0","","","","","","","","","","4","169","","","","","","","","","","","","","","","","","","","0"
"490","North Carolina St.","10/16/10","3A","LEFFLER","ANDY","","","","","","","","","","","","0","0","","","","","","","","","","2","70","","","","","","","","","","","","","","","","","","","0"
"490","North Carolina St.","10/28/10","3A","LEFFLER","ANDY","","","","","","","","","","","","0","0","","","","","","","","","","4","190","","","","","","","","","","","","","","","","","","","0"
"490","North Carolina St.","11/06/10","3A","LEFFLER","ANDY","","","","","","","","","","","","0","0","","","","","","","","","","5","145","","","","","","","","","","","","","","","","","","","0"
"490","North Carolina St.","11/13/10","3A","LEFFLER","ANDY","","","","","","","","","","","","0","0","","","","","","","","","","2","66","","","","","","","","","","","","","","","","","","","0"
"490","North Carolina St.","11/20/10","3A","LEFFLER","ANDY","","","","","","","","","","","","0","0","","","","","","","","","","4","151","","","","","","","","","","","","","","","","","","","0"
"490","North Carolina St.","09/04/10","3B","LEGGETT","TRAVIS","1","1","0","1","0","","","","","","","1","1","","","","","","","","","","","","","","","","","","","","","","","","","","","","","","0"
"490","North Carolina St.","11/06/10","35","MANNING","TERRELL","","","","","","","","","","","","0","0","","","","1","8","0","","","","","","","","","","","","","","","","","","","","","","","","0"
"490","North Carolina St.","09/16/10","88","PAYTON","QUINTIN","","","","","","","","","","","","0","0","1","9","0","","","","","","","","","","","","","","","","","","","","","","","","","","","0"
"490","North Carolina St.","10/16/10","88","PAYTON","QUINTIN","","","","","","","","","","","","0","0","1","12","0","","","","","","","","","","","","","","","","","","","","","","","","","","","0"
"490","North Carolina St.","10/28/10","88","PAYTON","QUINTIN","","","","","","","","","","","","0","0","1","7","0","","","","","","","","","","","","","","","","","","","","","","","","","","","0"
"490","North Carolina St.","11/13/10","88","PAYTON","QUINTIN","","","","","","","","","","","","0","0","1","10","0","","","","","","","","","","","","","","","","","","","","","","","","","","","0"
"490","North Carolina St.","09/04/10","38","RUIZ","JEFF","","","","","","","","","","","","0","0","","","","","","","","","","2","84","","","","","","","","","","","","","","","","","","","0"
"490","North Carolina St.","09/11/10","38","RUIZ","JEFF","","","","","","","","","","","","0","0","","","","","","","","","","10","337","","","","","","","","","","","","","","","","","","","0"
"490","North Carolina St.","09/16/10","38","RUIZ","JEFF","","","","","","","","","","","","0","0","","","","","","","","","","4","122","","","","","","","","","","","","","","","","","","","0"
"490","North Carolina St.","10/16/10","38","RUIZ","JEFF","","","","","","","","","","","","0","0","","","","","","","","","","4","174","","","","","","","","","","","","","","","","","","","0"
"490","North Carolina St.","11/20/10","38","RUIZ","JEFF","","","","","","","","","","","","0","0","","","","","","","","","","2","105","","","","","","","","","","","","","","","","","","","0"
"490","North Carolina St.","11/27/10","38","RUIZ","JEFF","","","","","","","","","","","","0","0","","","","","","","","","","5","177","","","","","","","","","","","","","","","","","","","0"
"490","North Carolina St.","12/28/10","38","RUIZ","JEFF","","","","","","","","","","","","0","0","","","","","","","","","","6","234","","","","","","","","","","","","","","","","","","","0"
"490","North Carolina St.","09/11/10","86","SMITH","JAY","","","","","","","","","","","","0","0","1","7","0","","","","","","","","","","","","","","","","","","","","","","","","","","","0"
"490","North Carolina St.","09/16/10","86","SMITH","JAY","","","","","","","","","","","","0","0","1","16","1","","","","","","","","","","","","","","","1","","","","","","","","","","","","6"
"490","North Carolina St.","09/25/10","86","SMITH","JAY","","","","","","","","","","","","0","0","1","13","0","","","","","","","","","","","","","","","","","","","","","","","","","","","0"
"490","North Carolina St.","10/02/10","86","SMITH","JAY","","","","","","","","","","","","0","0","2","23","0","","","","","","","","","","","","","","","","","","","","","","","","","","","0"
"490","North Carolina St.","10/16/10","86","SMITH","JAY","","","","","","","","","","","","0","0","1","2","0","","","","","","","","","","","","","","","","","","","","","","","","","","","0"
"490","North Carolina St.","11/06/10","86","SMITH","JAY","","","","","","","","","","","","0","0","1","12","0","","","","","","","","","","","","","","","","","","","","","","","","","","","0"
"490","North Carolina St.","11/13/10","86","SMITH","JAY","","","","","","","","","","","","0","0","1","4","0","","","","","","","","","","","","","","","","","","","","","","","","","","","0"
"490","North Carolina St.","11/27/10","86","SMITH","JAY","","","","","","","","","","","","0","0","1","3","0","","","","","","","","","","","","","","","","","","","","","","","","","","","0"
"490","North Carolina St.","12/28/10","86","SMITH","JAY","","","","","","","","","","","","0","0","1","4","0","","","","","","","","","","","","","","","","","","","","","","","","","","","0"
"490","North Carolina St.","09/04/10","13","SPENCER","OWEN","","","","","","","","","","","","0","0","4","92","0","","","","","","","","","","","","","","","","","","","","","","","","","","","0"
"490","North Carolina St.","09/16/10","13","SPENCER","OWEN","","","","","","","","","","","","0","0","4","50","0","","","","","","","","","","","","","","","","","","","","","","","","","","","0"
"490","North Carolina St.","09/25/10","13","SPENCER","OWEN","","","","","","","","","","","","0","0","6","69","0","","","","","","","","","","","","","","","","","","","","","","","","","","","0"
"490","North Carolina St.","10/02/10","13","SPENCER","OWEN","","","","","","","","","","","","0","0","6","145","0","","","","","","","","","","","","","","","","","","","","","","","","","","","0"
"490","North Carolina St.","10/09/10","13","SPENCER","OWEN","","","","","","","","","","","","0","0","8","70","1","","","","","","","","","","","","","","","1","","","","","","","","","","","","6"
"490","North Carolina St.","10/16/10","13","SPENCER","OWEN","","","","","","","","","","","","0","0","6","98","0","","","","","","","","","","","","","","","","","","","","","","","","","","","0"
"490","North Carolina St.","10/28/10","13","SPENCER","OWEN","","","","","","","","","","","","0","0","2","5","0","","","","","","","","","","","","","","","","","","","","","","","","","","","0"
"490","North Carolina St.","11/06/10","13","SPENCER","OWEN","","","","","","","","","","","","0","0","4","40","0","","","","","","","","","","","","","","","","","","","","","","","","","","","0"
"490","North Carolina St.","11/13/10","13","SPENCER","OWEN","","","","","","","","","","","","0","0","7","138","1","","","","","","","","","","","","","","","1","","","","","","","","","","","","6"
"490","North Carolina St.","11/20/10","13","SPENCER","OWEN","","","","","","","","","","","","0","0","5","92","1","","","","","","","","","","","","","","","1","","","","","","","","","","","","6"
"490","North Carolina St.","11/27/10","13","SPENCER","OWEN","","","","","","","","","","","","0","0","5","69","1","","","","","","","","","","","","","","","1","","","","","","","","","","","","6"
"490","North Carolina St.","12/28/10","13","SPENCER","OWEN","","","","","","","","","","","","0","0","3","44","0","","","","","","","","","","","","","","","","","","","","","","","","","","","0"
"490","North Carolina St.","11/13/10","2A","STONER","MARTY","","","","","","","","","","","","0","0","1","3","0","","","","","","","","","","","","","","","","","","","","","","","","","","","0"
"490","North Carolina St.","09/04/10","3","UNDERWOOD","CURTIS","6","28","0","28","0","","","","","","","6","28","","","","","","","","","","","","","","","","","","","","","","","","","","","","","","0"
"490","North Carolina St.","09/16/10","3","UNDERWOOD","CURTIS","6","23","0","23","0","","","","","","","6","23","1","12","1","","","","","","","","","","","","","","","1","","","","","","","","","","","","6"
"490","North Carolina St.","10/02/10","3","UNDERWOOD","CURTIS","","","","","","","","","","","","0","0","","","","","","","","","","","","","","","1","14","0","","","","","","","","","","","","","0"
"490","North Carolina St.","10/09/10","3","UNDERWOOD","CURTIS","1","0","1","-1","0","","","","","","","1","-1","","","","","","","","","","","","","","","1","1","0","","","","","","","","","","","","","0"
"490","North Carolina St.","11/13/10","3","UNDERWOOD","CURTIS","2","12","0","12","0","","","","","","","2","12","","","","","","","","","","","","","","","","","","","","","","","","","","","","","","0"
"490","North Carolina St.","10/09/10","24","WASHINGTON","JAMES","2","3","0","3","0","","","","","","","2","3","5","28","0","","","","","","","","","","","","1","35","0","","","","","","","","","","","","","0"
"490","North Carolina St.","10/16/10","24","WASHINGTON","JAMES","3","6","0","6","0","","","","","","","3","6","","","","","","","","","","","","","","","4","75","0","","","","","","","","","","","","","0"
"490","North Carolina St.","10/28/10","24","WASHINGTON","JAMES","8","24","1","23","0","","","","","","","8","23","3","22","0","","","","","","","","","","","","2","60","0","","","","","","","","","","","","","0"
"490","North Carolina St.","11/06/10","24","WASHINGTON","JAMES","8","13","5","8","0","","","","","","","8","8","4","49","0","","","","","","","","","","","","2","34","0","","","","","","","","","","","","","0"
"490","North Carolina St.","11/13/10","24","WASHINGTON","JAMES","5","13","0","13","1","","","","","","","5","13","7","36","0","","","","","","","","","","","","","","","1","","","","","","","","","","","","6"
"490","North Carolina St.","11/20/10","24","WASHINGTON","JAMES","12","46","1","45","0","","","","","","","12","45","","","","","","","","","","","","","","","","","","","","","","","","","","","","","","0"
"490","North Carolina St.","11/27/10","24","WASHINGTON","JAMES","15","59","4","55","0","","","","","","","15","55","6","46","1","","","","","","","","","","","","","","","1","","","","","","","","","","","","6"
"490","North Carolina St.","12/28/10","24","WASHINGTON","JAMES","18","62","0","62","0","","","","","","","18","62","2","4","0","","","","","","","","","","","","","","","","","","","","","","","","","","","0"
"490","North Carolina St.","09/25/10","82","WATSON","ASA","","","","","","","","","","","","0","0","","","","","","","","","","","","1","20","0","","","","","","","","","","","","","","","","0"
"490","North Carolina St.","10/28/10","82","WATSON","ASA","","","","","","","","","","","","0","0","1","22","0","","","","","","","","","","","","","","","","","","","","","","","","","","","0"
"490","North Carolina St.","09/04/10","5","WILLIAMS","JARVIS","","","","","","","","","","","","0","0","2","37","0","","","","","","","","","","","","","","","","","","","","","","","","","","","0"
"490","North Carolina St.","09/11/10","5","WILLIAMS","JARVIS","","","","","","","","","","","","0","0","2","15","0","","","","","","","","","","","","","","","","","","","","","","","","","","","0"
"490","North Carolina St.","09/16/10","5","WILLIAMS","JARVIS","","","","","","","","","","","","0","0","4","111","0","","","","","","","","","","","","","","","","","","","","","","","","","","","0"
"490","North Carolina St.","09/25/10","5","WILLIAMS","JARVIS","","","","","","","","","","","","0","0","5","46","1","","","","","","","","","0","1","1","","","","2","","","","","","","","","","","","12"
"490","North Carolina St.","10/02/10","5","WILLIAMS","JARVIS","","","","","","","","","","","","0","0","4","103","1","","","","","","","","","","","","","","","1","","","","","","","","","","","","6"
"490","North Carolina St.","10/09/10","5","WILLIAMS","JARVIS","","","","","","","","","","","","0","0","5","65","1","","","","","","","","","","","","","","","1","","","","","","","","","","","","6"
"490","North Carolina St.","10/16/10","5","WILLIAMS","JARVIS","","","","","","","","","","","","0","0","5","44","0","","","","","","","","","","","","","","","","","","","","","","","","","","","0"
"490","North Carolina St.","10/28/10","5","WILLIAMS","JARVIS","","","","","","","","","","","","0","0","3","44","0","","","","","","","","","","","","","","","","","","","","","","","","","","","0"
"490","North Carolina St.","11/06/10","5","WILLIAMS","JARVIS","","","","","","","","","","","","0","0","3","18","0","","","","","","","","","","","","","","","","","","","","","","","","","","","0"
"490","North Carolina St.","11/13/10","5","WILLIAMS","JARVIS","","","","","","","","","","","","0","0","4","74","1","","","","","","","","","","","","","","","1","","","","","","","","","","","","6"
"490","North Carolina St.","11/20/10","5","WILLIAMS","JARVIS","","","","","","","","","","","","0","0","1","1","0","","","","","","","","","","","","","","","","","","","","","","","","","","","0"
"490","North Carolina St.","11/27/10","5","WILLIAMS","JARVIS","","","","","","","","","","","","0","0","8","78","0","","","","","","","","","","","","","","","","","","","","","","","","","","","0"
"490","North Carolina St.","12/28/10","5","WILLIAMS","JARVIS","","","","","","","","","","","","0","0","6","77","1","","","","","","","","","","","","","","","1","","","","","","","","","","","","6"
"490","North Carolina St.","09/11/10","20","WILSON","C.J.","","","","","","","","","","","","0","0","","","","1","43","1","","","","","","","","","","","","1","","","","","","","","","","","","6"
"490","North Carolina St.","10/09/10","20","WILSON","C.J.","","","","","","","","","","","","0","0","","","","1","28","1","","","","","","","","","","","","1","","","","","","","","","","","","6"
"490","North Carolina St.","09/04/10","16","WILSON","RUSSELL","5","10","10","0","0","31","21","0","306","4","","36","306","","","","","","","","","","","","","","","","","","","","","","","","","","","","","","0"
"490","North Carolina St.","09/11/10","16","WILSON","RUSSELL","13","49","14","35","0","30","10","0","105","1","","43","140","","","","","","","","","","","","","","","","","","","","","","","","","","","","","","0"
"490","North Carolina St.","09/16/10","16","WILSON","RUSSELL","8","40","7","33","0","40","26","0","333","3","","48","366","","","","","","","","","","","","","","","","","","","","","","","","","","","","","","0"
"490","North Carolina St.","09/25/10","16","WILSON","RUSSELL","9","35","19","16","1","41","28","1","368","3","","50","384","","","","","","","","","","","","","","","","","","1","","","","","","","","","","","","6"
"490","North Carolina St.","10/02/10","16","WILSON","RUSSELL","10","42","8","34","0","49","21","3","362","3","","59","396","","","","","","","","","","","","","","","","","","","","","","","","","","","","","","0"
"490","North Carolina St.","10/09/10","16","WILSON","RUSSELL","14","67","22","45","0","51","38","2","328","3","","65","373","","","","","","","","","","","","","","","","","","","","","","","","","","","","","","0"
"490","North Carolina St.","10/16/10","16","WILSON","RUSSELL","10","39","2","37","1","52","26","3","322","1","","62","359","","","","","","","","","","","","","","","","","","1","","","","","","","","","","","","6"
"490","North Carolina St.","10/28/10","16","WILSON","RUSSELL","17","90","21","69","3","28","18","1","178","1","","45","247","","","","","","","","","","","","","","","","","","3","","","","","","","","","","","","18"
"490","North Carolina St.","11/06/10","16","WILSON","RUSSELL","9","50","21","29","0","36","22","1","212","1","","45","241","","","","","","","","","","","","","","","","","","","","","","","","","","","","","","0"
"490","North Carolina St.","11/13/10","16","WILSON","RUSSELL","7","32","15","17","2","35","24","1","300","2","","42","317","","","","","","","","","","","","","","","","","","2","","","","","","","","","","","","12"
"490","North Carolina St.","11/20/10","16","WILSON","RUSSELL","10","58","32","26","0","29","15","1","163","2","","39","189","","","","","","","","","","","","","","","","","","","","","","","","","","","","","","0"
"490","North Carolina St.","11/27/10","16","WILSON","RUSSELL","17","95","42","53","2","60","31","1","311","2","","77","364","1","4","0","","","","","","","","","","","","","","","2","","","","","","","","","","","","12"
"490","North Carolina St.","12/28/10","16","WILSON","RUSSELL","14","60","19","41","0","45","28","0","275","2","","59","316","","","","","","","","","","","","","","","","","","","","","","","","","","","","","","0"
"490","North Carolina St.","09/11/10","27","WOLFF","EARL","","","","","","","","","","","","0","0","","","","1","31","0","","","","","","","","","","","","","","","","","","","","","","","","0"
"497","North Texas","09/04/10","41","ATTERBERRY","WILL","","","","","","","","","","","","0","0","","","","","","","","","","7","294","","","","","","","","","","","","","","","","","","","0"
"497","North Texas","09/11/10","41","ATTERBERRY","WILL","","","","","","","","","","","","0","0","","","","","","","","","","7","305","","","","","","","","","","","","","","","","","","","0"
"497","North Texas","09/18/10","41","ATTERBERRY","WILL","","","","","","","","","","","","0","0","","","","","","","","","","7","272","","","","","","","","","","","","","","","","","","","0"
"497","North Texas","09/25/10","41","ATTERBERRY","WILL","","","","","","","","","","","","0","0","","","","","","","","","","2","104","","","","","","","","","","","","","","","","","","","0"
"497","North Texas","10/02/10","41","ATTERBERRY","WILL","","","","","","","","","","","","0","0","","","","","","","","","","7","345","","","","","","","","","","","","","","","","","","","0"
"497","North Texas","10/09/10","41","ATTERBERRY","WILL","","","","","","","","","","","","0","0","","","","","","","","","","7","252","","","","","","","","","","","","","","","","","","","0"
"497","North Texas","10/16/10","41","ATTERBERRY","WILL","","","","","","","","","","","","0","0","","","","","","","","","","6","227","","","","","","","","","","","","","","","","","","","0"
"497","North Texas","10/09/10","13","BAINE","CHASE","13","97","17","80","0","17","9","0","77","0","","30","157","","","","","","","","","","","","","","","","","","","","","","","","","","","","","","0"
"497","North Texas","10/16/10","13","BAINE","CHASE","16","63","53","10","0","28","13","0","142","0","","44","152","","","","","","","","","","","","","","","","","","","","","","","","","","","","","","0"
"497","North Texas","11/27/10","13","BAINE","CHASE","1","19","0","19","0","8","4","1","38","1","","9","57","","","","","","","","","","","","","","","","","","","","","","","","","","","","","","0"
"497","North Texas","09/04/10","81","BYNES","CHRIS","","","","","","","","","","","","0","0","1","10","0","","","","","","","","","","","","","","","","","","","","","","","","","","","0"
"497","North Texas","09/11/10","81","BYNES","CHRIS","","","","","","","","","","","","0","0","4","41","0","","","","","","","","","","","","","","","","","","","","","","","","","","","0"
"497","North Texas","09/18/10","81","BYNES","CHRIS","","","","","","","","","","","","0","0","","","","","","","","","","","","1","4","0","","","","","","","","","","","","","","","","0"
"497","North Texas","09/04/10","38","BYRD","BRANDIN","2","7","0","7","0","","","","","","","2","7","","","","","","","","","","","","","","","","","","","","","","","","","","","","","","0"
"497","North Texas","10/09/10","38","BYRD","BRANDIN","1","5","0","5","0","","","","","","","1","5","","","","","","","","","","","","","","","","","","","","","","","","","","","","","","0"
"497","North Texas","10/16/10","38","BYRD","BRANDIN","10","39","0","39","0","","","","","","","10","39","1","6","0","","","","","","","","","","","","","","","","","","","","","","","","","","","0"
"497","North Texas","10/30/10","38","BYRD","BRANDIN","5","83","0","83","1","","","","","","","5","83","","","","","","","","","","","","","","","","","","1","","","","","","","","","","","","6"
"497","North Texas","11/06/10","38","BYRD","BRANDIN","3","12","0","12","0","","","","","","","3","12","","","","","","","","","","","","","","","","","","","","","","","","","","","","","","0"
"497","North Texas","11/13/10","38","BYRD","BRANDIN","7","12","1","11","0","","","","","","","7","11","","","","","","","","","","","","","","","","","","","","","","","","","","","","","","0"
"497","North Texas","11/20/10","38","BYRD","BRANDIN","4","9","3","6","0","","","","","","","4","6","","","","","","","","","","","","","","","","","","","","","","","","","","","","","","0"
"497","North Texas","11/27/10","38","BYRD","BRANDIN","2","6","0","6","0","","","","","","","2","6","","","","","","","","","","","","","","","","","","","","","","","","","","","","","","0"
"497","North Texas","09/04/10","19","CAREY","DARIUS","","","","","","","","","","","","0","0","4","73","1","","","","","","","","","","","","","","","1","","","","","","","","","","","","6"
"497","North Texas","09/11/10","19","CAREY","DARIUS","","","","","","","","","","","","0","0","2","41","0","","","","","","","","","1","-6","0","","","","","","","","","","","","","","","","0"
"497","North Texas","09/18/10","19","CAREY","DARIUS","","","","","","","","","","","","0","0","3","14","0","","","","","","","","","","","","","","","","","","","","","","","","","","","0"
"497","North Texas","09/25/10","19","CAREY","DARIUS","","","","","","","","","","","","0","0","2","69","2","","","","","","","","","1","18","0","","","","2","","","","","","","","","","","","12"
"497","North Texas","10/02/10","19","CAREY","DARIUS","1","21","0","21","0","","","","","","","1","21","5","49","1","","","","","","","","","","","","","","","1","","","","","","","","","","","","6"
"497","North Texas","10/09/10","19","CAREY","DARIUS","1","24","0","24","0","","","","","","","1","24","4","48","0","","","","","","","","","2","14","0","","","","","","","","","","","","","","","","0"
"497","North Texas","10/16/10","19","CAREY","DARIUS","","","","","","","","","","","","0","0","2","54","0","","","","","","","","","","","","","","","","","","","","","","","","","","","0"
"497","North Texas","10/30/10","19","CAREY","DARIUS","1","0","3","-3","0","","","","","","","1","-3","3","22","0","","","","","","","","","","","","","","","","","","","","","","","","","","","0"
"497","North Texas","11/06/10","19","CAREY","DARIUS","2","23","0","23","1","","","","","","","2","23","2","12","0","","","","","","","","","","","","","","","1","","","","","","","","","","","","6"
"497","North Texas","11/13/10","19","CAREY","DARIUS","","","","","","","","","","","","0","0","3","12","0","","","","","","","","","","","","","","","","","","","","","","","","","","","0"
"497","North Texas","11/20/10","19","CAREY","DARIUS","","","","","","","","","","","","0","0","5","85","1","","","","","","","","","","","","","","","1","","","","","","","","","","","","6"
"497","North Texas","11/27/10","19","CAREY","DARIUS","","","","","","","","","","","","0","0","3","45","0","","","","","","","","","1","0","0","","","","","","","","","","","","","","","","0"
"497","North Texas","09/18/10","80","CHANCELLOR","BRELAN","","","","","","","","","","","","0","0","","","","","","","","","","","","2","5","0","1","29","0","","","","","","","","","","","","","0"
"497","North Texas","10/02/10","80","CHANCELLOR","BRELAN","","","","","","","","","","","","0","0","","","","","","","","","","","","","","","3","98","0","","","","","","","","","","","","","0"
"497","North Texas","10/09/10","80","CHANCELLOR","BRELAN","","","","","","","","","","","","0","0","","","","","","","","","","","","","","","4","72","0","","","","","","","","","","","","","0"
"497","North Texas","10/16/10","80","CHANCELLOR","BRELAN","","","","","","","","","","","","0","0","1","12","0","","","","","","","","","","","","7","198","0","","","","","","","","","","","","","0"
"497","North Texas","10/30/10","80","CHANCELLOR","BRELAN","","","","","","","","","","","","0","0","","","","","","","","","","","","","","","3","54","0","","","","","","","","","","","","","0"
"497","North Texas","11/06/10","80","CHANCELLOR","BRELAN","","","","","","","","","","","","0","0","","","","","","","","","","","","1","-2","0","6","156","0","","","","","","","","","","","","","0"
"497","North Texas","11/13/10","80","CHANCELLOR","BRELAN","","","","","","","","","","","","0","0","","","","","","","","","","","","1","1","0","1","13","0","","","","","","","","","","","","","0"
"497","North Texas","11/20/10","80","CHANCELLOR","BRELAN","","","","","","","","","","","","0","0","","","","","","","","","","","","1","6","0","3","123","1","1","","","","","","","","","","","","6"
"497","North Texas","11/27/10","80","CHANCELLOR","BRELAN","2","1","1","0","0","","","","","","","2","0","","","","","","","","","","","","","","","5","180","1","1","","","","","","","","","","","","6"
"497","North Texas","09/04/10","43","DEANS","TRENT","","","","","","","","","","","","0","0","","","","","","","","","","","","","","","","","","","1","1","0","0","","","","","1","1","","4"
"497","North Texas","09/11/10","43","DEANS","TRENT","","","","","","","","","","","","0","0","","","","","","","","","","","","","","","","","","","4","4","0","0","","","","","1","1","","7"
"497","North Texas","09/25/10","43","DEANS","TRENT","","","","","","","","","","","","0","0","","","","","","","","","","","","","","","","","","","3","3","0","0","","","","","1","0","","3"
"497","North Texas","10/02/10","43","DEANS","TRENT","","","","","","","","","","","","0","0","","","","","","","","","","","","","","","","","","","4","3","0","0","","","","","","","","3"
"497","North Texas","10/16/10","43","DEANS","TRENT","","","","","","","","","","","","0","0","","","","","","","","","","2","77","","","","","","","","","","","","","","","","","","","0"
"497","North Texas","10/30/10","43","DEANS","TRENT","","","","","","","","","","","","0","0","","","","","","","","","","4","159","","","","","","","","","","","","","","","","","","","0"
"497","North Texas","11/06/10","43","DEANS","TRENT","","","","","","","","","","","","0","0","","","","","","","","","","6","248","","","","","","","","","","","","","","","","","","","0"
"497","North Texas","11/13/10","43","DEANS","TRENT","","","","","","","","","","","","0","0","","","","","","","","","","6","253","","","","","","","","","","","","","","","","","","","0"
"497","North Texas","11/20/10","43","DEANS","TRENT","","","","","","","","","","","","0","0","","","","","","","","","","3","132","","","","","","","","","","","","","","","","","","","0"
"497","North Texas","11/27/10","43","DEANS","TRENT","","","","","","","","","","","","0","0","","","","","","","","","","5","162","","","","","","","","","","","","","","","","","","","0"
"497","North Texas","09/04/10","11","DODGE","RILEY","1","1","0","1","0","","","","","","","1","1","","","","","","","","","","","","","","","","","","","","","","","","","","","","","","0"
"497","North Texas","09/11/10","11","DODGE","RILEY","4","7","0","7","0","","","","","","","4","7","1","1","0","","","","","","","","","","","","","","","","","","","","","","","","","","","0"
"497","North Texas","09/18/10","11","DODGE","RILEY","8","27","11","16","0","17","8","0","63","0","","25","79","","","","","","","","","","","","","","","","","","","","","","","","","","","","","","0"
"497","North Texas","09/25/10","11","DODGE","RILEY","11","75","8","67","0","15","10","1","146","2","","26","213","","","","","","","","","","","","","","","","","","","","","","","","","","","","","","0"
"497","North Texas","10/02/10","11","DODGE","RILEY","15","69","26","43","1","31","22","1","191","2","","46","234","","","","","","","","","","","","","","","","","","1","","","","","","","","","","","","6"
"497","North Texas","10/09/10","11","DODGE","RILEY","","","","","","1","0","0","0","0","","1","0","","","","","","","","","","","","","","","","","","","","","","","","","","","","","","0"
"497","North Texas","10/30/10","11","DODGE","RILEY","5","23","7","16","0","20","11","0","89","0","","25","105","","","","","","","","","","","","","","","","","","","","","","","","","","","","","","0"
"497","North Texas","11/06/10","11","DODGE","RILEY","10","52","21","31","0","29","17","0","269","3","","39","300","","","","","","","","","","","","","","","","","","","","","","","","","","","","","","0"
"497","North Texas","11/13/10","11","DODGE","RILEY","12","58","10","48","0","25","16","1","167","1","","37","215","","","","","","","","","","","","","","","","","","","","","","","","","","","","","","0"
"497","North Texas","11/20/10","11","DODGE","RILEY","7","37","16","21","0","26","14","1","164","2","","33","185","","","","","","","","","","","","","","","","","","","","","","","","","","","","","","0"
"497","North Texas","11/27/10","11","DODGE","RILEY","6","21","18","3","0","12","8","0","123","1","","18","126","","","","","","","","","","","","","","","","","","","","","","","","","","","","","","0"
"497","North Texas","11/06/10","22","DOWNING","RYAN","","","","","","","","","","","","0","0","","","","1","0","0","","","","","","","","","","","","","","","","","","","","","","","","0"
"497","North Texas","09/04/10","5","DUNBAR","LANCE","23","118","1","117","0","","","","","","","23","117","2","62","0","","","","","","","","","","","","","","","","","","","","","","","","","","","0"
"497","North Texas","09/11/10","5","DUNBAR","LANCE","17","108","3","105","1","","","","","","","17","105","4","19","1","","","","","","","","","","","","","","","2","","","","","","","","","","","","12"
"497","North Texas","09/18/10","5","DUNBAR","LANCE","12","46","4","42","0","","","","","","","12","42","5","44","0","","","","","","","","","","","","","","","","","","","","","","","","","","","0"
"497","North Texas","09/25/10","5","DUNBAR","LANCE","29","85","13","72","0","","","","","","","29","72","","","","","","","","","","","","","","","","","","","","","","","","","","","","","","0"
"497","North Texas","10/02/10","5","DUNBAR","LANCE","24","149","8","141","1","","","","","","","24","141","3","33","0","","","","","","","","","","","","","","","1","","","","","","","","","","","","6"
"497","North Texas","10/09/10","5","DUNBAR","LANCE","30","107","2","105","1","","","","","","","30","105","2","-10","0","","","","","","","","","","","","","","","1","","","","","","","","","","","","6"
"497","North Texas","10/16/10","5","DUNBAR","LANCE","11","38","8","30","1","","","","","","","11","30","1","9","0","","","","","","","","","","","","","","","1","","","","","","","","","","","","6"
"497","North Texas","10/30/10","5","DUNBAR","LANCE","30","218","3","215","3","","","","","","","30","215","3","14","0","","","","","","","","","","","","","","","3","","","","","","","","","","","","18"
"497","North Texas","11/06/10","5","DUNBAR","LANCE","21","112","16","96","1","","","","","","","21","96","3","80","1","","","","","","","","","","","","","","","2","","","","","","","","","","","","12"
"497","North Texas","11/13/10","5","DUNBAR","LANCE","36","235","9","226","1","","","","","","","36","226","2","46","0","","","","","","","","","","","","","","","1","","","","","","","","","","","","6"
"497","North Texas","11/20/10","5","DUNBAR","LANCE","19","149","15","134","1","","","","","","","19","134","","","","","","","","","","","","","","","","","","1","","","","","","","","","","","","6"
"497","North Texas","11/27/10","5","DUNBAR","LANCE","22","274","4","270","3","","","","","","","22","270","3","35","1","","","","","","","","","","","","","","","4","","","","","","","","","","","","24"
"497","North Texas","11/06/10","87","GILMARTIN-DONOH","CONOR","","","","","","","","","","","","0","0","1","17","0","","","","","","","","","","","","","","","","","","","","","","","","","","","0"
"497","North Texas","11/06/10","25","GRAHAM","BRAD","1","1","0","1","0","","","","","","","1","1","","","","","","","","","","","","","","","","","","","","","","","","","","","","","","0"
"497","North Texas","09/04/10","2","HAMILTON","JAMES","6","54","2","52","0","","","","","","","6","52","3","2","0","","","","","","","","","","","","","","","","","","","","","","","","","","","0"
"497","North Texas","09/11/10","2","HAMILTON","JAMES","1","6","0","6","0","","","","","","","1","6","","","","","","","","","","","","","","","","","","","","","","","","","","","","","","0"
"497","North Texas","09/18/10","2","HAMILTON","JAMES","5","24","0","24","0","","","","","","","5","24","","","","","","","","","","","","","","","1","28","0","","","","","","","","","","","","","0"
"497","North Texas","09/25/10","2","HAMILTON","JAMES","11","122","0","122","1","","","","","","","11","122","","","","","","","","","","","","","","","","","","1","","","","","","","","","","","","6"
"497","North Texas","10/02/10","2","HAMILTON","JAMES","3","10","0","10","0","","","","","","","3","10","2","6","0","","","","","","","","","","","","1","0","0","","","","","","","","","","","","","0"
"497","North Texas","09/04/10","21","HILL","ROYCE","","","","","","","","","","","","0","0","","","","","","","","","","","","2","3","0","","","","","","","","","","","","","","","","0"
"497","North Texas","09/25/10","21","HILL","ROYCE","","","","","","","","","","","","0","0","","","","1","6","0","","","","","","","","","","","","","","","","","","","","","","","","0"
"497","North Texas","10/09/10","21","HILL","ROYCE","","","","","","","","","","","","0","0","","","","","","","1","22","0","","","","","","","","","","","","","","","","","","","","","0"
"497","North Texas","09/04/10","15","JACKSON","JAMAAL","","","","","","","","","","","","0","0","3","65","0","","","","","","","","","","","","3","73","0","","","","","","","","","","","","","0"
"497","North Texas","09/11/10","15","JACKSON","JAMAAL","1","5","0","5","0","","","","","","","1","5","4","69","1","","","","","","","","","","","","2","40","0","1","","","","","","","","","","","","6"
"497","North Texas","09/18/10","15","JACKSON","JAMAAL","","","","","","","","","","","","0","0","4","30","0","","","","","","","","","","","","","","","","","","","","","","","","","","","0"
"497","North Texas","09/25/10","15","JACKSON","JAMAAL","","","","","","","","","","","","0","0","4","49","0","","","","","","","","","","","","1","34","0","","","","","","","","","","","","","0"
"497","North Texas","10/02/10","15","JACKSON","JAMAAL","","","","","","","","","","","","0","0","5","27","0","","","","","","","","","","","","","","","","","","","","","","","","","","","0"
"497","North Texas","10/09/10","15","JACKSON","JAMAAL","1","1","0","1","0","","","","","","","1","1","2","35","0","","","","","","","","","","","","","","","","","","","","","","","","","","","0"
"497","North Texas","10/30/10","15","JACKSON","JAMAAL","","","","","","","","","","","","0","0","1","11","0","","","","","","","","","","","","","","","","","","","","","","","","","","","0"
"497","North Texas","11/06/10","15","JACKSON","JAMAAL","","","","","","","","","","","","0","0","2","41","0","","","","","","","","","","","","","","","","","","","","","","","","","","","0"
"497","North Texas","11/13/10","15","JACKSON","JAMAAL","","","","","","","","","","","","0","0","2","43","1","","","","","","","","","","","","","","","1","","","","","","","","","","","","6"
"497","North Texas","11/20/10","15","JACKSON","JAMAAL","","","","","","","","","","","","0","0","3","34","1","","","","","","","","","","","","","","","1","","","","","","","","","","","","6"
"497","North Texas","11/27/10","15","JACKSON","JAMAAL","","","","","","","","","","","","0","0","3","42","1","","","","","","","","","","","","","","","1","","","","","","","","","","","","6"
"497","North Texas","09/04/10","17","JOHNSON","BREECE","","","","","","","","","","","","0","0","3","17","0","","","","","","","","","","","","","","","","","","","","","","","","","","","0"
"497","North Texas","09/04/10","1H","JONES","BENNY","","","","","","","","","","","","0","0","1","7","0","","","","","","","","","","","","","","","","","","","","","","","","","","","0"
"497","North Texas","09/25/10","9","LEWIS","B.J.","","","","","","","","","","","","0","0","1","12","0","","","","","","","","","","","","","","","","","","","","","","","","","","","0"
"497","North Texas","10/02/10","9","LEWIS","B.J.","","","","","","","","","","","","0","0","3","12","0","","","","","","","","","","","","","","","","","","","","","","","","","","","0"
"497","North Texas","10/16/10","9","LEWIS","B.J.","","","","","","","","","","","","0","0","2","31","0","","","","","","","","","","","","","","","","","","","","","","","","","","","0"
"497","North Texas","09/04/10","4","LOTT","ALEX","","","","","","","","","","","","0","0","3","31","0","","","","","","","","","","","","","","","","","","","","","","","","","","","0"
"497","North Texas","09/11/10","4","LOTT","ALEX","","","","","","","","","","","","0","0","2","13","0","","","","","","","","","","","","","","","","","","","","","","","","","","","0"
"497","North Texas","09/18/10","4","LOTT","ALEX","","","","","","","","","","","","0","0","1","10","0","","","","","","","","","","","","","","","","","","","","","","","","","","","0"
"497","North Texas","10/02/10","4","LOTT","ALEX","","","","","","","","","","","","0","0","1","37","1","","","","","","","","","","","","","","","1","","","","","","","","","","","","6"
"497","North Texas","10/09/10","4","LOTT","ALEX","","","","","","","","","","","","0","0","1","4","0","","","","","","","","","","","","","","","","","","","","","","","","","","","0"
"497","North Texas","10/16/10","4","LOTT","ALEX","","","","","","","","","","","","0","0","2","13","0","","","","","","","","","","","","","","","","","","","","","","","","","","","0"
"497","North Texas","10/30/10","4","LOTT","ALEX","","","","","","","","","","","","0","0","1","13","0","","","","","","","","","","","","","","","","","","","","","","","","","","","0"
"497","North Texas","11/06/10","4","LOTT","ALEX","","","","","","","","","","","","0","0","2","27","0","","","","","","","","","","","","","","","","","","","","","","","","","","","0"
"497","North Texas","11/13/10","4","LOTT","ALEX","","","","","","","","","","","","0","0","2","16","0","","","","","","","","","","","","","","","","","","","","","","","","","","","0"
"497","North Texas","11/06/10","24","MILLER","DREW","","","","","","","","","","","","0","0","1","31","1","","","","","","","","","","","","","","","1","","","","","","","","","","","","6"
"497","North Texas","11/20/10","32","MOSLEY","MICAH","","","","","","","","","","","","0","0","","","","","","","","","","","","","","","1","14","0","","","","","","","","","","","","","0"
"497","North Texas","10/02/10","83","OLAWALE","JAMIZE","","","","","","","","","","","","0","0","2","22","0","","","","","","","","","","","","","","","","","","","","","","","","","","","0"
"497","North Texas","10/16/10","83","OLAWALE","JAMIZE","","","","","","","","","","","","0","0","2","12","0","","","","","","","","","","","","","","","","","","","","","","","","","","","0"
"497","North Texas","11/13/10","83","OLAWALE","JAMIZE","","","","","","","","","","","","0","0","1","15","0","","","","","","","","","","","","","","","","","","","","","","","","","","","0"
"497","North Texas","11/27/10","83","OLAWALE","JAMIZE","","","","","","","","","","","","0","0","1","30","0","","","","","","","","","","","","","","","","","","","","","","","","","","","0"
"497","North Texas","10/09/10","37","OLEN","ZACH","","","","","","","","","","","","0","0","","","","","","","","","","","","","","","","","","","1","1","0","0","","","","","4","4","","13"
"497","North Texas","10/16/10","37","OLEN","ZACH","","","","","","","","","","","","0","0","","","","","","","","","","","","","","","","","","","1","1","0","0","","","","","2","1","","4"
"497","North Texas","10/30/10","37","OLEN","ZACH","","","","","","","","","","","","0","0","","","","","","","","","","","","","","","","","","","4","3","0","0","","","","","2","2","","9"
"497","North Texas","11/06/10","37","OLEN","ZACH","","","","","","","","","","","","0","0","","","","","","","","","","","","","","","","","","","5","5","0","0","","","","","1","0","","5"
"497","North Texas","11/13/10","37","OLEN","ZACH","","","","","","","","","","","","0","0","","","","","","","","","","","","","","","","","","","2","2","0","0","","","","","3","3","","11"
"497","North Texas","11/20/10","37","OLEN","ZACH","","","","","","","","","","","","0","0","","","","","","","","","","","","","","","","","","","4","4","0","0","","","","","3","3","","13"
"497","North Texas","11/27/10","37","OLEN","ZACH","","","","","","","","","","","","0","0","","","","","","","","","","","","","","","","","","","6","5","0","0","","","","","","","","5"
"497","North Texas","11/06/10","31","PENSON","A.J.","","","","","","","","","","","","0","0","","","","1","0","0","","","","","","","","","","","","","","","","","","","","","","","","0"
"497","North Texas","09/11/10","45","PHILLIPS","JEREMY","","","","","","","","","","","","0","0","","","","1","8","0","","","","","","","","","","","","","","","","","","","","","","","","0"
"497","North Texas","11/20/10","45","PHILLIPS","JEREMY","","","","","","","","","","","","0","0","","","","1","10","0","","","","","","","","","","","","","","","","","","","","","","","","0"
"497","North Texas","11/13/10","89","PRIOR","DANIEL","","","","","","","","","","","","0","0","1","6","0","","","","","","","","","","","","","","","","","","","","","","","","","","","0"
"497","North Texas","09/04/10","42","ROBERTSON","CRAIG","","","","","","","","","","","","0","0","","","","1","0","0","","","","","","","","","","","","","","","","","","","","","","","","0"
"497","North Texas","10/16/10","42","ROBERTSON","CRAIG","1","64","0","64","0","","","","","","","1","64","","","","","","","","","","","","","","","","","","","","","","","","","","","","","","0"
"497","North Texas","10/02/10","92","ROSS","DRAYLEN","","","","","","","","","","","","0","0","","","","","","","","","","","","","","","1","9","0","","","","","","","","","","","","","0"
"497","North Texas","11/13/10","18","SHORTER","JOHN","","","","","","","","","","","","0","0","","","","2","50","0","","","","","","","","","","","","","","","","","","","","","","","","0"
"497","North Texas","09/04/10","8","SMITH","IRA","","","","","","","","","","","","0","0","","","","","","","","","","","","","","","2","56","0","","","","","","","","","","","","","0"
"497","North Texas","09/11/10","8","SMITH","IRA","","","","","","","","","","","","0","0","","","","","","","","","","","","","","","4","70","0","","","","","","","","","","","","","0"
"497","North Texas","09/18/10","8","SMITH","IRA","","","","","","","","","","","","0","0","","","","","","","","","","","","","","","3","64","0","","","","","","","","","","","","","0"
"497","North Texas","09/25/10","8","SMITH","IRA","","","","","","","","","","","","0","0","","","","","","","","","","","","","","","2","38","0","","","","","","","","","","","","","0"
"497","North Texas","11/13/10","8","SMITH","IRA","","","","","","","","","","","","0","0","","","","","","","","","","","","","","","2","35","0","","","","","","","","","","","","","0"
"497","North Texas","09/04/10","14","STRADFORD","TYLER","","","","","","1","0","0","0","0","","1","0","","","","","","","","","","","","","","","","","","","","","","","","","","","","","","0"
"497","North Texas","09/11/10","14","STRADFORD","TYLER","","","","","","","","","","","","0","0","4","111","1","","","","","","","","","","","","","","","1","","","","","","","","","","","","6"
"497","North Texas","09/18/10","14","STRADFORD","TYLER","","","","","","","","","","","","0","0","1","8","0","","","","","","","","","","","","","","","","","","","","","","","","","","","0"
"497","North Texas","09/25/10","14","STRADFORD","TYLER","","","","","","","","","","","","0","0","3","16","0","","","","","","","","","","","","","","","","","","","","","","","","","","","0"
"497","North Texas","10/30/10","14","STRADFORD","TYLER","","","","","","","","","","","","0","0","1","10","0","","","","","","","","","","","","","","","","","","","","","","","","","","","0"
"497","North Texas","11/06/10","14","STRADFORD","TYLER","","","","","","","","","","","","0","0","5","58","1","","","","","","","","","","","","","","","1","","","","","","","","","","","","6"
"497","North Texas","11/13/10","14","STRADFORD","TYLER","","","","","","","","","","","","0","0","4","20","0","","","","","","","","","","","","","","","","","","","","","","","","","","","0"
"497","North Texas","11/20/10","14","STRADFORD","TYLER","","","","","","","","","","","","0","0","6","45","0","","","","","","","","","","","","","","","","","","","","","","","","","","","0"
"497","North Texas","09/04/10","3","TAYLOR","WILLIE","","","","","","","","","","","","0","0","1","6","0","","","","","","","","","","","","","","","","","","","","","","","","","","","0"
"497","North Texas","09/11/10","3","TAYLOR","WILLIE","","","","","","","","","","","","0","0","1","1","0","","","","","","","","","","","","","","","","","","","","","","","","","","","0"
"497","North Texas","10/02/10","3","TAYLOR","WILLIE","","","","","","","","","","","","0","0","1","5","0","","","","","","","","","","","","","","","","","","","","","","","","","","","0"
"497","North Texas","10/16/10","3","TAYLOR","WILLIE","","","","","","","","","","","","0","0","2","5","0","","","","","","","","","","","","","","","","","","","","","","","","","","","0"
"497","North Texas","10/30/10","3","TAYLOR","WILLIE","","","","","","","","","","","","0","0","2","19","0","","","","","","","","","","","","","","","","","","","","","","","","","","","0"
"497","North Texas","11/06/10","3","TAYLOR","WILLIE","","","","","","","","","","","","0","0","1","3","0","","","","","","","","","","","","","","","","","","","","","","","","","","","0"
"497","North Texas","11/13/10","3","TAYLOR","WILLIE","","","","","","","","","","","","0","0","1","9","0","","","","","","","","","","","","","","","","","","","","","","","","","","","0"
"497","North Texas","11/27/10","3","TAYLOR","WILLIE","","","","","","","","","","","","0","0","2","9","0","","","","","","","","","","","","","","","","","","","","","","","","","","","0"
"497","North Texas","09/04/10","7","THOMPSON","DEREK","2","4","0","4","0","3","3","0","29","0","","5","33","","","","","","","","","","","","","","","","","","","","","","","","","","","","","","0"
"497","North Texas","09/11/10","7","THOMPSON","DEREK","","","","","","4","2","0","11","0","","4","11","","","","","","","","","","","","","","","","","","","","","","","","","","","","","","0"
"497","North Texas","09/18/10","7","THOMPSON","DEREK","4","22","9","13","0","11","6","1","43","0","","15","56","","","","","","","","","","","","","","","","","","","","","","","","","","","","","","0"
"497","North Texas","09/04/10","6","TUNE","NATHAN","15","48","36","12","0","29","19","2","240","1","","44","252","1","-4","0","","","","","","","","","","","","","","","","","","","","","","","","","","","0"
"497","North Texas","09/11/10","6","TUNE","NATHAN","7","10","7","3","0","37","20","1","285","3","","44","288","","","","","","","","","","","","","","","","","","","","","","","","","","","","","","0"
"497","North Texas","11/27/10","7G","WILSON","JAMAL","","","","","","","","","","","","0","0","","","","","","","","","","","","","","","1","22","0","","","","","","","","","","","","","0"
"497","North Texas","11/13/10","40","WRIGHT","WILL","","","","","","","","","","","","0","0","","","","","","","","","","","","","","","1","3","0","","","","","","","","","","","","","0"
"503","Northern Ill.","09/11/10","7","ASHFORD","PEREZ","","","","","","","","","","","","0","0","6","65","0","","","","","","","","","","","","","","","","","","","","","","","","","","","0"
"503","Northern Ill.","09/18/10","7","ASHFORD","PEREZ","","","","","","","","","","","","0","0","1","4","0","","","","","","","","","","","","","","","","","","","","","","","","","","","0"
"503","Northern Ill.","10/02/10","7","ASHFORD","PEREZ","","","","","","","","","","","","0","0","1","7","0","","","","","","","","","","","","","","","","","","","","","","","","","","","0"
"503","Northern Ill.","10/09/10","7","ASHFORD","PEREZ","","","","","","","","","","","","0","0","1","8","0","","","","","","","","","","","","","","","","","","","","","","","","","","","0"
"503","Northern Ill.","10/16/10","7","ASHFORD","PEREZ","","","","","","","","","","","","0","0","3","26","0","","","","","","","","","1","13","0","","","","","","","","","","","","","","","","0"
"503","Northern Ill.","10/23/10","7","ASHFORD","PEREZ","","","","","","","","","","","","0","0","2","11","0","","","","","","","","","1","16","0","","","","","","","","","","","","","","","","0"
"503","Northern Ill.","10/30/10","7","ASHFORD","PEREZ","","","","","","","","","","","","0","0","","","","","","","","","","","","1","10","0","","","","","","","","","","","","","","","","0"
"503","Northern Ill.","11/09/10","7","ASHFORD","PEREZ","","","","","","","","","","","","0","0","2","41","0","","","","","","","","","","","","","","","","","","","","","","","","","","","0"
"503","Northern Ill.","11/20/10","7","ASHFORD","PEREZ","","","","","","","","","","","","0","0","1","13","0","","","","","","","","","1","15","0","","","","","","","","","","","","","","","","0"
"503","Northern Ill.","11/26/10","7","ASHFORD","PEREZ","","","","","","","","","","","","0","0","","","","","","","","","","","","2","11","0","","","","","","","","","","","","","","","","0"
"503","Northern Ill.","12/03/10","7","ASHFORD","PEREZ","","","","","","","","","","","","0","0","1","13","0","","","","","","","","","","","","","","","","","","","","","","","","","","","0"
"503","Northern Ill.","12/18/10","7","ASHFORD","PEREZ","","","","","","","","","","","","0","0","1","18","0","","","","","","","","","","","","","","","","","","","","","","","","","","","0"
"503","Northern Ill.","09/18/10","32","BELL","CAMERON","1","2","0","2","0","","","","","","","1","2","","","","","","","","","","","","","","","","","","","","","","","","","","","","","","0"
"503","Northern Ill.","09/25/10","32","BELL","CAMERON","3","36","0","36","0","","","","","","","3","36","","","","","","","","","","","","","","","","","","","","","","","","","","","","","","0"
"503","Northern Ill.","10/02/10","32","BELL","CAMERON","8","46","4","42","0","","","","","","","8","42","","","","","","","","","","","","","","","","","","","","","","","","","","","","","","0"
"503","Northern Ill.","10/23/10","32","BELL","CAMERON","12","82","0","82","0","","","","","","","12","82","","","","","","","","","","","","","","","","","","","","","","","","","","","","","","0"
"503","Northern Ill.","10/30/10","32","BELL","CAMERON","3","9","0","9","0","","","","","","","3","9","","","","","","","","","","","","","","","","","","","","","","","","","","","","","","0"
"503","Northern Ill.","11/09/10","32","BELL","CAMERON","1","3","0","3","0","","","","","","","1","3","","","","","","","","","","","","","","","","","","","","","","","","","","","","","","0"
"503","Northern Ill.","11/20/10","32","BELL","CAMERON","1","30","0","30","0","","","","","","","1","30","","","","","","","","","","","","","","","","","","","","","","","","","","","","","","0"
"503","Northern Ill.","11/26/10","32","BELL","CAMERON","10","29","5","24","0","","","","","","","10","24","","","","","","","","","","","","","","","","","","","","","","","","","","","","","","0"
"503","Northern Ill.","10/02/10","9","BUTLER","DEVON","","","","","","","","","","","","0","0","","","","1","26","1","","","","","","","","","","","","1","","","","","","","","","","","","6"
"503","Northern Ill.","09/02/10","35","CKLAMOVSKI","MICHAEL","","","","","","","","","","","","0","0","","","","","","","","","","","","","","","","","","","","","","","","","","","2","0","","0"
"503","Northern Ill.","09/18/10","35","CKLAMOVSKI","MICHAEL","","","","","","","","","","","","0","0","","","","","","","","","","","","","","","","","","","1","1","0","0","","","","","1","1","","4"
"503","Northern Ill.","09/25/10","35","CKLAMOVSKI","MICHAEL","","","","","","","","","","","","0","0","","","","","","","","","","","","","","","","","","","4","4","0","0","","","","","2","2","","10"
"503","Northern Ill.","10/02/10","35","CKLAMOVSKI","MICHAEL","","","","","","","","","","","","0","0","","","","","","","","","","","","","","","","","","","6","5","0","0","","","","","3","3","","14"
"503","Northern Ill.","10/09/10","35","CKLAMOVSKI","MICHAEL","","","","","","","","","","","","0","0","","","","","","","","","","","","","","","","","","","4","4","0","0","","","","","1","1","","7"
"503","Northern Ill.","10/16/10","35","CKLAMOVSKI","MICHAEL","","","","","","","","","","","","0","0","","","","","","","","","","","","","","","","","","","6","6","0","0","","","","","4","1","","9"
"503","Northern Ill.","10/23/10","35","CKLAMOVSKI","MICHAEL","","","","","","","","","","","","0","0","","","","","","","","","","","","","","","","","","","3","3","0","0","","","","","6","4","","15"
"503","Northern Ill.","10/30/10","35","CKLAMOVSKI","MICHAEL","","","","","","","","","","","","0","0","","","","","","","","","","","","","","","","","","","3","2","0","0","","","","","","","","2"
"503","Northern Ill.","11/09/10","35","CKLAMOVSKI","MICHAEL","","","","","","","","","","","","0","0","","","","","","","","","","","","","","","","","","","9","8","0","0","","","","","1","1","","11"
"503","Northern Ill.","11/20/10","35","CKLAMOVSKI","MICHAEL","","","","","","","","","","","","0","0","","","","","","","","","","","","","","","","","","","8","8","0","0","","","","","3","1","","11"
"503","Northern Ill.","11/26/10","35","CKLAMOVSKI","MICHAEL","","","","","","","","","","","","0","0","","","","","","","","","","","","","","","","","","","9","7","0","0","","","","","2","1","","10"
"503","Northern Ill.","12/03/10","35","CKLAMOVSKI","MICHAEL","","","","","","","","","","","","0","0","","","","","","","","","","","","","","","","","","","3","3","0","0","","","","","","","","3"
"503","Northern Ill.","12/18/10","35","CKLAMOVSKI","MICHAEL","","","","","","","","","","","","0","0","","","","","","","","","","","","","","","","","","","5","4","0","0","","","","","2","2","","10"
"503","Northern Ill.","09/02/10","36","CLARK","TYRONE","","","","","","","","","","","","0","0","","","","1","30","0","","","","","","","","","","","","","","","","","","","","","","","","0"
"503","Northern Ill.","10/23/10","36","CLARK","TYRONE","","","","","","","","","","","","0","0","","","","2","3","0","","","","","","","","","","","","","","","","","","","","","","","","0"
"503","Northern Ill.","11/20/10","36","CLARK","TYRONE","","","","","","","","","","","","0","0","","","","1","16","1","","","","","","","","","","","","1","","","","","","","","","","","","6"
"503","Northern Ill.","09/02/10","10","CLARK","WILLIE","","","","","","","","","","","","0","0","2","35","0","","","","","","","","","","","","","","","","","","","","","","","","","","","0"
"503","Northern Ill.","09/11/10","10","CLARK","WILLIE","","","","","","","","","","","","0","0","2","45","0","","","","","","","","","","","","","","","","","","","","","","","","","","","0"
"503","Northern Ill.","09/25/10","10","CLARK","WILLIE","","","","","","","","","","","","0","0","2","18","0","","","","","","","","","","","","","","","","","","","","","","","","","","","0"
"503","Northern Ill.","10/02/10","10","CLARK","WILLIE","","","","","","","","","","","","0","0","3","46","2","","","","","","","","","","","","","","","2","","","","","","","","","","","","12"
"503","Northern Ill.","10/09/10","10","CLARK","WILLIE","","","","","","","","","","","","0","0","5","62","0","","","","","","","","","","","","","","","","","","","","","","","","","","","0"
"503","Northern Ill.","10/16/10","10","CLARK","WILLIE","","","","","","","","","","","","0","0","1","25","1","","","","","","","","","","","","","","","1","","","","","","","","","","","","6"
"503","Northern Ill.","10/23/10","10","CLARK","WILLIE","","","","","","","","","","","","0","0","1","7","0","","","","","","","","","","","","","","","","","","","","","","","","","","","0"
"503","Northern Ill.","10/30/10","10","CLARK","WILLIE","","","","","","","","","","","","0","0","7","70","1","","","","","","","","","","","","","","","1","","","","","","","","","","","","6"
"503","Northern Ill.","11/09/10","10","CLARK","WILLIE","","","","","","","","","","","","0","0","2","28","0","","","","","","","","","","","","","","","","","","","","","","","","","","","0"
"503","Northern Ill.","11/20/10","10","CLARK","WILLIE","","","","","","","","","","","","0","0","4","43","0","","","","","","","","","","","","","","","","","","","","","","","","","","","0"
"503","Northern Ill.","11/26/10","10","CLARK","WILLIE","","","","","","","","","","","","0","0","5","65","2","","","","","","","","","","","","","","","2","","","","","","","","","","","","12"
"503","Northern Ill.","12/03/10","10","CLARK","WILLIE","","","","","","","","","","","","0","0","4","70","1","","","","","","","","","","","","","","","1","","","","","","","","","","","","6"
"503","Northern Ill.","12/18/10","10","CLARK","WILLIE","","","","","","","","","","","","0","0","4","88","0","","","","","","","","","","","","","","","","","","","","","","","","","","","0"
"503","Northern Ill.","10/30/10","54","COFFMAN","JAKE","","","","","","","","","","","","0","0","","","","1","2","0","","","","","","","","","","","","","","","","","","","","","","","","0"
"503","Northern Ill.","09/02/10","80","COX","LANDON","","","","","","","","","","","","0","0","1","0","0","","","","","","","","","","","","","","","","","","","","","","","","","","","0"
"503","Northern Ill.","09/18/10","80","COX","LANDON","","","","","","","","","","","","0","0","6","74","1","","","","","","","","","","","","","","","1","","","","","","","","","","","","6"
"503","Northern Ill.","09/25/10","80","COX","LANDON","","","","","","","","","","","","0","0","1","19","0","","","","","","","","","","","","","","","","","","","","","","","","","","","0"
"503","Northern Ill.","10/02/10","80","COX","LANDON","","","","","","","","","","","","0","0","2","58","0","","","","","","","","","","","","","","","","","","","","","","","","","","","0"
"503","Northern Ill.","10/09/10","80","COX","LANDON","","","","","","","","","","","","0","0","5","52","1","","","","","","","","","","","","","","","1","","","","","","","","","","","","6"
"503","Northern Ill.","10/16/10","80","COX","LANDON","","","","","","","","","","","","0","0","3","41","1","","","","","","","","","","","","","","","1","","","","","","","","","","","","6"
"503","Northern Ill.","10/23/10","80","COX","LANDON","","","","","","","","","","","","0","0","4","34","0","","","","","","","","","","","","","","","","","","","","","","","","","","","0"
"503","Northern Ill.","10/30/10","80","COX","LANDON","","","","","","","","","","","","0","0","1","12","0","","","","","","","","","","","","","","","","","","","","","","","","","","","0"
"503","Northern Ill.","11/09/10","80","COX","LANDON","1","4","0","4","0","","","","","","","1","4","1","12","0","","","","","","","","","","","","","","","","","","","","","","","","","","","0"
"503","Northern Ill.","11/20/10","80","COX","LANDON","","","","","","","","","","","","0","0","4","60","0","","","","","","","","","","","","","","","","","","","","","","","","","","","0"
"503","Northern Ill.","11/26/10","80","COX","LANDON","","","","","","","","","","","","0","0","2","23","0","","","","","","","","","","","","","","","","","","","","","","","","","","","0"
"503","Northern Ill.","12/03/10","80","COX","LANDON","","","","","","","","","","","","0","0","1","10","0","","","","","","","","","","","","","","","","","","","","","","","","","","","0"
"503","Northern Ill.","12/18/10","80","COX","LANDON","","","","","","","","","","","","0","0","4","34","0","","","","","","","","","","","","","","","","","","","","","","","","","","","0"
"503","Northern Ill.","09/02/10","22","CRIDER","RICKY","","","","","","","","","","","","0","0","","","","","","","","","","","","","","","2","49","0","","","","","","","","","","","","","0"
"503","Northern Ill.","09/11/10","22","CRIDER","RICKY","2","7","0","7","0","","","","","","","2","7","","","","","","","","","","","","","","","","","","","","","","","","","","","","","","0"
"503","Northern Ill.","09/18/10","22","CRIDER","RICKY","2","1","0","1","0","","","","","","","2","1","","","","","","","","","","","","","","","","","","","","","","","","","","","","","","0"
"503","Northern Ill.","09/25/10","22","CRIDER","RICKY","2","33","0","33","0","","","","","","","2","33","","","","","","","","","","","","","","","","","","","","","","","","","","","","","","0"
"503","Northern Ill.","10/02/10","22","CRIDER","RICKY","11","63","0","63","1","","","","","","","11","63","","","","","","","","","","","","","","","","","","1","","","","","","","","","","","","6"
"503","Northern Ill.","10/09/10","22","CRIDER","RICKY","3","21","0","21","0","","","","","","","3","21","1","14","0","","","","","","","","","","","","","","","","","","","","","","","","","","","0"
"503","Northern Ill.","10/16/10","22","CRIDER","RICKY","1","3","0","3","0","","","","","","","1","3","1","7","0","","","","","","","","","","","","","","","","","","","","","","","","","","","0"
"503","Northern Ill.","10/23/10","22","CRIDER","RICKY","1","3","0","3","0","","","","","","","1","3","","","","","","","","","","","","","","","","","","","","","","","","","","","","","","0"
"503","Northern Ill.","10/30/10","22","CRIDER","RICKY","1","1","0","1","0","","","","","","","1","1","","","","","","","","","","","","","","","","","","","","","","","","","","","","","","0"
"503","Northern Ill.","11/09/10","22","CRIDER","RICKY","3","21","0","21","0","","","","","","","3","21","","","","","","","","","","","","","","","","","","","","","","","","","","","","","","0"
"503","Northern Ill.","11/20/10","22","CRIDER","RICKY","5","13","0","13","0","","","","","","","5","13","1","10","0","","","","","","","","","","","","","","","","","","","","","","","","","","","0"
"503","Northern Ill.","11/26/10","22","CRIDER","RICKY","5","50","0","50","1","","","","","","","5","50","","","","","","","","","","","","","","","","","","1","","","","","","","","","","","","6"
"503","Northern Ill.","12/03/10","22","CRIDER","RICKY","1","9","0","9","0","","","","","","","1","9","","","","","","","","","","","","","","","1","31","0","","","","","","","","","","","","","0"
"503","Northern Ill.","10/09/10","30","DANIELS","AKEEM","3","13","0","13","1","","","","","","","3","13","","","","","","","","","","","","","","","","","","1","","","","","","","","","","","","6"
"503","Northern Ill.","10/23/10","30","DANIELS","AKEEM","1","9","0","9","0","","","","","","","1","9","","","","","","","","","","","","","","","","","","","","","","","","","","","","","","0"
"503","Northern Ill.","10/30/10","30","DANIELS","AKEEM","1","3","0","3","0","","","","","","","1","3","","","","","","","","","","","","","","","","","","","","","","","","","","","","","","0"
"503","Northern Ill.","11/09/10","30","DANIELS","AKEEM","2","62","0","62","2","","","","","","","2","62","","","","","","","","","","","","","","","","","","2","","","","","","","","","","","","12"
"503","Northern Ill.","12/03/10","30","DANIELS","AKEEM","1","0","0","0","0","","","","","","","1","0","","","","","","","","","","","","","","","","","","","","","","","","","","","","","","0"
"503","Northern Ill.","12/18/10","30","DANIELS","AKEEM","1","2","0","2","0","","","","","","","1","2","","","","","","","","","","","","","","","","","","","","","","","","","","","","","","0"
"503","Northern Ill.","10/23/10","23","DANIELS","KIAREE","","","","","","","","","","","","0","0","","","","1","39","0","","","","","","","","","","","","","","","","","","","","","","","","0"
"503","Northern Ill.","09/02/10","20","DAVIS","TOMMY","","","","","","","","","","","","0","0","","","","","","","","","","","","","","","3","57","0","","","","","","","","","","","","","0"
"503","Northern Ill.","09/11/10","20","DAVIS","TOMMY","","","","","","","","","","","","0","0","","","","1","0","0","","","","","","2","4","0","2","33","0","","","","","","","","","","","","","0"
"503","Northern Ill.","09/18/10","20","DAVIS","TOMMY","","","","","","","","","","","","0","0","","","","","","","","","","","","3","4","0","","","","","","","","","","","","","","","","0"
"503","Northern Ill.","09/25/10","20","DAVIS","TOMMY","","","","","","","","","","","","0","0","","","","","","","","","","","","","","","2","37","0","","","","","","","","","","","","","0"
"503","Northern Ill.","10/02/10","20","DAVIS","TOMMY","","","","","","","","","","","","0","0","","","","","","","","","","","","1","0","0","","","","","","","","","","","","","","","","0"
"503","Northern Ill.","10/16/10","20","DAVIS","TOMMY","","","","","","","","","","","","0","0","","","","","","","","","","","","2","15","0","","","","","","","","","","","","","","","","0"
"503","Northern Ill.","10/23/10","20","DAVIS","TOMMY","","","","","","","","","","","","0","0","","","","","","","","","","","","1","14","0","","","","","","","","","","","","","","","","0"
"503","Northern Ill.","10/30/10","20","DAVIS","TOMMY","","","","","","","","","","","","0","0","","","","","","","","","","","","2","34","0","","","","","","","","","","","","","","","","0"
"503","Northern Ill.","11/09/10","20","DAVIS","TOMMY","","","","","","","","","","","","0","0","","","","","","","","","","","","2","8","0","4","151","1","1","","","","","","","","","","","","6"
"503","Northern Ill.","11/20/10","20","DAVIS","TOMMY","","","","","","","","","","","","0","0","","","","","","","","","","","","2","56","0","3","61","0","","","","","","","","","","","","","0"
"503","Northern Ill.","11/26/10","20","DAVIS","TOMMY","","","","","","","","","","","","0","0","","","","","","","","","","","","2","8","0","2","48","0","","","","","","","","","","","","","0"
"503","Northern Ill.","12/03/10","20","DAVIS","TOMMY","","","","","","","","","","","","0","0","","","","","","","","","","","","","","","4","86","0","","","","","","","","","","","","","0"
"503","Northern Ill.","12/18/10","20","DAVIS","TOMMY","","","","","","","","","","","","0","0","","","","","","","","","","","","","","","3","80","0","","","","","","","","","","","","","0"
"503","Northern Ill.","11/20/10","29","DELEGAL","JORDAN","","","","","","","","","","","","0","0","","","","","","","","","","","","2","22","0","","","","","","","","","","","","","","","","0"
"503","Northern Ill.","09/25/10","47","FLAHIVE","CONNOR","","","","","","","","","","","","0","0","1","2","1","","","","","","","","","","","","","","","1","","","","","","","","","","","","6"
"503","Northern Ill.","10/23/10","47","FLAHIVE","CONNOR","","","","","","","","","","","","0","0","1","38","0","","","","","","","","","","","","","","","","","","","","","","","","","","","0"
"503","Northern Ill.","09/25/10","33","GEORGE","PATRICK","","","","","","","","","","","","0","0","","","","1","0","0","","","","","","","","","","","","","","","","","","","","","","","","0"
"503","Northern Ill.","09/02/10","3","GRADY","DEMARCUS","14","62","8","54","1","29","14","3","93","0","","43","147","","","","","","","","","","","","","","","","","","1","","","","","","","","","","","","6"
"503","Northern Ill.","11/26/10","3","GRADY","DEMARCUS","2","91","0","91","2","","","","","","","2","91","","","","","","","","","","","","","","","","","","2","","","","","","","","","","","","12"
"503","Northern Ill.","10/02/10","88","GROENIGER","NICK","","","","","","","","","","","","0","0","1","11","0","","","","","","","","","","","","","","","","","","","","","","","","","","","0"
"503","Northern Ill.","09/11/10","12","HARNISH","CHANDLER","21","185","7","178","1","25","14","1","146","1","","46","324","","","","","","","","","","","","","","","","","","1","","","","","","","","","","","","6"
"503","Northern Ill.","09/18/10","12","HARNISH","CHANDLER","11","133","16","117","1","25","19","0","208","0","0","36","325","","","","","","","","","","","","","","","","","","1","","","1","0","","","","","","","","6"
"503","Northern Ill.","09/25/10","12","HARNISH","CHANDLER","6","12","5","7","0","17","11","0","81","2","","23","88","","","","","","","","","","","","","","","","","","","","","","","","","","","","","","0"
"503","Northern Ill.","10/02/10","12","HARNISH","CHANDLER","5","16","7","9","0","20","16","0","281","3","","25","290","","","","","","","","","","","","","","","","","","","","","","","","","","","","","","0"
"503","Northern Ill.","10/09/10","12","HARNISH","CHANDLER","14","79","8","71","0","25","20","0","211","2","","39","282","","","","","","","","","","","","","","","","","","","","","","","","","","","","","","0"
"503","Northern Ill.","10/16/10","12","HARNISH","CHANDLER","14","88","13","75","1","26","13","2","160","2","","40","235","","","","","","","","","","","","","","","","","","1","","","","","","","","","","","","6"
"503","Northern Ill.","10/23/10","12","HARNISH","CHANDLER","11","71","2","69","0","19","12","0","138","0","","30","207","","","","","","","","","","","","","","","","","","","","","","","","","","","","","","0"
"503","Northern Ill.","10/30/10","12","HARNISH","CHANDLER","13","39","6","33","1","30","18","1","214","2","1","43","247","","","","","","","","","","","","","","","","","","1","","","1","1","","","","","","","","8"
"503","Northern Ill.","11/09/10","12","HARNISH","CHANDLER","13","157","8","149","1","16","11","0","162","1","","29","311","","","","","","","","","","","","","","","","","","1","","","","","","","","","","","","6"
"503","Northern Ill.","11/20/10","12","HARNISH","CHANDLER","8","30","9","21","0","22","15","1","247","2","","30","268","","","","","","","","","","","","","","","","","","","","","","","","","","","","","","0"
"503","Northern Ill.","11/26/10","12","HARNISH","CHANDLER","3","32","0","32","0","13","8","0","101","2","","16","133","","","","","","","","","","","","","","","","","","","","","","","","","","","","","","0"
"503","Northern Ill.","12/03/10","12","HARNISH","CHANDLER","8","32","29","3","0","28","15","0","281","3","","36","284","","","","","","","","","","","","","","","","","","","","","","","","","","","","","","0"
"503","Northern Ill.","12/18/10","12","HARNISH","CHANDLER","10","72","0","72","2","26","17","0","300","1","","36","372","","","","","","","","","","","","","","","","","","2","","","","","","","","","","","","12"
"503","Northern Ill.","09/02/10","15","HOPKINS","JASMIN","5","25","3","22","0","","","","","","","5","22","1","6","0","","","","","","","","","","","","","","","","","","","","","","","","","","","0"
"503","Northern Ill.","09/11/10","15","HOPKINS","JASMIN","4","42","1","41","0","","","","","","","4","41","","","","","","","","","","","","","","","","","","","","","","","","","","","","","","0"
"503","Northern Ill.","09/18/10","15","HOPKINS","JASMIN","6","28","0","28","0","1","1","0","19","1","","7","47","1","-4","0","","","","","","","","","","","","","","","","","","","","","","","","","","","0"
"503","Northern Ill.","09/25/10","15","HOPKINS","JASMIN","","","","","","","","","","","","0","0","","","","","","","","","","","","","","","2","38","0","","","","","","","","","","","","","0"
"503","Northern Ill.","10/02/10","15","HOPKINS","JASMIN","5","29","0","29","0","","","","","","","5","29","","","","","","","","","","","","","","","3","81","0","","","","","","","","","","","","","0"
"503","Northern Ill.","10/09/10","15","HOPKINS","JASMIN","1","2","0","2","0","","","","","","","1","2","","","","","","","","","","","","","","","3","60","0","","","","","","","","","","","","","0"
"503","Northern Ill.","10/16/10","15","HOPKINS","JASMIN","","","","","","","","","","","","0","0","","","","","","","","","","","","","","","1","32","0","","","","","","","","","","","","","0"
"503","Northern Ill.","10/23/10","15","HOPKINS","JASMIN","3","8","0","8","0","","","","","","","3","8","","","","","","","","","","","","","","","","","","","","","","","","","","","","","","0"
"503","Northern Ill.","10/30/10","15","HOPKINS","JASMIN","","","","","","","","","","","","0","0","","","","","","","","","","","","","","","2","15","0","","","","","","","","","","","","","0"
"503","Northern Ill.","11/09/10","15","HOPKINS","JASMIN","5","70","0","70","1","","","","","","","5","70","","","","","","","","","","","","","","","1","-2","0","1","","","","","","","","","","","","6"
"503","Northern Ill.","11/20/10","15","HOPKINS","JASMIN","4","27","0","27","0","","","","","","","4","27","1","7","0","","","","","","","","","","","","","","","","","","","","","","","","","","","0"
"503","Northern Ill.","11/26/10","15","HOPKINS","JASMIN","4","104","0","104","1","","","","","","","4","104","1","1","0","","","","","","","","","","","","","","","1","","","","","","","","","","","","6"
"503","Northern Ill.","12/18/10","15","HOPKINS","JASMIN","1","35","0","35","0","","","","","","","1","35","","","","","","","","","","","","","","","","","","","","","","","","","","","","","","0"
"503","Northern Ill.","10/02/10","14","LYNCH","JORDAN","2","1","0","1","0","2","1","0","11","0","","4","12","","","","","","","","","","","","","","","","","","","","","","","","","","","","","","0"
"503","Northern Ill.","10/09/10","14","LYNCH","JORDAN","2","5","0","5","0","","","","","","","2","5","","","","","","","","","","","","","","","","","","","","","","","","","","","","","","0"
"503","Northern Ill.","10/16/10","14","LYNCH","JORDAN","2","96","0","96","1","","","","","","","2","96","","","","","","","","","","","","","","","","","","1","","","","","","","","","","","","6"
"503","Northern Ill.","10/23/10","14","LYNCH","JORDAN","4","21","9","12","0","","","","","","","4","12","","","","","","","","","","","","","","","","","","","","","","","","","","","","","","0"
"503","Northern Ill.","10/30/10","14","LYNCH","JORDAN","2","19","0","19","0","","","","","","","2","19","","","","","","","","","","","","","","","","","","","","","","","","","","","","","","0"
"503","Northern Ill.","11/09/10","14","LYNCH","JORDAN","9","44","1","43","0","","","","","","","9","43","","","","","","","","","","","","","","","","","","","","","","","","","","","","","","0"
"503","Northern Ill.","11/20/10","14","LYNCH","JORDAN","3","18","0","18","0","2","2","0","1","1","","5","19","","","","","","","","","","","","","","","","","","","","","","","","","","","","","","0"
"503","Northern Ill.","11/26/10","14","LYNCH","JORDAN","2","142","0","142","2","1","1","0","1","0","","3","143","","","","","","","","","","","","","","","","","","2","","","","","","","","","","","","12"
"503","Northern Ill.","12/03/10","14","LYNCH","JORDAN","5","26","0","26","0","1","0","0","0","0","","6","26","","","","","","","","","","","","","","","","","","","","","","","","","","","","","","0"
"503","Northern Ill.","09/02/10","89","MARKS","JACK","","","","","","","","","","","","0","0","1","4","0","","","","","","","","","","","","","","","","","","","","","","","","","","","0"
"503","Northern Ill.","09/18/10","89","MARKS","JACK","","","","","","","","","","","","0","0","5","55","0","","","","","","","","","","","","","","","","","","","","","","","","","","","0"
"503","Northern Ill.","10/30/10","89","MARKS","JACK","","","","","","","","","","","","0","0","1","4","0","","","","","","","","","","","","","","","","","","","","","","","","","","","0"
"503","Northern Ill.","11/09/10","89","MARKS","JACK","","","","","","","","","","","","0","0","1","12","0","","","","","","","","","","","","","","","","","","","","","","","","","","","0"
"503","Northern Ill.","11/09/10","11","MELVIN","RASHAAN","","","","","","","","","","","","0","0","","","","1","0","0","","","","","","","","","","","","","","","","","","","","","","","","0"
"503","Northern Ill.","09/02/10","1","MOORE","MARTEL","","","","","","","","","","","","0","0","4","21","0","","","","","","","","","","","","","","","","","","","","","","","","","","","0"
"503","Northern Ill.","09/11/10","1","MOORE","MARTEL","","","","","","","","","","","","0","0","1","4","1","","","","","","","","","","","","","","","1","","","","","","","","","","","","6"
"503","Northern Ill.","09/18/10","1","MOORE","MARTEL","","","","","","","","","","","","0","0","5","45","0","","","","","","","","","","","","","","","","","","","","","","","","","","","0"
"503","Northern Ill.","09/25/10","1","MOORE","MARTEL","","","","","","","","","","","","0","0","3","24","1","","","","","","","","","","","","","","","1","","","","","","","","","","","","6"
"503","Northern Ill.","10/02/10","1","MOORE","MARTEL","","","","","","","","","","","","0","0","6","85","0","","","","","","","","","","","","","","","","","","","","","","","","","","","0"
"503","Northern Ill.","10/09/10","1","MOORE","MARTEL","","","","","","","","","","","","0","0","1","19","0","","","","","","","","","","","","","","","","","","","","","","","","","","","0"
"503","Northern Ill.","10/16/10","1","MOORE","MARTEL","","","","","","","","","","","","0","0","2","27","0","","","","","","","","","","","","","","","","","","","","","","","","","","","0"
"503","Northern Ill.","10/23/10","1","MOORE","MARTEL","","","","","","","","","","","","0","0","2","12","0","","","","","","","","","","","","","","","","","","","","","","","","","","","0"
"503","Northern Ill.","10/30/10","1","MOORE","MARTEL","","","","","","","","","","","","0","0","2","18","0","","","","","","","","","","","","","","","","","","","","","","","","","","","0"
"503","Northern Ill.","11/09/10","1","MOORE","MARTEL","","","","","","","","","","","","0","0","3","29","0","","","","","","","","","","","","","","","","","","","","","","","","","","","0"
"503","Northern Ill.","11/20/10","1","MOORE","MARTEL","","","","","","","","","","","","0","0","2","30","0","","","","","","","","","","","","","","","","","","","","","","","","","","","0"
"503","Northern Ill.","11/26/10","1","MOORE","MARTEL","","","","","","","","","","","","0","0","1","13","0","","","","","","","","","","","","","","","","","","","","","","","","","","","0"
"503","Northern Ill.","12/03/10","1","MOORE","MARTEL","","","","","","","","","","","","0","0","4","110","2","","","","","","","","","","","","","","","2","","","","","","","","","","","","12"
"503","Northern Ill.","12/18/10","1","MOORE","MARTEL","","","","","","","","","","","","0","0","4","88","0","","","","","","","","","","","","","","","","","","","","","","","","","","","0"
"503","Northern Ill.","09/02/10","81","PALMER","NATHAN","","","","","","","","","","","","0","0","2","13","0","","","","","","","","","","","","","","","","","","","","","","","","","","","0"
"503","Northern Ill.","09/11/10","81","PALMER","NATHAN","","","","","","","","","","","","0","0","1","13","0","","","","","","","","","","","","","","","","","","","","","","","","","","","0"
"503","Northern Ill.","09/18/10","81","PALMER","NATHAN","","","","","","","","","","","","0","0","1","42","0","","","","","","","","","","","","","","","","","","","","","","","","","","","0"
"503","Northern Ill.","09/25/10","81","PALMER","NATHAN","1","0","1","-1","0","","","","","","","1","-1","1","2","0","","","","","","","","","","","","","","","","","","","","","","","","","","","0"
"503","Northern Ill.","10/02/10","81","PALMER","NATHAN","","","","","","","","","","","","0","0","3","65","1","","","","","","","","","","","","","","","1","","","","","","","","","","","","6"
"503","Northern Ill.","10/09/10","81","PALMER","NATHAN","1","1","0","1","0","","","","","","","1","1","4","39","1","","","","","","","","","","","","","","","1","","","","","","","","","","","","6"
"503","Northern Ill.","10/16/10","81","PALMER","NATHAN","","","","","","","","","","","","0","0","3","34","0","","","","","","","","","","","","","","","","","","","","","","","","","","","0"
"503","Northern Ill.","10/23/10","81","PALMER","NATHAN","","","","","","","","","","","","0","0","1","28","0","","","","","","","","","","","","","","","","","","","","","","","","","","","0"
"503","Northern Ill.","10/30/10","81","PALMER","NATHAN","","","","","","","","","","","","0","0","5","83","1","","","","","","","","","","","","","","","1","","","0","0","","","","","","","","6"
"503","Northern Ill.","11/09/10","81","PALMER","NATHAN","","","","","","","","","","","","0","0","1","33","1","","","","","","","","","","","","","","","1","","","","","","","","","","","","6"
"503","Northern Ill.","11/20/10","81","PALMER","NATHAN","","","","","","","","","","","","0","0","2","84","2","","","","","","","","","","","","","","","2","","","","","","","","","","","","12"
"503","Northern Ill.","11/26/10","81","PALMER","NATHAN","1","23","0","23","0","","","","","","","1","23","","","","","","","","","","","","","","","","","","","","","","","","","","","","","","0"
"503","Northern Ill.","12/03/10","81","PALMER","NATHAN","","","","","","","","","","","","0","0","3","56","0","","","","","","","","","","","","","","","","","","","","","","","","","","","0"
"503","Northern Ill.","12/18/10","81","PALMER","NATHAN","","","","","","1","0","0","0","0","","1","0","2","40","0","","","","","","","","","","","","","","","","","","","","","","","","","","","0"
"503","Northern Ill.","10/02/10","87","SCHEPLER","JASON","","","","","","","","","","","","0","0","1","20","0","","","","","","","","","","","","","","","","","","","","","","","","","","","0"
"503","Northern Ill.","10/09/10","87","SCHEPLER","JASON","","","","","","","","","","","","0","0","1","7","0","","","","","","","","","","","","","","","","","","","","","","","","","","","0"
"503","Northern Ill.","10/30/10","87","SCHEPLER","JASON","","","","","","","","","","","","0","0","2","27","0","","","","","","","","","","","","","","","","","","","","","","","","","","","0"
"503","Northern Ill.","11/09/10","87","SCHEPLER","JASON","","","","","","","","","","","","0","0","1","7","0","","","","","","","","","","","","","","","","","","","","","","","","","","","0"
"503","Northern Ill.","12/03/10","87","SCHEPLER","JASON","","","","","","","","","","","","0","0","2","22","0","","","","","","","","","","","","","","","","","","","","","","","","","","","0"
"503","Northern Ill.","12/18/10","87","SCHEPLER","JASON","","","","","","","","","","","","0","0","1","10","0","","","","","","","","","","","","","","","","","","","","","","","","","","","0"
"503","Northern Ill.","09/02/10","9C","SIMS","MATHEW","","","","","","","","","","","","0","0","","","","","","","","","","","","","","","","","","","1","1","0","0","","","","","1","1","","4"
"503","Northern Ill.","09/11/10","9C","SIMS","MATHEW","","","","","","","","","","","","0","0","","","","","","","","","","","","","","","","","","","3","2","0","0","","","","","2","1","","5"
"503","Northern Ill.","09/18/10","9C","SIMS","MATHEW","","","","","","","","","","","","0","0","","","","","","","","","","","","","","","","","","","1","0","0","0","","","","","","","","0"
"503","Northern Ill.","11/20/10","9C","SIMS","MATHEW","1","6","0","6","0","","","","","","","1","6","","","","","","","","","","","","","","","","","","","","","","","","","","","","","","0"
"503","Northern Ill.","11/26/10","9C","SIMS","MATHEW","","","","","","","","","","","","0","0","","","","","","","","","","","","","","","","","","","1","1","0","0","","","","","","","","1"
"503","Northern Ill.","09/25/10","34","SKARB","KYLE","","","","","","","","","","","","0","0","1","16","0","","","","","","","","","","","","","","","","","","","","","","","","","","","0"
"503","Northern Ill.","10/09/10","34","SKARB","KYLE","","","","","","","","","","","","0","0","2","10","0","","","","","","","","","","","","","","","","","","","","","","","","","","","0"
"503","Northern Ill.","10/23/10","34","SKARB","KYLE","","","","","","","","","","","","0","0","1","8","0","","","","","","","","","","","","","","","","","","","","","","","","","","","0"
"503","Northern Ill.","11/20/10","34","SKARB","KYLE","","","","","","","","","","","","0","0","1","4","1","","","","","","","","","","","","1","0","0","1","","","","","","","","","","","","6"
"503","Northern Ill.","12/18/10","34","SKARB","KYLE","","","","","","","","","","","","0","0","1","22","1","","","","","","","","","","","","","","","1","","","","","","","","","","","","6"
"503","Northern Ill.","10/09/10","5","SMITH","CHRIS","","","","","","","","","","","","0","0","","","","1","1","0","","","","","","","","","","","","","","","","","","","","","","","","0"
"503","Northern Ill.","10/16/10","5","SMITH","CHRIS","","","","","","","","","","","","0","0","","","","1","21","0","","","","","","","","","","","","","","","","","","","","","","","","0"
"503","Northern Ill.","10/23/10","5","SMITH","CHRIS","","","","","","","","","","","","0","0","","","","1","2","0","","","","","","","","","","","","","","","","","","","","","","","","0"
"503","Northern Ill.","09/02/10","28","SPANN","CHAD","17","82","2","80","0","","","","","","","17","80","3","14","0","","","","","","","","","","","","","","","","","","","","","","","","","","","0"
"503","Northern Ill.","09/11/10","28","SPANN","CHAD","21","146","6","140","1","","","","","","","21","140","3","20","0","","","","","","","","","","","","","","","1","","","","","","","","","","","","6"
"503","Northern Ill.","09/18/10","28","SPANN","CHAD","13","19","4","15","1","","","","","","","13","15","1","11","0","","","","","","","","","","","","","","","1","","","","","","","","","","","","6"
"503","Northern Ill.","09/25/10","28","SPANN","CHAD","15","223","0","223","2","","","","","","","15","223","2","0","0","","","","","","","","","","","","","","","2","","","","","","","","","","","","12"
"503","Northern Ill.","10/02/10","28","SPANN","CHAD","16","86","2","84","1","","","","","","","16","84","","","","","","","","","","","","","","","","","","1","","","","","","","","","","","","6"
"503","Northern Ill.","10/09/10","28","SPANN","CHAD","24","100","0","100","1","","","","","","","24","100","","","","","","","","","","","","","","","","","","1","","","","","","","","","","","","6"
"503","Northern Ill.","10/16/10","28","SPANN","CHAD","31","117","6","111","2","","","","","","","31","111","","","","","","","","","","","","","","","","","","2","","","","","","","","","","","","12"
"503","Northern Ill.","10/23/10","28","SPANN","CHAD","23","102","1","101","3","","","","","","","23","101","","","","","","","","","","","","","","","","","","3","","","","","","","","","","","","18"
"503","Northern Ill.","10/30/10","28","SPANN","CHAD","22","146","0","146","1","","","","","","","22","146","","","","","","","","","","","","","","","","","","1","","","","","","","","","","","","6"
"503","Northern Ill.","11/09/10","28","SPANN","CHAD","20","74","4","70","3","","","","","","","20","70","","","","","","","","","","","","","","","","","","3","","","","","","","","","","","","18"
"503","Northern Ill.","11/20/10","28","SPANN","CHAD","17","88","7","81","3","","","","","","","17","81","","","","","","","","","","","","","","","","","","3","","","","","","","","","","","","18"
"503","Northern Ill.","11/26/10","28","SPANN","CHAD","7","90","2","88","2","","","","","","","7","88","","","","","","","","","","","","","","","","","","2","","","","","","","","","","","","12"
"503","Northern Ill.","12/03/10","28","SPANN","CHAD","17","57","3","54","0","","","","","","","17","54","","","","","","","","","","","","","","","","","","","","","","","","","","","","","","0"
"503","Northern Ill.","12/18/10","28","SPANN","CHAD","15","99","4","95","2","","","","","","","15","95","","","","","","","","","","","","","","","","","","2","","","","","","","","","","","","12"
"503","Northern Ill.","09/25/10","1C","WARD","JIMMIE","","","","","","","","","","","","0","0","","","","","","","","","","","","1","18","0","","","","","","","","","","","","","","","","0"
"503","Northern Ill.","10/23/10","1C","WARD","JIMMIE","","","","","","","","","","","","0","0","","","","","","","","","","","","1","4","0","","","","","","","","","","","","","","","","0"
"503","Northern Ill.","11/20/10","1C","WARD","JIMMIE","","","","","","","","","","","","0","0","","","","","","","","","","","","0","15","1","","","","1","","","","","","","","","","","","6"
"503","Northern Ill.","10/02/10","24","WARE","DOMINIQUE","","","","","","","","","","","","0","0","","","","1","11","0","","","","","","","","","","","","","","","","","","","","","","","","0"
"503","Northern Ill.","09/02/10","49","WILBER","JOSH","","","","","","","","","","","","0","0","","","","","","","","","","4","135","","","","","","","","","","","","","","","","","","","0"
"503","Northern Ill.","09/11/10","49","WILBER","JOSH","","","","","","","","","","","","0","0","","","","","","","","","","3","116","","","","","","","","","","","","","","","","","","","0"
"503","Northern Ill.","09/18/10","49","WILBER","JOSH","","","","","","","","","","","","0","0","","","","","","","","","","5","245","","","","","","","","","","","","","","","","","","","0"
"503","Northern Ill.","09/25/10","49","WILBER","JOSH","","","","","","","","","","","","0","0","","","","","","","","","","4","159","","","","","","","","","","","","","","","","","","","0"
"503","Northern Ill.","10/02/10","49","WILBER","JOSH","","","","","","","","","","","","0","0","","","","","","","","","","1","28","","","","","","","","","","","","","","","","","","","0"
"503","Northern Ill.","10/09/10","49","WILBER","JOSH","","","","","","","","","","","","0","0","","","","","","","","","","3","103","","","","","","","","","","","","","","","","","","","0"
"503","Northern Ill.","10/16/10","49","WILBER","JOSH","","","","","","","","","","","","0","0","","","","","","","","","","2","74","","","","","","","","","","","","","","","","","","","0"
"503","Northern Ill.","10/23/10","49","WILBER","JOSH","","","","","","","","","","","","0","0","","","","","","","","","","1","41","","","","","","","","","","","","","","","","","","","0"
"503","Northern Ill.","10/30/10","49","WILBER","JOSH","","","","","","","","","","","","0","0","","","","","","","","","","5","203","","","","","","","","","","","","","","","","","","","0"
"503","Northern Ill.","11/09/10","49","WILBER","JOSH","","","","","","","","","","","","0","0","","","","","","","","","","1","42","","","","","","","","","","","","","","","","","","","0"
"503","Northern Ill.","11/20/10","49","WILBER","JOSH","","","","","","","","","","","","0","0","","","","","","","","","","1","42","","","","","","","","","","","","","","","","","","","0"
"503","Northern Ill.","11/26/10","49","WILBER","JOSH","","","","","","","","","","","","0","0","","","","","","","","","","2","53","","","","","","","","","","","","","","","","","","","0"
"503","Northern Ill.","12/03/10","49","WILBER","JOSH","","","","","","","","","","","","0","0","","","","","","","","","","6","271","","","","","","","","","","","","","","","","","","","0"
"503","Northern Ill.","09/02/10","25","WILSON","TRACY","","","","","","","","","","","","0","0","","","","1","26","0","","","","","","","","","","","","","","","","","","","","","","","","0"
"509","Northwestern","10/09/10","32","ARNOLD","DAVID","","","","","","","","","","","","0","0","","","","1","0","0","","","","","","","","","","","","","","","","","","","","","","","","0"
"509","Northwestern","09/04/10","86","BARBER","BRENDAN","","","","","","","","","","","","0","0","2","17","0","","","","","","","","","","","","","","","","","","","","","","","","","","","0"
"509","Northwestern","09/11/10","7A","BATES","HUNTER","","","","","","","","","","","","0","0","","","","","","","","","","","","2","7","0","","","","","","","","","","","","","","","","0"
"509","Northwestern","09/18/10","7A","BATES","HUNTER","","","","","","","","","","","","0","0","","","","1","2","0","","","","","","2","33","0","","","","","","","","","","","","","","","","0"
"509","Northwestern","10/09/10","7A","BATES","HUNTER","","","","","","","","","","","","0","0","","","","","","","","","","","","3","0","0","","","","","","","","","","","","","","","","0"
"509","Northwestern","10/23/10","7A","BATES","HUNTER","","","","","","","","","","","","0","0","","","","","","","","","","","","1","14","0","","","","","","","","","","","","","","","","0"
"509","Northwestern","10/30/10","7A","BATES","HUNTER","","","","","","","","","","","","0","0","","","","1","13","0","","","","","","","","","","","","","","","","","","","","","","","","0"
"509","Northwestern","09/11/10","6","BROWN","CHARLES","","","","","","","","","","","","0","0","4","36","0","","","","","","","","","","","","","","","","","","","","","","","","","","","0"
"509","Northwestern","09/25/10","6","BROWN","CHARLES","1","3","0","3","0","","","","","","","1","3","1","9","0","","","","","","","","","","","","","","","","","","","","","","","","","","","0"
"509","Northwestern","10/02/10","6","BROWN","CHARLES","","","","","","","","","","","","0","0","2","60","0","","","","","","","","","","","","","","","","","","","","","","","","","","","0"
"509","Northwestern","10/09/10","6","BROWN","CHARLES","","","","","","","","","","","","0","0","3","14","0","","","","","","","","","","","","","","","","","","","","","","","","","","","0"
"509","Northwestern","10/23/10","6","BROWN","CHARLES","","","","","","","","","","","","0","0","1","28","0","","","","","","","","","","","","","","","","","","","","","","","","","","","0"
"509","Northwestern","10/30/10","6","BROWN","CHARLES","","","","","","","","","","","","0","0","1","10","0","","","","","","","","","","","","","","","","","","","","","","","","","","","0"
"509","Northwestern","11/06/10","6","BROWN","CHARLES","","","","","","","","","","","","0","0","1","7","0","","","","","","","","","","","","","","","","","","","","","","","","","","","0"
"509","Northwestern","11/13/10","6","BROWN","CHARLES","","","","","","","","","","","","0","0","2","33","0","","","","","","","","","","","","","","","","","","","","","","","","","","","0"
"509","Northwestern","11/27/10","6","BROWN","CHARLES","","","","","","","","","","","","0","0","1","1","0","","","","","","","","","","","","","","","","","","","","","","","","","","","0"
"509","Northwestern","09/11/10","98","BRYANT","CORBIN","","","","","","","","","","","","0","0","","","","1","17","0","","","","","","","","","","","","","","","","","","","","","","","","0"
"509","Northwestern","09/11/10","37","BUDZIEN","JEFF","","","","","","","","","","","","0","0","","","","","","","","","","","","","","","","","","","1","1","0","0","","","","","","","","1"
"509","Northwestern","11/20/10","14","COLTER","KAIN","3","10","0","10","0","","","","","","","3","10","","","","","","","","","","","","","","","","","","","","","","","","","","","","","","0"
"509","Northwestern","11/27/10","14","COLTER","KAIN","8","32","4","28","0","3","0","1","0","0","","11","28","","","","","","","","","","","","","","","","","","","","","","","","","","","","","","0"
"509","Northwestern","01/01/11","14","COLTER","KAIN","18","105","0","105","2","6","3","0","38","0","1","24","143","1","32","0","","","","","","","","","","","","","","","2","","","1","1","","","","","","","","14"
"509","Northwestern","09/11/10","20","CONCANNON","SCOTT","3","10","0","10","0","","","","","","","3","10","","","","","","","","","","","","","","","","","","","","","","","","","","","","","","0"
"509","Northwestern","09/18/10","20","CONCANNON","SCOTT","2","11","0","11","0","","","","","","","2","11","","","","","","","","","","","","","","","","","","","","","","","","","","","","","","0"
"509","Northwestern","09/11/10","41","DAVIE","QUENTIN","","","","","","","","","","","","0","0","","","","2","45","0","","","","","","","","","","","","","","","","","","","","","","","","0"
"509","Northwestern","09/18/10","41","DAVIE","QUENTIN","","","","","","","","","","","","0","0","","","","1","11","1","","","","","","","","","","","","1","","","","","","","","","","","","6"
"509","Northwestern","09/04/10","1","DEMOS","STEFAN","","","","","","","","","","","","0","0","","","","","","","","","","","","","","","","","","","2","2","0","0","","","","","2","1","","5"
"509","Northwestern","09/11/10","1","DEMOS","STEFAN","","","","","","","","","","","","0","0","","","","","","","","","","","","","","","","","","","4","3","0","0","","","","","2","1","","6"
"509","Northwestern","09/18/10","1","DEMOS","STEFAN","","","","","","","","","","","","0","0","","","","","","","","","","","","","","","","","","","3","3","0","0","","","","","3","3","","12"
"509","Northwestern","09/25/10","1","DEMOS","STEFAN","","","","","","","","","","","","0","0","","","","","","","","","","","","","","","","","","","4","3","0","0","","","","","2","1","","6"
"509","Northwestern","10/02/10","1","DEMOS","STEFAN","","","","","","","","","","","","0","0","","","","","","","","","","","","","","","","","","","3","2","0","0","","","","","1","1","","5"
"509","Northwestern","10/09/10","1","DEMOS","STEFAN","","","","","","","","","","","","0","0","","","","","","","","","","","","","","","","","","","2","2","0","0","","","","","3","1","","5"
"509","Northwestern","10/23/10","1","DEMOS","STEFAN","","","","","","","","","","","","0","0","","","","","","","","","","","","","","","","","","","3","3","0","0","","","","","2","2","","9"
"509","Northwestern","10/30/10","1","DEMOS","STEFAN","","","","","","","","","","","","0","0","","","","","","","","","","","","","","","","","","","2","2","0","0","","","","","2","2","","8"
"509","Northwestern","11/06/10","1","DEMOS","STEFAN","","","","","","","","","","","","0","0","","","","","","","","","","","","","","","","","","","3","3","0","0","","","","","1","0","","3"
"509","Northwestern","11/13/10","1","DEMOS","STEFAN","","","","","","","","","","","","0","0","","","","","","","","","","","","","","","","","","","3","3","0","0","","","","","1","0","","3"
"509","Northwestern","11/20/10","1","DEMOS","STEFAN","","","","","","","","","","","","0","0","","","","","","","","","","","","","","","","","","","3","3","0","0","","","","","2","2","","9"
"509","Northwestern","11/27/10","1","DEMOS","STEFAN","","","","","","","","","","","","0","0","","","","","","","","","","","","","","","","","","","3","2","0","0","","","","","1","1","","5"
"509","Northwestern","01/01/11","1","DEMOS","STEFAN","","","","","","","","","","","","0","0","","","","","","","","","","","","","","","","","","","3","3","0","0","","","","","1","1","","6"
"509","Northwestern","09/04/10","9","DUNSMORE","DRAKE","","","","","","","","","","","","0","0","2","13","1","","","","","","","","","","","","","","","1","","","","","","","","","","","","6"
"509","Northwestern","09/11/10","9","DUNSMORE","DRAKE","","","","","","","","","","","","0","0","5","30","2","","","","","","","","","","","","","","","2","","","","","","","","","","","","12"
"509","Northwestern","09/18/10","9","DUNSMORE","DRAKE","","","","","","","","","","","","0","0","6","87","0","","","","","","","","","","","","","","","","","","","","","","","","","","","0"
"509","Northwestern","09/25/10","9","DUNSMORE","DRAKE","","","","","","","","","","","","0","0","3","34","0","","","","","","","","","","","","","","","","","","","","","","","","","","","0"
"509","Northwestern","10/02/10","9","DUNSMORE","DRAKE","","","","","","","","","","","","0","0","2","17","0","","","","","","","","","","","","","","","","","","","","","","","","","","","0"
"509","Northwestern","10/09/10","9","DUNSMORE","DRAKE","","","","","","","","","","","","0","0","4","50","0","","","","","","","","","","","","","","","","","","","","","","","","","","","0"
"509","Northwestern","10/30/10","9","DUNSMORE","DRAKE","","","","","","","","","","","","0","0","4","29","0","","","","","","","","","","","","","","","","","","","","","","","","","","","0"
"509","Northwestern","11/06/10","9","DUNSMORE","DRAKE","","","","","","","","","","","","0","0","2","14","1","","","","","","","","","","","","","","","1","","","","","","","","","","","","6"
"509","Northwestern","11/13/10","9","DUNSMORE","DRAKE","","","","","","","","","","","","0","0","8","65","0","","","","","","","","","","","","","","","","","","","","","","","","","","","0"
"509","Northwestern","11/20/10","9","DUNSMORE","DRAKE","","","","","","","","","","","","0","0","1","14","0","","","","","","","","","","","","","","","","","","","","","","","","","","","0"
"509","Northwestern","11/27/10","9","DUNSMORE","DRAKE","","","","","","","","","","","","0","0","2","25","1","","","","","","","","","","","","","","","1","","","","","","","","","","","","6"
"509","Northwestern","01/01/11","9","DUNSMORE","DRAKE","","","","","","","","","","","","0","0","1","3","0","","","","","","","","","","","","","","","","","","","","","","","","","","","0"
"509","Northwestern","09/04/10","11","EBERT","JEREMY","1","12","0","12","0","","","","","","","1","12","5","99","1","","","","","","","","","","","","","","","1","","","","","","","","","","","","6"
"509","Northwestern","09/11/10","11","EBERT","JEREMY","","","","","","","","","","","","0","0","3","67","0","","","","","","","","","","","","","","","","","","","","","","","","","","","0"
"509","Northwestern","09/18/10","11","EBERT","JEREMY","1","7","0","7","0","","","","","","","1","7","4","82","1","","","","","","","","","","","","","","","1","","","","","","","","","","","","6"
"509","Northwestern","09/25/10","11","EBERT","JEREMY","","","","","","","","","","","","0","0","5","83","2","","","","","","","","","","","","","","","2","","","","","","","","","","","","12"
"509","Northwestern","10/02/10","11","EBERT","JEREMY","","","","","","","","","","","","0","0","7","105","1","","","","","","","","","","","","","","","1","","","","","","","","","","","","6"
"509","Northwestern","10/09/10","11","EBERT","JEREMY","","","","","","","","","","","","0","0","11","124","0","","","","","","","","","","","","","","","","","","","","","","","","","","","0"
"509","Northwestern","10/23/10","11","EBERT","JEREMY","","","","","","1","1","0","28","0","","1","28","2","20","0","","","","","","","","","","","","","","","","","","","","","","","","","","","0"
"509","Northwestern","10/30/10","11","EBERT","JEREMY","","","","","","","","","","","","0","0","5","98","2","","","","","","","","","","","","","","","2","","","","","","","","","","","","12"
"509","Northwestern","11/06/10","11","EBERT","JEREMY","","","","","","","","","","","","0","0","6","111","0","","","","","","","","","","","","","","","","","","","","","","","","","","","0"
"509","Northwestern","11/13/10","11","EBERT","JEREMY","","","","","","","","","","","","0","0","6","60","1","","","","","","","","","","","","","","","1","","","","","","","","","","","","6"
"509","Northwestern","11/20/10","11","EBERT","JEREMY","","","","","","","","","","","","0","0","2","27","0","","","","","","","","","","","","","","","","","","","","","","","","","","","0"
"509","Northwestern","11/27/10","11","EBERT","JEREMY","2","5","1","4","0","","","","","","","2","4","3","43","0","","","","","","","","","","","","","","","","","","","","","","","","","","","0"
"509","Northwestern","01/01/11","11","EBERT","JEREMY","1","0","2","-2","0","1","1","0","32","0","","2","30","3","34","0","","","","","","","","","","","","","","","","","","","","","","","","","","","0"
"509","Northwestern","09/04/10","19","FIELDS","ARBY","10","13","20","-7","0","","","","","","","10","-7","","","","","","","","","","","","","","","","","","","","","","","","","","","","","","0"
"509","Northwestern","09/11/10","19","FIELDS","ARBY","22","98","2","96","1","","","","","","","22","96","1","6","0","","","","","","","","","","","","","","","1","","","","","","","","","","","","6"
"509","Northwestern","09/18/10","19","FIELDS","ARBY","17","59","4","55","0","","","","","","","17","55","1","16","0","","","","","","","","","","","","","","","","","","","","","","","","","","","0"
"509","Northwestern","09/25/10","19","FIELDS","ARBY","7","16","0","16","0","","","","","","","7","16","1","-1","0","","","","","","","","","","","","","","","","","","","","","","","","","","","0"
"509","Northwestern","10/23/10","19","FIELDS","ARBY","","","","","","","","","","","","0","0","","","","","","","","","","","","","","","1","21","0","","","","","","","","","","","","","0"
"509","Northwestern","10/30/10","19","FIELDS","ARBY","3","10","0","10","0","","","","","","","3","10","","","","","","","","","","","","","","","","","","","","","","","","","","","","","","0"
"509","Northwestern","11/27/10","19","FIELDS","ARBY","2","11","0","11","0","","","","","","","2","11","1","6","0","","","","","","","","","","","","","","","","","","","","","","","","","","","0"
"509","Northwestern","09/04/10","8","FIELDS","DEMETRIUS","","","","","","","","","","","","0","0","2","23","0","","","","","","","","","","","","","","","","","","","","","","","","","","","0"
"509","Northwestern","09/11/10","8","FIELDS","DEMETRIUS","","","","","","","","","","","","0","0","1","9","0","","","","","","","","","","","","","","","","","","","","","","","","","","","0"
"509","Northwestern","09/18/10","8","FIELDS","DEMETRIUS","","","","","","","","","","","","0","0","6","55","0","","","","","","","","","","","","","","","","","","","","","","","","","","","0"
"509","Northwestern","09/25/10","8","FIELDS","DEMETRIUS","","","","","","","","","","","","0","0","4","65","0","","","","","","","","","","","","","","","","","","","","","","","","","","","0"
"509","Northwestern","10/02/10","8","FIELDS","DEMETRIUS","","","","","","","","","","","","0","0","1","11","0","","","","","","","","","","","","","","","","","","","","","","","","","","","0"
"509","Northwestern","10/09/10","8","FIELDS","DEMETRIUS","","","","","","","","","","","","0","0","2","15","0","","","","","","","","","","","","","","","","","","","","","","","","","","","0"
"509","Northwestern","10/23/10","8","FIELDS","DEMETRIUS","","","","","","","","","","","","0","0","2","17","0","","","","","","","","","","","","","","","","","","","","","","","","","","","0"
"509","Northwestern","10/30/10","8","FIELDS","DEMETRIUS","","","","","","","","","","","","0","0","1","23","0","","","","","","","","","","","","","","","","","","","","","","","","","","","0"
"509","Northwestern","11/06/10","8","FIELDS","DEMETRIUS","","","","","","","","","","","","0","0","1","14","0","","","","","","","","","","","","","","","","","","","","","","","","","","","0"
"509","Northwestern","11/13/10","8","FIELDS","DEMETRIUS","","","","","","","","","","","","0","0","2","28","1","","","","","","","","","","","","","","","1","","","","","","","","","","","","6"
"509","Northwestern","01/01/11","8","FIELDS","DEMETRIUS","","","","","","","","","","","","0","0","3","31","1","","","","","","","","","","","","","","","1","","","","","","","","","","","","6"
"509","Northwestern","09/11/10","35","JOHNSON","BEN","","","","","","","","","","","","0","0","","","","","","","1","29","0","","","","","","","","","","","","","","","","","","","","","0"
"509","Northwestern","10/02/10","35","JOHNSON","BEN","","","","","","","","","","","","0","0","","","","1","9","0","","","","","","","","","","","","","","","","","","","","","","","","0"
"509","Northwestern","10/02/10","12","JONES","TONY","","","","","","","","","","","","0","0","4","68","1","","","","","","","","","","","","","","","1","","","","","","","","","","","","6"
"509","Northwestern","10/23/10","12","JONES","TONY","","","","","","","","","","","","0","0","1","1","0","","","","","","","","","","","","","","","","","","","","","","","","","","","0"
"509","Northwestern","10/30/10","12","JONES","TONY","","","","","","","","","","","","0","0","1","7","0","","","","","","","","","","","","","","","","","","","","","","","","","","","0"
"509","Northwestern","11/06/10","12","JONES","TONY","","","","","","","","","","","","0","0","1","14","0","","","","","","","","","","","","","","","","","","","","","","","","","","","0"
"509","Northwestern","11/13/10","12","JONES","TONY","","","","","","","","","","","","0","0","2","16","0","","","","","","","","","","","","","","","","","","","","","","","","","","","0"
"509","Northwestern","11/20/10","12","JONES","TONY","","","","","","","","","","","","0","0","2","51","0","","","","","","","","","","","","","","","","","","","","","","","","","","","0"
"509","Northwestern","09/11/10","17","LAWRENCE","RASHAD","","","","","","","","","","","","0","0","1","50","0","","","","","","","","","","","","","","","","","","","","","","","","","","","0"
"509","Northwestern","10/09/10","17","LAWRENCE","RASHAD","","","","","","","","","","","","0","0","2","21","0","","","","","","","","","","","","","","","","","","","","","","","","","","","0"
"509","Northwestern","10/23/10","17","LAWRENCE","RASHAD","","","","","","","","","","","","0","0","4","67","0","","","","","","","","","","","","","","","","","","","","","","","","","","","0"
"509","Northwestern","11/06/10","17","LAWRENCE","RASHAD","","","","","","","","","","","","0","0","1","6","0","","","","","","","","","","","","","","","","","","","","","","","","","","","0"
"509","Northwestern","11/13/10","17","LAWRENCE","RASHAD","","","","","","","","","","","","0","0","2","15","0","","","","","","","","","","","","","","","","","","","","","","","","","","","0"
"509","Northwestern","11/27/10","17","LAWRENCE","RASHAD","","","","","","","","","","","","0","0","2","19","0","","","","","","","","","","","","","","","","","","","","","","","","","","","0"
"509","Northwestern","01/01/11","26","MABIN","JORDAN","","","","","","","","","","","","0","0","","","","1","39","1","","","","","","","","","","","","1","","","","","","","","","","","","6"
"509","Northwestern","09/04/10","85","MARK","VENRIC","","","","","","","","","","","","0","0","","","","","","","","","","","","","","","1","19","0","","","","","","","","","","","","","0"
"509","Northwestern","09/11/10","85","MARK","VENRIC","","","","","","","","","","","","0","0","1","21","0","","","","","","","","","1","7","0","","","","","","","","","","","","","","","","0"
"509","Northwestern","09/18/10","85","MARK","VENRIC","","","","","","","","","","","","0","0","2","12","0","","","","","","","","","","","","","","","","","","","","","","","","","","","0"
"509","Northwestern","10/02/10","85","MARK","VENRIC","1","2","0","2","0","","","","","","","1","2","","","","","","","","","","","","","","","","","","","","","","","","","","","","","","0"
"509","Northwestern","10/23/10","85","MARK","VENRIC","1","29","0","29","0","","","","","","","1","29","","","","","","","","","","","","2","26","0","2","42","0","","","","","","","","","","","","","0"
"509","Northwestern","10/30/10","85","MARK","VENRIC","1","5","0","5","0","","","","","","","1","5","1","-1","0","","","","","","","","","2","17","0","2","56","0","","","","","","","","","","","","","0"
"509","Northwestern","11/06/10","85","MARK","VENRIC","","","","","","","","","","","","0","0","","","","","","","","","","","","","","","1","26","0","","","","","","","","","","","","","0"
"509","Northwestern","11/13/10","85","MARK","VENRIC","1","2","0","2","0","","","","","","","1","2","","","","","","","","","","","","","","","","","","","","","","","","","","","","","","0"
"509","Northwestern","11/20/10","85","MARK","VENRIC","1","3","0","3","0","","","","","","","1","3","","","","","","","","","","","","1","58","0","1","26","0","","","","","","","","","","","","","0"
"509","Northwestern","11/27/10","85","MARK","VENRIC","","","","","","","","","","","","0","0","","","","","","","","","","","","3","8","0","9","273","1","1","","","","","","","","","","","","6"
"509","Northwestern","01/01/11","85","MARK","VENRIC","3","22","0","22","0","","","","","","","3","22","1","11","0","","","","","","","","","","","","5","108","0","","","","","","","","","","","","","0"
"509","Northwestern","09/18/10","45","NAGEL","AARON","","","","","","","","","","","","0","0","1","6","0","","","","","","","","","","","","","","","","","","","","","","","","","","","0"
"509","Northwestern","11/20/10","45","NAGEL","AARON","","","","","","","","","","","","0","0","","","","","","","","","","","","","","","1","14","0","","","","","","","","","","","","","0"
"509","Northwestern","09/25/10","33","NWABUISI","DAVID","","","","","","","","","","","","0","0","","","","1","2","0","","","","","","","","","","","","","","","","","","","","","","","","0"
"509","Northwestern","09/04/10","7","PERSA","DAN","17","112","30","82","0","21","19","0","222","3","","38","304","","","","","","","","","","","","","","","","","","","","","","","","","","","","","","0"
"509","Northwestern","09/11/10","7","PERSA","DAN","7","14","1","13","1","23","19","0","240","2","","30","253","","","","","","","","","","","","","","","","","","1","","","","","","","","","","","","6"
"509","Northwestern","09/18/10","7","PERSA","DAN","9","48","14","34","1","32","24","0","307","1","","41","341","","","","","","","","","","","","","","","","","","1","","","","","","","","","","","","6"
"509","Northwestern","09/25/10","7","PERSA","DAN","17","55","12","43","0","30","23","1","280","2","","47","323","","","","","","","","","","","","","","","","","","","","","","","","","","","","","","0"
"509","Northwestern","10/02/10","7","PERSA","DAN","18","106","7","99","0","30","23","1","309","2","0","48","408","","","","","","","","","","","","","","","","","","","","","1","0","","","","","","","","0"
"509","Northwestern","10/09/10","7","PERSA","DAN","20","51","27","24","1","41","30","0","305","0","","61","329","","","","","","","","","","","","","","","","","","1","","","","","","","","","","","","6"
"509","Northwestern","10/23/10","7","PERSA","DAN","22","81","35","46","3","29","18","1","187","0","","51","233","","","","","","","","","","","","","","","","","","3","","","","","","","","","","","","18"
"509","Northwestern","10/30/10","7","PERSA","DAN","11","34","15","19","0","28","18","0","212","2","","39","231","1","-7","0","","","","","","","","","","","","","","","","","","","","","","","","","","","0"
"509","Northwestern","11/06/10","7","PERSA","DAN","25","138","29","109","2","25","16","0","201","1","","50","310","","","","","","","","","","","","","","","","","","2","","","","","","","","","","","","12"
"509","Northwestern","11/13/10","7","PERSA","DAN","18","78","28","50","1","43","32","1","318","2","","61","368","","","","","","","","","","","","","","","","","","1","","","","","","","","","","","","6"
"509","Northwestern","11/13/10","10","PETERS","BRIAN","","","","","","","","","","","","0","0","","","","1","25","0","","","","","","","","","","","","","","","","","","","","","","","","0"
"509","Northwestern","11/20/10","10","PETERS","BRIAN","","","","","","","","","","","","0","0","","","","2","59","1","","","","","","","","","","","","1","","","","","","","","","","","","6"
"509","Northwestern","09/04/10","89","ROOKS","JOSH","","","","","","","","","","","","0","0","3","19","1","","","","","","","","","","","","","","","1","","","","","","","","","","","","6"
"509","Northwestern","10/30/10","89","ROOKS","JOSH","","","","","","","","","","","","0","0","1","2","0","","","","","","","","","","","","","","","","","","","","","","","","","","","0"
"509","Northwestern","11/27/10","89","ROOKS","JOSH","","","","","","","","","","","","0","0","","","","","","","","","","","","","","","1","11","0","","","","","","","","","","","","","0"
"509","Northwestern","01/01/11","89","ROOKS","JOSH","","","","","","","","","","","","0","0","1","3","0","","","","","","","","","","","","","","","","","","0","0","","","","","","","","0"
"509","Northwestern","09/04/10","39","SCHMIDT","JACOB","13","47","3","44","0","","","","","","","13","44","3","21","0","","","","","","","","","","","","","","","","","","","","","","","","","","","0"
"509","Northwestern","09/11/10","39","SCHMIDT","JACOB","4","15","1","14","0","","","","","","","4","14","","","","","","","","","","","","","","","","","","","","","","","","","","","","","","0"
"509","Northwestern","09/18/10","39","SCHMIDT","JACOB","3","11","0","11","0","","","","","","","3","11","1","4","0","","","","","","","","","","","","","","","","","","","","","","","","","","","0"
"509","Northwestern","09/25/10","39","SCHMIDT","JACOB","6","32","0","32","2","","","","","","","6","32","4","33","0","","","","","","","","","","","","","","","2","","","","","","","","","","","","12"
"509","Northwestern","10/02/10","39","SCHMIDT","JACOB","8","26","1","25","1","","","","","","","8","25","1","6","0","","","","","","","","","","","","","","","1","","","","","","","","","","","","6"
"509","Northwestern","10/09/10","39","SCHMIDT","JACOB","12","36","4","32","1","","","","","","","12","32","4","43","0","","","","","","","","","","","","","","","1","","","","","","","","","","","","6"
"509","Northwestern","10/23/10","39","SCHMIDT","JACOB","3","4","1","3","0","","","","","","","3","3","","","","","","","","","","","","","","","","","","","","","","","","","","","","","","0"
"509","Northwestern","01/01/11","39","SCHMIDT","JACOB","","","","","","","","","","","","0","0","1","7","0","","","","","","","","","","","","","","","","","","","","","","","","","","","0"
"509","Northwestern","10/30/10","97","SCOTT","TYLER","","","","","","","","","","","","0","0","","","","","","","","","","","","","","","1","12","0","","","","","","","","","","","","","0"
"509","Northwestern","11/06/10","97","SCOTT","TYLER","","","","","","","","","","","","0","0","","","","","","","","","","","","","","","1","5","0","","","","","","","","","","","","","0"
"509","Northwestern","11/20/10","97","SCOTT","TYLER","","","","","","","","","","","","0","0","","","","","","","","","","","","","","","1","12","0","","","","","","","","","","","","","0"
"509","Northwestern","01/01/11","97","SCOTT","TYLER","","","","","","","","","","","","0","0","","","","","","","","","","","","","","","1","16","0","","","","","","","","","","","","","0"
"509","Northwestern","09/04/10","25","SIMMONS","STEPHEN","3","14","0","14","0","","","","","","","3","14","","","","","","","","","","","","","","","3","53","0","","","","","","","","","","","","","0"
"509","Northwestern","09/11/10","25","SIMMONS","STEPHEN","5","16","0","16","0","","","","","","","5","16","1","1","0","","","","","","","","","","","","2","39","0","","","","","","","","","","","","","0"
"509","Northwestern","09/18/10","25","SIMMONS","STEPHEN","9","30","2","28","0","","","","","","","9","28","","","","","","","","","","","","","","","2","43","0","","","","","","","","","","","","","0"
"509","Northwestern","09/25/10","25","SIMMONS","STEPHEN","2","4","0","4","0","","","","","","","2","4","","","","","","","","","","","","","","","3","71","0","","","","","","","","","","","","","0"
"509","Northwestern","10/02/10","25","SIMMONS","STEPHEN","","","","","","","","","","","","0","0","","","","","","","","","","","","","","","2","47","0","","","","","","","","","","","","","0"
"509","Northwestern","10/09/10","25","SIMMONS","STEPHEN","","","","","","","","","","","","0","0","","","","","","","","","","","","","","","4","94","0","","","","","","","","","","","","","0"
"509","Northwestern","11/06/10","25","SIMMONS","STEPHEN","","","","","","","","","","","","0","0","","","","","","","","","","","","","","","2","34","0","","","","","","","","","","","","","0"
"509","Northwestern","11/20/10","25","SIMMONS","STEPHEN","1","6","0","6","0","","","","","","","1","6","","","","","","","","","","","","","","","4","86","0","","","","","","","","","","","","","0"
"509","Northwestern","11/27/10","25","SIMMONS","STEPHEN","12","58","3","55","0","","","","","","","12","55","","","","","","","","","","","","","","","1","41","0","","","","","","","","","","","","","0"
"509","Northwestern","01/01/11","25","SIMMONS","STEPHEN","9","33","2","31","0","","","","","","","9","31","1","8","0","","","","","","","","","","","","","","","","","","","","","","","","","","","0"
"509","Northwestern","10/02/10","4","SMITH","ADONIS","2","1","0","1","0","","","","","","","2","1","","","","","","","","","","","","","","","","","","","","","","","","","","","","","","0"
"509","Northwestern","10/09/10","4","SMITH","ADONIS","1","5","0","5","0","","","","","","","1","5","","","","","","","","","","","","","","","","","","","","","","","","","","","","","","0"
"509","Northwestern","10/23/10","4","SMITH","ADONIS","10","44","0","44","0","","","","","","","10","44","","","","","","","","","","","","","","","","","","","","","","","","","","","","","","0"
"509","Northwestern","10/30/10","4","SMITH","ADONIS","5","14","0","14","0","","","","","","","5","14","","","","","","","","","","","","","","","","","","","","","","","","","","","","","","0"
"509","Northwestern","11/06/10","4","SMITH","ADONIS","3","18","1","17","0","","","","","","","3","17","1","-1","0","","","","","","","","","","","","","","","","","","","","","","","","","","","0"
"509","Northwestern","11/13/10","4","SMITH","ADONIS","2","5","0","5","0","","","","","","","2","5","","","","","","","","","","","","","","","","","","","","","","","","","","","","","","0"
"509","Northwestern","11/20/10","4","SMITH","ADONIS","3","20","0","20","0","","","","","","","3","20","1","-1","0","","","","","","","","","","","","","","","","","","","","","","","","","","","0"
"509","Northwestern","11/27/10","4","SMITH","ADONIS","4","29","0","29","0","","","","","","","4","29","","","","","","","","","","","","","","","","","","","","","","","","","","","","","","0"
"509","Northwestern","01/01/11","4","SMITH","ADONIS","11","61","0","61","0","","","","","","","11","61","","","","","","","","","","","","","","","","","","","","","","","","","","","","","","0"
"509","Northwestern","09/04/10","5","STEWART","SIDNEY","","","","","","","","","","","","0","0","2","30","0","","","","","","","","","","","","","","","","","","","","","","","","","","","0"
"509","Northwestern","09/11/10","5","STEWART","SIDNEY","","","","","","","","","","","","0","0","4","51","0","","","","","","","","","","","","","","","","","","","","","","","","","","","0"
"509","Northwestern","09/18/10","5","STEWART","SIDNEY","","","","","","","","","","","","0","0","3","45","0","","","","","","","","","","","","","","","","","","","","","","","","","","","0"
"509","Northwestern","09/25/10","5","STEWART","SIDNEY","","","","","","","","","","","","0","0","5","57","0","","","","","","","","","","","","","","","","","","","","","","","","","","","0"
"509","Northwestern","10/02/10","5","STEWART","SIDNEY","","","","","","","","","","","","0","0","4","35","0","","","","","","","","","","","","","","","","","","","","","","","","","","","0"
"509","Northwestern","10/09/10","5","STEWART","SIDNEY","","","","","","","","","","","","0","0","2","20","0","","","","","","","","","","","","","","","","","","","","","","","","","","","0"
"509","Northwestern","10/23/10","5","STEWART","SIDNEY","","","","","","","","","","","","0","0","6","82","0","","","","","","","","","","","","","","","","","","","","","","","","","","","0"
"509","Northwestern","10/30/10","5","STEWART","SIDNEY","","","","","","","","","","","","0","0","1","10","0","","","","","","","","","","","","","","","","","","","","","","","","","","","0"
"509","Northwestern","11/13/10","5","STEWART","SIDNEY","","","","","","","","","","","","0","0","5","46","0","","","","","","","","","","","","","","","","","","","","","","","","","","","0"
"509","Northwestern","11/20/10","5","STEWART","SIDNEY","","","","","","","","","","","","0","0","2","32","0","","","","","","","","","","","","","","","","","","","","","","","","","","","0"
"509","Northwestern","11/27/10","5","STEWART","SIDNEY","","","","","","","","","","","","0","0","4","29","0","","","","","","","","","","","","","","","","","","","","","","","","","","","0"
"509","Northwestern","01/01/11","5","STEWART","SIDNEY","","","","","","","","","","","","0","0","2","17","0","","","","","","","","","","","","","","","","","","","","","","","","","","","0"
"509","Northwestern","09/11/10","29","TRUMPY","MIKE","7","15","0","15","1","","","","","","","7","15","","","","","","","","","","","","","","","","","","1","","","","","","","","","","","","6"
"509","Northwestern","09/18/10","29","TRUMPY","MIKE","2","4","1","3","0","","","","","","","2","3","","","","","","","","","","","","","","","","","","","","","","","","","","","","","","0"
"509","Northwestern","09/25/10","29","TRUMPY","MIKE","12","54","1","53","0","","","","","","","12","53","","","","","","","","","","","","","","","","","","","","","","","","","","","","","","0"
"509","Northwestern","10/02/10","29","TRUMPY","MIKE","13","55","2","53","1","","","","","","","13","53","2","7","0","","","","","","","","","","","","","","","1","","","","","","","","","","","","6"
"509","Northwestern","10/09/10","29","TRUMPY","MIKE","9","28","5","23","0","","","","","","","9","23","2","18","0","","","","","","","","","","","","","","","","","","","","","","","","","","","0"
"509","Northwestern","10/23/10","29","TRUMPY","MIKE","10","50","0","50","0","","","","","","","10","50","3","0","0","","","","","","","","","","","","","","","","","","","","","","","","","","","0"
"509","Northwestern","10/30/10","29","TRUMPY","MIKE","21","116","6","110","0","","","","","","","21","110","3","54","0","","","","","","","","","","","","","","","","","","","","","","","","","","","0"
"509","Northwestern","11/06/10","29","TRUMPY","MIKE","14","46","3","43","0","","","","","","","14","43","3","36","0","","","","","","","","","","","","","","","","","","","","","","","","","","","0"
"509","Northwestern","11/13/10","29","TRUMPY","MIKE","15","51","0","51","0","","","","","","","15","51","5","55","0","","","","","","","","","","","","","","","","","","","","","","","","","","","0"
"509","Northwestern","11/20/10","29","TRUMPY","MIKE","13","131","2","129","2","","","","","","","13","129","2","12","0","","","","","","","","","","","","","","","2","","","","","","","","","","","","12"
"509","Northwestern","09/04/10","28","VAUGHN","JUSTAN","","","","","","","","","","","","0","0","","","","1","18","0","","","","","","","","","","","","","","","","","","","","","","","","0"
"509","Northwestern","09/11/10","18","WATKINS","EVAN","1","2","0","2","0","4","2","0","31","0","","5","33","","","","","","","","","","","","","","","","","","","","","","","","","","","","","","0"
"509","Northwestern","09/18/10","18","WATKINS","EVAN","1","0","3","-3","0","1","0","0","0","0","","2","-3","","","","","","","","","","","","","","","","","","","","","","","","","","","","","","0"
"509","Northwestern","10/30/10","18","WATKINS","EVAN","","","","","","2","1","0","13","0","","2","13","","","","","","","","","","","","","","","","","","","","","","","","","","","","","","0"
"509","Northwestern","11/20/10","18","WATKINS","EVAN","7","31","16","15","0","20","10","1","135","0","","27","150","","","","","","","","","","","","","","","","","","","","","","","","","","","","","","0"
"509","Northwestern","11/27/10","18","WATKINS","EVAN","7","46","12","34","1","22","13","3","123","1","","29","157","","","","","","","","","","","","","","","","","","1","","","","","","","","","","","","6"
"509","Northwestern","01/01/11","18","WATKINS","EVAN","7","20","7","13","1","21","10","1","76","1","","28","89","","","","","","","","","","","","","","","","","","1","","","","","","","","","","","","6"
"509","Northwestern","09/04/10","49","WILLIAMS","BRANDON","","","","","","","","","","","","0","0","","","","","","","","","","5","212","","","","","","","","","","","","","","","","","","","0"
"509","Northwestern","09/11/10","49","WILLIAMS","BRANDON","","","","","","","","","","","","0","0","","","","","","","","","","4","167","","","","","","","","","","","","","","","","","","","0"
"509","Northwestern","09/18/10","49","WILLIAMS","BRANDON","","","","","","","","","","","","0","0","","","","","","","","","","6","233","","","","","","","","","","","","","","","","","","","0"
"509","Northwestern","09/25/10","49","WILLIAMS","BRANDON","","","","","","","","","","","","0","0","","","","","","","","","","4","146","","","","","","","","","","","","","","","","","","","0"
"509","Northwestern","10/02/10","49","WILLIAMS","BRANDON","","","","","","","","","","","","0","0","","","","","","","","","","1","42","","","","","","","","","","","","","","","","","","","0"
"509","Northwestern","10/09/10","49","WILLIAMS","BRANDON","","","","","","","","","","","","0","0","","","","","","","","","","6","248","","","","","","","","","","","","","","","","","","","0"
"509","Northwestern","10/23/10","49","WILLIAMS","BRANDON","","","","","","","","","","","","0","0","","","","","","","","","","5","191","","","","","","","","","","","","","","","","","","","0"
"509","Northwestern","10/30/10","49","WILLIAMS","BRANDON","","","","","","","","","","","","0","0","","","","","","","","","","6","226","","","","","","","","","","","","","","","","","","","0"
"509","Northwestern","11/06/10","49","WILLIAMS","BRANDON","","","","","","","","","","","","0","0","","","","","","","","","","5","183","","","","","","","","","","","","","","","","","","","0"
"509","Northwestern","11/13/10","49","WILLIAMS","BRANDON","","","","","","","","","","","","0","0","","","","","","","","","","6","262","","","","","","","","","","","","","","","","","","","0"
"509","Northwestern","11/20/10","49","WILLIAMS","BRANDON","","","","","","","","","","","","0","0","","","","","","","","","","4","181","","","","","","","","","","","","","","","","","","","0"
"509","Northwestern","11/27/10","49","WILLIAMS","BRANDON","","","","","","","","","","","","0","0","","","","","","","","","","4","170","","","","","","","","","","","","","","","","","","","0"
"509","Northwestern","01/01/11","49","WILLIAMS","BRANDON","","","","","","","","","","","","0","0","","","","","","","","","","5","178","","","","","","","","","","1","0","","","","","","","","0"
"509","Northwestern","09/25/10","88","WILLIAMS","QUENTIN","","","","","","","","","","","","0","0","","","","1","4","0","","","","","","","","","","","","","","","","","","","","","","","","0"
"513","Notre Dame","09/04/10","5","ALLEN","ARMANDO","18","98","5","93","1","","","","","","","18","93","1","0","0","","","","","","","","","1","38","0","","","","1","","","","","","","","","","","","6"
"513","Notre Dame","09/11/10","5","ALLEN","ARMANDO","15","94","5","89","0","","","","","","","15","89","1","9","0","","","","","","","","","1","9","0","","","","","","","","","","","","","","","","0"
"513","Notre Dame","09/18/10","5","ALLEN","ARMANDO","13","72","1","71","0","","","","","","","13","71","6","70","0","","","","","","","","","","","","","","","","","","","","","","","","","","","0"
"513","Notre Dame","09/25/10","5","ALLEN","ARMANDO","15","52","3","49","0","1","1","0","3","0","","16","52","2","2","0","","","","","","","","","","","","","","","","","","1","1","","","","","","","","2"
"513","Notre Dame","10/02/10","5","ALLEN","ARMANDO","19","93","3","90","1","","","","","","","19","90","4","26","0","","","","","","","","","","","","","","","1","","","","","","","","","","","","6"
"513","Notre Dame","10/09/10","5","ALLEN","ARMANDO","13","56","0","56","0","","","","","","","13","56","1","7","0","","","","","","","","","","","","","","","","","","","","","","","","","","","0"
"513","Notre Dame","10/16/10","5","ALLEN","ARMANDO","3","3","3","0","0","","","","","","","3","0","","","","","","","","","","","","","","","","","","","","","","","","","","","","","","0"
"513","Notre Dame","10/23/10","5","ALLEN","ARMANDO","11","66","0","66","0","","","","","","","11","66","2","24","0","","","","","","","","","","","","","","","","","","","","","","","","","","","0"
"513","Notre Dame","11/13/10","12","BLANTON","ROBERT","","","","","","","","","","","","0","0","","","","","","","","","","","","2","27","1","","","","1","","","","","","","","","","","","6"
"513","Notre Dame","12/31/10","12","BLANTON","ROBERT","","","","","","","","","","","","0","0","","","","1","0","0","","","","","","","","","","","","","","","","","","","","","","","","0"
"513","Notre Dame","11/20/10","41","BURGER","BOBBY","","","","","","","","","","","","0","0","","","","","","","","","","","","","","","1","7","0","","","","","","","","","","","","","0"
"513","Notre Dame","12/31/10","28","COLLINSWORTH","AUSTIN","","","","","","","","","","","","0","0","","","","","","","","","","","","","","","1","34","0","","","","","","","","","","","","","0"
"513","Notre Dame","09/04/10","10","CRIST","DAYNE","9","17","11","6","0","26","19","0","205","1","","35","211","","","","","","","","","","","","","","","","","","","","","","","","","","","","","","0"
"513","Notre Dame","09/11/10","10","CRIST","DAYNE","4","30","11","19","1","25","13","1","277","2","","29","296","","","","","","","","","","","","","","","","","","1","","","","","","","","","","","","6"
"513","Notre Dame","09/18/10","10","CRIST","DAYNE","6","14","6","8","0","55","32","1","369","4","","61","377","","","","","","","","","","","","","","","","","","","","","","","","","","","","","","0"
"513","Notre Dame","09/25/10","10","CRIST","DAYNE","4","0","17","-17","0","44","25","1","304","1","","48","287","","","","","","","","","","","","","","","","","","","","","","","","","","","","","","0"
"513","Notre Dame","10/02/10","10","CRIST","DAYNE","6","12","7","5","1","44","24","1","203","2","","50","208","","","","","","","","","","","","","","","","","","1","","","","","","","","","","","","6"
"513","Notre Dame","10/09/10","10","CRIST","DAYNE","7","25","20","5","1","39","24","0","242","1","","46","247","","","","","","","","","","","","","","","","","","1","","","","","","","","","","","","6"
"513","Notre Dame","10/16/10","10","CRIST","DAYNE","5","13","19","-6","1","28","18","1","255","3","","33","249","","","","","","","","","","","","","","","","","","1","","","","","","","","","","","","6"
"513","Notre Dame","10/23/10","10","CRIST","DAYNE","10","34","9","25","0","31","19","2","178","1","","41","203","","","","","","","","","","","","","","","","","","","","","","","","","","","","","","0"
"513","Notre Dame","10/30/10","10","CRIST","DAYNE","1","29","0","29","0","2","0","0","0","0","","3","29","","","","","","","","","","","","","","","","","","","","","","","","","","","","","","0"
"513","Notre Dame","09/11/10","80","EIFERT","TYLER","","","","","","","","","","","","0","0","1","17","0","","","","","","","","","","","","","","","","","","","","","","","","","","","0"
"513","Notre Dame","10/16/10","80","EIFERT","TYLER","","","","","","","","","","","","0","0","4","72","1","","","","","","","","","","","","","","","1","","","","","","","","","","","","6"
"513","Notre Dame","10/23/10","80","EIFERT","TYLER","","","","","","","","","","","","0","0","4","42","0","","","","","","","","","","","","","","","","","","","","","","","","","","","0"
"513","Notre Dame","10/30/10","80","EIFERT","TYLER","","","","","","","","","","","","0","0","5","61","0","","","","","","","","","","","","","","","","","","","","","","","","","","","0"
"513","Notre Dame","11/13/10","80","EIFERT","TYLER","","","","","","","","","","","","0","0","2","15","0","","","","","","","","","","","","","","","","","","","","","","","","","","","0"
"513","Notre Dame","11/20/10","80","EIFERT","TYLER","","","","","","","","","","","","0","0","4","78","1","","","","","","","","","","","","","","","1","","","","","","","","","","","","6"
"513","Notre Dame","11/27/10","80","EIFERT","TYLER","","","","","","","","","","","","0","0","3","36","0","","","","","","","","","","","","","","","","","","","","","","","","","","","0"
"513","Notre Dame","12/31/10","80","EIFERT","TYLER","","","","","","","","","","","","0","0","4","31","0","","","","","","","","","","","","","","","","","","","","","","","","","","","0"
"513","Notre Dame","10/16/10","45","FLEMING","DARIUS","","","","","","","","","","","","0","0","","","","1","0","0","","","","","","","","","","","","","","","","","","","","","","","","0"
"513","Notre Dame","09/04/10","3","FLOYD","MICHAEL","","","","","","","","","","","","0","0","5","82","0","","","","","","","","","","","","","","","","","","","","","","","","","","","0"
"513","Notre Dame","09/11/10","3","FLOYD","MICHAEL","","","","","","","","","","","","0","0","5","66","0","","","","","","","","","","","","","","","","","","","","","","","","","","","0"
"513","Notre Dame","09/18/10","3","FLOYD","MICHAEL","","","","","","","","","","","","0","0","6","81","2","","","","","","","","","","","","","","","2","","","","","","","","","","","","12"
"513","Notre Dame","09/25/10","3","FLOYD","MICHAEL","","","","","","","","","","","","0","0","8","110","0","","","","","","","","","","","","","","","","","","","","","","","","","","","0"
"513","Notre Dame","10/02/10","3","FLOYD","MICHAEL","","","","","","","","","","","","0","0","4","69","0","","","","","","","","","","","","","","","","","","","","","","","","","","","0"
"513","Notre Dame","10/09/10","3","FLOYD","MICHAEL","","","","","","","","","","","","0","0","7","59","1","","","","","","","","","","","","","","","1","","","","","","","","","","","","6"
"513","Notre Dame","10/16/10","3","FLOYD","MICHAEL","","","","","","","","","","","","0","0","9","157","3","","","","","","","","","","","","","","","3","","","","","","","","","","","","18"
"513","Notre Dame","10/30/10","3","FLOYD","MICHAEL","","","","","","","","","","","","0","0","11","104","2","","","","","","","","","","","","","","","2","","","","","","","","","","","","12"
"513","Notre Dame","11/13/10","3","FLOYD","MICHAEL","","","","","","","","","","","","0","0","4","39","1","","","","","","","","","","","","","","","1","","","","","","","","","","","","6"
"513","Notre Dame","11/20/10","3","FLOYD","MICHAEL","1","9","0","9","0","","","","","","","1","9","3","63","0","","","","","","","","","","","","","","","","","","","","","","","","","","","0"
"513","Notre Dame","11/27/10","3","FLOYD","MICHAEL","","","","","","","","","","","","0","0","11","86","1","","","","","","","","","","","","","","","1","","","","","","","","","","","","6"
"513","Notre Dame","12/31/10","3","FLOYD","MICHAEL","","","","","","","","","","","","0","0","6","109","2","","","","","","","","","","","","","","","2","","","","","","","","","","","","12"
"513","Notre Dame","09/18/10","81","GOODMAN","JOHN","","","","","","","","","","","","0","0","","","","","","","","","","","","3","27","0","","","","","","","","","","","","","","","","0"
"513","Notre Dame","09/25/10","81","GOODMAN","JOHN","","","","","","","","","","","","0","0","5","59","0","","","","","","","","","","","","","","","","","","","","","","","","","","","0"
"513","Notre Dame","10/02/10","81","GOODMAN","JOHN","","","","","","1","0","0","0","0","","1","0","3","19","0","","","","","","","","","1","-4","0","","","","","","","","","","","","","","","","0"
"513","Notre Dame","10/09/10","81","GOODMAN","JOHN","","","","","","","","","","","","0","0","2","15","0","","","","","","","","","2","-2","0","","","","","","","","","","","","","","","","0"
"513","Notre Dame","10/16/10","81","GOODMAN","JOHN","","","","","","1","1","0","32","1","","1","32","","","","","","","","","","","","","","","","","","","","","","","","","","","","","","0"
"513","Notre Dame","10/23/10","81","GOODMAN","JOHN","","","","","","","","","","","","0","0","2","10","0","","","","","","","","","","","","","","","","","","","","","","","","","","","0"
"513","Notre Dame","10/30/10","81","GOODMAN","JOHN","","","","","","","","","","","","0","0","2","13","0","","","","","","","","","2","-2","0","","","","","","","","","","","","","","","","0"
"513","Notre Dame","12/31/10","81","GOODMAN","JOHN","","","","","","","","","","","","0","0","1","30","0","","","","","","","","","2","2","0","","","","","","","","","","","","","","","","0"
"513","Notre Dame","10/16/10","4","GRAY","GARY","","","","","","","","","","","","0","0","","","","1","9","0","","","","","","","","","","","","","","","","","","","","","","","","0"
"513","Notre Dame","11/20/10","4","GRAY","GARY","","","","","","","","","","","","0","0","","","","0","14","0","","","","","","","","","","","","","","","","","","","","","","","","0"
"513","Notre Dame","09/11/10","25","GRAY","JONAS","1","10","0","10","0","","","","","","","1","10","1","13","0","","","","","","","","","","","","","","","","","","","","","","","","","","","0"
"513","Notre Dame","09/18/10","25","GRAY","JONAS","3","12","0","12","0","","","","","","","3","12","","","","","","","","","","","","","","","","","","","","","","","","","","","","","","0"
"513","Notre Dame","09/25/10","25","GRAY","JONAS","4","12","0","12","0","","","","","","","4","12","","","","","","","","","","","","","","","1","16","0","","","","","","","","","","","","","0"
"513","Notre Dame","11/13/10","25","GRAY","JONAS","3","44","0","44","0","","","","","","","3","44","","","","","","","","","","","","","","","","","","","","","","","","","","","","","","0"
"513","Notre Dame","11/20/10","25","GRAY","JONAS","9","25","3","22","0","","","","","","","9","22","","","","","","","","","","","","","","","","","","","","","","","","","","","","","","0"
"513","Notre Dame","09/25/10","33","HUGHES","ROBERT","","","","","","","","","","","","0","0","2","43","0","","","","","","","","","","","","","","","","","","","","","","","","","","","0"
"513","Notre Dame","10/02/10","33","HUGHES","ROBERT","4","12","0","12","0","","","","","","","4","12","","","","","","","","","","","","","","","","","","","","","","","","","","","","","","0"
"513","Notre Dame","10/09/10","33","HUGHES","ROBERT","1","3","0","3","0","","","","","","","1","3","","","","","","","","","","","","","","","","","","","","","","","","","","","","","","0"
"513","Notre Dame","10/16/10","33","HUGHES","ROBERT","8","63","0","63","0","","","","","","","8","63","","","","","","","","","","","","","","","","","","","","","","","","","","","","","","0"
"513","Notre Dame","10/30/10","33","HUGHES","ROBERT","4","12","0","12","0","","","","","","","4","12","1","1","0","","","","","","","","","","","","","","","","","","","","","","","","","","","0"
"513","Notre Dame","11/13/10","33","HUGHES","ROBERT","4","21","0","21","0","","","","","","","4","21","2","7","0","","","","","","","","","","","","","","","","","","","","","","","","","","","0"
"513","Notre Dame","11/20/10","33","HUGHES","ROBERT","9","40","1","39","1","","","","","","","9","39","","","","","","","","","","","","","","","","","","1","","","","","","","","","","","","6"
"513","Notre Dame","11/27/10","33","HUGHES","ROBERT","11","69","0","69","1","","","","","","","11","69","1","8","0","","","","","","","","","","","","","","","1","","","","","","","","","","","","6"
"513","Notre Dame","12/31/10","33","HUGHES","ROBERT","27","95","14","81","0","","","","","","","27","81","1","8","0","","","","","","","","","","","","","","","","","","","","","","","","","","","0"
"513","Notre Dame","10/02/10","86","JACKSON","BENNETT","","","","","","","","","","","","0","0","","","","","","","","","","","","","","","4","111","0","","","","","","","","","","","","","0"
"513","Notre Dame","10/09/10","86","JACKSON","BENNETT","","","","","","","","","","","","0","0","","","","","","","","","","","","","","","4","83","0","","","","","","","","","","","","","0"
"513","Notre Dame","10/16/10","86","JACKSON","BENNETT","","","","","","","","","","","","0","0","","","","","","","","","","","","","","","1","21","0","","","","","","","","","","","","","0"
"513","Notre Dame","10/23/10","86","JACKSON","BENNETT","","","","","","","","","","","","0","0","","","","","","","","","","","","","","","6","123","0","","","","","","","","","","","","","0"
"513","Notre Dame","10/30/10","86","JACKSON","BENNETT","1","20","0","20","0","","","","","","","1","20","","","","","","","","","","","","","","","6","126","0","","","","","","","","","","","","","0"
"513","Notre Dame","11/13/10","86","JACKSON","BENNETT","","","","","","","","","","","","0","0","","","","","","","","","","","","","","","2","53","0","","","","","","","","","","","","","0"
"513","Notre Dame","11/20/10","86","JACKSON","BENNETT","","","","","","","","","","","","0","0","","","","","","","","","","","","","","","1","22","0","","","","","","","","","","","","","0"
"513","Notre Dame","11/27/10","86","JACKSON","BENNETT","","","","","","","","","","","","0","0","","","","","","","","","","","","","","","5","106","0","","","","","","","","","","","","","0"
"513","Notre Dame","09/04/10","7","JONES","TJ","","","","","","","","","","","","0","0","3","41","1","","","","","","","","","","","","","","","1","","","","","","","","","","","","6"
"513","Notre Dame","09/11/10","7","JONES","TJ","","","","","","","","","","","","0","0","3","73","1","","","","","","","","","","","","","","","1","","","","","","","","","","","","6"
"513","Notre Dame","09/18/10","7","JONES","TJ","","","","","","","","","","","","0","0","2","10","0","","","","","","","","","","","","","","","","","","","","","","","","","","","0"
"513","Notre Dame","09/25/10","7","JONES","TJ","","","","","","","","","","","","0","0","1","21","0","","","","","","","","","","","","","","","","","","","","","","","","","","","0"
"513","Notre Dame","10/02/10","7","JONES","TJ","","","","","","","","","","","","0","0","1","14","0","","","","","","","","","","","","","","","","","","","","","","","","","","","0"
"513","Notre Dame","10/09/10","7","JONES","TJ","","","","","","","","","","","","0","0","1","37","0","","","","","","","","","","","","","","","","","","","","","","","","","","","0"
"513","Notre Dame","10/16/10","7","JONES","TJ","","","","","","","","","","","","0","0","1","7","0","","","","","","","","","","","","","","","","","","","","","","","","","","","0"
"513","Notre Dame","10/23/10","7","JONES","TJ","","","","","","","","","","","","0","0","5","53","1","","","","","","","","","","","","","","","1","","","","","","","","","","","","6"
"513","Notre Dame","10/30/10","7","JONES","TJ","","","","","","","","","","","","0","0","5","31","0","","","","","","","","","","","","","","","","","","","","","","","","","","","0"
"513","Notre Dame","12/31/10","7","JONES","TJ","","","","","","","","","","","","0","0","1","19","0","","","","","","","","","","","","","","","","","","","","","","","","","","","0"
"513","Notre Dame","09/04/10","18","KAMARA","DUVAL","","","","","","","","","","","","0","0","1","12","0","","","","","","","","","","","","","","","","","","","","","","","","","","","0"
"513","Notre Dame","10/23/10","18","KAMARA","DUVAL","","","","","","","","","","","","0","0","6","56","0","","","","","","","","","","","","","","","","","","","","","","","","","","","0"
"513","Notre Dame","11/13/10","18","KAMARA","DUVAL","","","","","","","","","","","","0","0","2","38","2","","","","","","","","","","","","","","","2","","","","","","","","","","","","12"
"513","Notre Dame","11/20/10","18","KAMARA","DUVAL","","","","","","","","","","","","0","0","1","5","0","","","","","","","","","","","","","","","","","","","","","","","","","","","0"
"513","Notre Dame","11/27/10","18","KAMARA","DUVAL","","","","","","","","","","","","0","0","1","1","1","","","","","","","","","","","","","","","1","","","","","","","","","","","","6"
"513","Notre Dame","09/11/10","16","MONTANA","NATE","4","23","0","23","0","17","8","1","104","0","","21","127","","","","","","","","","","","","","","","","","","","","","","","","","","","","","","0"
"513","Notre Dame","10/16/10","16","MONTANA","NATE","5","5","3","2","0","1","1","0","12","0","","6","14","","","","","","","","","","","","","","","","","","","","","","","","","","","","","","0"
"513","Notre Dame","09/18/10","17","MOTTA","ZEKE","","","","","","","","","","","","0","0","","","","1","0","0","","","","","","","","","","","","","","","","","","","","","","","","0"
"513","Notre Dame","10/09/10","83","RAGONE","MIKE","","","","","","","","","","","","0","0","1","11","0","","","","","","","","","","","","","","","","","","","","","","","","","","","0"
"513","Notre Dame","10/16/10","83","RAGONE","MIKE","","","","","","","","","","","","0","0","1","12","0","","","","","","","","","","","","","","","","","","","","","","","","","","","0"
"513","Notre Dame","10/23/10","83","RAGONE","MIKE","","","","","","","","","","","","0","0","1","9","0","","","","","","","","","","","","","","","","","","","","","","","","","","","0"
"513","Notre Dame","09/11/10","13","REES","TOMMY","","","","","","2","0","1","0","0","","2","0","","","","","","","","","","","","","","","","","","","","","","","","","","","","","","0"
"513","Notre Dame","10/23/10","13","REES","TOMMY","","","","","","7","6","0","79","0","","7","79","","","","","","","","","","","","","","","","","","","","","","","","","","","","","","0"
"513","Notre Dame","10/30/10","13","REES","TOMMY","2","12","7","5","0","54","33","3","334","4","","56","339","","","","","","","","","","","","","","","","","","","","","","","","","","","","","","0"
"513","Notre Dame","11/13/10","13","REES","TOMMY","2","0","7","-7","0","20","13","0","129","3","","22","122","","","","","","","","","","","","","","","","","","","","","","","","","","","","","","0"
"513","Notre Dame","11/20/10","13","REES","TOMMY","3","4","3","1","0","20","13","1","214","1","","23","215","","","","","","","","","","","","","","","","","","","","","","","","","","","","","","0"
"513","Notre Dame","11/27/10","13","REES","TOMMY","4","2","5","-3","0","32","20","3","149","2","","36","146","","","","","","","","","","","","","","","","","","","","","","","","","","","","","","0"
"513","Notre Dame","12/31/10","13","REES","TOMMY","1","2","0","2","0","29","15","0","201","2","","30","203","","","","","","","","","","","","","","","","","","","","","","","","","","","","","","0"
"513","Notre Dame","09/04/10","6","RIDDICK","THEO","","","","","","","","","","","","0","0","2","13","0","","","","","","","","","","","","","","","","","","","","","","","","","","","0"
"513","Notre Dame","09/11/10","6","RIDDICK","THEO","2","3","0","3","0","","","","","","","2","3","2","39","0","","","","","","","","","","","","1","19","0","","","","","","","","","","","","","0"
"513","Notre Dame","09/18/10","6","RIDDICK","THEO","","","","","","","","","","","","0","0","10","128","1","","","","","","","","","","","","","","","1","","","","","","","","","","","","6"
"513","Notre Dame","09/25/10","6","RIDDICK","THEO","","","","","","","","","","","","0","0","7","71","1","","","","","","","","","","","","","","","1","","","","","","","","","","","","6"
"513","Notre Dame","10/02/10","6","RIDDICK","THEO","","","","","","","","","","","","0","0","9","69","1","","","","","","","","","","","","","","","1","","","","","","","","","","","","6"
"513","Notre Dame","10/09/10","6","RIDDICK","THEO","","","","","","","","","","","","0","0","7","75","0","","","","","","","","","","","","","","","","","","","","","","","","","","","0"
"513","Notre Dame","10/16/10","6","RIDDICK","THEO","","","","","","","","","","","","0","0","1","11","0","","","","","","","","","","","","1","17","0","","","","","","","","","","","","","0"
"513","Notre Dame","11/27/10","6","RIDDICK","THEO","1","0","6","-6","0","","","","","","","1","-6","1","6","0","","","","","","","","","","","","","","","","","","","","","","","","","","","0"
"513","Notre Dame","12/31/10","6","RIDDICK","THEO","8","35","3","32","0","","","","","","","8","32","1","2","0","","","","","","","","","","","","","","","","","","","","","","","","","","","0"
"513","Notre Dame","09/04/10","9","RUDOLPH","KYLE","","","","","","","","","","","","0","0","5","43","0","","","","","","","","","","","","","","","","","","","","","","","","","","","0"
"513","Notre Dame","09/11/10","9","RUDOLPH","KYLE","","","","","","","","","","","","0","0","8","164","1","","","","","","","","","","","","","","","1","","","","","","","","","","","","6"
"513","Notre Dame","09/18/10","9","RUDOLPH","KYLE","","","","","","","","","","","","0","0","8","80","1","","","","","","","","","","","","","","","1","","","","","","","","","","","","6"
"513","Notre Dame","09/25/10","9","RUDOLPH","KYLE","","","","","","","","","","","","0","0","1","1","0","","","","","","","","","","","","","","","","","","","","","","","","","","","0"
"513","Notre Dame","10/02/10","9","RUDOLPH","KYLE","","","","","","","","","","","","0","0","1","2","1","","","","","","","","","","","","","","","1","","","","","","","","","","","","6"
"513","Notre Dame","10/09/10","9","RUDOLPH","KYLE","","","","","","","","","","","","0","0","5","38","0","","","","","","","","","","","","","","","","","","","","","","","","","","","0"
"513","Notre Dame","09/04/10","97","RUFFER","DAVID","","","","","","","","","","","","0","0","","","","","","","","","","","","","","","","","","","2","2","0","0","","","","","3","3","","11"
"513","Notre Dame","09/11/10","97","RUFFER","DAVID","","","","","","","","","","","","0","0","","","","","","","","","","","","","","","","","","","3","3","0","0","","","","","1","1","","6"
"513","Notre Dame","09/18/10","97","RUFFER","DAVID","","","","","","","","","","","","0","0","","","","","","","","","","","","","","","","","","","4","4","0","0","","","","","1","1","","7"
"513","Notre Dame","09/25/10","97","RUFFER","DAVID","","","","","","","","","","","","0","0","","","","","","","","","","","","","","","","","","","","","","","","","","","2","2","","6"
"513","Notre Dame","10/02/10","97","RUFFER","DAVID","","","","","","","","","","","","0","0","","","","","","","","","","","","","","","","","","","4","4","0","0","","","","","1","1","","7"
"513","Notre Dame","10/09/10","97","RUFFER","DAVID","","","","","","","","","","","","0","0","","","","","","","","","","","","","","","","","","","2","2","0","0","","","","","3","3","","11"
"513","Notre Dame","10/16/10","97","RUFFER","DAVID","","","","","","","","","","","","0","0","","","","","","","","","","","","","","","","","","","6","5","0","0","","","","","1","1","","8"
"513","Notre Dame","10/23/10","97","RUFFER","DAVID","","","","","","","","","","","","0","0","","","","","","","","","","","","","","","","","","","2","2","0","0","","","","","1","1","","5"
"513","Notre Dame","10/30/10","97","RUFFER","DAVID","","","","","","","","","","","","0","0","","","","","","","","","","","","","","","","","","","4","3","0","0","","","","","","","","3"
"513","Notre Dame","11/13/10","97","RUFFER","DAVID","","","","","","","","","","","","0","0","","","","","","","","","","","","","","","","","","","4","4","0","0","","","","","","","","4"
"513","Notre Dame","11/20/10","97","RUFFER","DAVID","","","","","","","","","","","","0","0","","","","","","","","","","","","","","","","","","","3","3","0","0","","","","","2","2","","9"
"513","Notre Dame","11/27/10","97","RUFFER","DAVID","","","","","","","","","","","","0","0","","","","","","","","","","","","","","","","","","","3","2","0","0","","","","","","","","2"
"513","Notre Dame","12/31/10","97","RUFFER","DAVID","","","","","","","","","","","","0","0","","","","","","","","","","","","","","","","","","","3","3","0","0","","","","","4","3","","12"
"513","Notre Dame","09/25/10","26","SLAUGHTER","JAMORIS","","","","","","","","","","","","0","0","","","","1","26","0","","","","","","","","","","","","","","","","","","","","","","","","0"
"513","Notre Dame","11/20/10","58","SMITH","BRIAN","","","","","","","","","","","","0","0","","","","1","0","0","","","","","","","","","","","","","","","","","","","","","","","","0"
"513","Notre Dame","10/02/10","22","SMITH","HARRISON","","","","","","","","","","","","0","0","","","","1","23","0","","","","","","","","","","","","","","","","","","","","","","","","0"
"513","Notre Dame","10/09/10","22","SMITH","HARRISON","","","","","","","","","","","","0","0","","","","1","15","0","","","","","","","","","","","","","","","","","","","","","","","","0"
"513","Notre Dame","11/13/10","22","SMITH","HARRISON","","","","","","","","","","","","0","0","","","","1","0","0","","","","","","","","","","","","","","","","","","","","","","","","0"
"513","Notre Dame","11/27/10","22","SMITH","HARRISON","","","","","","","","","","","","0","0","","","","1","0","0","","","","","","","","","","","","","","","","","","","","","","","","0"
"513","Notre Dame","12/31/10","22","SMITH","HARRISON","","","","","","","","","","","","0","0","","","","3","16","0","","","","","","","","","","","","","","","","","","","","","","","","0"
"513","Notre Dame","12/31/10","40","TAUSCH","NICK","","","","","","","","","","","","0","0","","","","","","","","","","","","","","","","","","","","","","","","","","","1","1","","3"
"513","Notre Dame","10/16/10","19","TOMA","ROBBY","","","","","","","","","","","","0","0","1","11","0","","","","","","","","","","","","","","","","","","","","","","","","","","","0"
"513","Notre Dame","10/23/10","19","TOMA","ROBBY","","","","","","","","","","","","0","0","2","26","0","","","","","","","","","","","","","","","","","","","","","","","","","","","0"
"513","Notre Dame","10/30/10","19","TOMA","ROBBY","","","","","","","","","","","","0","0","4","67","0","","","","","","","","","","","","","","","","","","","","","","","","","","","0"
"513","Notre Dame","11/13/10","19","TOMA","ROBBY","","","","","","","","","","","","0","0","1","5","0","","","","","","","","","","","","","","","","","","","","","","","","","","","0"
"513","Notre Dame","11/20/10","19","TOMA","ROBBY","","","","","","","","","","","","0","0","4","63","0","","","","","","","","","","","","","","","","","","","","","","","","","","","0"
"513","Notre Dame","11/27/10","19","TOMA","ROBBY","","","","","","","","","","","","0","0","2","15","0","","","","","","","","","","","","","","","","","","","","","","","","","","","0"
"513","Notre Dame","09/04/10","35","TURK","BEN","","","","","","","","","","","","0","0","","","","","","","","","","3","95","","","","","","","","","","","","","","","","","","","0"
"513","Notre Dame","09/11/10","35","TURK","BEN","","","","","","","","","","","","0","0","","","","","","","","","","8","310","","","","","","","","","","","","","","","","","","","0"
"513","Notre Dame","09/18/10","35","TURK","BEN","","","","","","","","","","","","0","0","","","","","","","","","","5","181","","","","","","","","","","","","","","","","","","","0"
"513","Notre Dame","09/25/10","35","TURK","BEN","","","","","","","","","","","","0","0","","","","","","","","","","5","160","","","","","","","","","","","","","","","","","","","0"
"513","Notre Dame","10/02/10","35","TURK","BEN","","","","","","","","","","","","0","0","","","","","","","","","","8","313","","","","","","","","","","","","","","","","","","","0"
"513","Notre Dame","10/09/10","35","TURK","BEN","","","","","","","","","","","","0","0","","","","","","","","","","5","233","","","","","","","","","","","","","","","","","","","0"
"513","Notre Dame","10/16/10","35","TURK","BEN","","","","","","","","","","","","0","0","","","","","","","","","","5","208","","","","","","","","","","","","","","","","","","","0"
"513","Notre Dame","10/23/10","35","TURK","BEN","","","","","","","","","","","","0","0","","","","","","","","","","1","43","","","","","","","","","","","","","","","","","","","0"
"513","Notre Dame","10/30/10","35","TURK","BEN","","","","","","","","","","","","0","0","","","","","","","","","","8","329","","","","","","","","","","","","","","","","","","","0"
"513","Notre Dame","11/13/10","35","TURK","BEN","","","","","","","","","","","","0","0","","","","","","","","","","6","216","","","","","","","","","","","","","","","","","","","0"
"513","Notre Dame","11/20/10","35","TURK","BEN","","","","","","","","","","","","0","0","","","","","","","","","","4","135","","","","","","","","","","","","","","","","","","","0"
"513","Notre Dame","11/27/10","35","TURK","BEN","","","","","","","","","","","","0","0","","","","","","","","","","6","225","","","","","","","","","","","","","","","","","","","0"
"513","Notre Dame","12/31/10","35","TURK","BEN","","","","","","","","","","","","0","0","","","","","","","","","","4","159","","","","","","","","","","","","","","","","","","","0"
"513","Notre Dame","09/04/10","2","WALLS","DARRIN","","","","","","","","","","","","0","0","","","","1","0","0","","","","","","","","","","","","","","","","","","","","","","","","0"
"513","Notre Dame","09/25/10","2","WALLS","DARRIN","","","","","","","","","","","","0","0","","","","1","1","0","","","","","","","","","","","","","","","","","","","","","","","","0"
"513","Notre Dame","11/20/10","2","WALLS","DARRIN","","","","","","","","","","","","0","0","","","","1","42","1","","","","","","","","","","","","1","","","","","","","","","","","","6"
"513","Notre Dame","09/04/10","95","WILLIAMS","IAN","","","","","","","","","","","","0","0","","","","1","0","0","","","","","","","","","","","","","","","","","","","","","","","","0"
"513","Notre Dame","09/04/10","20","WOOD","CIERRE","7","63","5","58","0","","","","","","","7","58","2","14","0","","","","","","","","","","","","2","50","0","","","","","","","","","","","","","0"
"513","Notre Dame","09/11/10","20","WOOD","CIERRE","6","19","9","10","0","","","","","","","6","10","","","","","","","","","","","","","","","2","44","0","","","","","","","","","","","","","0"
"513","Notre Dame","09/18/10","20","WOOD","CIERRE","3","3","0","3","0","","","","","","","3","3","","","","","","","","","","","","","","","5","89","0","","","","","","","","","","","","","0"
"513","Notre Dame","09/25/10","20","WOOD","CIERRE","","","","","","","","","","","","0","0","","","","","","","","","","","","","","","5","95","0","","","","","","","","","","","","","0"
"513","Notre Dame","10/02/10","20","WOOD","CIERRE","1","6","0","6","0","","","","","","","1","6","2","4","0","","","","","","","","","","","","","","","","","","","","","","","","","","","0"
"513","Notre Dame","10/09/10","20","WOOD","CIERRE","7","28","0","28","0","","","","","","","7","28","","","","","","","","","","","","","","","","","","","","","","","","","","","","","","0"
"513","Notre Dame","10/16/10","20","WOOD","CIERRE","11","99","5","94","1","","","","","","","11","94","3","29","0","","","","","","","","","","","","1","22","0","1","","","","","","","","","","","","6"
"513","Notre Dame","10/23/10","20","WOOD","CIERRE","8","22","5","17","1","","","","","","","8","17","3","37","0","","","","","","","","","","","","","","","1","","","","","","","","","","","","6"
"513","Notre Dame","10/30/10","20","WOOD","CIERRE","16","60","2","58","0","","","","","","","16","58","5","57","2","","","","","","","","","","","","","","","2","","","","","","","","","","","","12"
"513","Notre Dame","11/13/10","20","WOOD","CIERRE","19","80","9","71","0","","","","","","","19","71","2","25","0","","","","","","","","","","","","","","","","","","","","","","","","","","","0"
"513","Notre Dame","11/20/10","20","WOOD","CIERRE","14","95","7","88","0","","","","","","","14","88","1","5","0","","","","","","","","","","","","","","","","","","","","","","","","","","","0"
"513","Notre Dame","11/27/10","20","WOOD","CIERRE","15","89","0","89","0","","","","","","","15","89","1","-3","0","","","","","","","","","","","","","","","","","","","","","","","","","","","0"
"513","Notre Dame","12/31/10","20","WOOD","CIERRE","12","94","13","81","1","","","","","","","12","81","1","2","0","","","","","","","","","","","","","","","1","","","","","","","","","","","","6"
"519","Ohio","10/30/10","80","ALBRECHT","BRIAN","","","","","","","","","","","","0","0","","","","","","","","","","","","1","0","0","","","","","","","","","","","","","","","","0"
"519","Ohio","09/04/10","5","BATES","PHIL","6","51","3","48","0","5","1","0","4","0","","11","52","","","","","","","","","","","","","","","","","","","","","","","","","","","","","","0"
"519","Ohio","09/18/10","5","BATES","PHIL","10","55","2","53","0","9","4","2","13","0","","19","66","","","","","","","","","","","","","","","","","","","","","","","","","","","","","","0"
"519","Ohio","09/25/10","5","BATES","PHIL","11","65","5","60","0","1","1","0","46","0","","12","106","","","","","","","","","","","","","","","","","","","","","","","","","","","","","","0"
"519","Ohio","10/09/10","5","BATES","PHIL","11","144","2","142","2","2","1","0","47","0","","13","189","","","","","","","","","","","","","","","","","","2","","","","","","","","","","","","12"
"519","Ohio","10/16/10","5","BATES","PHIL","9","84","0","84","1","1","1","0","42","0","","10","126","","","","","","","","","","","","","","","","","","1","","","","","","","","","","","","6"
"519","Ohio","11/04/10","5","BATES","PHIL","9","43","2","41","0","2","1","0","26","1","","11","67","","","","","","","","","","","","","","","","","","","","","","","","","","","","","","0"
"519","Ohio","11/16/10","5","BATES","PHIL","9","61","7","54","0","1","0","0","0","0","","10","54","","","","","","","","","","","","","","","","","","","","","","","","","","","","","","0"
"519","Ohio","11/26/10","5","BATES","PHIL","6","31","0","31","0","1","0","0","0","0","","7","31","","","","","","","","","","","","","","","","","","","","","","","","","","","","","","0"
"519","Ohio","12/18/10","5","BATES","PHIL","5","20","9","11","0","1","0","1","0","0","","6","11","","","","","","","","","","","","","","","","","","","","","","","","","","","","","","0"
"519","Ohio","09/04/10","20","BOYKIN","RYAN","9","62","1","61","1","","","","","","","9","61","","","","","","","","","","","","","","","","","","1","","","","","","","","","","","","6"
"519","Ohio","10/02/10","20","BOYKIN","RYAN","6","45","0","45","0","","","","","","","6","45","","","","","","","","","","","","","","","","","","","","","","","","","","","","","","0"
"519","Ohio","10/09/10","20","BOYKIN","RYAN","3","14","0","14","0","","","","","","","3","14","","","","","","","","","","","","","","","","","","","","","","","","","","","","","","0"
"519","Ohio","10/16/10","20","BOYKIN","RYAN","6","28","1","27","0","","","","","","","6","27","","","","","","","","","","","","","","","","","","","","","","","","","","","","","","0"
"519","Ohio","10/23/10","20","BOYKIN","RYAN","4","24","0","24","0","","","","","","","4","24","","","","","","","","","","","","","","","","","","","","","","","","","","","","","","0"
"519","Ohio","10/30/10","20","BOYKIN","RYAN","2","21","0","21","1","","","","","","","2","21","","","","","","","","","","","","","","","","","","1","","","","","","","","","","","","6"
"519","Ohio","11/04/10","20","BOYKIN","RYAN","10","21","0","21","1","","","","","","","10","21","","","","","","","","","","","","","","","","","","1","","","","","","","","","","","","6"
"519","Ohio","11/16/10","20","BOYKIN","RYAN","1","0","0","0","0","","","","","","","1","0","","","","","","","","","","","","","","","","","","","","","","","","","","","","","","0"
"519","Ohio","09/11/10","7","BRAZILL","LAVON","2","6","1","5","0","","","","","","","2","5","6","25","0","","","","","","","","","1","0","0","","","","","","","","","","","","","","","","0"
"519","Ohio","09/18/10","7","BRAZILL","LAVON","1","0","0","0","0","","","","","","","1","0","1","7","0","","","","","","","","","","","","","","","","","","","","","","","","","","","0"
"519","Ohio","10/02/10","7","BRAZILL","LAVON","","","","","","","","","","","","0","0","5","46","0","","","","","","","","","","","","","","","","","","","","","","","","","","","0"
"519","Ohio","10/30/10","25","BROWN","DALLAS","","","","","","","","","","","","0","0","","","","","","","","","","","","","","","1","34","0","","","","","","","","","","","","","0"
"519","Ohio","09/04/10","17","BUSSEY","BAKARI","","","","","","","","","","","","0","0","2","35","0","","","","","","","","","","","","","","","","","","","","","","","","","","","0"
"519","Ohio","09/18/10","17","BUSSEY","BAKARI","","","","","","","","","","","","0","0","1","22","0","","","","","","","","","","","","","","","","","","","","","","","","","","","0"
"519","Ohio","10/16/10","17","BUSSEY","BAKARI","","","","","","","","","","","","0","0","1","14","0","","","","","","","","","","","","","","","","","","","","","","","","","","","0"
"519","Ohio","10/30/10","17","BUSSEY","BAKARI","","","","","","","","","","","","0","0","2","36","1","","","","","","","","","","","","","","","1","","","","","","","","","","","","6"
"519","Ohio","09/04/10","18","CARRIE","TRAVIS","","","","","","","","","","","","0","0","","","","","","","","","","","","1","13","0","","","","","","","","","","","","","","","","0"
"519","Ohio","09/11/10","18","CARRIE","TRAVIS","","","","","","","","","","","","0","0","","","","","","","","","","","","1","2","0","","","","","","","","","","","","","","","","0"
"519","Ohio","09/18/10","18","CARRIE","TRAVIS","","","","","","","","","","","","0","0","","","","","","","","","","","","1","3","0","","","","","","","","","","","","","","","","0"
"519","Ohio","09/25/10","18","CARRIE","TRAVIS","","","","","","","","","","","","0","0","","","","","","","","","","","","1","9","0","","","","","","","","","","","","","","","","0"
"519","Ohio","10/09/10","18","CARRIE","TRAVIS","","","","","","","","","","","","0","0","","","","","","","","","","","","3","49","0","","","","","","","","","","","","","","","","0"
"519","Ohio","10/16/10","18","CARRIE","TRAVIS","","","","","","","","","","","","0","0","","","","","","","","","","","","3","45","0","","","","","","","","","","","","","","","","0"
"519","Ohio","10/23/10","18","CARRIE","TRAVIS","","","","","","","","","","","","0","0","","","","","","","","","","","","3","18","0","","","","","","","","","","","","","","","","0"
"519","Ohio","11/16/10","18","CARRIE","TRAVIS","","","","","","","","","","","","0","0","","","","","","","","","","","","2","9","0","","","","","","","","","","","","","","","","0"
"519","Ohio","11/26/10","18","CARRIE","TRAVIS","","","","","","","","","","","","0","0","","","","","","","","","","","","2","40","0","","","","","","","","","","","","","","","","0"
"519","Ohio","12/18/10","18","CARRIE","TRAVIS","","","","","","","","","","","","0","0","","","","","","","","","","","","2","9","0","","","","","","","","","","","","","","","","0"
"519","Ohio","09/11/10","16","CLARK","RYAN","","","","","","","","","","","","0","0","","","","","","","","","","","","","","","1","16","0","","","","","","","","","","","","","0"
"519","Ohio","10/09/10","16","CLARK","RYAN","","","","","","","","","","","","0","0","","","","","","","","","","","","1","0","0","","","","","","","","","","","","","","","","0"
"519","Ohio","10/30/10","16","CLARK","RYAN","","","","","","","","","","","","0","0","","","","","","","","","","","","3","45","0","","","","","","","","","","","","","","","","0"
"519","Ohio","11/04/10","16","CLARK","RYAN","","","","","","","","","","","","0","0","","","","","","","","","","","","2","10","0","","","","","","","","","","","","","","","","0"
"519","Ohio","10/16/10","83","CLARK","ZAC","","","","","","","","","","","","0","0","1","22","0","","","","","","","","","","","","","","","","","","","","","","","","","","","0"
"519","Ohio","11/26/10","83","CLARK","ZAC","","","","","","","","","","","","0","0","1","8","0","","","","","","","","","","","","","","","","","","","","","","","","","","","0"
"519","Ohio","09/04/10","26","DAVIDSON","VINCE","17","74","4","70","0","","","","","","","17","70","1","25","0","","","","","","","","","","","","","","","","","","","","","","","","","","","0"
"519","Ohio","09/11/10","26","DAVIDSON","VINCE","12","28","6","22","0","","","","","","","12","22","1","4","0","","","","","","","","","","","","","","","","","","","","","","","","","","","0"
"519","Ohio","09/18/10","26","DAVIDSON","VINCE","6","10","15","-5","0","","","","","","","6","-5","1","0","0","","","","","","","","","","","","","","","","","","","","","","","","","","","0"
"519","Ohio","09/25/10","26","DAVIDSON","VINCE","12","36","0","36","0","","","","","","","12","36","1","10","0","","","","","","","","","","","","","","","","","","","","","","","","","","","0"
"519","Ohio","10/02/10","26","DAVIDSON","VINCE","11","40","0","40","2","","","","","","","11","40","1","61","1","","","","","","","","","","","","","","","3","","","","","","","","","","","","18"
"519","Ohio","10/09/10","26","DAVIDSON","VINCE","10","34","0","34","1","","","","","","","10","34","1","9","0","","","","","","","","","","","","","","","1","","","","","","","","","","","","6"
"519","Ohio","10/16/10","26","DAVIDSON","VINCE","6","21","1","20","0","","","","","","","6","20","1","1","0","","","","","","","","","","","","","","","","","","","","","","","","","","","0"
"519","Ohio","10/23/10","26","DAVIDSON","VINCE","17","108","5","103","1","","","","","","","17","103","","","","","","","","","","","","","","","","","","1","","","","","","","","","","","","6"
"519","Ohio","10/30/10","26","DAVIDSON","VINCE","7","36","0","36","0","","","","","","","7","36","","","","","","","","","","","","","","","","","","","","","","","","","","","","","","0"
"519","Ohio","11/04/10","26","DAVIDSON","VINCE","11","38","0","38","0","","","","","","","11","38","","","","","","","","","","","","","","","","","","","","","","","","","","","","","","0"
"519","Ohio","11/16/10","26","DAVIDSON","VINCE","16","100","0","100","2","","","","","","","16","100","","","","","","","","","","","","","","","","","","2","","","","","","","","","","","","12"
"519","Ohio","11/26/10","26","DAVIDSON","VINCE","7","19","0","19","0","","","","","","","7","19","1","0","0","","","","","","","","","","","","","","","","","","","","","","","","","","","0"
"519","Ohio","12/18/10","26","DAVIDSON","VINCE","6","36","0","36","0","","","","","","","6","36","","","","","","","","","","","","","","","","","","","","","","","","","","","","","","0"
"519","Ohio","10/23/10","6","DAWSON III","HILTON","","","","","","","","","","","","0","0","","","","1","0","0","","","","","","","","","","","","","","","","","","","","","","","","0"
"519","Ohio","11/04/10","6","DAWSON III","HILTON","","","","","","","","","","","","0","0","","","","1","0","0","","","","","","","","","","","","","","","","","","","","","","","","0"
"519","Ohio","11/16/10","6","DAWSON III","HILTON","","","","","","","","","","","","0","0","","","","1","17","0","","","","","","","","","","","","","","","","","","","","","","","","0"
"519","Ohio","09/11/10","19","DOVELL","MARIO","","","","","","","","","","","","0","0","1","15","0","","","","","","","","","","","","2","34","0","","","","","","","","","","","","","0"
"519","Ohio","09/18/10","19","DOVELL","MARIO","","","","","","","","","","","","0","0","1","5","0","","","","","","","","","","","","","","","","","","","","","","","","","","","0"
"519","Ohio","10/09/10","19","DOVELL","MARIO","","","","","","","","","","","","0","0","1","6","0","","","","","","","","","","","","","","","","","","","","","","","","","","","0"
"519","Ohio","10/16/10","19","DOVELL","MARIO","","","","","","","","","","","","0","0","1","6","0","","","","","","","","","","","","","","","","","","","","","","","","","","","0"
"519","Ohio","09/04/10","15","DUNLOP","RILEY","","","","","","","","","","","","0","0","1","4","0","","","","","","","","","","","","","","","","","","","","","","","","","","","0"
"519","Ohio","09/11/10","15","DUNLOP","RILEY","1","0","0","0","0","","","","","","","1","0","4","53","1","","","","","","","","","","","","","","","1","","","","","","","","","","","","6"
"519","Ohio","09/18/10","15","DUNLOP","RILEY","","","","","","","","","","","","0","0","2","31","0","","","","","","","","","","","","","","","","","","","","","","","","","","","0"
"519","Ohio","09/25/10","15","DUNLOP","RILEY","","","","","","","","","","","","0","0","3","33","0","","","","","","","","","","","","","","","","","","","","","","","","","","","0"
"519","Ohio","10/02/10","15","DUNLOP","RILEY","1","18","0","18","1","1","0","0","0","0","","2","18","1","24","0","","","","","","","","","","","","","","","1","","","","","","","","","","","","6"
"519","Ohio","10/09/10","15","DUNLOP","RILEY","","","","","","","","","","","","0","0","1","5","0","","","","","","","","","","","","","","","","","","","","","","","","","","","0"
"519","Ohio","10/16/10","15","DUNLOP","RILEY","","","","","","1","1","0","35","1","","1","35","","","","","","","","","","","","","","","","","","","","","","","","","","","","","","0"
"519","Ohio","10/23/10","15","DUNLOP","RILEY","","","","","","","","","","","","0","0","4","68","0","","","","","","","","","","","","","","","","","","","","","","","","","","","0"
"519","Ohio","10/30/10","15","DUNLOP","RILEY","","","","","","","","","","","","0","0","2","15","0","","","","","","","","","","","","","","","","","","0","0","","","","","","","","0"
"519","Ohio","11/04/10","15","DUNLOP","RILEY","","","","","","","","","","","","0","0","2","13","0","","","","","","","","","","","","","","","","","","","","","","","","","","","0"
"519","Ohio","11/16/10","15","DUNLOP","RILEY","","","","","","","","","","","","0","0","1","16","1","","","","","","","","","","","","","","","1","","","","","","","","","","","","6"
"519","Ohio","11/26/10","15","DUNLOP","RILEY","","","","","","","","","","","","0","0","2","34","0","","","","","","","","","","","","","","","","","","","","","","","","","","","0"
"519","Ohio","12/18/10","15","DUNLOP","RILEY","","","","","","","","","","","","0","0","4","91","1","","","","","","","","","","","","","","","1","","","","","","","","","","","","6"
"519","Ohio","10/16/10","14","EDWARDS","JAY","","","","","","","","","","","","0","0","","","","1","0","0","","","","","","","","","","","","","","","","","","","","","","","","0"
"519","Ohio","09/11/10","29","FLETCHER","DONOVAN","","","","","","","","","","","","0","0","","","","1","14","0","","","","","","","","","","","","","","","","","","","","","","","","0"
"519","Ohio","09/18/10","29","FLETCHER","DONOVAN","","","","","","","","","","","","0","0","","","","2","0","0","","","","","","","","","","","","","","","","","","","","","","","","0"
"519","Ohio","10/09/10","29","FLETCHER","DONOVAN","","","","","","","","","","","","0","0","","","","1","55","1","","","","","","","","","","","","1","","","","","","","","","","","","6"
"519","Ohio","10/16/10","29","FLETCHER","DONOVAN","","","","","","","","","","","","0","0","","","","1","10","0","","","","","","","","","","","","","","","","","","","","","","","","0"
"519","Ohio","11/04/10","8W","FOSTER","DONTE","","","","","","","","","","","","0","0","1","14","0","","","","","","","","","","","","","","","","","","","","","","","","","","","0"
"519","Ohio","11/16/10","8W","FOSTER","DONTE","","","","","","","","","","","","0","0","1","26","0","","","","","","","","","","","","","","","","","","","","","","","","","","","0"
"519","Ohio","11/26/10","8W","FOSTER","DONTE","","","","","","","","","","","","0","0","1","13","0","","","","","","","","","","","","","","","","","","","","","","","","","","","0"
"519","Ohio","12/18/10","8W","FOSTER","DONTE","","","","","","","","","","","","0","0","2","28","1","","","","","","","","","","","","","","","1","","","","","","","","","","","","6"
"519","Ohio","09/18/10","3","GONZALES-SANTOS","BILLY","","","","","","","","","","","","0","0","","","","","","","","","","","","1","21","0","","","","","","","","","","","","","","","","0"
"519","Ohio","09/04/10","87","GOULET","STEVEN","","","","","","","","","","","","0","0","2","21","0","","","","","","","","","","","","","","","","","","","","","","","","","","","0"
"519","Ohio","09/11/10","87","GOULET","STEVEN","","","","","","","","","","","","0","0","2","8","0","","","","","","","","","","","","","","","","","","","","","","","","","","","0"
"519","Ohio","09/25/10","87","GOULET","STEVEN","","","","","","","","","","","","0","0","2","28","0","","","","","","","","","","","","","","","","","","","","","","","","","","","0"
"519","Ohio","10/02/10","87","GOULET","STEVEN","1","23","0","23","0","","","","","","","1","23","4","45","0","","","","","","","","","","","","","","","","","","","","","","","","","","","0"
"519","Ohio","10/09/10","87","GOULET","STEVEN","","","","","","","","","","","","0","0","2","33","0","","","","","","","","","","","","","","","","","","","","","","","","","","","0"
"519","Ohio","10/16/10","87","GOULET","STEVEN","2","39","0","39","0","","","","","","","2","39","1","25","0","","","","","","","","","","","","","","","","","","","","","","","","","","","0"
"519","Ohio","10/23/10","87","GOULET","STEVEN","1","4","0","4","0","","","","","","","1","4","1","12","0","","","","","","","","","","","","","","","","","","","","","","","","","","","0"
"519","Ohio","10/30/10","87","GOULET","STEVEN","","","","","","","","","","","","0","0","5","126","0","","","","","","","","","","","","","","","","","","","","","","","","","","","0"
"519","Ohio","11/04/10","87","GOULET","STEVEN","1","1","0","1","0","","","","","","","1","1","2","37","0","","","","","","","","","","","","","","","","","","","","","","","","","","","0"
"519","Ohio","11/16/10","87","GOULET","STEVEN","1","5","0","5","0","","","","","","","1","5","","","","","","","","","","","","","","","","","","","","","","","","","","","","","","0"
"519","Ohio","11/26/10","87","GOULET","STEVEN","","","","","","","","","","","","0","0","2","13","0","","","","","","","","","","","","","","","","","","","","","","","","","","","0"
"519","Ohio","12/18/10","87","GOULET","STEVEN","2","7","0","7","0","","","","","","","2","7","2","40","1","","","","","","","","","","","","","","","1","","","","","","","","","","","","6"
"519","Ohio","10/16/10","28","HARDEN","DONTE","10","40","4","36","0","","","","","","","10","36","","","","","","","","","","","","","","","1","25","0","","","","","","","","","","","","","0"
"519","Ohio","10/23/10","28","HARDEN","DONTE","7","62","0","62","2","","","","","","","7","62","","","","","","","","","","","","","","","3","58","0","2","","","","","","","","","","","","12"
"519","Ohio","10/30/10","28","HARDEN","DONTE","10","40","4","36","0","","","","","","","10","36","1","8","0","","","","","","","","","","","","3","71","0","","","","","","","","","","","","","0"
"519","Ohio","11/04/10","28","HARDEN","DONTE","8","58","0","58","0","","","","","","","8","58","","","","","","","","","","","","","","","2","40","0","","","","","","","","","","","","","0"
"519","Ohio","11/16/10","28","HARDEN","DONTE","8","30","1","29","1","","","","","","","8","29","1","3","0","","","","","","","","","","","","3","55","0","1","","","","","","","","","","","","6"
"519","Ohio","11/26/10","28","HARDEN","DONTE","2","0","2","-2","0","","","","","","","2","-2","","","","","","","","","","","","","","","3","63","0","","","","","","","","","","","","","0"
"519","Ohio","12/18/10","28","HARDEN","DONTE","6","27","2","25","0","","","","","","","6","25","","","","","","","","","","","","","","","8","161","0","","","","","","","","","","","","","0"
"519","Ohio","09/04/10","41","HERSHEY","PAUL","","","","","","","","","","","","0","0","","","","","","","","","","3","83","","","","","","","","","","","","","","","","","","","0"
"519","Ohio","09/11/10","41","HERSHEY","PAUL","","","","","","","","","","","","0","0","","","","","","","","","","6","244","","","","","","","","","","","","","","","","","","","0"
"519","Ohio","09/18/10","41","HERSHEY","PAUL","","","","","","","","","","","","0","0","","","","","","","","","","6","279","","","","","","","","","","","","","","","","","","","0"
"519","Ohio","09/25/10","41","HERSHEY","PAUL","1","6","0","6","1","","","","","","","1","6","","","","","","","","","","6","232","","","","","","","1","","","","","","","","","","","","6"
"519","Ohio","10/02/10","41","HERSHEY","PAUL","","","","","","","","","","","","0","0","","","","","","","","","","2","64","","","","","","","","","","","","","","","","","","","0"
"519","Ohio","10/09/10","41","HERSHEY","PAUL","","","","","","","","","","","","0","0","","","","","","","","","","5","255","","","","","","","","","","","","","","","","","","","0"
"519","Ohio","10/16/10","41","HERSHEY","PAUL","1","27","0","27","0","","","","","","","1","27","","","","","","","","","","","","","","","","","","","","","","","","","","","","","","0"
"519","Ohio","10/23/10","41","HERSHEY","PAUL","","","","","","","","","","","","0","0","","","","","","","","","","5","193","","","","","","","","","","","","","","","","","","","0"
"519","Ohio","10/30/10","41","HERSHEY","PAUL","1","8","0","8","0","","","","","","","1","8","","","","","","","","","","","","","","","","","","","","","1","0","","","","","","","","0"
"519","Ohio","11/04/10","41","HERSHEY","PAUL","","","","","","","","","","","","0","0","","","","","","","","","","3","94","","","","","","","","","","","","","","","","","","","0"
"519","Ohio","11/16/10","41","HERSHEY","PAUL","","","","","","","","","","","","0","0","","","","","","","","","","5","216","","","","","","","","","","","","","","","","","","","0"
"519","Ohio","11/26/10","41","HERSHEY","PAUL","1","7","0","7","0","","","","","","","1","7","","","","","","","","","","3","140","","","","","","","","","","","","","","","","","","","0"
"519","Ohio","12/18/10","41","HERSHEY","PAUL","","","","","","","","","","","","0","0","","","","","","","","","","5","211","","","","","","","","","","","","","","","","","","","0"
"519","Ohio","10/30/10","38","HILL","TROY","","","","","","","","","","","","0","0","1","9","0","","","","","","","","","","","","","","","","","","","","","","","","","","","0"
"519","Ohio","11/04/10","38","HILL","TROY","","","","","","","","","","","","0","0","1","14","0","","","","","","","","","","","","","","","","","","","","","","","","","","","0"
"519","Ohio","12/18/10","38","HILL","TROY","","","","","","","","","","","","0","0","1","1","0","","","","","","","","","","","","","","","","","","","","","","","","","","","0"
"519","Ohio","09/04/10","23","HUGHES","XAVIER","5","34","0","34","1","","","","","","","5","34","","","","","","","","","","","","","","","","","","1","","","","","","","","","","","","6"
"519","Ohio","09/18/10","23","HUGHES","XAVIER","10","44","4","40","0","","","","","","","10","40","2","6","0","","","","","","","","","","","","4","93","0","","","","","","","","","","","","","0"
"519","Ohio","10/02/10","23","HUGHES","XAVIER","9","22","3","19","0","","","","","","","9","19","","","","","","","","","","","","","","","","","","","","","","","","","","","","","","0"
"519","Ohio","10/09/10","23","HUGHES","XAVIER","2","14","0","14","0","","","","","","","2","14","","","","","","","","","","","","","","","1","16","0","","","","","","","","","","","","","0"
"519","Ohio","10/16/10","23","HUGHES","XAVIER","4","15","0","15","0","","","","","","","4","15","","","","","","","","","","","","","","","","","","","","","","","","","","","","","","0"
"519","Ohio","10/23/10","23","HUGHES","XAVIER","1","4","0","4","0","","","","","","","1","4","","","","","","","","","","","","","","","","","","","","","","","","","","","","","","0"
"519","Ohio","09/04/10","8","JACKSON","BOO","9","30","15","15","1","12","7","1","97","0","","21","112","","","","","","","","","","","","","","","","","","1","","","","","","","","","","","","6"
"519","Ohio","09/11/10","8","JACKSON","BOO","13","44","25","19","0","27","17","3","137","1","","40","156","","","","","","","","","","","","","","","","","","","","","","","","","","","","","","0"
"519","Ohio","09/18/10","8","JACKSON","BOO","3","4","0","4","0","8","5","0","69","1","","11","73","","","","","","","","","","","","","","","","","","","","","","","","","","","","","","0"
"519","Ohio","09/25/10","8","JACKSON","BOO","10","36","13","23","0","20","11","1","155","2","0","30","178","","","","","","","","","","","","","","","","","","","","","1","0","","","","","","","","0"
"519","Ohio","10/02/10","8","JACKSON","BOO","13","66","6","60","0","24","15","1","218","1","","37","278","","","","","","","","","","","","","","","","","","","","","","","","","","","","","","0"
"519","Ohio","10/09/10","8","JACKSON","BOO","10","56","3","53","0","14","9","0","76","3","","24","129","","","","","","","","","","","","","","","","","","","","","","","","","","","","","","0"
"519","Ohio","10/16/10","8","JACKSON","BOO","6","11","1","10","2","21","14","1","161","1","","27","171","1","42","0","","","","","","","","","","","","","","","2","","","","","","","","","","","","12"
"519","Ohio","10/23/10","8","JACKSON","BOO","12","44","13","31","2","19","10","1","149","0","","31","180","","","","","","","","","","","","","","","","","","2","","","","","","","","","","","","12"
"519","Ohio","10/30/10","8","JACKSON","BOO","11","80","6","74","1","22","16","4","240","3","1","33","314","","","","","","","","","","","","","","","","","","1","","","1","1","","","","","","","","8"
"519","Ohio","11/04/10","8","JACKSON","BOO","7","35","9","26","1","19","13","1","175","2","","26","201","1","26","1","","","","","","","","","","","","","","","2","","","","","","","","","","","","12"
"519","Ohio","11/16/10","8","JACKSON","BOO","8","23","7","16","0","12","4","1","78","1","","20","94","","","","","","","","","","","","","","","","","","","","","","","","","","","","","","0"
"519","Ohio","11/26/10","8","JACKSON","BOO","20","43","49","-6","0","26","14","2","133","0","","46","127","","","","","","","","","","","","","","","","","","","","","","","","","","","","","","0"
"519","Ohio","12/18/10","8","JACKSON","BOO","10","50","30","20","0","21","14","1","209","3","","31","229","","","","","","","","","","","","","","","","","","","","","","","","","","","","","","0"
"519","Ohio","09/25/10","31","JACKSON","KENNY","","","","","","","","","","","","0","0","","","","","","","","","","","","","","","1","23","0","","","","","","","","","","","","","0"
"519","Ohio","10/09/10","31","JACKSON","KENNY","","","","","","","","","","","","0","0","","","","","","","","","","","","","","","1","19","0","","","","","","","","","","","","","0"
"519","Ohio","10/02/10","42","JACKSON","STEVEN","","","","","","","","","","","","0","0","","","","1","21","0","","","","","","","","","","","","","","","","","","","","","","","","0"
"519","Ohio","10/23/10","42","JACKSON","STEVEN","","","","","","","","","","","","0","0","","","","1","12","0","","","","","","","","","","","","","","","","","","","","","","","","0"
"519","Ohio","10/30/10","42","JACKSON","STEVEN","","","","","","","","","","","","0","0","","","","1","0","0","","","","","","","","","","","","","","","","","","","","","","","","0"
"519","Ohio","11/16/10","89","JONES","CARL","","","","","","","","","","","","0","0","","","","1","25","0","","","","","","","","","","","","","","","","","","","","","","","","0"
"519","Ohio","10/23/10","4","LEFTWICH","OMAR","","","","","","","","","","","","0","0","","","","2","0","0","","","","","","","","","","","","","","","","","","","","","","","","0"
"519","Ohio","11/04/10","46","LEWIS","ALPHONSO","","","","","","","","","","","","0","0","","","","1","7","0","","","","","","","","","","","","","","","","","","","","","","","","0"
"519","Ohio","09/04/10","11","MCCRAE","TERRENCE","1","2","0","2","0","","","","","","","1","2","1","4","0","","","","","","","","","","","","","","","","","","","","","","","","","","","0"
"519","Ohio","09/11/10","11","MCCRAE","TERRENCE","","","","","","","","","","","","0","0","3","32","0","","","","","","","","","","","","","","","","","","","","","","","","","","","0"
"519","Ohio","09/18/10","11","MCCRAE","TERRENCE","","","","","","","","","","","","0","0","1","11","1","","","","","","","","","","","","","","","1","","","","","","","","","","","","6"
"519","Ohio","09/25/10","11","MCCRAE","TERRENCE","1","5","0","5","0","","","","","","","1","5","4","118","2","","","","","","","","","","","","","","","2","","","","","","","","","","","","12"
"519","Ohio","10/02/10","11","MCCRAE","TERRENCE","","","","","","","","","","","","0","0","1","7","0","","","","","","","","","","","","","","","","","","","","","","","","","","","0"
"519","Ohio","10/09/10","11","MCCRAE","TERRENCE","","","","","","","","","","","","0","0","1","5","1","","","","","","","","","","","","","","","1","","","","","","","","","","","","6"
"519","Ohio","10/16/10","11","MCCRAE","TERRENCE","","","","","","","","","","","","0","0","6","107","2","","","","","","","","","","","","","","","2","","","","","","","","","","","","12"
"519","Ohio","10/23/10","11","MCCRAE","TERRENCE","","","","","","","","","","","","0","0","2","41","0","","","","","","","","","","","","","","","","","","","","","","","","","","","0"
"519","Ohio","10/30/10","11","MCCRAE","TERRENCE","","","","","","","","","","","","0","0","3","30","1","","","","","","","","","","","","","","","1","","","","","","","","","","","","6"
"519","Ohio","11/04/10","11","MCCRAE","TERRENCE","","","","","","","","","","","","0","0","4","48","2","","","","","","","","","","","","","","","2","","","","","","","","","","","","12"
"519","Ohio","11/16/10","11","MCCRAE","TERRENCE","","","","","","","","","","","","0","0","1","33","0","","","","","","","","","","","","","","","","","","","","","","","","","","","0"
"519","Ohio","11/26/10","11","MCCRAE","TERRENCE","","","","","","","","","","","","0","0","5","45","0","","","","","","","","","","","","","","","","","","","","","","","","","","","0"
"519","Ohio","12/18/10","11","MCCRAE","TERRENCE","1","0","0","0","0","","","","","","","1","0","3","24","0","","","","","","","","","","","","","","","","","","","","","","","","","","","0"
"519","Ohio","09/11/10","99","MEYERS","CURTIS","","","","","","","","","","","","0","0","","","","1","0","0","","","","","","","","","","","","","","","","","","","","","","","","0"
"519","Ohio","09/04/10","9","POSEY","JULIAN","","","","","","","","","","","","0","0","","","","","","","1","38","1","","","","","","3","70","0","1","","","","","","","","","","","","6"
"519","Ohio","09/11/10","9","POSEY","JULIAN","","","","","","","","","","","","0","0","","","","","","","","","","","","","","","1","31","0","","","","","","","","","","","","","0"
"519","Ohio","09/18/10","9","POSEY","JULIAN","","","","","","","","","","","","0","0","","","","","","","","","","","","","","","4","74","0","","","","","","","","","","","","","0"
"519","Ohio","09/25/10","9","POSEY","JULIAN","","","","","","","","","","","","0","0","","","","","","","","","","","","","","","4","84","0","","","","","","","","","","","","","0"
"519","Ohio","10/02/10","9","POSEY","JULIAN","","","","","","","","","","","","0","0","","","","","","","","","","","","","","","4","84","0","","","","","","","","","","","","","0"
"519","Ohio","10/09/10","9","POSEY","JULIAN","","","","","","","","","","","","0","0","","","","","","","","","","","","","","","2","60","0","","","","","","","","","","","","","0"
"519","Ohio","10/16/10","9","POSEY","JULIAN","","","","","","","","","","","","0","0","","","","","","","","","","","","","","","1","19","0","","","","","","","","","","","","","0"
"519","Ohio","09/04/10","88","THOMPSON","JORDAN","","","","","","","","","","","","0","0","1","12","0","","","","","","","","","","","","","","","","","","","","","","","","","","","0"
"519","Ohio","09/25/10","88","THOMPSON","JORDAN","","","","","","","","","","","","0","0","2","12","0","","","","","","","","","","","","","","","","","","","","","","","","","","","0"
"519","Ohio","10/02/10","88","THOMPSON","JORDAN","","","","","","","","","","","","0","0","2","26","0","","","","","","","","","","","","","","","","","","","","","","","","","","","0"
"519","Ohio","10/09/10","88","THOMPSON","JORDAN","","","","","","","","","","","","0","0","3","18","2","","","","","","","","","","","","","","","2","","","","","","","","","","","","12"
"519","Ohio","10/16/10","88","THOMPSON","JORDAN","","","","","","","","","","","","0","0","3","22","0","","","","","","","","","","","","","","","","","","","","","","","","","","","0"
"519","Ohio","10/23/10","88","THOMPSON","JORDAN","","","","","","","","","","","","0","0","1","4","0","","","","","","","","","","","","","","","","","","","","","","","","","","","0"
"519","Ohio","10/30/10","88","THOMPSON","JORDAN","","","","","","","","","","","","0","0","2","16","1","","","","","","","","","","","","","","","1","","","","","","","","","","","","6"
"519","Ohio","11/04/10","88","THOMPSON","JORDAN","","","","","","","","","","","","0","0","3","49","0","","","","","","","","","","","","","","","","","","","","","","","","","","","0"
"519","Ohio","11/26/10","88","THOMPSON","JORDAN","1","1","0","1","0","","","","","","","1","1","2","20","0","","","","","","","","","","","","","","","","","","","","","","","","","","","0"
"519","Ohio","12/18/10","88","THOMPSON","JORDAN","","","","","","","","","","","","0","0","2","25","0","","","","","","","","","","","","","","","","","","","","","","","","","","","0"
"519","Ohio","09/04/10","49","WELLER","MATT","","","","","","","","","","","","0","0","","","","","","","","","","","","","","","","","","","4","3","0","0","","","","","2","2","","9"
"519","Ohio","09/11/10","49","WELLER","MATT","","","","","","","","","","","","0","0","","","","","","","","","","","","","","","","","","","1","1","0","0","","","","","2","2","","7"
"519","Ohio","09/18/10","49","WELLER","MATT","","","","","","","","","","","","0","0","","","","","","","","","","","","","","","","","","","1","1","0","0","","","","","","","","1"
"519","Ohio","09/25/10","49","WELLER","MATT","","","","","","","","","","","","0","0","","","","","","","","","","","","","","","","","","","2","2","0","0","","","","","1","1","","5"
"519","Ohio","10/02/10","49","WELLER","MATT","","","","","","","","","","","","0","0","","","","","","","","","","","","","","","","","","","4","3","0","0","","","","","1","1","","6"
"519","Ohio","10/09/10","49","WELLER","MATT","","","","","","","","","","","","0","0","","","","","","","","","","","","","","","","","","","7","7","0","0","","","","","","","","7"
"519","Ohio","10/16/10","49","WELLER","MATT","","","","","","","","","","","","0","0","","","","","","","","","","","","","","","","","","","5","5","0","0","","","","","2","1","","8"
"519","Ohio","10/23/10","49","WELLER","MATT","","","","","","","","","","","","0","0","","","","","","","","","","","","","","","","","","","5","4","0","0","","","","","1","0","","4"
"519","Ohio","10/30/10","49","WELLER","MATT","","","","","","","","","","","","0","0","","","","","","","","","","","","","","","","","","","3","3","0","0","","","","","1","1","","6"
"519","Ohio","11/04/10","49","WELLER","MATT","","","","","","","","","","","","0","0","","","","","","","","","","","","","","","","","","","5","4","0","0","","","","","","","","4"
"519","Ohio","11/16/10","49","WELLER","MATT","","","","","","","","","","","","0","0","","","","","","","","","","","","","","","","","","","4","4","0","0","","","","","1","1","","7"
"519","Ohio","11/26/10","49","WELLER","MATT","","","","","","","","","","","","0","0","","","","","","","","","","","","","","","","","","","","","","","","","","","3","2","","6"
"519","Ohio","12/18/10","49","WELLER","MATT","","","","","","","","","","","","0","0","","","","","","","","","","","","","","","","","","","3","3","0","0","","","","","","","","3"
"518","Ohio St.","09/02/10","23","BARCLAY","DEVIN","","","","","","","","","","","","0","0","","","","","","","","","","","","","","","","","","","6","6","0","0","","","","","1","1","","9"
"518","Ohio St.","09/11/10","23","BARCLAY","DEVIN","","","","","","","","","","","","0","0","","","","","","","","","","","","","","","","","","","3","3","0","0","","","","","6","5","","18"
"518","Ohio St.","09/18/10","23","BARCLAY","DEVIN","","","","","","","","","","","","0","0","","","","","","","","","","","","","","","","","","","5","5","0","0","","","","","2","2","","11"
"518","Ohio St.","09/25/10","23","BARCLAY","DEVIN","","","","","","","","","","","","0","0","","","","","","","","","","","","","","","","","","","10","10","0","0","","","","","1","1","","13"
"518","Ohio St.","10/02/10","23","BARCLAY","DEVIN","","","","","","","","","","","","0","0","","","","","","","","","","","","","","","","","","","3","3","0","0","","","","","1","1","","6"
"518","Ohio St.","10/09/10","23","BARCLAY","DEVIN","","","","","","","","","","","","0","0","","","","","","","","","","","","","","","","","","","5","5","0","0","","","","","1","1","","8"
"518","Ohio St.","10/16/10","23","BARCLAY","DEVIN","","","","","","","","","","","","0","0","","","","","","","","","","","","","","","","","","","1","1","0","0","","","","","2","1","","4"
"518","Ohio St.","10/23/10","23","BARCLAY","DEVIN","","","","","","","","","","","","0","0","","","","","","","","","","","","","","","","","","","7","7","0","0","","","","","","","","7"
"518","Ohio St.","10/30/10","23","BARCLAY","DEVIN","","","","","","","","","","","","0","0","","","","","","","","","","","","","","","","","","","7","7","0","0","","","","","2","1","","10"
"518","Ohio St.","11/13/10","23","BARCLAY","DEVIN","","","","","","","","","","","","0","0","","","","","","","","","","","","","","","","","","","5","5","0","0","","","","","1","1","","8"
"518","Ohio St.","11/20/10","23","BARCLAY","DEVIN","","","","","","","","","","","","0","0","","","","","","","","","","","","","","","","","","","2","2","0","0","","","","","2","2","","8"
"518","Ohio St.","11/27/10","23","BARCLAY","DEVIN","","","","","","","","","","","","0","0","","","","","","","","","","","","","","","","","","","4","4","0","0","","","","","3","3","","13"
"518","Ohio St.","01/04/11","23","BARCLAY","DEVIN","","","","","","","","","","","","0","0","","","","","","","","","","","","","","","","","","","4","4","0","0","","","","","2","1","","7"
"518","Ohio St.","09/02/10","24","BASIL","DREW","","","","","","","","","","","","0","0","","","","","","","","","","","","","","","","","","","","","","","","","","","1","0","","0"
"518","Ohio St.","10/09/10","24","BASIL","DREW","","","","","","","","","","","","0","0","","","","","","","","","","","","","","","","","","","","","","","","","","","1","0","","0"
"518","Ohio St.","09/02/10","14","BAUSERMAN","JOE","1","0","3","-3","0","2","1","0","2","0","","3","-1","","","","","","","","","","","","","","","","","","","","","","","","","","","","","","0"
"518","Ohio St.","09/18/10","14","BAUSERMAN","JOE","2","1","5","-4","0","7","4","0","46","0","","9","42","","","","","","","","","","","","","","","","","","","","","","","","","","","","","","0"
"518","Ohio St.","09/25/10","14","BAUSERMAN","JOE","2","17","0","17","0","6","5","0","59","1","","8","76","","","","","","","","","","","","","","","","","","","","","","","","","","","","","","0"
"518","Ohio St.","10/02/10","14","BAUSERMAN","JOE","","","","","","2","1","1","1","0","","2","1","","","","","","","","","","","","","","","","","","","","","","","","","","","","","","0"
"518","Ohio St.","10/09/10","14","BAUSERMAN","JOE","","","","","","1","1","0","14","0","","1","14","","","","","","","","","","","","","","","","","","","","","","","","","","","","","","0"
"518","Ohio St.","10/23/10","14","BAUSERMAN","JOE","2","2","12","-10","0","2","2","0","30","1","","4","20","","","","","","","","","","","","","","","","","","","","","","","","","","","","","","0"
"518","Ohio St.","10/30/10","14","BAUSERMAN","JOE","","","","","","2","2","0","22","0","","2","22","","","","","","","","","","","","","","","","","","","","","","","","","","","","","","0"
"518","Ohio St.","11/13/10","14","BAUSERMAN","JOE","1","1","0","1","0","","","","","","","1","1","","","","","","","","","","","","","","","","","","","","","","","","","","","","","","0"
"518","Ohio St.","09/02/10","0D","BERRY","JAAMAL","7","80","0","80","0","","","","","","","7","80","","","","","","","","","","","","","","","2","36","0","","","","","","","","","","","","","0"
"518","Ohio St.","09/11/10","0D","BERRY","JAAMAL","","","","","","","","","","","","0","0","","","","","","","","","","","","","","","2","87","0","","","","","","","","","","","","","0"
"518","Ohio St.","09/18/10","0D","BERRY","JAAMAL","4","23","0","23","0","","","","","","","4","23","","","","","","","","","","","","","","","1","17","0","","","","","","","","","","","","","0"
"518","Ohio St.","09/25/10","0D","BERRY","JAAMAL","4","74","0","74","1","","","","","","","4","74","","","","","","","","","","","","","","","3","86","0","1","","","","","","","","","","","","6"
"518","Ohio St.","10/02/10","0D","BERRY","JAAMAL","","","","","","","","","","","","0","0","","","","","","","","","","","","","","","1","31","0","","","","","","","","","","","","","0"
"518","Ohio St.","10/09/10","0D","BERRY","JAAMAL","5","42","0","42","0","","","","","","","5","42","","","","","","","","","","","","","","","3","81","0","","","","","","","","","","","","","0"
"518","Ohio St.","10/16/10","0D","BERRY","JAAMAL","","","","","","","","","","","","0","0","","","","","","","","","","","","","","","4","102","0","","","","","","","","","","","","","0"
"518","Ohio St.","10/23/10","0D","BERRY","JAAMAL","6","27","0","27","0","","","","","","","6","27","","","","","","","","","","","","","","","","","","","","","","","","","","","","","","0"
"518","Ohio St.","10/30/10","0D","BERRY","JAAMAL","3","6","1","5","0","","","","","","","3","5","","","","","","","","","","","","","","","2","31","0","","","","","","","","","","","","","0"
"518","Ohio St.","11/13/10","0D","BERRY","JAAMAL","1","10","0","10","0","","","","","","","1","10","","","","","","","","","","","","","","","1","23","0","","","","","","","","","","","","","0"
"518","Ohio St.","11/20/10","0D","BERRY","JAAMAL","","","","","","","","","","","","0","0","","","","","","","","","","","","","","","1","14","0","","","","","","","","","","","","","0"
"518","Ohio St.","11/27/10","0D","BERRY","JAAMAL","2","5","0","5","0","","","","","","","2","5","","","","","","","","","","","","","","","1","26","0","","","","","","","","","","","","","0"
"518","Ohio St.","09/18/10","44","BOREN","ZACH","","","","","","","","","","","","0","0","1","3","0","","","","","","","","","","","","","","","","","","","","","","","","","","","0"
"518","Ohio St.","09/25/10","44","BOREN","ZACH","","","","","","","","","","","","0","0","1","22","0","","","","","","","","","","","","","","","","","","","","","","","","","","","0"
"518","Ohio St.","10/02/10","44","BOREN","ZACH","","","","","","","","","","","","0","0","1","1","0","","","","","","","","","","","","","","","","","","","","","","","","","","","0"
"518","Ohio St.","10/09/10","44","BOREN","ZACH","","","","","","","","","","","","0","0","1","15","0","","","","","","","","","","","","","","","","","","","","","","","","","","","0"
"518","Ohio St.","10/16/10","44","BOREN","ZACH","","","","","","","","","","","","0","0","1","1","0","","","","","","","","","","","","","","","","","","","","","","","","","","","0"
"518","Ohio St.","10/23/10","44","BOREN","ZACH","","","","","","","","","","","","0","0","1","18","0","","","","","","","","","","","","","","","","","","","","","","","","","","","0"
"518","Ohio St.","11/20/10","44","BOREN","ZACH","","","","","","","","","","","","0","0","1","0","0","","","","","","","","","","","","","","","","","","","","","","","","","","","0"
"518","Ohio St.","11/27/10","44","BOREN","ZACH","1","2","0","2","0","","","","","","","1","2","2","10","0","","","","","","","","","","","","","","","","","","","","","","","","","","","0"
"518","Ohio St.","09/02/10","10","BROWN","COREY","","","","","","","","","","","","0","0","1","2","0","","","","","","","","","1","11","0","","","","","","","","","","","","","","","","0"
"518","Ohio St.","09/18/10","10","BROWN","COREY","1","9","0","9","0","","","","","","","1","9","","","","","","","","","","","","","","","","","","","","","","","","","","","","","","0"
"518","Ohio St.","09/25/10","10","BROWN","COREY","","","","","","","","","","","","0","0","1","12","0","","","","","","","","","2","11","0","","","","","","","","","","","","","","","","0"
"518","Ohio St.","10/09/10","10","BROWN","COREY","","","","","","","","","","","","0","0","2","29","0","","","","","","","","","","","","","","","","","","","","","","","","","","","0"
"518","Ohio St.","10/23/10","10","BROWN","COREY","1","18","0","18","0","","","","","","","1","18","2","38","1","","","","","","","","","1","10","0","","","","1","","","","","","","","","","","","6"
"518","Ohio St.","10/30/10","10","BROWN","COREY","","","","","","","","","","","","0","0","1","11","0","","","","","","","","","","","","","","","","","","","","","","","","","","","0"
"518","Ohio St.","01/04/11","10","BROWN","COREY","","","","","","","","","","","","0","0","1","13","0","","","","","","","","","","","","","","","","","","","","","","","","","","","0"
"518","Ohio St.","09/02/10","17","BUCHANAN","BEN","","","","","","","","","","","","0","0","","","","","","","","","","4","163","","","","","","","","","","","","","","","","","","","0"
"518","Ohio St.","09/11/10","17","BUCHANAN","BEN","","","","","","","","","","","","0","0","","","","","","","","","","4","152","","","","","","","","","","","","","","","","","","","0"
"518","Ohio St.","09/18/10","17","BUCHANAN","BEN","","","","","","","","","","","","0","0","","","","","","","","","","4","162","","","","","","","","","","","","","","","","","","","0"
"518","Ohio St.","09/25/10","17","BUCHANAN","BEN","","","","","","","","","","","","0","0","","","","","","","","","","1","39","","","","","","","","","","","","","","","","","","","0"
"518","Ohio St.","10/02/10","17","BUCHANAN","BEN","","","","","","","","","","","","0","0","","","","","","","","","","6","233","","","","","","","","","","","","","","","","","","","0"
"518","Ohio St.","10/09/10","17","BUCHANAN","BEN","","","","","","","","","","","","0","0","","","","","","","","","","3","150","","","","","","","","","","","","","","","","","","","0"
"518","Ohio St.","10/16/10","17","BUCHANAN","BEN","","","","","","","","","","","","0","0","","","","","","","","","","3","114","","","","","","","","","","","","","","","","","","","0"
"518","Ohio St.","10/23/10","17","BUCHANAN","BEN","","","","","","","","","","","","0","0","","","","","","","","","","3","128","","","","","","","","","","","","","","","","","","","0"
"518","Ohio St.","10/30/10","17","BUCHANAN","BEN","","","","","","","","","","","","0","0","","","","","","","","","","1","29","","","","","","","","","","","","","","","","","","","0"
"518","Ohio St.","11/13/10","17","BUCHANAN","BEN","","","","","","","","","","","","0","0","","","","","","","","","","4","175","","","","","","","","","","","","","","","","","","","0"
"518","Ohio St.","11/20/10","17","BUCHANAN","BEN","","","","","","","","","","","","0","0","","","","","","","","","","3","126","","","","","","","","","","","","","","","","","","","0"
"518","Ohio St.","11/27/10","17","BUCHANAN","BEN","","","","","","","","","","","","0","0","","","","","","","","","","4","178","","","","","","","","","","","","","","","","","","","0"
"518","Ohio St.","01/04/11","17","BUCHANAN","BEN","","","","","","","","","","","","0","0","","","","","","","","","","4","156","","","","","","","","","","","","","","","","","","","0"
"518","Ohio St.","09/11/10","5","CHEKWA","CHIMDI","","","","","","","","","","","","0","0","","","","2","22","0","","","","","","","","","","","","","","","","","","","","","","","","0"
"518","Ohio St.","10/30/10","5","CHEKWA","CHIMDI","","","","","","","","","","","","0","0","","","","1","0","0","","","","","","","","","","","","","","","","","","","","","","","","0"
"518","Ohio St.","10/09/10","28","CLARKE","DOMINIC","","","","","","","","","","","","0","0","","","","1","0","0","","","","","","","","","","","","","","","","","","","","","","","","0"
"518","Ohio St.","09/25/10","8A","CRAWFORD","RICKY","","","","","","","","","","","","0","0","1","6","0","","","","","","","","","","","","","","","","","","","","","","","","","","","0"
"518","Ohio St.","09/18/10","35","DELANDE","BO","1","6","0","6","0","","","","","","","1","6","","","","","","","","","","","","","","","","","","","","","","","","","","","","","","0"
"518","Ohio St.","09/25/10","35","DELANDE","BO","1","2","0","2","0","","","","","","","1","2","","","","","","","","","","","","","","","","","","","","","","","","","","","","","","0"
"518","Ohio St.","10/30/10","16","DOMICONE","ZACH","","","","","","","","","","","","0","0","","","","","","","","","","","","0","0","1","","","","1","","","","","","","","","","","","6"
"518","Ohio St.","09/02/10","80","FIELDS","CHRIS","","","","","","","","","","","","0","0","1","3","0","","","","","","","","","","","","","","","","","","","","","","","","","","","0"
"518","Ohio St.","09/18/10","80","FIELDS","CHRIS","","","","","","","","","","","","0","0","1","10","0","","","","","","","","","","","","","","","","","","","","","","","","","","","0"
"518","Ohio St.","10/30/10","80","FIELDS","CHRIS","","","","","","","","","","","","0","0","1","9","0","","","","","","","","","","","","","","","","","","","","","","","","","","","0"
"518","Ohio St.","09/18/10","88","FRAGEL","REID","","","","","","","","","","","","0","0","1","9","0","","","","","","","","","","","","","","","","","","","","","","","","","","","0"
"518","Ohio St.","09/25/10","88","FRAGEL","REID","","","","","","","","","","","","0","0","2","22","0","","","","","","","","","","","","","","","","","","","","","","","","","","","0"
"518","Ohio St.","10/02/10","88","FRAGEL","REID","","","","","","","","","","","","0","0","1","8","0","","","","","","","","","","","","","","","","","","","","","","","","","","","0"
"518","Ohio St.","10/09/10","88","FRAGEL","REID","","","","","","","","","","","","0","0","2","21","0","","","","","","","","","","","","","","","","","","","","","","","","","","","0"
"518","Ohio St.","10/30/10","88","FRAGEL","REID","","","","","","","","","","","","0","0","1","14","0","","","","","","","","","","","","","","","","","","","","","","","","","","","0"
"518","Ohio St.","11/20/10","88","FRAGEL","REID","","","","","","","","","","","","0","0","1","5","1","","","","","","","","","","","","","","","1","","","","","","","","","","","","6"
"518","Ohio St.","01/04/11","88","FRAGEL","REID","","","","","","","","","","","","0","0","1","42","0","","","","","","","","","","","","","","","","","","","","","","","","","","","0"
"518","Ohio St.","09/02/10","13","GUITON","KENNY","2","4","0","4","0","","","","","","","2","4","","","","","","","","","","","","","","","","","","","","","","","","","","","","","","0"
"518","Ohio St.","09/25/10","13","GUITON","KENNY","1","15","0","15","1","","","","","","","1","15","","","","","","","","","","","","","","","","","","1","","","","","","","","","","","","6"
"518","Ohio St.","10/09/10","13","GUITON","KENNY","","","","","","1","0","1","0","0","","1","0","","","","","","","","","","","","","","","","","","","","","","","","","","","","","","0"
"518","Ohio St.","10/23/10","13","GUITON","KENNY","1","2","0","2","0","1","1","0","5","0","","2","7","","","","","","","","","","","","","","","","","","","","","","","","","","","","","","0"
"518","Ohio St.","09/02/10","0G","HALL","JORDAN","5","32","0","32","0","","","","","","","5","32","1","13","0","","","","","","","","","3","19","0","","","","","","","","","","","","","","","","0"
"518","Ohio St.","09/11/10","0G","HALL","JORDAN","","","","","","","","","","","","0","0","","","","","","","","","","","","2","16","0","2","65","0","","","","","","","","","","","","","0"
"518","Ohio St.","09/18/10","0G","HALL","JORDAN","4","14","0","14","0","","","","","","","4","14","2","27","0","","","","","","","","","2","22","0","1","20","0","","","","","","","","","","","","","0"
"518","Ohio St.","09/25/10","0G","HALL","JORDAN","4","26","0","26","0","1","1","0","20","1","","5","46","1","17","1","","","","","","","","","3","14","0","1","26","0","1","","","","","","","","","","","","6"
"518","Ohio St.","10/02/10","0G","HALL","JORDAN","","","","","","","","","","","","0","0","","","","","","","","","","","","4","21","0","2","42","0","","","","","","","","","","","","","0"
"518","Ohio St.","10/09/10","0G","HALL","JORDAN","1","3","0","3","0","","","","","","","1","3","1","4","0","","","","","","","","","3","27","0","","","","","","","","","","","","","","","","0"
"518","Ohio St.","10/16/10","0G","HALL","JORDAN","2","8","0","8","0","","","","","","","2","8","","","","","","","","","","","","","","","2","45","0","","","","","","","","","","","","","0"
"518","Ohio St.","10/23/10","0G","HALL","JORDAN","8","20","7","13","1","","","","","","","8","13","1","9","0","","","","","","","","","2","14","0","","","","1","","","","","","","","","","","","6"
"518","Ohio St.","10/30/10","0G","HALL","JORDAN","7","31","1","30","1","","","","","","","7","30","2","13","0","","","","","","","","","2","70","0","1","34","0","1","","","","","","","","","","","","6"
"518","Ohio St.","11/13/10","0G","HALL","JORDAN","3","18","0","18","0","","","","","","","3","18","","","","","","","","","","","","1","23","0","1","17","0","","","","","","","","","","","","","0"
"518","Ohio St.","11/20/10","0G","HALL","JORDAN","","","","","","","","","","","","0","0","","","","","","","","","","","","1","7","0","2","56","0","","","","","","","","","","","","","0"
"518","Ohio St.","11/27/10","0G","HALL","JORDAN","3","17","0","17","0","","","","","","","3","17","","","","","","","","","","","","","","","1","85","1","1","","","","","","","","","","","","6"
"518","Ohio St.","01/04/11","0G","HALL","JORDAN","","","","","","","","","","","","0","0","","","","","","","","","","","","1","5","0","5","113","0","","","","","","","","","","","","","0"
"518","Ohio St.","09/02/10","1","HERRON","DANEIL","7","44","0","44","0","","","","","","","7","44","1","9","0","","","","","","","","","","","","","","","","","","","","","","","","","","","0"
"518","Ohio St.","09/11/10","1","HERRON","DANEIL","14","70","4","66","1","","","","","","","14","66","1","47","0","","","","","","","","","","","","","","","1","","","","","","","","","","","","6"
"518","Ohio St.","09/18/10","1","HERRON","DANEIL","9","31","4","27","2","","","","","","","9","27","2","23","0","","","","","","","","","","","","","","","2","","","","","","","","","","","","12"
"518","Ohio St.","09/25/10","1","HERRON","DANEIL","12","56","1","55","1","","","","","","","12","55","3","30","0","","","","","","","","","","","","","","","1","","","","","","","","","","","","6"
"518","Ohio St.","10/02/10","1","HERRON","DANEIL","23","98","3","95","1","","","","","","","23","95","1","6","0","","","","","","","","","","","","","","","1","","","","","","","","","","","","6"
"518","Ohio St.","10/09/10","1","HERRON","DANEIL","12","71","3","68","2","","","","","","","12","68","","","","","","","","","","","","","","","","","","2","","","","","","","","","","","","12"
"518","Ohio St.","10/16/10","1","HERRON","DANEIL","19","91","0","91","2","","","","","","","19","91","2","8","0","","","","","","","","","","","","","","","2","","","","","","","","","","","","12"
"518","Ohio St.","10/23/10","1","HERRON","DANEIL","16","80","6","74","2","","","","","","","16","74","1","14","0","","","","","","","","","","","","","","","2","","","","","","","","","","","","12"
"518","Ohio St.","10/30/10","1","HERRON","DANEIL","17","116","2","114","1","","","","","","","17","114","","","","","","","","","","","","","","","","","","1","","","","","","","","","","","","6"
"518","Ohio St.","11/13/10","1","HERRON","DANEIL","21","193","3","190","1","","","","","","","21","190","2","13","0","","","","","","","","","","","","","","","1","","","","","","","","","","","","6"
"518","Ohio St.","11/20/10","1","HERRON","DANEIL","20","71","2","69","1","","","","","","","20","69","5","30","0","","","","","","","","","","","","","","","1","","","","","","","","","","","","6"
"518","Ohio St.","11/27/10","1","HERRON","DANEIL","22","182","7","175","1","","","","","","","22","175","","","","","","","","","","","","","","","","","","1","","","","","","","","","","","","6"
"518","Ohio St.","01/04/11","1","HERRON","DANEIL","24","93","6","87","1","","","","","","","24","87","1","0","0","","","","","","","","","","","","","","","1","","","","","","","","","","","","6"
"518","Ohio St.","09/11/10","97","HEYWARD","CAMERON","","","","","","","","","","","","0","0","","","","1","80","0","","","","","","","","","","","","","","","","","","","","","","","","0"
"518","Ohio St.","09/18/10","97","HEYWARD","CAMERON","","","","","","","","","","","","0","0","","","","","","","1","9","0","","","","","","","","","","","","","","","","","","","","",""
"518","Ohio St.","10/02/10","7","HINES","JERMALE","","","","","","","","","","","","0","0","","","","1","23","0","","","","","","","","","","","","","","","","","","","","","","","","0"
"518","Ohio St.","01/04/11","7","HINES","JERMALE","","","","","","","","","","","","0","0","","","","","","","","","","","","1","0","0","","","","","","","","","","","","","","","","0"
"518","Ohio St.","09/02/10","49","HOMAN","ADAM","","","","","","","","","","","","0","0","1","7","0","","","","","","","","","","","","","","","","","","","","","","","","","","","0"
"518","Ohio St.","10/23/10","49","HOMAN","ADAM","","","","","","","","","","","","0","0","2","11","0","","","","","","","","","","","","","","","","","","","","","","","","","","","0"
"518","Ohio St.","09/18/10","51","HOMAN","ROSS","","","","","","","","","","","","0","0","","","","1","7","0","","","","","","","","","","","","","","","","","","","","","","","","0"
"518","Ohio St.","11/13/10","18","HOWARD","TRAVIS","","","","","","","","","","","","0","0","","","","1","30","1","","","","","","","","","","","","1","","","","","","","","","","","","6"
"518","Ohio St.","11/27/10","18","HOWARD","TRAVIS","","","","","","","","","","","","0","0","","","","1","0","0","","","","","","","","","","","","","","","","","","","","","","","","0"
"518","Ohio St.","10/23/10","89","HUMMEL","GARRETT","","","","","","","","","","","","0","0","1","5","0","","","","","","","","","","","","","","","","","","","","","","","","","","","0"
"518","Ohio St.","09/02/10","3A","HYDE","CARLOS","1","4","0","4","0","","","","","","","1","4","","","","","","","","","","","","","","","","","","","","","","","","","","","","","","0"
"518","Ohio St.","09/25/10","3A","HYDE","CARLOS","5","32","0","32","0","","","","","","","5","32","","","","","","","","","","","","","","","","","","","","","","","","","","","","","","0"
"518","Ohio St.","10/09/10","3A","HYDE","CARLOS","9","50","2","48","0","","","","","","","9","48","","","","","","","","","","","","","","","","","","","","","","","","","","","","","","0"
"518","Ohio St.","10/23/10","3A","HYDE","CARLOS","5","23","2","21","0","","","","","","","5","21","","","","","","","","","","","","","","","","","","","","","","","","","","","","","","0"
"518","Ohio St.","10/30/10","3A","HYDE","CARLOS","3","32","0","32","0","","","","","","","3","32","","","","","","","","","","","","","","","","","","","","","","","","","","","","","","0"
"518","Ohio St.","11/27/10","3A","HYDE","CARLOS","1","4","0","4","0","","","","","","","1","4","","","","","","","","","","","","","","","","","","","","","","","","","","","","","","0"
"518","Ohio St.","10/23/10","19","JOHNSON","ORHRIAN","","","","","","","","","","","","0","0","","","","1","7","0","","","","","","","","","","","","","","","","","","","","","","","","0"
"518","Ohio St.","10/23/10","32","KLEIN","STORM","","","","","","","","","","","","0","0","","","","1","13","0","","","","","","","","","","","","","","","","","","","","","","","","0"
"518","Ohio St.","09/18/10","26","MOELLER","TYLER","","","","","","","","","","","","0","0","","","","1","0","0","","","","","","","","","","","","","","","","","","","","","","","","0"
"518","Ohio St.","10/30/10","55","NEWSOME","JONATHAN","","","","","","","","","","","","0","0","","","","","","","","","","","","1","19","0","","","","","","","","","","","","","","","","0"
"518","Ohio St.","09/02/10","8","POSEY","DEVIER","","","","","","","","","","","","0","0","4","41","2","","","","","","","","","","","","","","","2","","","","","","","","","","","","12"
"518","Ohio St.","09/11/10","8","POSEY","DEVIER","","","","","","","","","","","","0","0","4","105","0","","","","","","","","","","","","","","","","","","","","","","","","","","","0"
"518","Ohio St.","09/18/10","8","POSEY","DEVIER","","","","","","","","","","","","0","0","5","62","0","","","","","","","","","","","","","","","","","","","","","","","","","","","0"
"518","Ohio St.","09/25/10","8","POSEY","DEVIER","","","","","","","","","","","","0","0","2","34","0","","","","","","","","","","","","","","","","","","","","","","","","","","","0"
"518","Ohio St.","10/02/10","8","POSEY","DEVIER","","","","","","","","","","","","0","0","3","19","0","","","","","","","","","","","","","","","","","","","","","","","","","","","0"
"518","Ohio St.","10/09/10","8","POSEY","DEVIER","","","","","","","","","","","","0","0","8","103","1","","","","","","","","","","","","","","","1","","","","","","","","","","","","6"
"518","Ohio St.","10/16/10","8","POSEY","DEVIER","","","","","","","","","","","","0","0","4","38","0","","","","","","","","","","","","","","","","","","","","","","","","","","","0"
"518","Ohio St.","10/23/10","8","POSEY","DEVIER","","","","","","","","","","","","0","0","4","84","1","","","","","","","","","","","","","","","1","","","","","","","","","","","","6"
"518","Ohio St.","10/30/10","8","POSEY","DEVIER","","","","","","","","","","","","0","0","6","115","1","","","","","","","","","","","","","","","1","","","","","","","","","","","","6"
"518","Ohio St.","11/13/10","8","POSEY","DEVIER","","","","","","","","","","","","0","0","3","63","0","","","","","","","","","","","","","","","","","","","","","","","","","","","0"
"518","Ohio St.","11/20/10","8","POSEY","DEVIER","","","","","","","","","","","","0","0","2","32","0","","","","","","","","","","","","","","","","","","","","","","","","","","","0"
"518","Ohio St.","11/27/10","8","POSEY","DEVIER","","","","","","","","","","","","0","0","5","82","1","","","","","","","","","","","","","","","1","","","","","","","","","","","","6"
"518","Ohio St.","01/04/11","8","POSEY","DEVIER","","","","","","","","","","","","0","0","3","70","1","","","","","","","","","","","","","","","1","","","","","","","","","","","","6"
"518","Ohio St.","09/02/10","2","PRYOR","TERRELLE","8","25","8","17","0","25","17","0","247","3","","33","264","","","","","","","","","","","","","","","","","","","","","","","","","","","","","","0"
"518","Ohio St.","09/11/10","2","PRYOR","TERRELLE","20","128","15","113","1","27","12","0","233","1","","47","346","","","","","","","","","","","","","","","","","","1","","","","","","","","","","","","6"
"518","Ohio St.","09/18/10","2","PRYOR","TERRELLE","8","54","19","35","1","29","22","2","235","2","","37","270","","","","","","","","","","","","","","","","","","1","","","","","","","","","","","","6"
"518","Ohio St.","09/25/10","2","PRYOR","TERRELLE","7","104","0","104","1","26","20","0","224","4","","33","328","1","20","1","","","","","","","","","","","","","","","2","","","","","","","","","","","","12"
"518","Ohio St.","10/02/10","2","PRYOR","TERRELLE","11","121","17","104","0","16","9","1","76","2","","27","180","","","","","","","","","","","","","","","","","","","","","","","","","","","","","","0"
"518","Ohio St.","10/09/10","2","PRYOR","TERRELLE","3","0","19","-19","0","30","24","0","334","3","","33","315","1","-1","0","","","","","","","","","","","","","","","","","","","","","","","","","","","0"
"518","Ohio St.","10/16/10","2","PRYOR","TERRELLE","18","94","38","56","0","28","14","1","156","0","1","46","212","","","","","","","","","","","","","","","","","","","","","1","1","","","","","","","","2"
"518","Ohio St.","10/23/10","2","PRYOR","TERRELLE","4","4","6","-2","0","22","16","2","270","3","","26","268","","","","","","","","","","","","","","","","","","","","","","","","","","","","","","0"
"518","Ohio St.","10/30/10","2","PRYOR","TERRELLE","5","55","0","55","1","22","18","1","222","2","","27","277","","","","","","","","","","","","","","","","","","1","","","","","","","","","","","","6"
"518","Ohio St.","11/13/10","2","PRYOR","TERRELLE","9","52","3","49","0","13","8","1","139","2","","22","188","","","","","","","","","","","","","","","","","","","","","","","","","","","","","","0"
"518","Ohio St.","11/20/10","2","PRYOR","TERRELLE","15","82","4","78","0","33","18","2","195","1","","48","273","","","","","","","","","","","","","","","","","","","","","","","","","","","","","","0"
"518","Ohio St.","11/27/10","2","PRYOR","TERRELLE","12","63","14","49","0","27","18","1","220","2","","39","269","","","","","","","","","","","","","","","","","","","","","","","","","","","","","","0"
"518","Ohio St.","01/04/11","2","PRYOR","TERRELLE","15","116","1","115","0","25","14","0","221","2","","40","336","","","","","","","","","","","","","","","","","","","","","","","","","","","","","","0"
"518","Ohio St.","09/02/10","36","ROLLE","BRIAN","","","","","","","","","","","","0","0","","","","1","30","1","","","","","","","","","","","","1","","","","","","","","","","","","6"
"518","Ohio St.","10/09/10","36","ROLLE","BRIAN","","","","","","","","","","","","0","0","","","","1","0","0","","","","","","","","","","","","","","","","","","","","","","","","0"
"518","Ohio St.","09/02/10","3","SAINE","BRANDON","9","103","0","103","2","","","","","","","9","103","","","","","","","","","","","","","","","","","","2","","","","","","","","","","","","12"
"518","Ohio St.","09/11/10","3","SAINE","BRANDON","12","17","10","7","0","","","","","","","12","7","3","36","1","","","","","","","","","","","","","","","1","","","","","","","","","","","","6"
"518","Ohio St.","09/18/10","3","SAINE","BRANDON","12","49","1","48","0","","","","","","","12","48","2","13","1","","","","","","","","","","","","1","18","0","1","","","","","","","","","","","","6"
"518","Ohio St.","09/25/10","3","SAINE","BRANDON","3","11","0","11","0","","","","","","","3","11","3","18","0","","","","","","","","","","","","","","","","","","","","","","","","","","","0"
"518","Ohio St.","10/02/10","3","SAINE","BRANDON","8","14","0","14","0","","","","","","","8","14","1","8","1","","","","","","","","","","","","","","","1","","","","","","","","","","","","6"
"518","Ohio St.","10/09/10","3","SAINE","BRANDON","","","","","","","","","","","","0","0","4","84","1","","","","","","","","","","","","","","","1","","","","","","","","","","","","6"
"518","Ohio St.","10/16/10","3","SAINE","BRANDON","","","","","","","","","","","","0","0","1","15","0","","","","","","","","","","","","","","","","","","","","","","","","","","","0"
"518","Ohio St.","10/23/10","3","SAINE","BRANDON","5","41","0","41","0","","","","","","","5","41","1","9","0","","","","","","","","","","","","","","","","","","","","","","","","","","","0"
"518","Ohio St.","10/30/10","3","SAINE","BRANDON","5","26","3","23","0","","","","","","","5","23","2","-1","1","","","","","","","","","","","","","","","1","","","","","","","","","","","","6"
"518","Ohio St.","11/13/10","3","SAINE","BRANDON","8","46","0","46","0","","","","","","","8","46","1","2","0","","","","","","","","","","","","","","","","","","","","","","","","","","","0"
"518","Ohio St.","11/20/10","3","SAINE","BRANDON","1","11","0","11","0","","","","","","","1","11","","","","","","","","","","","","","","","","","","","","","","","","","","","","","","0"
"518","Ohio St.","11/27/10","3","SAINE","BRANDON","3","8","0","8","0","","","","","","","3","8","4","11","0","","","","","","","","","","","","","","","","","","","","","","","","","","","0"
"518","Ohio St.","01/04/11","3","SAINE","BRANDON","4","25","0","25","0","","","","","","","4","25","1","0","0","","","","","","","","","","","","","","","","","","","","","","","","","","","0"
"518","Ohio St.","09/02/10","12","SANZENBACHER","DANE","","","","","","","","","","","","0","0","3","113","1","","","","","","","","","","","","","","","1","","","","","","","","","","","","6"
"518","Ohio St.","09/11/10","12","SANZENBACHER","DANE","","","","","","","","","","","","0","0","3","37","0","","","","","","","","","","","","","","","","","","","","","","","","","","","0"
"518","Ohio St.","09/18/10","12","SANZENBACHER","DANE","","","","","","","","","","","","0","0","5","58","0","","","","","","","","","","","","","","","","","","","","","","","","","","","0"
"518","Ohio St.","09/25/10","12","SANZENBACHER","DANE","1","8","0","8","0","","","","","","","1","8","9","108","4","","","","","","","","","","","","","","","4","","","","","","","","","","","","24"
"518","Ohio St.","10/02/10","12","SANZENBACHER","DANE","","","","","","","","","","","","0","0","3","35","1","","","","","","","","","","","","","","","1","","","","","","","","","","","","6"
"518","Ohio St.","10/09/10","12","SANZENBACHER","DANE","","","","","","","","","","","","0","0","4","60","1","","","","","","","","","","","","","","","1","","","","","","","","","","","","6"
"518","Ohio St.","10/16/10","12","SANZENBACHER","DANE","1","1","0","1","0","","","","","","","1","1","6","94","0","","","","","","","","","","","","","","","","","","","","","","","","","","","0"
"518","Ohio St.","10/23/10","12","SANZENBACHER","DANE","","","","","","","","","","","","0","0","4","86","1","","","","","","","","","","","","","","","1","","","","","","","","","","","","6"
"518","Ohio St.","10/30/10","12","SANZENBACHER","DANE","2","12","7","5","0","","","","","","","2","5","5","67","0","","","","","","","","","","","","","","","","","","","","","","","","","","","0"
"518","Ohio St.","11/13/10","12","SANZENBACHER","DANE","","","","","","","","","","","","0","0","1","58","1","","","","","","","","","","","","","","","1","","","","","","","","","","","","6"
"518","Ohio St.","11/20/10","12","SANZENBACHER","DANE","","","","","","","","","","","","0","0","6","102","0","","","","","","","","","","","","","","","","","","","","","","","","","","","0"
"518","Ohio St.","11/27/10","12","SANZENBACHER","DANE","","","","","","","","","","","","0","0","3","71","1","","","","","","","","","","","","","","","1","","","","","","","","","","","","6"
"518","Ohio St.","01/04/11","12","SANZENBACHER","DANE","0","0","0","0","1","","","","","","","0","0","3","59","1","","","","","","","","","","","","","","","2","","","","","","","","","","","","12"
"518","Ohio St.","09/02/10","1D","SCHWARTZ","GRANT","","","","","","","","","","","","0","0","3","20","0","","","","","","","","","","","","","","","","","","","","","","","","","","","0"
"518","Ohio St.","09/25/10","1D","SCHWARTZ","GRANT","","","","","","","","","","","","0","0","1","6","0","","","","","","","","","","","","","","","","","","","","","","","","","","","0"
"518","Ohio St.","10/30/10","1D","SCHWARTZ","GRANT","","","","","","","","","","","","0","0","1","13","0","","","","","","","","","","","","","","","","","","","","","","","","","","","0"
"518","Ohio St.","10/30/10","54","SIMON","JOHN","","","","","","","","","","","","0","0","","","","","","","1","30","1","","","","","","","","","1","","","","","","","","","","","","6"
"518","Ohio St.","09/25/10","48","SMITH","SPENCER","","","","","","","","","","","","0","0","1","8","0","","","","","","","","","","","","","","","","","","","","","","","","","","","0"
"518","Ohio St.","10/23/10","48","SMITH","SPENCER","","","","","","","","","","","","0","0","1","23","1","","","","","","","","","","","","","","","1","","","","","","","","","","","","6"
"518","Ohio St.","09/02/10","11","STONEBURNER","JAKE","","","","","","","","","","","","0","0","3","41","0","","","","","","","","","","","","","","","","","","","","","","","","","","","0"
"518","Ohio St.","09/11/10","11","STONEBURNER","JAKE","","","","","","","","","","","","0","0","1","8","0","","","","","","","","","","","","","","","","","","","","","","","","","","","0"
"518","Ohio St.","09/18/10","11","STONEBURNER","JAKE","","","","","","","","","","","","0","0","5","61","1","","","","","","","","","","","","","","","1","","","","","","","","","","","","6"
"518","Ohio St.","10/23/10","11","STONEBURNER","JAKE","","","","","","","","","","","","0","0","1","8","0","","","","","","","","","","","","","","","","","","","","","","","","","","","0"
"518","Ohio St.","10/30/10","11","STONEBURNER","JAKE","","","","","","","","","","","","0","0","1","3","0","","","","","","","","","","","","","","","","","","","","","","","","","","","0"
"518","Ohio St.","11/13/10","11","STONEBURNER","JAKE","","","","","","","","","","","","0","0","1","3","1","","","","","","","","","","","","","","","1","","","","","","","","","","","","6"
"518","Ohio St.","11/20/10","11","STONEBURNER","JAKE","","","","","","","","","","","","0","0","3","26","0","","","","","","","","","","","","","","","","","","","","","","","","","","","0"
"518","Ohio St.","11/27/10","11","STONEBURNER","JAKE","","","","","","","","","","","","0","0","3","33","0","","","","","","","","","","","","","","","","","","","","","","","","","","","0"
"518","Ohio St.","01/04/11","11","STONEBURNER","JAKE","","","","","","","","","","","","0","0","3","39","0","","","","","","","","","","","","","","","","","","","","","","","","","","","0"
"518","Ohio St.","10/16/10","42","SWEAT","ANDREW","","","","","","","","","","","","0","0","","","","1","18","0","","","","","","","","","","","","","","","","","","","","","","","","0"
"518","Ohio St.","01/04/11","98","THOMAS","SOLOMON","","","","","","","","","","","","0","0","","","","1","0","0","","","","","","","","","","","","","","","","","","","","","","","","0"
"518","Ohio St.","10/09/10","0A","TORRENCE","DEVON","","","","","","","","","","","","0","0","","","","1","25","0","","","","","","","","","","","","","","","","","","","","","","","","0"
"518","Ohio St.","11/13/10","0A","TORRENCE","DEVON","","","","","","","","","","","","0","0","","","","1","34","1","","","","","","","","","","","","1","","","","","","","","","","","","6"
"518","Ohio St.","09/18/10","0E","WASHINGTON","TAURIAN","","","","","","","","","","","","0","0","2","15","0","","","","","","","","","","","","","","","","","","","","","","","","","","","0"
"518","Ohio St.","10/09/10","0E","WASHINGTON","TAURIAN","","","","","","","","","","","","0","0","2","33","0","","","","","","","","","","","","","","","","","","","","","","","","","","","0"
"518","Ohio St.","11/27/10","0E","WASHINGTON","TAURIAN","","","","","","","","","","","","0","0","1","13","0","","","","","","","","","","","","","","","","","","","","","","","","","","","0"
"518","Ohio St.","09/11/10","43","WILLIAMS","NATHAN","","","","","","","","","","","","0","0","","","","1","22","0","","","","","","","","","","","","","","","","","","","","","","","","0"
"522","Oklahoma","09/11/10","15","ALLEN","DREW","","","","","","2","2","0","14","0","","2","14","","","","","","","","","","","","","","","","","","","","","","","","","","","","","","0"
"522","Oklahoma","10/16/10","15","ALLEN","DREW","3","18","0","18","1","4","2","0","13","0","","7","31","","","","","","","","","","","","","","","","","","1","","","","","","","","","","","","6"
"522","Oklahoma","10/30/10","15","ALLEN","DREW","1","0","6","-6","0","3","2","0","35","0","","4","29","","","","","","","","","","","","","","","","","","","","","","","","","","","","","","0"
"522","Oklahoma","11/13/10","15","ALLEN","DREW","1","5","0","5","0","2","1","0","-1","0","","3","4","","","","","","","","","","","","","","","","","","","","","","","","","","","","","","0"
"522","Oklahoma","11/20/10","15","ALLEN","DREW","","","","","","3","2","0","28","0","","3","28","","","","","","","","","","","","","","","","","","","","","","","","","","","","","","0"
"522","Oklahoma","11/27/10","1A","BOX","AUSTIN","","","","","","","","","","","","0","0","","","","1","0","0","","","","","","","","","","","","","","","","","","","","","","","","0"
"522","Oklahoma","09/04/10","85","BROYLES","RYAN","","","","","","","","","","","","0","0","9","142","2","","","","","","","","","","","","","","","2","","","","","","","","","","","","12"
"522","Oklahoma","09/11/10","85","BROYLES","RYAN","","","","","","","","","","","","0","0","12","124","1","","","","","","","","","3","27","0","","","","1","","","","","","","","","","","","6"
"522","Oklahoma","09/18/10","85","BROYLES","RYAN","","","","","","","","","","","","0","0","10","116","0","","","","","","","","","1","7","0","","","","","","","","","","","","","","","","0"
"522","Oklahoma","09/25/10","85","BROYLES","RYAN","","","","","","","","","","","","0","0","10","100","1","","","","","","","","","4","16","0","","","","1","","","","","","","","","","","","6"
"522","Oklahoma","10/02/10","85","BROYLES","RYAN","","","","","","","","","","","","0","0","5","36","0","","","","","","","","","2","20","0","","","","","","","","","","","","","","","","0"
"522","Oklahoma","10/16/10","85","BROYLES","RYAN","","","","","","","","","","","","0","0","15","182","1","","","","","","","","","2","15","0","","","","1","","","","","","","","","","","","6"
"522","Oklahoma","10/23/10","85","BROYLES","RYAN","","","","","","","","","","","","0","0","8","110","0","","","","","","","","","","","","","","","","","","","","","","","","","","","0"
"522","Oklahoma","10/30/10","85","BROYLES","RYAN","","","","","","","","","","","","0","0","9","208","3","","","","","","","","","2","3","0","1","16","0","3","","","","","","","","","","","","18"
"522","Oklahoma","11/06/10","85","BROYLES","RYAN","","","","","","","","","","","","0","0","8","59","0","","","","","","","","","3","31","0","","","","","","","","","","","","","","","","0"
"522","Oklahoma","11/13/10","85","BROYLES","RYAN","","","","","","","","","","","","0","0","8","119","3","","","","","","","","","3","11","0","","","","3","","","","","","","","","","","","18"
"522","Oklahoma","11/20/10","85","BROYLES","RYAN","","","","","","","","","","","","0","0","12","113","1","","","","","","","","","","","","1","16","0","1","","","","","","","","","","","","6"
"522","Oklahoma","11/27/10","85","BROYLES","RYAN","","","","","","","","","","","","0","0","9","82","1","","","","","","","","","4","24","0","","","","1","","","","","","","","","","","","6"
"522","Oklahoma","12/04/10","85","BROYLES","RYAN","","","","","","","","","","","","0","0","3","61","0","","","","","","","","","5","22","0","","","","","","","","","","","","","","","","0"
"522","Oklahoma","01/01/11","85","BROYLES","RYAN","","","","","","","","","","","","0","0","13","170","1","","","","","","","","","5","92","0","","","","1","","","","","","","","","","","","6"
"522","Oklahoma","10/16/10","8","CALEB","BRANDON","","","","","","","","","","","","0","0","1","6","0","","","","","","","","","","","","","","","","","","","","","","","","","","","0"
"522","Oklahoma","10/23/10","8","CALEB","BRANDON","","","","","","","","","","","","0","0","1","7","0","","","","","","","","","","","","","","","","","","","","","","","","","","","0"
"522","Oklahoma","10/30/10","8","CALEB","BRANDON","","","","","","","","","","","","0","0","1","11","0","","","","","","","","","","","","","","","","","","","","","","","","","","","0"
"522","Oklahoma","11/20/10","8","CALEB","BRANDON","","","","","","","","","","","","0","0","1","8","0","","","","","","","","","","","","","","","","","","","","","","","","","","","0"
"522","Oklahoma","09/04/10","23","CALHOUN","JERMIE","1","5","0","5","0","","","","","","","1","5","1","2","0","","","","","","","","","","","","","","","","","","","","","","","","","","","0"
"522","Oklahoma","09/11/10","23","CALHOUN","JERMIE","8","19","2","17","0","","","","","","","8","17","1","12","0","","","","","","","","","","","","","","","","","","","","","","","","","","","0"
"522","Oklahoma","10/30/10","23","CALHOUN","JERMIE","2","0","0","0","0","","","","","","","2","0","","","","","","","","","","","","","","","","","","","","","","","","","","","","","","0"
"522","Oklahoma","09/04/10","20","CARTER","QUINTON","","","","","","","","","","","","0","0","","","","1","0","0","","","","","","","","","","","","","","","","","","","","","","","","0"
"522","Oklahoma","10/02/10","20","CARTER","QUINTON","","","","","","","","","","","","0","0","","","","1","34","0","","","","","","","","","","","","","","","","","","","","","","","","0"
"522","Oklahoma","11/27/10","20","CARTER","QUINTON","","","","","","","","","","","","0","0","","","","2","4","0","","","","","","","","","","","","","","","","","","","","","","","","0"
"522","Oklahoma","09/04/10","2A","CLAY","BRENNAN","1","1","0","1","0","","","","","","","1","1","","","","","","","","","","","","","","","1","22","0","","","","","","","","","","","","","0"
"522","Oklahoma","09/11/10","2A","CLAY","BRENNAN","","","","","","","","","","","","0","0","2","14","0","","","","","","","","","","","","","","","","","","","","","","","","","","","0"
"522","Oklahoma","10/16/10","2A","CLAY","BRENNAN","9","50","1","49","0","","","","","","","9","49","","","","","","","","","","","","","","","","","","","","","","","","","","","","","","0"
"522","Oklahoma","10/30/10","2A","CLAY","BRENNAN","12","38","0","38","0","","","","","","","12","38","","","","","","","","","","","","","","","","","","","","","","","","","","","","","","0"
"522","Oklahoma","11/13/10","2A","CLAY","BRENNAN","5","17","1","16","0","","","","","","","5","16","1","-1","0","","","","","","","","","","","","","","","","","","","","","","","","","","","0"
"522","Oklahoma","11/20/10","2A","CLAY","BRENNAN","9","24","1","23","0","","","","","","","9","23","","","","","","","","","","","","","","","3","62","0","","","","","","","","","","","","","0"
"522","Oklahoma","11/27/10","2A","CLAY","BRENNAN","","","","","","","","","","","","0","0","","","","","","","","","","","","","","","1","18","0","","","","","","","","","","","","","0"
"522","Oklahoma","01/01/11","2A","CLAY","BRENNAN","","","","","","","","","","","","0","0","","","","","","","","","","","","","","","1","17","0","","","","","","","","","","","","","0"
"522","Oklahoma","10/16/10","22","FINCH","ROY","16","93","1","92","0","","","","","","","16","92","","","","","","","","","","","","","","","","","","","","","","","","","","","","","","0"
"522","Oklahoma","10/23/10","22","FINCH","ROY","9","61","2","59","0","","","","","","","9","59","2","9","0","","","","","","","","","","","","","","","","","","","","","","","","","","","0"
"522","Oklahoma","10/30/10","22","FINCH","ROY","10","59","0","59","0","","","","","","","10","59","4","30","0","","","","","","","","","","","","","","","","","","","","","","","","","","","0"
"522","Oklahoma","11/06/10","22","FINCH","ROY","4","9","0","9","0","","","","","","","4","9","1","-3","0","","","","","","","","","","","","","","","","","","","","","","","","","","","0"
"522","Oklahoma","11/13/10","22","FINCH","ROY","12","74","7","67","1","","","","","","","12","67","1","3","0","","","","","","","","","","","","1","18","0","1","","","","","","","","","","","","6"
"522","Oklahoma","11/20/10","22","FINCH","ROY","10","34","1","33","1","","","","","","","10","33","1","0","0","","","","","","","","","","","","","","","1","","","","","","","","","","","","6"
"522","Oklahoma","11/27/10","22","FINCH","ROY","16","45","3","42","0","","","","","","","16","42","","","","","","","","","","","","","","","","","","","","","","","","","","","","","","0"
"522","Oklahoma","12/04/10","22","FINCH","ROY","8","37","0","37","0","","","","","","","8","37","1","10","0","","","","","","","","","","","","","","","","","","","","","","","","","","","0"
"522","Oklahoma","09/04/10","32","FLEMING","JAMELL","","","","","","","","","","","","0","0","","","","1","0","0","","","","","","","","","","","","","","","","","","","","","","","","0"
"522","Oklahoma","11/06/10","32","FLEMING","JAMELL","","","","","","","","","","","","0","0","","","","2","5","0","","","","","","","","","","","","","","","","","","","","","","","","0"
"522","Oklahoma","01/01/11","32","FLEMING","JAMELL","","","","","","","","","","","","0","0","","","","1","55","1","","","","","","","","","","","","1","","","","","","","","","","","","6"
"522","Oklahoma","09/04/10","2","FRANKS","TREY","","","","","","","","","","","","0","0","","","","","","","","","","","","","","","1","17","0","","","","","","","","","","","","","0"
"522","Oklahoma","09/11/10","2","FRANKS","TREY","","","","","","","","","","","","0","0","1","2","0","","","","","","","","","","","","","","","","","","","","","","","","","","","0"
"522","Oklahoma","09/25/10","2","FRANKS","TREY","2","12","0","12","0","","","","","","","2","12","2","24","0","","","","","","","","","","","","","","","","","","","","","","","","","","","0"
"522","Oklahoma","10/16/10","2","FRANKS","TREY","","","","","","","","","","","","0","0","4","28","0","","","","","","","","","","","","","","","","","","","","","","","","","","","0"
"522","Oklahoma","10/23/10","2","FRANKS","TREY","","","","","","","","","","","","0","0","1","13","0","","","","","","","","","","","","","","","","","","","","","","","","","","","0"
"522","Oklahoma","10/30/10","2","FRANKS","TREY","","","","","","","","","","","","0","0","4","55","0","","","","","","","","","","","","","","","","","","","","","","","","","","","0"
"522","Oklahoma","11/06/10","2","FRANKS","TREY","","","","","","","","","","","","0","0","8","66","1","","","","","","","","","","","","1","16","0","1","","","","","","","","","","","","6"
"522","Oklahoma","11/13/10","2","FRANKS","TREY","","","","","","","","","","","","0","0","1","11","0","","","","","","","","","","","","","","","","","","","","","","","","","","","0"
"522","Oklahoma","11/20/10","2","FRANKS","TREY","","","","","","","","","","","","0","0","4","38","0","","","","","","","","","","","","","","","","","","","","","","","","","","","0"
"522","Oklahoma","11/27/10","2","FRANKS","TREY","","","","","","","","","","","","0","0","1","1","0","","","","","","","","","","","","1","44","0","","","","","","","","","","","","","0"
"522","Oklahoma","12/04/10","2","FRANKS","TREY","1","3","0","3","0","","","","","","","1","3","","","","","","","","","","","","","","","","","","","","","","","","","","","","","","0"
"522","Oklahoma","01/01/11","2","FRANKS","TREY","1","4","0","4","0","","","","","","","1","4","3","25","0","","","","","","","","","","","","2","39","0","","","","","","","","","","","","","0"
"522","Oklahoma","09/11/10","82","HANNA","JAMES","","","","","","","","","","","","0","0","1","46","1","","","","","","","","","","","","","","","1","","","","","","","","","","","","6"
"522","Oklahoma","09/18/10","82","HANNA","JAMES","","","","","","","","","","","","0","0","1","7","0","","","","","","","","","","","","","","","","","","","","","","","","","","","0"
"522","Oklahoma","10/02/10","82","HANNA","JAMES","","","","","","","","","","","","0","0","2","12","1","","","","","","","","","","","","","","","1","","","","","","","","","","","","6"
"522","Oklahoma","10/16/10","82","HANNA","JAMES","","","","","","","","","","","","0","0","1","3","1","","","","","","","","","","","","","","","1","","","","","","","","","","","","6"
"522","Oklahoma","10/23/10","82","HANNA","JAMES","","","","","","","","","","","","0","0","1","3","1","","","","","","","","","","","","","","","1","","","","","","","","","","","","6"
"522","Oklahoma","10/30/10","82","HANNA","JAMES","","","","","","","","","","","","0","0","1","7","1","","","","","","","","","","","","","","","1","","","","","","","","","","","","6"
"522","Oklahoma","11/06/10","82","HANNA","JAMES","","","","","","","","","","","","0","0","1","15","0","","","","","","","","","","","","1","4","0","","","","","","","","","","","","","0"
"522","Oklahoma","11/13/10","82","HANNA","JAMES","","","","","","","","","","","","0","0","2","28","0","","","","","","","","","","","","","","","","","","","","","","","","","","","0"
"522","Oklahoma","11/27/10","82","HANNA","JAMES","","","","","","","","","","","","0","0","4","130","1","","","","","","","","","","","","1","5","0","1","","","","","","","","","","","","6"
"522","Oklahoma","12/04/10","82","HANNA","JAMES","","","","","","","","","","","","0","0","3","33","0","","","","","","","","","","","","","","","","","","","","","","","","","","","0"
"522","Oklahoma","01/01/11","82","HANNA","JAMES","","","","","","","","","","","","0","0","1","8","1","","","","","","","","","","","","","","","1","","","","","","","","","","","","6"
"522","Oklahoma","10/30/10","30","HARRIS","JAVON","","","","","","","","","","","","0","0","","","","","","","","","","","","1","11","0","","","","","","","","","","","","","","","","0"
"522","Oklahoma","09/04/10","19","HURST","DEMONTRE","","","","","","","","","","","","0","0","","","","1","49","0","","","","","","","","","","","","","","","","","","","","","","","","0"
"522","Oklahoma","10/23/10","1","JEFFERSON","TONY","","","","","","","","","","","","0","0","","","","","","","1","6","0","","","","","","","","","","","","","","","","","","","","","0"
"522","Oklahoma","11/20/10","1","JEFFERSON","TONY","","","","","","","","","","","","0","0","","","","1","0","0","","","","","","","","","","","","","","","","","","","","","","","","0"
"522","Oklahoma","01/01/11","1","JEFFERSON","TONY","","","","","","","","","","","","0","0","","","","1","22","1","","","","","","","","","","","","1","","","","","","","","","","","","6"
"522","Oklahoma","09/04/10","12","JONES","LANDRY","3","0","31","-31","0","36","17","2","217","2","","39","186","","","","","","","","","","","","","","","","","","","","","","","","","","","","","","0"
"522","Oklahoma","09/11/10","12","JONES","LANDRY","4","11","12","-1","0","40","30","0","380","4","","44","379","","","","","","","","","","","","","","","","","","","","","","","","","","","","","","0"
"522","Oklahoma","09/18/10","12","JONES","LANDRY","4","22","27","-5","0","42","26","0","254","1","","46","249","","","","","","","","","","","","","","","","","","","","","","","","","","","","","","0"
"522","Oklahoma","09/25/10","12","JONES","LANDRY","3","1","21","-20","0","51","36","1","370","2","","54","350","","","","","","","","","","","","","","","","","","","","","","","","","","","","","","0"
"522","Oklahoma","10/02/10","12","JONES","LANDRY","4","2","34","-32","0","39","24","0","236","2","","43","204","","","","","","","","","","","","","","","","","","","","","","","","","","","","","","0"
"522","Oklahoma","10/16/10","12","JONES","LANDRY","2","5","0","5","0","34","30","0","334","3","","36","339","","","","","","","","","","","","","","","","","","","","","","","","","","","","","","0"
"522","Oklahoma","10/23/10","12","JONES","LANDRY","2","-9","3","-12","0","50","32","2","303","3","0","52","291","","","","","","","","","","","","","","","","","","","","","1","0","","","","","","","","0"
"522","Oklahoma","10/30/10","12","JONES","LANDRY","2","6","2","4","0","46","32","0","453","4","","48","457","","","","","","","","","","","","","","","","","","","","","","","","","","","","","","0"
"522","Oklahoma","11/06/10","12","JONES","LANDRY","11","19","29","-10","0","59","36","1","290","1","","70","280","","","","","","","","","","","","","","","","","","","","","","","","","","","","","","0"
"522","Oklahoma","11/13/10","12","JONES","LANDRY","4","10","5","5","0","29","22","0","317","5","","33","322","","","","","","","","","","","","","","","","","","","","","","","","","","","","","","0"
"522","Oklahoma","11/20/10","12","JONES","LANDRY","3","2","9","-7","0","39","26","1","325","3","","42","318","","","","","","","","","","","","","","","","","","","","","","","","","","","","","","0"
"522","Oklahoma","11/27/10","12","JONES","LANDRY","2","0","18","-18","0","62","37","3","468","4","","64","450","","","","","","","","","","","","","","","","","","","","","","","","","","","","","","0"
"522","Oklahoma","12/04/10","12","JONES","LANDRY","6","19","22","-3","1","41","23","1","342","1","","47","339","","","","","","","","","","","","","","","","","","1","","","","","","","","","","","","6"
"522","Oklahoma","01/01/11","12","JONES","LANDRY","1","0","3","-3","0","49","34","1","429","3","","50","426","","","","","","","","","","","","","","","","","","","","","","","","","","","","","","0"
"522","Oklahoma","09/04/10","6","KENNEY","CAMERON","","","","","","","","","","","","0","0","2","20","0","","","","","","","","","","","","1","31","0","","","","","","","","","","","","","0"
"522","Oklahoma","09/11/10","6","KENNEY","CAMERON","","","","","","","","","","","","0","0","4","73","1","","","","","","","","","","","","","","","1","","","","","","","","","","","","6"
"522","Oklahoma","09/18/10","6","KENNEY","CAMERON","","","","","","","","","","","","0","0","1","23","0","","","","","","","","","","","","1","-1","0","","","","","","","","","","","","","0"
"522","Oklahoma","09/25/10","6","KENNEY","CAMERON","","","","","","","","","","","","0","0","2","9","0","","","","","","","","","","","","1","34","0","","","","","","","","","","","","","0"
"522","Oklahoma","10/02/10","6","KENNEY","CAMERON","","","","","","","","","","","","0","0","","","","","","","","","","","","1","25","0","","","","","","","","","","","","","","","","0"
"522","Oklahoma","10/23/10","6","KENNEY","CAMERON","","","","","","","","","","","","0","0","2","21","0","","","","","","","","","","","","","","","","","","","","","","","","","","","0"
"522","Oklahoma","10/30/10","6","KENNEY","CAMERON","","","","","","","","","","","","0","0","1","7","0","","","","","","","","","","","","","","","","","","","","","","","","","","","0"
"522","Oklahoma","11/13/10","6","KENNEY","CAMERON","","","","","","","","","","","","0","0","2","31","0","","","","","","","","","","","","","","","","","","","","","","","","","","","0"
"522","Oklahoma","11/27/10","6","KENNEY","CAMERON","","","","","","","","","","","","0","0","6","141","2","","","","","","","","","","","","","","","2","","","","","","","","","","","","12"
"522","Oklahoma","12/04/10","6","KENNEY","CAMERON","","","","","","","","","","","","0","0","6","65","0","","","","","","","","","","","","","","","","","","","","","","","","","","","0"
"522","Oklahoma","01/01/11","6","KENNEY","CAMERON","","","","","","","","","","","","0","0","7","154","1","","","","","","","","","","","","","","","1","","","","","","","","","","","","6"
"522","Oklahoma","11/20/10","56","LEWIS","RONNELL","","","","","","","","","","","","0","0","","","","1","12","1","","","","","","","","","","","","1","","","","","","","","","","","","6"
"522","Oklahoma","09/11/10","28","LEWIS","TRAVIS","","","","","","","","","","","","0","0","","","","1","14","0","","","","","","","","","","","","","","","","","","","","","","","","0"
"522","Oklahoma","11/13/10","28","LEWIS","TRAVIS","","","","","","","","","","","","0","0","","","","1","29","0","","","","","","","","","","","","","","","","","","","","","","","","0"
"522","Oklahoma","12/04/10","28","LEWIS","TRAVIS","","","","","","","","","","","","0","0","","","","1","0","0","","","","","","","","","","","","","","","","","","","","","","","","0"
"522","Oklahoma","09/11/10","17","MADU","MOSSIS","11","40","2","38","0","","","","","","","11","38","1","6","0","","","","","","","","","","","","","","","","","","","","","","","","","","","0"
"522","Oklahoma","09/18/10","17","MADU","MOSSIS","3","10","1","9","0","","","","","","","3","9","3","11","0","","","","","","","","","","","","1","39","0","","","","","","","","","","","","","0"
"522","Oklahoma","09/25/10","17","MADU","MOSSIS","8","32","4","28","1","","","","","","","8","28","3","17","0","","","","","","","","","","","","1","18","0","1","","","","","","","","","","","","6"
"522","Oklahoma","10/02/10","17","MADU","MOSSIS","15","47","4","43","0","","","","","","","15","43","1","9","0","","","","","","","","","","","","2","51","0","","","","","","","","","","","","","0"
"522","Oklahoma","10/16/10","17","MADU","MOSSIS","4","46","0","46","0","","","","","","","4","46","","","","","","","","","","","","","","","","","","","","","","","","","","","","","","0"
"522","Oklahoma","10/23/10","17","MADU","MOSSIS","","","","","","","","","","","","0","0","1","0","0","","","","","","","","","","","","3","117","0","","","","","","","","","","","","","0"
"522","Oklahoma","11/13/10","17","MADU","MOSSIS","9","72","0","72","0","","","","","","","9","72","","","","","","","","","","","","","","","","","","","","","","","","","","","","","","0"
"522","Oklahoma","11/20/10","17","MADU","MOSSIS","2","0","2","-2","0","","","","","","","2","-2","","","","","","","","","","","","","","","1","16","0","","","","","","","","","","","","","0"
"522","Oklahoma","11/27/10","17","MADU","MOSSIS","3","7","2","5","0","","","","","","","3","5","1","8","0","","","","","","","","","","","","1","26","0","","","","","","","","","","","","","0"
"522","Oklahoma","12/04/10","17","MADU","MOSSIS","3","12","0","12","0","","","","","","","3","12","1","15","0","","","","","","","","","","","","1","25","0","","","","","","","","","","","","","0"
"522","Oklahoma","01/01/11","17","MADU","MOSSIS","1","3","0","3","0","","","","","","","1","3","","","","","","","","","","","","","","","1","17","0","","","","","","","","","","","","","0"
"522","Oklahoma","09/04/10","33","MILLARD","TREY","3","16","0","16","0","","","","","","","3","16","","","","","","","","","","","","","","","","","","","","","","","","","","","","","","0"
"522","Oklahoma","09/11/10","33","MILLARD","TREY","1","1","0","1","0","","","","","","","1","1","1","4","0","","","","","","","","","","","","","","","","","","","","","","","","","","","0"
"522","Oklahoma","09/25/10","33","MILLARD","TREY","","","","","","","","","","","","0","0","3","30","1","","","","","","","","","","","","","","","1","","","","","","","","","","","","6"
"522","Oklahoma","10/02/10","33","MILLARD","TREY","5","16","0","16","0","","","","","","","5","16","2","9","0","","","","","","","","","","","","1","3","0","","","","","","","","","","","","","0"
"522","Oklahoma","10/16/10","33","MILLARD","TREY","2","3","0","3","1","","","","","","","2","3","1","8","0","","","","","","","","","","","","","","","1","","","","","","","","","","","","6"
"522","Oklahoma","10/23/10","33","MILLARD","TREY","2","3","0","3","1","","","","","","","2","3","2","37","0","","","","","","","","","","","","1","16","0","1","","","","","","","","","","","","6"
"522","Oklahoma","10/30/10","33","MILLARD","TREY","4","18","0","18","0","","","","","","","4","18","","","","","","","","","","","","","","","","","","","","","","","","","","","","","","0"
"522","Oklahoma","11/06/10","33","MILLARD","TREY","3","3","0","3","0","","","","","","","3","3","2","9","0","","","","","","","","","","","","","","","","","","","","","","","","","","","0"
"522","Oklahoma","11/13/10","33","MILLARD","TREY","1","1","0","1","0","","","","","","","1","1","2","23","0","","","","","","","","","","","","","","","","","","","","","","","","","","","0"
"522","Oklahoma","11/27/10","33","MILLARD","TREY","3","13","0","13","1","","","","","","","3","13","3","15","0","","","","","","","","","","","","","","","1","","","","","","","","","","","","6"
"522","Oklahoma","09/04/10","24","MILLER","DEJUAN","","","","","","","","","","","","0","0","2","19","0","","","","","","","","","","","","","","","","","","","","","","","","","","","0"
"522","Oklahoma","09/11/10","24","MILLER","DEJUAN","","","","","","","","","","","","0","0","2","37","0","","","","","","","","","","","","","","","","","","","","","","","","","","","0"
"522","Oklahoma","09/18/10","24","MILLER","DEJUAN","","","","","","","","","","","","0","0","1","6","0","","","","","","","","","","","","","","","","","","","","","","","","","","","0"
"522","Oklahoma","09/25/10","24","MILLER","DEJUAN","","","","","","","","","","","","0","0","3","66","0","","","","","","","","","","","","","","","","","","","","","","","","","","","0"
"522","Oklahoma","10/02/10","24","MILLER","DEJUAN","","","","","","","","","","","","0","0","5","61","0","","","","","","","","","","","","","","","","","","","","","","","","","","","0"
"522","Oklahoma","10/16/10","24","MILLER","DEJUAN","","","","","","","","","","","","0","0","2","10","0","","","","","","","","","","","","","","","","","","","","","","","","","","","0"
"522","Oklahoma","09/04/10","7","MURRAY","DEMARCO","35","215","7","208","2","","","","","","","35","208","","","","","","","","","","","","","","","2","38","0","2","","","","","","","","","","","","12"
"522","Oklahoma","09/11/10","7","MURRAY","DEMARCO","16","52","1","51","2","","","","","","","16","51","4","52","0","","","","","","","","","","","","","","","2","","","","","","","","","","","","12"
"522","Oklahoma","09/18/10","7","MURRAY","DEMARCO","26","113","3","110","2","","","","","","","26","110","5","38","1","","","","","","","","","","","","1","39","0","3","","","","","","","","","","","","18"
"522","Oklahoma","09/25/10","7","MURRAY","DEMARCO","28","73","6","67","1","","","","","","","28","67","7","21","0","","","","","","","","","","","","1","33","0","1","","","","","","","","","","","","6"
"522","Oklahoma","10/02/10","7","MURRAY","DEMARCO","25","120","5","115","2","","","","","","","25","115","4","31","0","","","","","","","","","","","","1","14","0","2","","","","","","","","","","","","12"
"522","Oklahoma","10/16/10","7","MURRAY","DEMARCO","20","112","0","112","2","","","","","","","20","112","2","28","1","","","","","","","","","","","","","","","3","","","","","","","","","","","","18"
"522","Oklahoma","10/23/10","7","MURRAY","DEMARCO","12","49","0","49","0","","","","","","","12","49","8","48","1","","","","","","","","","","","","","","","1","","","","","","","","","","","","6"
"522","Oklahoma","10/30/10","7","MURRAY","DEMARCO","11","43","3","40","1","","","","","","","11","40","10","73","0","","","","","","","","","","","","1","21","0","1","","","","","","","","","","","","6"
"522","Oklahoma","11/06/10","7","MURRAY","DEMARCO","25","84","4","80","1","","","","","","","25","80","10","67","0","","","","","","","","","","","","4","104","0","1","","","","","","","","","","","","6"
"522","Oklahoma","11/13/10","7","MURRAY","DEMARCO","9","79","0","79","0","","","","","","","9","79","2","16","1","","","","","","","","","","","","","","","1","","","","","","","","","","","","6"
"522","Oklahoma","11/20/10","7","MURRAY","DEMARCO","13","63","1","62","1","","","","","","","13","62","6","120","1","","","","","","","","","","","","","","","2","","","","","","","","","","","","12"
"522","Oklahoma","11/27/10","7","MURRAY","DEMARCO","20","81","1","80","0","","","","","","","20","80","6","41","0","","","","","","","","","","","","","","","","","","","","","","","","","","","0"
"522","Oklahoma","12/04/10","7","MURRAY","DEMARCO","17","68","0","68","0","","","","","","","17","68","5","60","0","","","","","","","","","","","","","","","","","","","","","","","","","","","0"
"522","Oklahoma","01/01/11","7","MURRAY","DEMARCO","25","101","8","93","1","","","","","","","25","93","2","-1","0","","","","","","","","","","","","","","","1","","","","","","","","","","","","6"
"522","Oklahoma","10/30/10","3A","MUSIL","MARSHALL","1","0","0","0","0","","","","","","","1","0","","","","","","","","","","","","","","","","","","","","","","","","","","","","","","0"
"522","Oklahoma","11/13/10","3A","MUSIL","MARSHALL","2","11","0","11","0","","","","","","","2","11","","","","","","","","","","","","","","","","","","","","","","","","","","","","","","0"
"522","Oklahoma","11/06/10","25","NELSON","COREY","","","","","","","","","","","","0","0","","","","","","","","","","","","1","3","0","","","","","","","","","","","","","","","","0"
"522","Oklahoma","09/25/10","3","NELSON","JONATHAN","","","","","","","","","","","","0","0","","","","1","0","0","","","","","","","","","","","","","","","","","","","","","","","","0"
"522","Oklahoma","11/13/10","3","NELSON","JONATHAN","","","","","","","","","","","","0","0","","","","1","0","0","","","","","","","","","","","","","","","","","","","","","","","","0"
"522","Oklahoma","11/06/10","5B","NIMMO","JOHN","","","","","","1","0","0","0","0","","1","0","","","","","","","","","","","","","","","","","","","","","","","","","","","","","","0"
"522","Oklahoma","01/01/11","5B","NIMMO","JOHN","","","","","","1","0","0","0","0","","1","0","","","","","","","","","","","","","","","","","","","","","","","","","","","","","","0"
"522","Oklahoma","09/04/10","43","O'HARA","PATRICK","","","","","","","","","","","","0","0","","","","","","","","","","","","","","","","","","","4","4","0","0","","","","","1","1","","7"
"522","Oklahoma","09/11/10","43","O'HARA","PATRICK","","","","","","","","","","","","0","0","","","","","","","","","","","","","","","","","","","6","5","0","0","","","","","3","2","","11"
"522","Oklahoma","11/06/10","43","O'HARA","PATRICK","","","","","","","","","","","","0","0","","","","","","","","","","","","","","","","","","","","","","","","","","","2","1","","3"
"522","Oklahoma","09/11/10","47","RATTERREE","TRENT","","","","","","","","","","","","0","0","1","7","1","","","","","","","","","","","","","","","1","","","","","","","","","","","","6"
"522","Oklahoma","09/18/10","47","RATTERREE","TRENT","","","","","","","","","","","","0","0","1","6","0","","","","","","","","","","","","","","","","","","","","","","","","","","","0"
"522","Oklahoma","09/25/10","47","RATTERREE","TRENT","","","","","","","","","","","","0","0","2","31","0","","","","","","","","","","","","","","","","","","","","","","","","","","","0"
"522","Oklahoma","10/16/10","47","RATTERREE","TRENT","","","","","","","","","","","","0","0","1","40","0","","","","","","","","","","","","","","","","","","","","","","","","","","","0"
"522","Oklahoma","10/30/10","47","RATTERREE","TRENT","","","","","","","","","","","","0","0","3","89","0","","","","","","","","","","","","","","","","","","","","","","","","","","","0"
"522","Oklahoma","11/27/10","47","RATTERREE","TRENT","","","","","","","","","","","","0","0","1","10","0","","","","","","","","","","","","","","","","","","","","","","","","","","","0"
"522","Oklahoma","12/04/10","47","RATTERREE","TRENT","","","","","","","","","","","","0","0","1","15","0","","","","","","","","","","","","","","","","","","","","","","","","","","","0"
"522","Oklahoma","09/18/10","1B","STEVENS","JIMMY","","","","","","","","","","","","0","0","","","","","","","","","","","","","","","","","","","3","3","0","0","","","","","2","2","","9"
"522","Oklahoma","09/25/10","1B","STEVENS","JIMMY","","","","","","","","","","","","0","0","","","","","","","","","","","","","","","","","","","4","4","0","0","","","","","2","1","","7"
"522","Oklahoma","10/02/10","1B","STEVENS","JIMMY","","","","","","","","","","","","0","0","","","","","","","","","","","","","","","","","","","4","4","0","0","","","","","","","","4"
"522","Oklahoma","10/16/10","1B","STEVENS","JIMMY","","","","","","","","","","","","0","0","","","","","","","","","","","","","","","","","","","7","7","0","0","","","","","1","1","","10"
"522","Oklahoma","10/23/10","1B","STEVENS","JIMMY","","","","","","","","","","","","0","0","","","","","","","","","","","","","","","","","","","3","3","0","0","","","","","1","0","","3"
"522","Oklahoma","10/30/10","1B","STEVENS","JIMMY","","","","","","","","","","","","0","0","","","","","","","","","","","","","","","","","","","5","5","0","0","","","","","2","2","","11"
"522","Oklahoma","11/06/10","1B","STEVENS","JIMMY","","","","","","","","","","","","0","0","","","","","","","","","","","","","","","","","","","2","2","0","0","","","","","","","","2"
"522","Oklahoma","11/13/10","1B","STEVENS","JIMMY","","","","","","","","","","","","0","0","","","","","","","","","","","","","","","","","","","6","6","0","0","","","","","2","1","","9"
"522","Oklahoma","11/20/10","1B","STEVENS","JIMMY","","","","","","","","","","","","0","0","","","","","","","","","","","","","","","","","","","6","6","0","0","","","","","3","3","","15"
"522","Oklahoma","11/27/10","1B","STEVENS","JIMMY","","","","","","","","","","","","0","0","","","","","","","","","","","","","","","","","","","5","5","0","0","","","","","4","4","","17"
"522","Oklahoma","12/04/10","1B","STEVENS","JIMMY","","","","","","","","","","","","0","0","","","","","","","","","","","","","","","","","","","2","2","0","0","","","","","4","3","","11"
"522","Oklahoma","01/01/11","1B","STEVENS","JIMMY","","","","","","","","","","","","0","0","","","","","","","","","","","","","","","","","","","6","6","0","0","","","","","2","2","","12"
"522","Oklahoma","09/04/10","4","STILLS","KENNY","","","","","","","","","","","","0","0","3","34","0","","","","","","","","","","","","","","","","","","","","","","","","","","","0"
"522","Oklahoma","09/11/10","4","STILLS","KENNY","","","","","","","","","","","","0","0","2","17","0","","","","","","","","","","","","","","","","","","","","","","","","","","","0"
"522","Oklahoma","09/18/10","4","STILLS","KENNY","","","","","","","","","","","","0","0","4","47","0","","","","","","","","","","","","","","","","","","","","","","","","","","","0"
"522","Oklahoma","09/25/10","4","STILLS","KENNY","","","","","","","","","","","","0","0","4","72","0","","","","","","","","","","","","","","","","","","","","","","","","","","","0"
"522","Oklahoma","10/02/10","4","STILLS","KENNY","","","","","","","","","","","","0","0","5","78","1","","","","","","","","","","","","","","","1","","","","","","","","","","","","6"
"522","Oklahoma","10/16/10","4","STILLS","KENNY","","","","","","","","","","","","0","0","5","42","0","","","","","","","","","1","16","0","","","","","","","","","","","","","","","","0"
"522","Oklahoma","10/23/10","4","STILLS","KENNY","","","","","","","","","","","","0","0","6","55","1","","","","","","","","","","","","","","","1","","","","","","","","","","","","6"
"522","Oklahoma","10/30/10","4","STILLS","KENNY","","","","","","","","","","","","0","0","1","8","0","","","","","","","","","","","","","","","","","","","","","","","","","","","0"
"522","Oklahoma","11/06/10","4","STILLS","KENNY","","","","","","","","","","","","0","0","6","77","0","","","","","","","","","","","","","","","","","","","","","","","","","","","0"
"522","Oklahoma","11/13/10","4","STILLS","KENNY","","","","","","","","","","","","0","0","4","86","1","","","","","","","","","","","","","","","1","","","","","","","","","","","","6"
"522","Oklahoma","11/20/10","4","STILLS","KENNY","","","","","","","","","","","","0","0","4","74","1","","","","","","","","","","","","","","","1","","","","","","","","","","","","6"
"522","Oklahoma","11/27/10","4","STILLS","KENNY","","","","","","","","","","","","0","0","6","40","0","","","","","","","","","","","","","","","","","","","","","","","","","","","0"
"522","Oklahoma","12/04/10","4","STILLS","KENNY","","","","","","","","","","","","0","0","3","83","1","","","","","","","","","","","","","","","1","","","","","","","","","","","","6"
"522","Oklahoma","01/01/11","4","STILLS","KENNY","","","","","","","","","","","","0","0","8","73","0","","","","","","","","","","","","","","","","","","","","","","","","","","","0"
"522","Oklahoma","09/04/10","36","WAY","TRESS","","","","","","","","","","","","0","0","","","","","","","","","","8","373","","","","","","","","","","","","","","","","","","","0"
"522","Oklahoma","09/11/10","36","WAY","TRESS","","","","","","","","","","","","0","0","","","","","","","","","","3","157","","","","","","","","","","","","","","","","","","","0"
"522","Oklahoma","09/18/10","36","WAY","TRESS","","","","","","","","","","","","0","0","","","","","","","","","","4","200","","","","","","","","","","","","","","","","","","","0"
"522","Oklahoma","09/25/10","36","WAY","TRESS","","","","","","","","","","","","0","0","","","","","","","","","","8","327","","","","","","","","","","","","","","","","","","","0"
"522","Oklahoma","10/02/10","36","WAY","TRESS","","","","","","","","","","","","0","0","","","","","","","","","","7","273","","","","","","","","","","","","","","","","","","","0"
"522","Oklahoma","10/16/10","36","WAY","TRESS","","","","","","","","","","","","0","0","","","","","","","","","","2","77","","","","","","","","","","","","","","","","","","","0"
"522","Oklahoma","10/23/10","36","WAY","TRESS","","","","","","","","","","","","0","0","","","","","","","","","","6","287","","","","","","","","","","","","","","","","","","","0"
"522","Oklahoma","10/30/10","36","WAY","TRESS","","","","","","","","","","","","0","0","","","","","","","","","","5","210","","","","","","","","","","","","","","","","","","","0"
"522","Oklahoma","11/06/10","36","WAY","TRESS","","","","","","","","","","","","0","0","","","","","","","","","","5","173","","","","","","","","","","","","","","","","","","","0"
"522","Oklahoma","11/13/10","36","WAY","TRESS","","","","","","","","","","","","0","0","","","","","","","","","","5","239","","","","","","","","","","","","","","","","","","","0"
"522","Oklahoma","11/20/10","36","WAY","TRESS","","","","","","","","","","","","0","0","","","","","","","","","","4","196","","","","","","","","","","","","","","","","","","","0"
"522","Oklahoma","11/27/10","36","WAY","TRESS","","","","","","","","","","","","0","0","","","","","","","","","","5","222","","","","","","","","","","","","","","","","","","","0"
"522","Oklahoma","12/04/10","36","WAY","TRESS","","","","","","","","","","","","0","0","","","","","","","","","","7","315","","","","","","","","","","","","","","","","","","","0"
"522","Oklahoma","01/01/11","36","WAY","TRESS","","","","","","","","","","","","0","0","","","","","","","","","","4","163","","","","","","","","","","","","","","","","","","","0"
"521","Oklahoma St.","09/04/10","82","ANDERSON","ISAIAH","","","","","","","","","","","","0","0","1","23","0","","","","","","","","","","","","","","","","","","","","","","","","","","","0"
"521","Oklahoma St.","09/18/10","82","ANDERSON","ISAIAH","","","","","","","","","","","","0","0","1","42","0","","","","","","","","","","","","","","","","","","","","","","","","","","","0"
"521","Oklahoma St.","10/08/10","82","ANDERSON","ISAIAH","","","","","","","","","","","","0","0","2","9","0","","","","","","","","","","","","","","","","","","","","","","","","","","","0"
"521","Oklahoma St.","10/30/10","82","ANDERSON","ISAIAH","","","","","","","","","","","","0","0","3","64","0","","","","","","","","","","","","","","","","","","","","","","","","","","","0"
"521","Oklahoma St.","11/06/10","82","ANDERSON","ISAIAH","","","","","","","","","","","","0","0","1","10","0","","","","","","","","","","","","","","","","","","","","","","","","","","","0"
"521","Oklahoma St.","11/13/10","82","ANDERSON","ISAIAH","","","","","","","","","","","","0","0","2","30","0","","","","","","","","","","","","","","","","","","","","","","","","","","","0"
"521","Oklahoma St.","11/20/10","82","ANDERSON","ISAIAH","","","","","","","","","","","","0","0","2","38","0","","","","","","","","","","","","","","","","","","","","","","","","","","","0"
"521","Oklahoma St.","09/11/10","84","ANYIAM","HUBERT","","","","","","","","","","","","0","0","1","3","0","","","","","","","","","","","","","","","","","","","","","","","","","","","0"
"521","Oklahoma St.","09/18/10","84","ANYIAM","HUBERT","","","","","","","","","","","","0","0","3","62","2","","","","","","","","","","","","","","","2","","","","","","","","","","","","12"
"521","Oklahoma St.","09/30/10","84","ANYIAM","HUBERT","","","","","","","","","","","","0","0","1","10","0","","","","","","","","","","","","","","","","","","","","","","","","","","","0"
"521","Oklahoma St.","10/08/10","84","ANYIAM","HUBERT","","","","","","","","","","","","0","0","3","41","1","","","","","","","","","","","","","","","1","","","","","","","","","","","","6"
"521","Oklahoma St.","11/20/10","84","ANYIAM","HUBERT","","","","","","","","","","","","0","0","1","9","0","","","","","","","","","","","","","","","","","","","","","","","","","","","0"
"521","Oklahoma St.","11/27/10","84","ANYIAM","HUBERT","","","","","","","","","","","","0","0","2","10","0","","","","","","","","","","","","","","","","","","","","","","","","","","","0"
"521","Oklahoma St.","09/04/10","9E","BAILEY","DAN","","","","","","","","","","","","0","0","","","","","","","","","","","","","","","","","","","8","8","0","0","","","","","1","1","","11"
"521","Oklahoma St.","09/11/10","9E","BAILEY","DAN","","","","","","","","","","","","0","0","","","","","","","","","","","","","","","","","","","5","5","0","0","","","","","2","2","","11"
"521","Oklahoma St.","09/18/10","9E","BAILEY","DAN","","","","","","","","","","","","0","0","","","","","","","","","","","","","","","","","","","8","8","0","0","","","","","3","3","","17"
"521","Oklahoma St.","09/30/10","9E","BAILEY","DAN","","","","","","","","","","","","0","0","","","","","","","","","","","","","","","","","","","5","5","0","0","","","","","1","1","","8"
"521","Oklahoma St.","10/08/10","9E","BAILEY","DAN","","","","","","","","","","","","0","0","","","","","","","","","","","","","","","","","","","6","6","0","0","","","","","4","4","","18"
"521","Oklahoma St.","10/16/10","9E","BAILEY","DAN","","","","","","","","","","","","0","0","","","","","","","","","","","","","","","","","","","4","4","0","0","","","","","2","2","","10"
"521","Oklahoma St.","10/23/10","9E","BAILEY","DAN","","","","","","","","","","","","0","0","","","","","","","","","","","","","","","","","","","5","5","0","0","","","","","2","2","","11"
"521","Oklahoma St.","10/30/10","9E","BAILEY","DAN","","","","","","","","","","","","0","0","","","","","","","","","","","","","","","","","","","3","3","0","0","","","","","1","1","","6"
"521","Oklahoma St.","11/06/10","9E","BAILEY","DAN","","","","","","","","","","","","0","0","","","","","","","","","","","","","","","","","","","7","7","0","0","","","","","3","2","","13"
"521","Oklahoma St.","11/13/10","9E","BAILEY","DAN","","","","","","","","","","","","0","0","","","","","","","","","","","","","","","","","","","4","3","0","0","","","","","3","2","","9"
"521","Oklahoma St.","11/20/10","9E","BAILEY","DAN","","","","","","","","","","","","0","0","","","","","","","","","","","","","","","","","","","6","6","0","0","","","","","4","2","","12"
"521","Oklahoma St.","11/27/10","9E","BAILEY","DAN","","","","","","","","","","","","0","0","","","","","","","","","","","","","","","","","","","5","5","0","0","","","","","2","2","","11"
"521","Oklahoma St.","12/29/10","9E","BAILEY","DAN","","","","","","","","","","","","0","0","","","","","","","","","","5","195","","","","","","","","4","3","0","0","","","","","3","3","","12"
"521","Oklahoma St.","09/04/10","81","BLACKMON","JUSTIN","","","","","","","","","","","","0","0","8","125","3","","","","","","","","","0","7","1","","","","4","","","","","","","","","","","","24"
"521","Oklahoma St.","09/11/10","81","BLACKMON","JUSTIN","2","23","0","23","0","","","","","","","2","23","10","132","2","","","","","","","","","","","","","","","2","","","","","","","","","","","","12"
"521","Oklahoma St.","09/18/10","81","BLACKMON","JUSTIN","","","","","","","","","","","","0","0","6","174","3","","","","","","","","","","","","","","","3","","","","","","","","","","","","18"
"521","Oklahoma St.","09/30/10","81","BLACKMON","JUSTIN","1","0","15","-15","0","","","","","","","1","-15","10","127","1","","","","","","","","","","","","","","","1","","","","","","","","","","","","6"
"521","Oklahoma St.","10/08/10","81","BLACKMON","JUSTIN","","","","","","","","","","","","0","0","13","190","2","","","","","","","","","","","","","","","2","","","","","","","","","","","","12"
"521","Oklahoma St.","10/16/10","81","BLACKMON","JUSTIN","","","","","","","","","","","","0","0","10","207","1","","","","","","","","","","","","","","","1","","","","","","","","","","","","6"
"521","Oklahoma St.","10/23/10","81","BLACKMON","JUSTIN","","","","","","","","","","","","0","0","5","157","2","","","","","","","","","","","","","","","2","","","","","","","","","","","","12"
"521","Oklahoma St.","11/06/10","81","BLACKMON","JUSTIN","1","69","0","69","1","","","","","","","1","69","13","173","1","","","","","","","","","","","","","","","2","","","","","","","","","","","","12"
"521","Oklahoma St.","11/13/10","81","BLACKMON","JUSTIN","","","","","","","","","","","","0","0","9","145","1","","","","","","","","","","","","","","","1","","","","","","","","","","","","6"
"521","Oklahoma St.","11/20/10","81","BLACKMON","JUSTIN","","","","","","","","","","","","0","0","10","130","1","","","","","","","","","","","","","","","1","","","","","","","","","","","","6"
"521","Oklahoma St.","11/27/10","81","BLACKMON","JUSTIN","","","","","","","","","","","","0","0","8","105","1","","","","","","","","","","","","","","","1","","","","","","","","","","","","6"
"521","Oklahoma St.","12/29/10","81","BLACKMON","JUSTIN","","","","","","","","","","","","0","0","9","117","2","","","","","","","","","","","","","","","2","","","","","","","","","","","","12"
"521","Oklahoma St.","09/04/10","9","BOWLING","BO","","","","","","","","","","","","0","0","3","30","0","","","","","","","","","","","","","","","","","","","","","","","","","","","0"
"521","Oklahoma St.","09/18/10","9","BOWLING","BO","","","","","","","","","","","","0","0","2","4","0","","","","","","","","","","","","","","","","","","","","","","","","","","","0"
"521","Oklahoma St.","09/30/10","9","BOWLING","BO","","","","","","","","","","","","0","0","4","46","0","","","","","","","","","","","","","","","","","","","","","","","","","","","0"
"521","Oklahoma St.","10/08/10","9","BOWLING","BO","","","","","","","","","","","","0","0","","","","","","","","","","","","1","23","0","","","","","","","","","","","","","","","","0"
"521","Oklahoma St.","10/16/10","9","BOWLING","BO","","","","","","","","","","","","0","0","1","6","0","","","","","","","","","1","-4","0","1","15","0","","","","","","","","","","","","","0"
"521","Oklahoma St.","10/23/10","9","BOWLING","BO","","","","","","","","","","","","0","0","2","12","0","","","","","","","","","","","","","","","","","","","","","","","","","","","0"
"521","Oklahoma St.","10/30/10","9","BOWLING","BO","","","","","","","","","","","","0","0","8","92","0","","","","","","","","","","","","","","","","","","","","","","","","","","","0"
"521","Oklahoma St.","11/06/10","9","BOWLING","BO","","","","","","","","","","","","0","0","9","101","0","","","","","","","","","","","","","","","","","","","","","","","","","","","0"
"521","Oklahoma St.","11/13/10","9","BOWLING","BO","","","","","","","","","","","","0","0","4","63","0","","","","","","","","","","","","","","","","","","","","","","","","","","","0"
"521","Oklahoma St.","11/20/10","9","BOWLING","BO","","","","","","","","","","","","0","0","2","11","0","","","","","","","","","","","","","","","","","","","","","","","","","","","0"
"521","Oklahoma St.","11/27/10","9","BOWLING","BO","","","","","","","","","","","","0","0","4","37","0","","","","","","","","","","","","","","","","","","","","","","","","","","","0"
"521","Oklahoma St.","12/29/10","9","BOWLING","BO","1","9","0","9","0","","","","","","","1","9","3","35","0","","","","","","","","","","","","","","","","","","","","","","","","","","","0"
"521","Oklahoma St.","09/18/10","19","BROWN","BRODERICK","","","","","","","","","","","","0","0","","","","1","22","0","","","","","","","","","","","","","","","","","","","","","","","","0"
"521","Oklahoma St.","11/27/10","19","BROWN","BRODERICK","","","","","","","","","","","","0","0","","","","1","0","0","","","","","","","","","","","","","","","","","","","","","","","","0"
"521","Oklahoma St.","09/04/10","1J","CHELF","CLINT","1","0","7","-7","0","5","4","0","29","0","","6","22","","","","","","","","","","","","","","","","","","","","","","","","","","","","","","0"
"521","Oklahoma St.","09/18/10","1J","CHELF","CLINT","2","3","12","-9","0","11","8","1","165","2","","13","156","","","","","","","","","","","","","","","","","","","","","","","","","","","","","","0"
"521","Oklahoma St.","11/06/10","1J","CHELF","CLINT","","","","","","1","0","0","0","0","","1","0","","","","","","","","","","","","","","","","","","","","","","","","","","","","","","0"
"521","Oklahoma St.","11/20/10","1J","CHELF","CLINT","","","","","","2","2","0","19","0","","2","19","","","","","","","","","","","","","","","","","","","","","","","","","","","","","","0"
"521","Oklahoma St.","09/04/10","83","CHELF","COLTON","","","","","","","","","","","","0","0","1","7","0","","","","","","","","","","","","","","","","","","","","","","","","","","","0"
"521","Oklahoma St.","09/11/10","83","CHELF","COLTON","","","","","","","","","","","","0","0","2","51","0","","","","","","","","","","","","","","","","","","","","","","","","","","","0"
"521","Oklahoma St.","09/18/10","83","CHELF","COLTON","","","","","","","","","","","","0","0","1","17","0","","","","","","","","","","","","","","","","","","","","","","","","","","","0"
"521","Oklahoma St.","09/30/10","83","CHELF","COLTON","","","","","","","","","","","","0","0","1","8","0","","","","","","","","","","","","","","","","","","","","","","","","","","","0"
"521","Oklahoma St.","10/16/10","83","CHELF","COLTON","","","","","","","","","","","","0","0","1","3","0","","","","","","","","","","","","","","","","","","","","","","","","","","","0"
"521","Oklahoma St.","11/06/10","83","CHELF","COLTON","","","","","","","","","","","","0","0","3","79","1","","","","","","","","","","","","","","","1","","","","","","","","","","","","6"
"521","Oklahoma St.","11/20/10","83","CHELF","COLTON","","","","","","","","","","","","0","0","2","35","0","","","","","","","","","","","","","","","","","","","","","","","","","","","0"
"521","Oklahoma St.","09/30/10","91","CHINASA","UGO","","","","","","","","","","","","0","0","","","","1","22","0","","","","","","","","","","","","","","","","","","","","","","","","0"
"521","Oklahoma St.","09/04/10","25","COOPER","JOSH","","","","","","","","","","","","0","0","5","31","0","","","","","","","","","2","5","0","","","","","","","","","","","","","","","","0"
"521","Oklahoma St.","09/11/10","25","COOPER","JOSH","1","16","0","16","0","","","","","","","1","16","8","114","0","","","","","","","","","1","66","1","","","","1","","","","","","","","","","","","6"
"521","Oklahoma St.","09/18/10","25","COOPER","JOSH","","","","","","","","","","","","0","0","4","83","1","","","","","","","","","","","","","","","1","","","","","","","","","","","","6"
"521","Oklahoma St.","09/30/10","25","COOPER","JOSH","","","","","","","","","","","","0","0","4","26","0","","","","","","","","","","","","","","","","","","","","","","","","","","","0"
"521","Oklahoma St.","10/08/10","25","COOPER","JOSH","","","","","","","","","","","","0","0","1","5","0","","","","","","","","","","","","","","","","","","","","","","","","","","","0"
"521","Oklahoma St.","10/16/10","25","COOPER","JOSH","1","8","0","8","0","","","","","","","1","8","5","38","0","","","","","","","","","","","","","","","","","","","","","","","","","","","0"
"521","Oklahoma St.","10/23/10","25","COOPER","JOSH","","","","","","","","","","","","0","0","9","103","0","","","","","","","","","2","13","0","","","","","","","","","","","","","","","","0"
"521","Oklahoma St.","10/30/10","25","COOPER","JOSH","","","","","","","","","","","","0","0","3","38","1","","","","","","","","","3","9","0","","","","1","","","","","","","","","","","","6"
"521","Oklahoma St.","11/06/10","25","COOPER","JOSH","","","","","","","","","","","","0","0","2","28","1","","","","","","","","","3","29","0","","","","1","","","","","","","","","","","","6"
"521","Oklahoma St.","11/13/10","25","COOPER","JOSH","","","","","","","","","","","","0","0","3","39","0","","","","","","","","","1","2","0","","","","","","","","","","","","","","","","0"
"521","Oklahoma St.","11/20/10","25","COOPER","JOSH","","","","","","","","","","","","0","0","7","94","1","","","","","","","","","2","14","0","","","","1","","","","","","","","","","","","6"
"521","Oklahoma St.","11/27/10","25","COOPER","JOSH","","","","","","","","","","","","0","0","10","84","1","","","","","","","","","","","","","","","1","","","","","","","","","","","","6"
"521","Oklahoma St.","12/29/10","25","COOPER","JOSH","1","15","0","15","0","","","","","","","1","15","7","53","0","","","","","","","","","1","6","0","","","","","","","","","","","","","","","","0"
"521","Oklahoma St.","09/04/10","8","DEATON","JOHNNY","","","","","","2","1","0","6","0","","2","6","","","","","","","","","","","","","","","","","","","","","","","","","","","","","","0"
"521","Oklahoma St.","09/18/10","5","DINKINS","CHRIS","","","","","","","","","","","","0","0","1","18","0","","","","","","","","","","","","","","","","","","","","","","","","","","","0"
"521","Oklahoma St.","09/04/10","4","GILBERT","JUSTIN","","","","","","","","","","","","0","0","","","","","","","","","","","","2","-10","0","1","18","0","","","","","","","","","","","","","0"
"521","Oklahoma St.","09/11/10","4","GILBERT","JUSTIN","","","","","","","","","","","","0","0","","","","","","","","","","","","1","50","0","","","","","","","","","","","","","","","","0"
"521","Oklahoma St.","09/18/10","4","GILBERT","JUSTIN","","","","","","","","","","","","0","0","","","","","","","","","","","","3","15","0","3","57","0","","","","","","","","","","","","","0"
"521","Oklahoma St.","09/30/10","4","GILBERT","JUSTIN","","","","","","","","","","","","0","0","","","","","","","","","","","","2","0","0","3","83","0","","","","","","","","","","","","","0"
"521","Oklahoma St.","10/08/10","4","GILBERT","JUSTIN","","","","","","","","","","","","0","0","","","","","","","","","","","","","","","2","66","0","","","","","","","","","","","","","0"
"521","Oklahoma St.","10/16/10","4","GILBERT","JUSTIN","","","","","","","","","","","","0","0","","","","","","","","","","","","","","","1","14","0","","","","","","","","","","","","","0"
"521","Oklahoma St.","11/06/10","4","GILBERT","JUSTIN","","","","","","","","","","","","0","0","","","","","","","","","","","","","","","2","96","1","1","","","","","","","","","","","","6"
"521","Oklahoma St.","11/13/10","4","GILBERT","JUSTIN","","","","","","","","","","","","0","0","","","","","","","","","","","","","","","2","34","0","","","","","","","","","","","","","0"
"521","Oklahoma St.","11/20/10","4","GILBERT","JUSTIN","","","","","","","","","","","","0","0","","","","","","","","","","","","","","","3","81","0","","","","","","","","","","","","","0"
"521","Oklahoma St.","11/27/10","4","GILBERT","JUSTIN","","","","","","","","","","","","0","0","","","","","","","","","","","","","","","6","195","1","1","","","","","","","","","","","","6"
"521","Oklahoma St.","12/29/10","4","GILBERT","JUSTIN","","","","","","","","","","","","0","0","","","","","","","","","","","","","","","3","54","0","","","","","","","","","","","","","0"
"521","Oklahoma St.","09/04/10","1A","HARLAN","WES","","","","","","","","","","","","0","0","","","","","","","","","","","","","","","","","","","","","1","0","","","","","","","","0"
"521","Oklahoma St.","09/18/10","7","HARRISON","MICHAEL","","","","","","","","","","","","0","0","2","20","1","","","","","","","","","","","","","","","1","","","","","","","","","","","","6"
"521","Oklahoma St.","10/08/10","7","HARRISON","MICHAEL","","","","","","","","","","","","0","0","4","51","1","","","","","","","","","","","","","","","1","","","","","","","","","","","","6"
"521","Oklahoma St.","10/30/10","7","HARRISON","MICHAEL","","","","","","","","","","","","0","0","3","31","1","","","","","","","","","","","","","","","1","","","","","","","","","","","","6"
"521","Oklahoma St.","11/06/10","7","HARRISON","MICHAEL","","","","","","","","","","","","0","0","1","7","0","","","","","","","","","","","","","","","","","","","","","","","","","","","0"
"521","Oklahoma St.","11/13/10","7","HARRISON","MICHAEL","","","","","","","","","","","","0","0","2","9","0","","","","","","","","","","","","","","","","","","","","","","","","","","","0"
"521","Oklahoma St.","11/20/10","7","HARRISON","MICHAEL","","","","","","","","","","","","0","0","1","6","0","","","","","","","","","1","32","1","","","","1","","","","","","","","","","","","6"
"521","Oklahoma St.","11/27/10","7","HARRISON","MICHAEL","","","","","","","","","","","","0","0","1","11","0","","","","","","","","","","","","","","","","","","","","","","","","","","","0"
"521","Oklahoma St.","09/18/10","26","HILL","ANTHONY","","","","","","","","","","","","0","0","1","6","0","","","","","","","","","","","","","","","","","","","","","","","","","","","0"
"521","Oklahoma St.","09/04/10","14","HORTON","JUSTIN","","","","","","","","","","","","0","0","1","6","0","","","","","","","","","","","","","","","","","","","","","","","","","","","0"
"521","Oklahoma St.","09/04/10","24","HUNTER","KENDALL","21","257","0","257","4","","","","","","","21","257","3","-4","0","","","","","","","","","","","","1","23","0","4","","","","","","","","","","","","24"
"521","Oklahoma St.","09/11/10","24","HUNTER","KENDALL","28","162","5","157","2","","","","","","","28","157","5","15","0","","","","","","","","","","","","2","40","0","2","","","","","","","","","","","","12"
"521","Oklahoma St.","09/18/10","24","HUNTER","KENDALL","11","59","0","59","0","","","","","","","11","59","3","29","0","","","","","","","","","","","","1","19","0","","","","","","","","","","","","","0"
"521","Oklahoma St.","09/30/10","24","HUNTER","KENDALL","22","105","4","101","2","","","","","","","22","101","1","1","0","","","","","","","","","","","","","","","2","","","","","","","","","","","","12"
"521","Oklahoma St.","10/08/10","24","HUNTER","KENDALL","28","134","8","126","1","","","","","","","28","126","","","","","","","","","","","","","","","","","","1","","","","","","","","","","","","6"
"521","Oklahoma St.","10/16/10","24","HUNTER","KENDALL","25","134","4","130","1","","","","","","","25","130","2","3","0","","","","","","","","","","","","","","","1","","","","","","","","","","","","6"
"521","Oklahoma St.","10/23/10","24","HUNTER","KENDALL","26","201","0","201","2","","","","","","","26","201","","","","","","","","","","","","","","","","","","2","","","","","","","","","","","","12"
"521","Oklahoma St.","10/30/10","24","HUNTER","KENDALL","28","149","6","143","0","","","","","","","28","143","","","","","","","","","","","","","","","1","5","0","","","","","","","","","","","","","0"
"521","Oklahoma St.","11/06/10","24","HUNTER","KENDALL","14","69","3","66","2","","","","","","","14","66","2","9","0","","","","","","","","","","","","","","","2","","","","","","","","","","","","12"
"521","Oklahoma St.","11/13/10","24","HUNTER","KENDALL","23","122","6","116","2","","","","","","","23","116","1","37","0","","","","","","","","","","","","","","","2","","","","","","","","","","","","12"
"521","Oklahoma St.","11/20/10","24","HUNTER","KENDALL","22","109","4","105","0","","","","","","","22","105","1","12","0","","","","","","","","","","","","","","","","","","","","","","","","","","","0"
"521","Oklahoma St.","11/27/10","24","HUNTER","KENDALL","13","57","2","55","0","","","","","","","13","55","1","4","0","","","","","","","","","","","","","","","","","","","","","","","","","","","0"
"521","Oklahoma St.","12/29/10","24","HUNTER","KENDALL","10","36","4","32","0","","","","","","","10","32","1","-5","0","","","","","","","","","","","","","","","","","","","","","","","","","","","0"
"521","Oklahoma St.","09/30/10","3","JOHNSON","VICTOR","","","","","","","","","","","","0","0","","","","","","","","","","","","","","","2","39","0","","","","","","","","","","","","","0"
"521","Oklahoma St.","09/30/10","11","LEWIS","SHAUN","","","","","","","","","","","","0","0","","","","1","28","0","","","","","","","","","","","","","","","","","","","","","","","","0"
"521","Oklahoma St.","11/27/10","11","LEWIS","SHAUN","","","","","","","","","","","","0","0","","","","2","67","1","","","","","","","","","","","","1","","","","","","","","","","","","6"
"521","Oklahoma St.","09/30/10","10","MARTIN","MARKELLE","","","","","","","","","","","","0","0","","","","1","0","0","","","","","","","","","","","","","","","","","","","","","","","","0"
"521","Oklahoma St.","10/30/10","10","MARTIN","MARKELLE","","","","","","","","","","","","0","0","","","","1","0","0","","","","","","","","","","","","","","","","","","","","","","","","0"
"521","Oklahoma St.","12/29/10","10","MARTIN","MARKELLE","","","","","","","","","","","","0","0","","","","1","62","1","","","","","","","","","","","","1","","","","","","","","","","","","6"
"521","Oklahoma St.","09/18/10","16","MAY","ANDRAE","","","","","","","","","","","","0","0","","","","1","6","0","","","","","","","","","","","","","","","","","","","","","","","","0"
"521","Oklahoma St.","09/18/10","6","MCGEE","ANDREW","","","","","","","","","","","","0","0","","","","1","79","0","","","","","","","","","","","","","","","","","","","","","","","","0"
"521","Oklahoma St.","09/30/10","6","MCGEE","ANDREW","","","","","","","","","","","","0","0","","","","1","0","0","","","","","","","","","","","","","","","","","","","","","","","","0"
"521","Oklahoma St.","10/08/10","6","MCGEE","ANDREW","","","","","","","","","","","","0","0","","","","1","11","0","","","","","","","","","","","","","","","","","","","","","","","","0"
"521","Oklahoma St.","10/30/10","6","MCGEE","ANDREW","","","","","","","","","","","","0","0","","","","1","0","0","","","","","","","","","","","","","","","","","","","","","","","","0"
"521","Oklahoma St.","11/13/10","6","MCGEE","ANDREW","","","","","","","","","","","","0","0","","","","1","0","0","","","","","","","","","","","","","","","","","","","","","","","","0"
"521","Oklahoma St.","09/04/10","17","MOORE","CHARLIE","","","","","","","","","","","","0","0","1","6","0","","","","","","","","","","","","","","","","","","","","","","","","","","","0"
"521","Oklahoma St.","09/18/10","17","MOORE","CHARLIE","","","","","","","","","","","","0","0","2","42","1","","","","","","","","","","","","","","","1","","","","","","","","","","","","6"
"521","Oklahoma St.","11/13/10","17","MOORE","CHARLIE","","","","","","","","","","","","0","0","","","","","","","","","","","","","","","1","13","0","","","","","","","","","","","","","0"
"521","Oklahoma St.","09/04/10","87","MOORE","TRACY","","","","","","","","","","","","0","0","3","22","0","","","","","","","","","","","","","","","","","","","","","","","","","","","0"
"521","Oklahoma St.","09/11/10","87","MOORE","TRACY","","","","","","","","","","","","0","0","3","33","0","","","","","","","","","","","","","","","","","","","","","","","","","","","0"
"521","Oklahoma St.","09/18/10","87","MOORE","TRACY","","","","","","","","","","","","0","0","2","28","0","","","","","","","","","","","","","","","","","","","","","","","","","","","0"
"521","Oklahoma St.","09/30/10","87","MOORE","TRACY","","","","","","","","","","","","0","0","2","18","0","","","","","","","","","","","","","","","","","","","","","","","","","","","0"
"521","Oklahoma St.","10/08/10","87","MOORE","TRACY","","","","","","","","","","","","0","0","1","11","0","","","","","","","","","","","","","","","","","","","","","","","","","","","0"
"521","Oklahoma St.","10/16/10","87","MOORE","TRACY","","","","","","","","","","","","0","0","2","55","0","","","","","","","","","","","","","","","","","","","","","","","","","","","0"
"521","Oklahoma St.","11/13/10","87","MOORE","TRACY","","","","","","","","","","","","0","0","1","29","0","","","","","","","","","","","","","","","","","","","","","","","","","","","0"
"521","Oklahoma St.","11/20/10","87","MOORE","TRACY","","","","","","","","","","","","0","0","1","3","1","","","","","","","","","","","","","","","1","","","","","","","","","","","","6"
"521","Oklahoma St.","12/29/10","87","MOORE","TRACY","","","","","","","","","","","","0","0","2","13","0","","","","","","","","","","","","","","","","","","","","","","","","","","","0"
"521","Oklahoma St.","09/11/10","30","PAULSEN","DAVID","","","","","","","","","","","","0","0","","","","","","","","","","","","","","","1","3","0","","","","","","","","","","","","","0"
"521","Oklahoma St.","09/04/10","1","RANDLE","JOSEPH","11","36","1","35","0","","","","","","","11","35","1","7","0","","","","","","","","","","","","","","","","","","","","","","","","","","","0"
"521","Oklahoma St.","09/11/10","1","RANDLE","JOSEPH","1","8","0","8","0","","","","","","","1","8","","","","","","","","","","","","","","","2","27","0","","","","","","","","","","","","","0"
"521","Oklahoma St.","09/18/10","1","RANDLE","JOSEPH","12","72","0","72","0","","","","","","","12","72","3","49","0","","","","","","","","","","","","","","","","","","","","","","","","","","","0"
"521","Oklahoma St.","09/30/10","1","RANDLE","JOSEPH","1","5","0","5","0","","","","","","","1","5","3","47","1","","","","","","","","","","","","1","22","0","1","","","","","","","","","","","","6"
"521","Oklahoma St.","10/08/10","1","RANDLE","JOSEPH","3","9","0","9","0","","","","","","","3","9","4","43","0","","","","","","","","","1","-1","0","2","57","0","","","","","","","","","","","","","0"
"521","Oklahoma St.","10/16/10","1","RANDLE","JOSEPH","17","95","0","95","1","","","","","","","17","95","3","44","0","","","","","","","","","","","","","","","1","","","","","","","","","","","","6"
"521","Oklahoma St.","10/23/10","1","RANDLE","JOSEPH","5","22","0","22","0","","","","","","","5","22","1","1","0","","","","","","","","","","","","5","140","0","","","","","","","","","","","","","0"
"521","Oklahoma St.","10/30/10","1","RANDLE","JOSEPH","7","64","0","64","0","","","","","","","7","64","4","59","0","","","","","","","","","","","","1","14","0","","","","","","","","","","","","","0"
"521","Oklahoma St.","11/06/10","1","RANDLE","JOSEPH","13","94","8","86","0","","","","","","","13","86","3","28","0","","","","","","","","","","","","","","","","","","","","","","","","","","","0"
"521","Oklahoma St.","11/13/10","1","RANDLE","JOSEPH","2","6","0","6","0","","","","","","","2","6","7","57","0","","","","","","","","","","","","","","","","","","","","","","","","","","","0"
"521","Oklahoma St.","11/20/10","1","RANDLE","JOSEPH","4","21","2","19","1","","","","","","","4","19","4","58","0","","","","","","","","","","","","","","","1","","","","","","","","","","","","6"
"521","Oklahoma St.","11/27/10","1","RANDLE","JOSEPH","4","29","0","29","0","","","","","","","4","29","2","6","0","","","","","","","","","","","","","","","","","","","","","","","","","","","0"
"521","Oklahoma St.","12/29/10","1","RANDLE","JOSEPH","2","2","0","2","0","","","","","","","2","2","2","28","0","","","","","","","","","","","","0","22","0","","","","","","","","","","","","","0"
"521","Oklahoma St.","09/04/10","13","SHARP","QUINN","","","","","","","","","","","","0","0","","","","","","","","","","7","320","","","","","","","","","","","","","","","","","","","0"
"521","Oklahoma St.","09/11/10","13","SHARP","QUINN","","","","","","","","","","","","0","0","","","","","","","","","","4","195","","","","","","","","","","","","","","","","","","","0"
"521","Oklahoma St.","09/18/10","13","SHARP","QUINN","","","","","","","","","","","","0","0","","","","","","","","","","1","48","","","","","","","","","","","","","","","","","","","0"
"521","Oklahoma St.","09/30/10","13","SHARP","QUINN","","","","","","","","","","","","0","0","","","","","","","","","","6","278","","","","","","","","","","","","","","","","","","","0"
"521","Oklahoma St.","10/08/10","13","SHARP","QUINN","","","","","","","","","","","","0","0","","","","","","","","","","2","74","","","","","","","","","","","","","","","","","","","0"
"521","Oklahoma St.","10/16/10","13","SHARP","QUINN","","","","","","","","","","","","0","0","","","","","","","","","","4","180","","","","","","","","","","","","","","","","","","","0"
"521","Oklahoma St.","10/23/10","13","SHARP","QUINN","","","","","","","","","","","","0","0","","","","","","","","","","5","302","","","","","","","","","","","","","","","","","","","0"
"521","Oklahoma St.","10/30/10","13","SHARP","QUINN","","","","","","","","","","","","0","0","","","","","","","","","","6","248","","","","","","","","","","","","","","","","","","","0"
"521","Oklahoma St.","11/06/10","13","SHARP","QUINN","","","","","","","","","","","","0","0","","","","","","","","","","1","59","","","","","","","","","","","","","","","","","","","0"
"521","Oklahoma St.","11/13/10","13","SHARP","QUINN","","","","","","","","","","","","0","0","","","","","","","","","","3","126","","","","","","","","","","","","","","","","","","","0"
"521","Oklahoma St.","11/27/10","13","SHARP","QUINN","","","","","","","","","","","","0","0","","","","","","","","","","7","297","","","","","","","","","","","","","","","","","","","0"
"521","Oklahoma St.","09/04/10","31","SMITH","JEREMY","9","20","2","18","1","","","","","","","9","18","","","","","","","","","","","","","","","","","","1","","","","","","","","","","","","6"
"521","Oklahoma St.","09/18/10","31","SMITH","JEREMY","6","35","3","32","0","","","","","","","6","32","","","","","","","","","","","","","","","","","","","","","","","","","","","","","","0"
"521","Oklahoma St.","10/08/10","31","SMITH","JEREMY","2","19","0","19","0","","","","","","","2","19","","","","","","","","","","","","","","","","","","","","","","","","","","","","","","0"
"521","Oklahoma St.","10/16/10","31","SMITH","JEREMY","3","7","0","7","1","","","","","","","3","7","","","","","","","","","","","","","","","","","","1","","","","","","","","","","","","6"
"521","Oklahoma St.","10/23/10","31","SMITH","JEREMY","3","4","0","4","1","","","","","","","3","4","","","","","","","","","","","","","","","","","","1","","","","","","","","","","","","6"
"521","Oklahoma St.","11/06/10","31","SMITH","JEREMY","7","50","0","50","0","","","","","","","7","50","","","","","","","","","","","","","","","","","","","","","","","","","","","","","","0"
"521","Oklahoma St.","11/13/10","31","SMITH","JEREMY","5","18","0","18","1","","","","","","","5","18","","","","","","","","","","","","","","","","","","1","","","","","","","","","","","","6"
"521","Oklahoma St.","11/20/10","31","SMITH","JEREMY","11","64","0","64","1","","","","","","","11","64","","","","","","","","","","","","","","","","","","1","","","","","","","","","","","","6"
"521","Oklahoma St.","11/27/10","31","SMITH","JEREMY","5","34","0","34","1","","","","","","","5","34","","","","","","","","","","","","","","","","","","1","","","","","","","","","","","","6"
"521","Oklahoma St.","12/29/10","31","SMITH","JEREMY","5","16","0","16","1","","","","","","","5","16","1","-1","0","","","","","","","","","","","","","","","1","","","","","","","","","","","","6"
"521","Oklahoma St.","11/20/10","17A","STRINGER","","","","","","","","","","","","","0","0","1","10","0","","","","","","","","","","","","","","","","","","","","","","","","","","","0"
"521","Oklahoma St.","09/04/10","22","THOMAS","JAMES","","","","","","","","","","","","0","0","","","","","","","","","","","","1","17","0","","","","","","","","","","","","","","","","0"
"521","Oklahoma St.","09/30/10","22","THOMAS","JAMES","","","","","","","","","","","","0","0","","","","","","","1","63","1","","","","","","","","","1","","","","","","","","","","","","6"
"521","Oklahoma St.","12/29/10","22","THOMAS","JAMES","","","","","","","","","","","","0","0","","","","1","1","0","","","","","","","","","","","","","","","","","","","","","","","","0"
"521","Oklahoma St.","09/04/10","12","THOMAS","JOHNNY","","","","","","","","","","","","0","0","","","","","","","","","","","","","","","1","15","0","","","","","","","","","","","","","0"
"521","Oklahoma St.","10/16/10","12","THOMAS","JOHNNY","","","","","","","","","","","","0","0","","","","","","","","","","","","","","","1","16","0","","","","","","","","","","","","","0"
"521","Oklahoma St.","10/23/10","12","THOMAS","JOHNNY","","","","","","","","","","","","0","0","","","","","","","","","","","","","","","1","24","0","","","","","","","","","","","","","0"
"521","Oklahoma St.","10/30/10","12","THOMAS","JOHNNY","","","","","","","","","","","","0","0","","","","1","26","1","","","","","","","","","","","","1","","","","","","","","","","","","6"
"521","Oklahoma St.","11/06/10","12","THOMAS","JOHNNY","","","","","","","","","","","","0","0","","","","1","0","0","","","","","","","","","3","36","0","","","","","","","","","","","","","0"
"521","Oklahoma St.","11/27/10","12","THOMAS","JOHNNY","","","","","","","","","","","","0","0","","","","","","","","","","","","","","","2","33","0","","","","","","","","","","","","","0"
"521","Oklahoma St.","12/29/10","12","THOMAS","JOHNNY","","","","","","","","","","","","0","0","","","","1","0","0","","","","","","","","","","","","","","","","","","","","","","","","0"
"521","Oklahoma St.","09/30/10","37","WARD","BRYANT","","","","","","","","","","","","0","0","2","1","0","","","","","","","","","","","","","","","","","","","","","","","","","","","0"
"521","Oklahoma St.","10/30/10","37","WARD","BRYANT","","","","","","","","","","","","0","0","1","14","0","","","","","","","","","","","","","","","","","","","","","","","","","","","0"
"521","Oklahoma St.","11/20/10","37","WARD","BRYANT","1","1","0","1","0","","","","","","","1","1","1","2","0","","","","","","","","","","","","","","","","","","","","","","","","","","","0"
"521","Oklahoma St.","09/04/10","3X","WEEDEN","BRANDON","1","0","10","-10","0","30","22","0","218","3","","31","208","","","","","","","","","","","","","","","","","","","","","","","","","","","","","","0"
"521","Oklahoma St.","09/11/10","3X","WEEDEN","BRANDON","3","0","20","-20","0","39","29","2","348","2","","42","328","","","","","","","","","","","","","","","","","","","","","","","","","","","","","","0"
"521","Oklahoma St.","09/18/10","3X","WEEDEN","BRANDON","1","0","2","-2","0","32","23","0","409","6","","33","407","","","","","","","","","","","","","","","","","","","","","","","","","","","","","","0"
"521","Oklahoma St.","09/30/10","3X","WEEDEN","BRANDON","1","0","22","-22","0","42","28","2","284","2","","43","262","","","","","","","","","","","","","","","","","","","","","","","","","","","","","","0"
"521","Oklahoma St.","10/08/10","3X","WEEDEN","BRANDON","1","0","9","-9","0","47","29","2","351","5","","48","342","","","","","","","","","","","","","","","","","","","","","","","","","","","","","","0"
"521","Oklahoma St.","10/16/10","3X","WEEDEN","BRANDON","1","0","9","-9","0","35","24","2","356","1","","36","347","","","","","","","","","","","","","","","","","","","","","","","","","","","","","","0"
"521","Oklahoma St.","10/23/10","3X","WEEDEN","BRANDON","1","0","10","-10","0","35","18","1","283","2","","36","273","","","","","","","","","","","","","","","","","","","","","","","","","","","","","","0"
"521","Oklahoma St.","10/30/10","3X","WEEDEN","BRANDON","1","8","0","8","0","39","22","0","298","2","","40","306","","","","","","","","","","","","","","","","","","","","","","","","","","","","","","0"
"521","Oklahoma St.","11/06/10","3X","WEEDEN","BRANDON","4","25","6","19","0","42","34","0","435","3","","46","454","","","","","","","","","","","","","","","","","","","","","","","","","","","","","","0"
"521","Oklahoma St.","11/13/10","3X","WEEDEN","BRANDON","2","3","20","-17","0","43","29","1","409","1","","45","392","","","","","","","","","","","","","","","","","","","","","","","","","","","","","","0"
"521","Oklahoma St.","11/20/10","3X","WEEDEN","BRANDON","","","","","","43","31","0","389","3","","43","389","","","","","","","","","","","","","","","","","","","","","","","","","","","","","","0"
"521","Oklahoma St.","11/27/10","3X","WEEDEN","BRANDON","1","4","0","4","0","43","28","3","257","2","","44","261","","","","","","","","","","","","","","","","","","","","","","","","","","","","","","0"
"521","Oklahoma St.","12/29/10","3X","WEEDEN","BRANDON","","","","","","41","25","0","240","2","","41","240","","","","","","","","","","","","","","","","","","","","","","","","","","","","","","0"
"521","Oklahoma St.","10/08/10","86","YOUMAN","WILSON","","","","","","","","","","","","0","0","1","1","1","","","","","","","","","","","","","","","1","","","","","","","","","","","","6"
"521","Oklahoma St.","10/23/10","86","YOUMAN","WILSON","","","","","","","","","","","","0","0","1","10","0","","","","","","","","","","","","","","","","","","","","","","","","","","","0"
"529","Oregon","09/04/10","5","ALSTON","REMENE","21","114","4","110","0","","","","","","","21","110","1","14","0","","","","","","","","","","","","","","","","","","","","","","","","","","","0"
"529","Oregon","09/11/10","5","ALSTON","REMENE","9","43","3","40","1","","","","","","","9","40","","","","","","","","","","","","","","","","","","1","","","","","","","","","","","","6"
"529","Oregon","09/18/10","5","ALSTON","REMENE","13","70","11","59","1","","","","","","","13","59","","","","","","","","","","","","","","","","","","1","","","","","","","","","","","","6"
"529","Oregon","10/21/10","5","ALSTON","REMENE","8","75","0","75","3","","","","","","","8","75","","","","","","","","","","","","","","","","","","3","","","","","","","","","","","","18"
"529","Oregon","10/30/10","5","ALSTON","REMENE","2","5","1","4","0","","","","","","","2","4","1","2","0","","","","","","","","","","","","","","","","","","","","","","","","","","","0"
"529","Oregon","11/06/10","5","ALSTON","REMENE","6","25","1","24","0","","","","","","","6","24","","","","","","","","","","","","","","","","","","","","","","","","","","","","","","0"
"529","Oregon","11/26/10","5","ALSTON","REMENE","4","46","2","44","0","","","","","","","4","44","","","","","","","","","","","","","","","","","","","","","","","","","","","","","","0"
"529","Oregon","09/04/10","24","BARNER","KENJON","17","155","8","147","4","","","","","","","17","147","1","60","1","","","","","","","","","1","9","0","1","9","0","5","","","","","","","","","","","","30"
"529","Oregon","09/11/10","24","BARNER","KENJON","7","26","0","26","0","","","","","","","7","26","2","11","0","","","","","","","","","2","84","1","4","107","0","1","","","","","","","","","","","","6"
"529","Oregon","09/18/10","24","BARNER","KENJON","3","28","0","28","0","","","","","","","3","28","","","","","","","","","","","","1","-2","0","1","25","0","","","","","","","","","","","","","0"
"529","Oregon","09/25/10","24","BARNER","KENJON","1","0","0","0","0","","","","","","","1","0","2","18","0","","","","","","","","","3","19","0","1","10","0","","","","","","","","","","","","","0"
"529","Oregon","10/02/10","24","BARNER","KENJON","5","14","0","14","0","","","","","","","5","14","","","","","","","","","","","","1","17","0","2","39","0","","","","","","","","","","","","","0"
"529","Oregon","10/09/10","24","BARNER","KENJON","","","","","","","","","","","","0","0","1","18","0","","","","","","","","","","","","1","11","0","","","","","","","","","","","","","0"
"529","Oregon","11/06/10","24","BARNER","KENJON","9","61","1","60","1","","","","","","","9","60","1","-1","0","","","","","","","","","","","","","","","1","","","","","","","","","","","","6"
"529","Oregon","11/13/10","24","BARNER","KENJON","8","40","0","40","0","","","","","","","8","40","2","6","0","","","","","","","","","","","","","","","","","","","","","","","","","","","0"
"529","Oregon","11/26/10","24","BARNER","KENJON","15","77","6","71","0","","","","","","","15","71","","","","","","","","","","","","","","","1","5","0","","","","","","","","","","","","","0"
"529","Oregon","12/04/10","24","BARNER","KENJON","15","136","3","133","1","","","","","","","15","133","2","1","1","","","","","","","","","","","","","","","2","","","","","","","","","","","","12"
"529","Oregon","01/10/11","24","BARNER","KENJON","11","39","7","32","0","","","","","","","11","32","2","8","0","","","","","","","","","2","5","0","2","30","0","","","","","","","","","","","","","0"
"529","Oregon","09/11/10","93","BEARD","ROB","","","","","","","","","","","","0","0","","","","","","","","","","","","","","","","","","","6","6","0","0","","","","","2","2","","12"
"529","Oregon","09/18/10","93","BEARD","ROB","","","","","","","","","","","","0","0","","","","","","","","","","","","","","","","","","","9","9","0","0","","","","","2","2","","15"
"529","Oregon","09/25/10","93","BEARD","ROB","","","","","","","","","","","","0","0","","","","","","","","","","","","","","","","","","","6","6","0","0","","","","","","","","6"
"529","Oregon","10/02/10","93","BEARD","ROB","","","","","","","","","","","","0","0","","","","","","","","","","","","","","","","","","","7","7","0","0","","","","","1","1","","10"
"529","Oregon","10/09/10","93","BEARD","ROB","","","","","","","","","","","","0","0","","","","","","","","","","","","","","","","","","","5","5","0","0","","","","","","","","5"
"529","Oregon","10/21/10","93","BEARD","ROB","","","","","","","","","","","","0","0","","","","","","","","","","","","","","","","","","","7","7","0","0","","","","","1","1","","10"
"529","Oregon","10/30/10","93","BEARD","ROB","","","","","","","","","","","","0","0","","","","","","","","","","","","","","","","","","","6","6","0","0","","","","","1","1","","9"
"529","Oregon","11/06/10","93","BEARD","ROB","","","","","","","","","","","","0","0","","","","","","","","","","","","","","","","","","","6","6","1","1","","","","","1","1","","11"
"529","Oregon","11/13/10","93","BEARD","ROB","","","","","","","","","","","","0","0","","","","","","","","","","","","","","","","","","","1","1","0","0","","","","","2","0","","1"
"529","Oregon","11/26/10","93","BEARD","ROB","","","","","","","","","","","","0","0","","","","","","","","","","","","","","","","","","","6","6","0","0","","","","","","","","6"
"529","Oregon","12/04/10","93","BEARD","ROB","","","","","","","","","","","","0","0","","","","","","","","","","","","","","","","","","","5","4","0","0","","","","","2","1","","7"
"529","Oregon","01/10/11","93","BEARD","ROB","","","","","","","","","","","","0","0","","","","","","","","","","","","","","","","","","","","","1","1","","","","","1","1","","5"
"529","Oregon","09/25/10","20","BOYETT","JOHN","","","","","","","","","","","","0","0","","","","1","39","1","","","","","","","","","","","","1","","","","","","","","","","","","6"
"529","Oregon","10/21/10","20","BOYETT","JOHN","","","","","","","","","","","","0","0","","","","1","0","0","","","","","","","","","","","","","","","","","","","","","","","","0"
"529","Oregon","10/30/10","20","BOYETT","JOHN","","","","","","","","","","","","0","0","","","","1","0","0","","","","","","","","","","","","","","","","","","","","","","","","0"
"529","Oregon","11/26/10","20","BOYETT","JOHN","","","","","","","","","","","","0","0","","","","1","0","0","","","","","","","","","","","","","","","","","","","","","","","","0"
"529","Oregon","12/04/10","20","BOYETT","JOHN","","","","","","","","","","","","0","0","","","","1","18","0","","","","","","","","","","","","","","","","","","","","","","","","0"
"529","Oregon","12/04/10","46","CLAY","MICHAEL","1","64","0","64","0","","","","","","","1","64","","","","1","2","0","","","","","","","","","","","","","","","","","","","","","","","","0"
"529","Oregon","09/04/10","7","COSTA","NATE","4","17","3","14","0","14","10","0","131","0","","18","145","","","","","","","","","","","","","","","","","","","","","","","","","","","","","","0"
"529","Oregon","09/11/10","7","COSTA","NATE","1","11","0","11","0","","","","","","","1","11","","","","","","","","","","","","","","","","","","","","","","","","","","","","","","0"
"529","Oregon","09/18/10","7","COSTA","NATE","3","16","0","16","1","2","0","0","0","0","","5","16","","","","","","","","","","","","","","","","","","1","","","","","","","","","","","","6"
"529","Oregon","10/09/10","7","COSTA","NATE","8","84","0","84","1","15","13","0","151","1","","23","235","","","","","","","","","","","","","","","","","","1","","","","","","","","","","","","6"
"529","Oregon","10/21/10","7","COSTA","NATE","3","27","0","27","0","2","2","0","4","0","","5","31","","","","","","","","","","","","","","","","","","","","","1","1","","","","","","","","2"
"529","Oregon","10/30/10","7","COSTA","NATE","","","","","","","","","","","1","0","0","","","","","","","","","","","","","","","","","","","","","1","1","","","","","","","","2"
"529","Oregon","09/04/10","10","DAVIS","DREW","","","","","","","","","","","","0","0","1","6","0","","","","","","","","","","","","","","","","","","","","","","","","","","","0"
"529","Oregon","09/11/10","10","DAVIS","DREW","","","","","","","","","","","","0","0","2","6","0","","","","","","","","","","","","","","","","","","","","","","","","","","","0"
"529","Oregon","09/18/10","10","DAVIS","DREW","","","","","","","","","","","","0","0","1","13","0","","","","","","","","","","","","","","","","","","","","","","","","","","","0"
"529","Oregon","09/25/10","10","DAVIS","DREW","","","","","","","","","","","","0","0","5","54","0","","","","","","","","","","","","","","","","","","","","","","","","","","","0"
"529","Oregon","10/02/10","10","DAVIS","DREW","","","","","","","","","","","","0","0","6","64","1","","","","","","","","","","","","","","","1","","","","","","","","","","","","6"
"529","Oregon","10/09/10","10","DAVIS","DREW","","","","","","","","","","","","0","0","5","53","0","","","","","","","","","","","","","","","","","","","","","","","","","","","0"
"529","Oregon","10/21/10","10","DAVIS","DREW","","","","","","","","","","","","0","0","4","37","0","","","","","","","","","","","","","","","","","","","","","","","","","","","0"
"529","Oregon","11/06/10","10","DAVIS","DREW","","","","","","","","","","","","0","0","2","57","0","","","","","","","","","","","","","","","","","","","","","","","","","","","0"
"529","Oregon","11/13/10","10","DAVIS","DREW","","","","","","","","","","","","0","0","4","42","0","","","","","","","","","","","","","","","","","","","","","","","","","","","0"
"529","Oregon","11/26/10","10","DAVIS","DREW","","","","","","","","","","","","0","0","3","31","1","","","","","","","","","","","","","","","1","","","","","","","","","","","","6"
"529","Oregon","12/04/10","10","DAVIS","DREW","","","","","","","","","","","","0","0","3","47","1","","","","","","","","","","","","","","","1","","","","","","","","","","","","6"
"529","Oregon","01/10/11","10","DAVIS","DREW","","","","","","","","","","","","0","0","6","60","0","","","","","","","","","","","","","","","","","","","","","","","","","","","0"
"529","Oregon","09/04/10","84","DELANEY","CHAD","","","","","","","","","","","","0","0","1","2","0","","","","","","","","","","","","","","","","","","","","","","","","","","","0"
"529","Oregon","09/25/10","28","GRADY","SCOTT","","","","","","","","","","","","0","0","","","","","","","","","","","","","","","1","23","0","","","","","","","","","","","","","0"
"529","Oregon","11/26/10","28","GRADY","SCOTT","","","","","","","","","","","","0","0","","","","","","","","","","","","0","1","0","","","","","","","","","","","","","","","","0"
"529","Oregon","09/04/10","1D","HAINES","DUSTIN","","","","","","","","","","","","0","0","1","18","0","","","","","","","","","","","","","","","","","","","","","","","","","","","0"
"529","Oregon","09/18/10","1D","HAINES","DUSTIN","2","3","2","1","0","","","","","","","2","1","","","","","","","","","","","","","","","","","","","","","","","","","","","","","","0"
"529","Oregon","09/04/10","13","HARRIS","CLIFF","","","","","","","","","","","","0","0","","","","","","","","","","","","2","125","2","","","","2","","","","","","","","","","","","12"
"529","Oregon","09/11/10","13","HARRIS","CLIFF","","","","","","","","","","","","0","0","","","","1","76","1","","","","","","","","","","","","1","","","","","","","","","","","","6"
"529","Oregon","09/18/10","13","HARRIS","CLIFF","","","","","","","","","","","","0","0","","","","","","","","","","","","5","72","0","","","","","","","","","","","","","","","","0"
"529","Oregon","09/25/10","13","HARRIS","CLIFF","","","","","","","","","","","","0","0","","","","1","-9","0","","","","","","","","","2","49","0","","","","","","","","","","","","","0"
"529","Oregon","10/02/10","13","HARRIS","CLIFF","","","","","","","","","","","","0","0","","","","2","0","0","","","","","","","","","2","32","0","","","","","","","","","","","","","0"
"529","Oregon","10/09/10","13","HARRIS","CLIFF","","","","","","","","","","","","0","0","","","","","","","","","","","","4","83","1","","","","1","","","","","","","","","","","","6"
"529","Oregon","10/21/10","13","HARRIS","CLIFF","","","","","","","","","","","","0","0","","","","","","","","","","","","4","17","0","","","","","","","","","","","","","","","","0"
"529","Oregon","10/30/10","13","HARRIS","CLIFF","","","","","","","","","","","","0","0","","","","1","3","0","","","","","","3","54","0","","","","","","","","","","","","","","","","0"
"529","Oregon","11/06/10","13","HARRIS","CLIFF","","","","","","","","","","","","0","0","","","","","","","","","","","","4","127","0","2","52","0","","","","","","","","","","","","","0"
"529","Oregon","11/13/10","13","HARRIS","CLIFF","","","","","","","","","","","","0","0","","","","","","","","","","","","2","79","1","1","10","0","1","","","","","","","","","","","","6"
"529","Oregon","12/04/10","13","HARRIS","CLIFF","","","","","","","","","","","","0","0","","","","","","","","","","","","2","2","0","","","","","","","","","","","","","","","","0"
"529","Oregon","01/10/11","13","HARRIS","CLIFF","","","","","","","","","","","","0","0","","","","1","22","0","","","","","","1","1","0","","","","","","","","","","","","","","","","0"
"529","Oregon","09/04/10","16","HAWKINS","DARYLE","10","68","0","68","1","","","","","","","10","68","1","10","0","","","","","","","","","","","","","","","1","","","","","","","","","","","","6"
"529","Oregon","09/11/10","16","HAWKINS","DARYLE","2","4","0","4","0","","","","","","","2","4","","","","","","","","","","","","","","","","","","","","","","","","","","","","","","0"
"529","Oregon","09/18/10","16","HAWKINS","DARYLE","6","24","3","21","0","","","","","","","6","21","1","12","1","","","","","","","","","","","","","","","1","","","","","","","","","","","","6"
"529","Oregon","10/21/10","16","HAWKINS","DARYLE","","","","","","","","","","","","0","0","2","4","0","","","","","","","","","","","","","","","","","","","","","","","","","","","0"
"529","Oregon","11/06/10","81","HOFFMAN","JUSTIN","","","","","","","","","","","","0","0","1","9","0","","","","","","","","","","","","","","","","","","","","","","","","","","","0"
"529","Oregon","11/26/10","81","HOFFMAN","JUSTIN","","","","","","","","","","","","0","0","1","4","0","","","","","","","","","","","","","","","","","","","","","","","","","","","0"
"529","Oregon","12/04/10","81","HOFFMAN","JUSTIN","","","","","","","","","","","","0","0","1","2","0","","","","","","","","","","","","","","","","","","","","","","","","","","","0"
"529","Oregon","09/04/10","4","HUFF","JOSH","","","","","","","","","","","","0","0","3","45","0","","","","","","","","","","","","","","","","","","","","","","","","","","","0"
"529","Oregon","09/18/10","4","HUFF","JOSH","2","31","0","31","1","","","","","","","2","31","1","4","0","","","","","","","","","","","","","","","1","","","","","","","","","","","","6"
"529","Oregon","09/25/10","4","HUFF","JOSH","1","14","0","14","0","","","","","","","1","14","1","54","1","","","","","","","","","","","","","","","1","","","","","","","","","","","","6"
"529","Oregon","10/02/10","4","HUFF","JOSH","","","","","","","","","","","","0","0","5","64","1","","","","","","","","","","","","","","","1","","","","","","","","","","","","6"
"529","Oregon","10/09/10","4","HUFF","JOSH","1","16","0","16","0","","","","","","","1","16","1","3","0","","","","","","","","","","","","2","37","0","","","","","","","","","","","","","0"
"529","Oregon","10/21/10","4","HUFF","JOSH","1","1","0","1","0","","","","","","","1","1","2","37","1","","","","","","","","","0","2","0","3","83","0","1","","","","","","","","","","","","6"
"529","Oregon","10/30/10","4","HUFF","JOSH","2","28","0","28","0","","","","","","","2","28","1","57","0","","","","","","","","","","","","5","117","0","","","","","","","","","","","","","0"
"529","Oregon","11/06/10","4","HUFF","JOSH","","","","","","","","","","","","0","0","","","","","","","","","","","","","","","3","132","0","","","","","","","","","","","","","0"
"529","Oregon","11/13/10","4","HUFF","JOSH","","","","","","","","","","","","0","0","2","12","0","","","","","","","","","","","","2","57","0","","","","","","","","","","","","","0"
"529","Oregon","11/26/10","4","HUFF","JOSH","3","103","0","103","1","","","","","","","3","103","2","18","0","","","","","","","","","","","","3","65","0","1","","","","","","","","","","","","6"
"529","Oregon","12/04/10","4","HUFF","JOSH","2","21","0","21","0","","","","","","","2","21","1","9","0","","","","","","","","","","","","3","41","0","","","","","","","","","","","","","0"
"529","Oregon","01/10/11","4","HUFF","JOSH","","","","","","","","","","","","0","0","","","","","","","","","","","","","","","2","35","0","","","","","","","","","","","","","0"
"529","Oregon","09/18/10","12","JACKSON","BRIAN","","","","","","","","","","","","0","0","","","","1","6","0","","","","","","","","","","","","","","","","","","","","","","","","0"
"529","Oregon","09/25/10","37","JACKSON III","TALMADGE","","","","","","","","","","","","0","0","","","","1","0","0","","","","","","","","","","","","","","","","","","","","","","","","0"
"529","Oregon","12/04/10","37","JACKSON III","TALMADGE","","","","","","","","","","","","0","0","","","","1","52","0","","","","","","","","","","","","","","","","","","","","","","","","0"
"529","Oregon","09/11/10","21","JAMES","LAMICHAEL","16","142","8","134","1","","","","","","","16","134","","","","","","","","","","","","","","","","","","1","","","","","","","","","","","","6"
"529","Oregon","09/18/10","21","JAMES","LAMICHAEL","14","232","5","227","2","","","","","","","14","227","1","9","0","","","","","","","","","1","-2","0","","","","2","","","","","","","","","","","","12"
"529","Oregon","09/25/10","21","JAMES","LAMICHAEL","28","120","26","94","1","","","","","","","28","94","","","","","","","","","","","","","","","","","","1","","","","","","","","","","","","6"
"529","Oregon","10/02/10","21","JAMES","LAMICHAEL","31","257","0","257","3","","","","","","","31","257","","","","","","","","","","","","","","","","","","3","","","","","","","","","","","","18"
"529","Oregon","10/09/10","21","JAMES","LAMICHAEL","25","142","6","136","2","","","","","","","25","136","2","87","1","","","","","","","","","","","","","","","3","","","","","","","","","","","","18"
"529","Oregon","10/21/10","21","JAMES","LAMICHAEL","20","137","14","123","2","","","","","","","20","123","1","25","0","","","","","","","","","","","","","","","2","","","","","","","","","","","","12"
"529","Oregon","10/30/10","21","JAMES","LAMICHAEL","36","249","10","239","3","","","","","","","36","239","1","-2","0","","","","","","","","","","","","","","","3","","","","","","","","","","","","18"
"529","Oregon","11/06/10","21","JAMES","LAMICHAEL","26","123","2","121","3","","","","","","","26","121","3","19","0","","","","","","","","","","","","","","","3","","","","","","","","","","","","18"
"529","Oregon","11/13/10","21","JAMES","LAMICHAEL","29","101","10","91","0","","","","","","","29","91","2","11","0","","","","","","","","","","","","","","","","","","","","","","","","","","","0"
"529","Oregon","11/26/10","21","JAMES","LAMICHAEL","28","138","12","126","2","","","","","","","28","126","3","20","0","","","","","","","","","","","","","","","2","","","","","","","","","","","","12"
"529","Oregon","12/04/10","21","JAMES","LAMICHAEL","28","145","11","134","2","","","","","","","28","134","","","","","","","","","","","","","","","","","","2","","","","","","","","","","","","12"
"529","Oregon","01/10/11","21","JAMES","LAMICHAEL","13","54","5","49","0","","","","","","","13","49","4","39","2","","","","","","","","","","","","","","","2","","","","","","","","","","","","12"
"529","Oregon","10/21/10","0A","JOHNSON","MARVIN","","","","","","","","","","","","0","0","","","","","","","1","4","0","","","","","","","","","","","","","","","","","","","","","0"
"529","Oregon","01/10/11","0A","JOHNSON","MARVIN","","","","","","","","","","","","0","0","1","11","0","","","","","","","","","","","","","","","","","","","","","","","","","","","0"
"529","Oregon","10/09/10","96","JORDAN","DION","","","","","","","","","","","","0","0","","","","","","","","","","","","","","","","","","","","","1","1","","","","","","","","2"
"529","Oregon","11/13/10","96","JORDAN","DION","","","","","","","","","","","","0","0","","","","","","","","","","","","","","","","","","","","","1","1","","","","","","","","2"
"529","Oregon","09/18/10","14","LEWIS","JAVES","","","","","","","","","","","","0","0","","","","1","7","0","","","","","","","","","","","","","","","","","","","","","","","","0"
"529","Oregon","09/18/10","26","LEWIS","MALACHI","","","","","","","","","","","","0","0","1","8","1","","","","","","","","","","","","","","","1","","","","","","","","","","","","6"
"529","Oregon","10/09/10","26","LEWIS","MALACHI","","","","","","","","","","","","0","0","1","9","0","","","","","","","","","","","","","","","","","","","","","","","","","","","0"
"529","Oregon","09/25/10","25","LOKOMBO","BOSEKO","","","","","","","","","","","","0","0","","","","","","","1","32","1","","","","","","","","","1","","","","","","","","","","","","6"
"529","Oregon","09/04/10","23","MAEHL","JEFFREY","","","","","","","","","","","","0","0","5","91","0","","","","","","","","","","","","","","","","","","","","","","","","","","","0"
"529","Oregon","09/11/10","23","MAEHL","JEFFREY","","","","","","","","","","","","0","0","5","50","0","","","","","","","","","","","","","","","","","","","","","","","","","","","0"
"529","Oregon","09/18/10","23","MAEHL","JEFFREY","","","","","","","","","","","","0","0","3","82","2","","","","","","","","","","","","","","","2","","","","","","","","","","","","12"
"529","Oregon","09/25/10","23","MAEHL","JEFFREY","","","","","","","","","","","","0","0","5","31","1","","","","","","","","","","","","","","","1","","","","","","","","","","","","6"
"529","Oregon","10/02/10","23","MAEHL","JEFFREY","","","","","","","","","","","","0","0","3","50","1","","","","","","","","","","","","","","","1","","","","","","","","","","","","6"
"529","Oregon","10/09/10","23","MAEHL","JEFFREY","","","","","","","","","","","","0","0","10","119","1","","","","","","","","","","","","","","","1","","","","","","","","","","","","6"
"529","Oregon","10/21/10","23","MAEHL","JEFFREY","","","","","","","","","","","","0","0","8","107","1","","","","","","","","","","","","","","","1","","","","","","","","","","","","6"
"529","Oregon","10/30/10","23","MAEHL","JEFFREY","1","0","1","-1","0","","","","","","","1","-1","8","145","3","","","","","","","","","","","","","","","3","","","","","","","","","","","","18"
"529","Oregon","11/06/10","23","MAEHL","JEFFREY","","","","","","","","","","","","0","0","7","71","1","","","","","","","","","","","","","","","1","","","","","","","","","","","","6"
"529","Oregon","11/13/10","23","MAEHL","JEFFREY","","","","","","","","","","","","0","0","5","84","1","","","","","","","","","","","","","","","1","","","","","","","","","","","","6"
"529","Oregon","11/26/10","23","MAEHL","JEFFREY","","","","","","","","","","","","0","0","2","27","1","","","","","","","","","","","","","","","1","","","","","","","","","","","","6"
"529","Oregon","12/04/10","23","MAEHL","JEFFREY","","","","","","","","","","","","0","0","7","86","0","","","","","","","","","","","","","","","","","","","","","","","","","","","0"
"529","Oregon","01/10/11","23","MAEHL","JEFFREY","","","","","","","","","","","","0","0","9","133","0","","","","","","","","","","","","","","","","","","0","0","","","","","","","","0"
"529","Oregon","11/26/10","41","MALDONADO","ALEJANDRO","","","","","","","","","","","","0","0","","","","","","","","","","1","30","","","","","","","","","","","","","","","","","","","0"
"529","Oregon","12/04/10","41","MALDONADO","ALEJANDRO","","","","","","","","","","","","0","0","","","","","","","","","","2","78","","","","","","","","","","","","","","","","","","","0"
"529","Oregon","09/04/10","55","MATTHEWS","CASEY","","","","","","","","","","","","0","0","","","","1","2","0","","","","","","","","","","","","","","","","","","","","","","","","0"
"529","Oregon","09/25/10","55","MATTHEWS","CASEY","","","","","","","","","","","","0","0","","","","1","6","0","","","","","","","","","","","","","","","","","","","","","","","","0"
"529","Oregon","10/09/10","55","MATTHEWS","CASEY","","","","","","","","","","","","0","0","","","","1","7","0","","","","","","","","","","","","","","","","","","","","","","","","0"
"529","Oregon","11/26/10","55","MATTHEWS","CASEY","","","","","","","","","","","","0","0","","","","","","","","","","","","","","","1","15","0","","","","","","","","","","","","","0"
"529","Oregon","09/04/10","9J","MURPHY","WILL","","","","","","","","","","","","0","0","2","22","0","","","","","","","","","","","","","","","","","","","","","","","","","","","0"
"529","Oregon","09/04/10","31","PATTERSON","AVERY","","","","","","","","","","","","0","0","","","","1","0","0","","","","","","","","","","","","","","","","","","","","","","","","0"
"529","Oregon","09/04/10","42","PAULSON","DAVID","","","","","","","","","","","","0","0","2","42","1","","","","","","","","","","","","","","","1","","","","","","","","","","","","6"
"529","Oregon","09/11/10","42","PAULSON","DAVID","","","","","","","","","","","","0","0","4","61","1","","","","","","","","","","","","","","","1","","","","","","","","","","","","6"
"529","Oregon","09/25/10","42","PAULSON","DAVID","","","","","","","","","","","","0","0","2","76","0","","","","","","","","","","","","","","","","","","","","","","","","","","","0"
"529","Oregon","10/02/10","42","PAULSON","DAVID","","","","","","","","","","","","0","0","1","13","0","","","","","","","","","","","","","","","","","","","","","","","","","","","0"
"529","Oregon","10/09/10","42","PAULSON","DAVID","","","","","","","","","","","","0","0","1","19","0","","","","","","","","","","","","","","","","","","","","","","","","","","","0"
"529","Oregon","10/21/10","42","PAULSON","DAVID","","","","","","","","","","","","0","0","4","62","1","","","","","","","","","","","","","","","1","","","","","","","","","","","","6"
"529","Oregon","10/30/10","42","PAULSON","DAVID","","","","","","","","","","","","0","0","1","8","0","","","","","","","","","","","","","","","","","","","","","","","","","","","0"
"529","Oregon","11/06/10","42","PAULSON","DAVID","","","","","","","","","","","","0","0","3","41","0","","","","","","","","","","","","","","","","","","","","","","","","","","","0"
"529","Oregon","11/26/10","42","PAULSON","DAVID","","","","","","","","","","","","0","0","3","48","1","","","","","","","","","","","","","","","1","","","","","","","","","","","","6"
"529","Oregon","01/10/11","42","PAULSON","DAVID","","","","","","","","","","","","0","0","3","48","0","","","","","","","","","","","","","","","","","","","","","","","","","","","0"
"529","Oregon","10/02/10","11","PLEASANT","EDDIE","","","","","","","","","","","","0","0","","","","","","","1","51","0","","","","","","","","","","","","","","","","","","","","","0"
"529","Oregon","09/04/10","32","REED","ANDRES","6","30","0","30","0","","","","","","","6","30","1","15","0","","","","","","","","","","","","","","","","","","","","","","","","","","","0"
"529","Oregon","09/18/10","32","REED","ANDRES","12","107","12","95","0","","","","","","","12","95","","","","","","","","","","","","","","","","","","","","","","","","","","","","","","0"
"529","Oregon","09/11/10","49","RICE","JACKSON","","","","","","","","","","","","0","0","","","","","","","","","","4","167","","","","","","","","","","","","","","","","","","","0"
"529","Oregon","09/18/10","49","RICE","JACKSON","","","","","","","","","","","","0","0","","","","","","","","","","3","109","","","","","","","","","","","","","","","","","","","0"
"529","Oregon","09/25/10","49","RICE","JACKSON","","","","","","","","","","","","0","0","","","","","","","","","","11","508","","","","","","","","","","","","","","","","","","","0"
"529","Oregon","10/02/10","49","RICE","JACKSON","","","","","","","","","","","","0","0","","","","","","","","","","2","55","","","","","","","","","","","","","","","","","","","0"
"529","Oregon","10/09/10","49","RICE","JACKSON","","","","","","","","","","","","0","0","","","","","","","","","","2","99","","","","","","","","","","","","","","","","","","","0"
"529","Oregon","10/21/10","49","RICE","JACKSON","","","","","","","","","","","","0","0","","","","","","","","","","1","39","","","","","","","","","","","","","","","","","","","0"
"529","Oregon","10/30/10","49","RICE","JACKSON","","","","","","","","","","","","0","0","","","","","","","","","","5","232","","","","","","","","","","","","","","","","","","","0"
"529","Oregon","11/06/10","49","RICE","JACKSON","","","","","","","","","","","","0","0","","","","","","","","","","2","86","","","","","","","","","","","","","","","","","","","0"
"529","Oregon","11/13/10","49","RICE","JACKSON","","","","","","","","","","","","0","0","","","","","","","","","","5","212","","","","","","","","","","","","","","","","","","","0"
"529","Oregon","01/10/11","49","RICE","JACKSON","","","","","","1","1","0","11","0","","1","11","","","","","","","","","","5","184","","","","","","","","","","","","","","","","","","","0"
"529","Oregon","09/04/10","48","SOLIS","ERIC","","","","","","","","","","","","0","0","","","","","","","","","","","","","","","","","","","9","9","0","0","","","","","4","3","","18"
"529","Oregon","09/04/10","1","THOMAS","DARRON","","","","","","23","13","1","220","2","","23","220","1","-4","0","","","","","","","","","","","","","","","","","","","","","","","","","","","0"
"529","Oregon","09/11/10","1","THOMAS","DARRON","7","44","10","34","0","32","17","0","202","2","","39","236","","","","","","","","","","","","","","","","","","","","","","","","","","","","","","0"
"529","Oregon","09/18/10","1","THOMAS","DARRON","8","53","3","50","0","18","9","1","140","4","","26","190","","","","","","","","","","","","","","","","","","","","","","","","","","","","","","0"
"529","Oregon","09/25/10","1","THOMAS","DARRON","4","18","0","18","1","33","19","1","260","2","","37","278","","","","","","","","","","","","","","","","","","1","","","","","","","","","","","","6"
"529","Oregon","10/02/10","1","THOMAS","DARRON","15","117","0","117","1","29","20","2","238","3","","44","355","","","","","","","","","","","","","","","","","","1","","","","","","","","","","","","6"
"529","Oregon","10/09/10","1","THOMAS","DARRON","3","10","8","2","0","13","9","0","171","1","","16","173","","","","","","","","","","","","","","","","","","","","","","","","","","","","","","0"
"529","Oregon","10/21/10","1","THOMAS","DARRON","5","48","0","48","0","31","22","0","308","3","","36","356","","","","","","","","","","","","","","","","","","","","","","","","","","","","","","0"
"529","Oregon","10/30/10","1","THOMAS","DARRON","8","47","5","42","0","32","19","1","288","4","","40","330","","","","","","","","","","","","","","","","","","","","","","","","","","","","","","0"
"529","Oregon","11/06/10","1","THOMAS","DARRON","12","102","13","89","2","33","24","0","243","1","","45","332","","","","","","","","","","","","","","","","","","2","","","","","","","","","","","","12"
"529","Oregon","11/13/10","1","THOMAS","DARRON","16","62","28","34","0","29","15","0","155","1","","45","189","","","","","","","","","","","","","","","","","","","","","","","","","","","","","","0"
"529","Oregon","11/26/10","1","THOMAS","DARRON","6","62","0","62","1","24","14","1","148","3","0","30","210","","","","","","","","","","","","","","","","","","1","","","1","0","","","","","","","","6"
"529","Oregon","12/04/10","1","THOMAS","DARRON","1","0","4","-4","0","24","14","0","145","2","","25","141","","","","","","","","","","","","","","","","","","","","","","","","","","","","","","0"
"529","Oregon","01/10/11","1","THOMAS","DARRON","8","7","13","-6","0","40","27","2","363","2","1","48","357","","","","","","","","","","","","","","","","","","","","","1","1","","","","","","","","2"
"529","Oregon","09/04/10","80","TUINEI","LAVASIER","","","","","","","","","","","","0","0","2","11","0","","","","","","","","","","","","","","","","","","","","","","","","","","","0"
"529","Oregon","09/11/10","80","TUINEI","LAVASIER","","","","","","","","","","","","0","0","3","45","1","","","","","","","","","","","","","","","1","","","","","","","","","","","","6"
"529","Oregon","09/18/10","80","TUINEI","LAVASIER","","","","","","","","","","","","0","0","1","12","0","","","","","","","","","","","","","","","","","","","","","","","","","","","0"
"529","Oregon","09/25/10","80","TUINEI","LAVASIER","","","","","","","","","","","","0","0","4","27","0","","","","","","","","","","","","","","","","","","","","","","","","","","","0"
"529","Oregon","10/02/10","80","TUINEI","LAVASIER","","","","","","","","","","","","0","0","5","47","0","","","","","","","","","","","","","","","","","","","","","","","","","","","0"
"529","Oregon","10/09/10","80","TUINEI","LAVASIER","","","","","","","","","","","","0","0","1","14","0","","","","","","","","","","","","","","","","","","","","","","","","","","","0"
"529","Oregon","10/21/10","80","TUINEI","LAVASIER","","","","","","","","","","","","0","0","3","40","0","","","","","","","","","","","","","","","","","","","","","","","","","","","0"
"529","Oregon","10/30/10","80","TUINEI","LAVASIER","","","","","","","","","","","","0","0","7","78","1","","","","","","","","","","","","","","","1","","","","","","","","","","","","6"
"529","Oregon","11/06/10","80","TUINEI","LAVASIER","","","","","","","","","","","","0","0","7","47","0","","","","","","","","","","","","","","","","","","","","","","","","","","","0"
"529","Oregon","01/10/11","80","TUINEI","LAVASIER","","","","","","","","","","","","0","0","3","75","0","","","","","","","","","","","","","","","","","","","","","","","","","","","0"
"529","Oregon","12/04/10","45","TURNER","TERRELL","","","","","","","","","","","","0","0","","","","1","0","0","","","","","","","","","","","","","","","","","","","","","","","","0"
"529","Oregon","09/04/10","87","WILLIAMS","BRANDON","","","","","","","","","","","","0","0","1","19","0","","","","","","","","","","","","","","","","","","","","","","","","","","","0"
"529","Oregon","09/11/10","87","WILLIAMS","BRANDON","","","","","","","","","","","","0","0","1","29","0","","","","","","","","","","","","","","","","","","","","","","","","","","","0"
"528","Oregon St.","09/04/10","23","BISHOP","JORDAN","","","","","","","","","","","","0","0","1","34","1","","","","","","","","","","","","","","","1","","","","","","","","","","","","6"
"528","Oregon St.","09/18/10","23","BISHOP","JORDAN","","","","","","","","","","","","0","0","2","20","0","","","","","","","","","","","","","","","","","","","","","","","","","","","0"
"528","Oregon St.","09/25/10","23","BISHOP","JORDAN","","","","","","","","","","","","0","0","2","33","0","","","","","","","","","","","","","","","","","","","","","","","","","","","0"
"528","Oregon St.","10/02/10","23","BISHOP","JORDAN","","","","","","","","","","","","0","0","4","86","0","","","","","","","","","","","","","","","","","","","","","","","","","","","0"
"528","Oregon St.","10/09/10","23","BISHOP","JORDAN","","","","","","","","","","","","0","0","2","36","0","","","","","","","","","","","","","","","","","","","","","","","","","","","0"
"528","Oregon St.","10/16/10","23","BISHOP","JORDAN","","","","","","","","","","","","0","0","2","32","0","","","","","","","","","","","","","","","","","","","","","","","","","","","0"
"528","Oregon St.","10/30/10","23","BISHOP","JORDAN","","","","","","","","","","","","0","0","1","23","0","","","","","","","","","","","","","","","","","","","","","","","","","","","0"
"528","Oregon St.","11/20/10","23","BISHOP","JORDAN","","","","","","","","","","","","0","0","2","34","1","","","","","","","","","","","","","","","1","","","","","","","","","","","","6"
"528","Oregon St.","11/27/10","23","BISHOP","JORDAN","","","","","","","","","","","","0","0","2","7","0","","","","","","","","","","","","","","","","","","","","","","","","","","","0"
"528","Oregon St.","12/04/10","23","BISHOP","JORDAN","","","","","","","","","","","","0","0","4","48","0","","","","","","","","","","","","","","","","","","","","","","","","","","","0"
"528","Oregon St.","10/02/10","83","CAMP","BRADY","","","","","","","","","","","","0","0","1","2","0","","","","","","","","","","","","","","","","","","","","","","","","","","","0"
"528","Oregon St.","12/04/10","83","CAMP","BRADY","","","","","","","","","","","","0","0","1","5","0","","","","","","","","","","","","","","","","","","","","","","","","","","","0"
"528","Oregon St.","09/18/10","15","CATCHINGS","DARRELL","","","","","","","","","","","","0","0","2","36","0","","","","","","","","","","","","","","","","","","","","","","","","","","","0"
"528","Oregon St.","09/25/10","15","CATCHINGS","DARRELL","","","","","","","","","","","","0","0","1","29","0","","","","","","","","","","","","","","","","","","","","","","","","","","","0"
"528","Oregon St.","10/02/10","15","CATCHINGS","DARRELL","","","","","","","","","","","","0","0","2","10","0","","","","","","","","","","","","","","","","","","","","","","","","","","","0"
"528","Oregon St.","10/09/10","33","DARKINS","WILL","","","","","","","","","","","","0","0","1","5","0","","","","","","","","","","","","","","","","","","","","","","","","","","","0"
"528","Oregon St.","10/30/10","33","DARKINS","WILL","","","","","","","","","","","","0","0","2","9","0","","","","","","","","","","","","","","","","","","","","","","","","","","","0"
"528","Oregon St.","11/06/10","33","DARKINS","WILL","","","","","","","","","","","","0","0","1","20","0","","","","","","","","","","","","","","","","","","","","","","","","","","","0"
"528","Oregon St.","11/27/10","33","DARKINS","WILL","","","","","","","","","","","","0","0","1","7","0","","","","","","","","","","","","","","","","","","","","","","","","","","","0"
"528","Oregon St.","09/18/10","4","DOCKERY","JAMES","","","","","","","","","","","","0","0","","","","1","0","0","","","","","","","","","","","","","","","","","","","","","","","","0"
"528","Oregon St.","10/02/10","4","DOCKERY","JAMES","","","","","","","","","","","","0","0","","","","2","0","0","","","","","","","","","","","","","","","","","","","","","","","","0"
"528","Oregon St.","11/06/10","4","DOCKERY","JAMES","","","","","","","","","","","","0","0","","","","1","0","0","","","","","","","","","","","","","","","","","","","","","","","","0"
"528","Oregon St.","09/04/10","87","HALAHUNI","JOE","","","","","","","","","","","","0","0","2","26","0","","","","","","","","","","","","","","","","","","","","","","","","","","","0"
"528","Oregon St.","09/18/10","87","HALAHUNI","JOE","","","","","","","","","","","","0","0","1","3","1","","","","","","","","","","","","","","","1","","","","","","","","","","","","6"
"528","Oregon St.","09/25/10","87","HALAHUNI","JOE","","","","","","","","","","","","0","0","3","56","1","","","","","","","","","","","","","","","1","","","","","","","","","","","","6"
"528","Oregon St.","10/02/10","87","HALAHUNI","JOE","","","","","","","","","","","","0","0","3","33","1","","","","","","","","","","","","","","","1","","","","","","","","","","","","6"
"528","Oregon St.","10/09/10","87","HALAHUNI","JOE","","","","","","","","","","","","0","0","5","70","0","","","","","","","","","","","","","","","","","","","","","","","","","","","0"
"528","Oregon St.","10/16/10","87","HALAHUNI","JOE","","","","","","","","","","","","0","0","1","5","0","","","","","","","","","","","","","","","","","","","","","","","","","","","0"
"528","Oregon St.","10/30/10","87","HALAHUNI","JOE","","","","","","","","","","","","0","0","4","52","1","","","","","","","","","","","","","","","1","","","","","","","","","","","","6"
"528","Oregon St.","11/06/10","87","HALAHUNI","JOE","","","","","","","","","","","","0","0","5","60","1","","","","","","","","","","","","","","","1","","","","","","","","","","","","6"
"528","Oregon St.","11/13/10","87","HALAHUNI","JOE","","","","","","","","","","","","0","0","2","27","0","","","","","","","","","","","","","","","","","","","","","","","","","","","0"
"528","Oregon St.","11/20/10","87","HALAHUNI","JOE","","","","","","","","","","","","0","0","1","8","1","","","","","","","","","","","","","","","1","","","","","","","","","","","","6"
"528","Oregon St.","11/27/10","87","HALAHUNI","JOE","","","","","","","","","","","","0","0","2","36","0","","","","","","","","","","","","","","","","","","","","","","","","","","","0"
"528","Oregon St.","12/04/10","87","HALAHUNI","JOE","","","","","","","","","","","","0","0","1","14","0","","","","","","","","","","","","","","","","","","","","","","","","","","","0"
"528","Oregon St.","09/04/10","7","HEKKER","JOHNNY","","","","","","1","1","0","23","0","","1","23","","","","","","","","","","5","217","","","","","","","","","","","","","","","","","","","0"
"528","Oregon St.","09/18/10","7","HEKKER","JOHNNY","","","","","","","","","","","","0","0","","","","","","","","","","7","301","","","","","","","","","","","","","","","","","","","0"
"528","Oregon St.","09/25/10","7","HEKKER","JOHNNY","","","","","","","","","","","","0","0","","","","","","","","","","5","193","","","","","","","","","","","","","","","","","","","0"
"528","Oregon St.","10/02/10","7","HEKKER","JOHNNY","","","","","","","","","","","","0","0","","","","","","","","","","5","224","","","","","","","","","","","","","","","","","","","0"
"528","Oregon St.","10/09/10","7","HEKKER","JOHNNY","","","","","","","","","","","","0","0","","","","","","","","","","4","165","","","","","","","","","","","","","","","","","","","0"
"528","Oregon St.","10/16/10","7","HEKKER","JOHNNY","","","","","","","","","","","","0","0","","","","","","","","","","6","243","","","","","","","","","","","","","","","","","","","0"
"528","Oregon St.","10/30/10","7","HEKKER","JOHNNY","","","","","","","","","","","","0","0","","","","","","","","","","5","168","","","","","","","","","","","","","","","","","","","0"
"528","Oregon St.","11/06/10","7","HEKKER","JOHNNY","","","","","","","","","","","","0","0","","","","","","","","","","6","256","","","","","","","","","","","","","","","","","","","0"
"528","Oregon St.","11/13/10","7","HEKKER","JOHNNY","","","","","","","","","","","","0","0","","","","","","","","","","4","161","","","","","","","","","","","","","","","","","","","0"
"528","Oregon St.","11/20/10","7","HEKKER","JOHNNY","","","","","","","","","","","","0","0","","","","","","","","","","6","263","","","","","","","","","","","","","","","","","","","0"
"528","Oregon St.","11/27/10","7","HEKKER","JOHNNY","","","","","","","","","","","","0","0","","","","","","","","","","4","165","","","","","","","","","","","","","","","","","","","0"
"528","Oregon St.","12/04/10","7","HEKKER","JOHNNY","","","","","","1","0","1","0","0","","1","0","","","","","","","","","","4","189","","","","","","","","","","","","","","","","","","","0"
"528","Oregon St.","09/18/10","34","JENKINS","JORDAN","1","3","0","3","0","","","","","","","1","3","","","","","","","","","","","","","","","","","","","","","","","","","","","","","","0"
"528","Oregon St.","10/30/10","34","JENKINS","JORDAN","1","5","0","5","0","","","","","","","1","5","","","","","","","","","","","","","","","","","","","","","","","","","","","","","","0"
"528","Oregon St.","11/27/10","34","JENKINS","JORDAN","","","","","","","","","","","","0","0","","","","","","","","","","","","","","","1","6","0","","","","","","","","","","","","","0"
"528","Oregon St.","09/04/10","27","KAHUT","JUSTIN","","","","","","","","","","","","0","0","","","","","","","","","","","","","","","","","","","3","3","0","0","","","","","1","0","","3"
"528","Oregon St.","09/18/10","27","KAHUT","JUSTIN","","","","","","","","","","","","0","0","","","","","","","","","","","","","","","","","","","5","5","0","0","","","","","","","","5"
"528","Oregon St.","09/25/10","27","KAHUT","JUSTIN","","","","","","","","","","","","0","0","","","","","","","","","","","","","","","","","","","3","3","0","0","","","","","2","1","","6"
"528","Oregon St.","10/02/10","27","KAHUT","JUSTIN","","","","","","","","","","","","0","0","","","","","","","","","","","","","","","","","","","4","4","0","0","","","","","1","1","","7"
"528","Oregon St.","10/09/10","27","KAHUT","JUSTIN","","","","","","","","","","","","0","0","","","","","","","","","","","","","","","","","","","4","2","0","0","","","","","1","1","","5"
"528","Oregon St.","10/16/10","27","KAHUT","JUSTIN","","","","","","","","","","","","0","0","","","","","","","","","","","","","","","","","","","4","4","0","0","","","","","","","","4"
"528","Oregon St.","10/30/10","27","KAHUT","JUSTIN","","","","","","","","","","","","0","0","","","","","","","","","","","","","","","","","","","5","5","0","0","","","","","1","0","","5"
"528","Oregon St.","11/06/10","27","KAHUT","JUSTIN","","","","","","","","","","","","0","0","","","","","","","","","","","","","","","","","","","2","2","0","0","","","","","","","","2"
"528","Oregon St.","11/13/10","27","KAHUT","JUSTIN","","","","","","","","","","","","0","0","","","","","","","","","","","","","","","","","","","2","2","0","0","","","","","1","0","","2"
"528","Oregon St.","11/20/10","27","KAHUT","JUSTIN","","","","","","","","","","","","0","0","","","","","","","","","","","","","","","","","","","3","3","0","0","","","","","3","3","","12"
"528","Oregon St.","12/04/10","27","KAHUT","JUSTIN","","","","","","","","","","","","0","0","","","","","","","","","","","","","","","","","","","2","2","0","0","","","","","2","2","","8"
"528","Oregon St.","09/04/10","12","KATZ","RYAN","3","8","6","2","0","25","9","0","159","2","","28","161","","","","","","","","","","","","","","","","","","","","","","","","","","","","","","0"
"528","Oregon St.","09/18/10","12","KATZ","RYAN","4","16","11","5","0","26","15","0","142","2","","30","147","","","","","","","","","","","","","","","","","","","","","","","","","","","","","","0"
"528","Oregon St.","09/25/10","12","KATZ","RYAN","10","37","26","11","0","26","12","0","159","1","","36","170","","","","","","","","","","","","","","","","","","","","","","","","","","","","","","0"
"528","Oregon St.","10/02/10","12","KATZ","RYAN","2","8","0","8","0","29","19","0","260","2","","31","268","","","","","","","","","","","","","","","","","","","","","","","","","","","","","","0"
"528","Oregon St.","10/09/10","12","KATZ","RYAN","8","32","25","7","1","42","30","1","393","2","","50","400","","","","","","","","","","","","","","","","","","1","","","","","","","","","","","","6"
"528","Oregon St.","10/16/10","12","KATZ","RYAN","11","30","24","6","1","31","17","3","206","1","0","42","212","","","","","","","","","","","","","","","","","","1","","","1","0","","","","","","","","6"
"528","Oregon St.","10/30/10","12","KATZ","RYAN","5","11","10","1","0","29","22","0","202","1","","34","203","","","","","","","","","","","","","","","","","","","","","","","","","","","","","","0"
"528","Oregon St.","11/06/10","12","KATZ","RYAN","9","30","20","10","0","26","18","0","164","1","","35","174","","","","","","","","","","","","","","","","","","","","","","","","","","","","","","0"
"528","Oregon St.","11/13/10","12","KATZ","RYAN","8","42","36","6","0","21","12","1","155","2","","29","161","","","","","","","","","","","","","","","","","","","","","","","","","","","","","","0"
"528","Oregon St.","11/20/10","12","KATZ","RYAN","8","10","25","-15","0","24","17","0","154","2","0","32","139","","","","","","","","","","","","","","","","","","","","","1","0","","","","","","","","0"
"528","Oregon St.","11/27/10","12","KATZ","RYAN","5","0","22","-22","0","36","19","3","183","0","","41","161","","","","","","","","","","","","","","","","","","","","","","","","","","","","","","0"
"528","Oregon St.","12/04/10","12","KATZ","RYAN","5","10","15","-5","0","40","23","3","224","2","","45","219","","","","","","","","","","","","","","","","","","","","","","","","","","","","","","0"
"528","Oregon St.","10/09/10","24","MCCANTS","RYAN","","","","","","","","","","","","0","0","1","5","0","","","","","","","","","","","","","","","","","","","","","","","","","","","0"
"528","Oregon St.","10/30/10","24","MCCANTS","RYAN","3","11","1","10","0","","","","","","","3","10","","","","","","","","","","","","","","","","","","","","","","","","","","","","","","0"
"528","Oregon St.","11/06/10","24","MCCANTS","RYAN","1","4","0","4","0","","","","","","","1","4","","","","","","","","","","","","","","","","","","","","","","","","","","","","","","0"
"528","Oregon St.","09/04/10","10","MITCHELL","LANCE","","","","","","","","","","","","0","0","","","","1","21","0","","","","","","","","","","","","","","","","","","","","","","","","0"
"528","Oregon St.","10/02/10","10","MITCHELL","LANCE","","","","","","","","","","","","0","0","","","","1","9","0","","","","","","","","","","","","","","","","","","","","","","","","0"
"528","Oregon St.","10/02/10","18","MUNOZ","GENO","","","","","","","","","","","","0","0","1","9","0","","","","","","","","","","","","","","","","","","","","","","","","","","","0"
"528","Oregon St.","10/09/10","18","MUNOZ","GENO","","","","","","","","","","","","0","0","1","9","0","","","","","","","","","","","","","","","","","","","","","","","","","","","0"
"528","Oregon St.","10/16/10","18","MUNOZ","GENO","","","","","","","","","","","","0","0","1","5","0","","","","","","","","","","","","","","","","","","","","","","","","","","","0"
"528","Oregon St.","09/04/10","46","NICHOLS","AARON","","","","","","","","","","","","0","0","2","24","0","","","","","","","","","","","","","","","","","","","","","","","","","","","0"
"528","Oregon St.","09/18/10","46","NICHOLS","AARON","","","","","","","","","","","","0","0","1","13","0","","","","","","","","","","","","","","","","","","","","","","","","","","","0"
"528","Oregon St.","09/25/10","46","NICHOLS","AARON","","","","","","","","","","","","0","0","1","5","0","","","","","","","","","","","","","","","","","","","","","","","","","","","0"
"528","Oregon St.","10/02/10","46","NICHOLS","AARON","","","","","","","","","","","","0","0","3","61","1","","","","","","","","","","","","","","","1","","","","","","","","","","","","6"
"528","Oregon St.","10/09/10","46","NICHOLS","AARON","","","","","","","","","","","","0","0","3","12","0","","","","","","","","","","","","","","","","","","","","","","","","","","","0"
"528","Oregon St.","10/16/10","46","NICHOLS","AARON","","","","","","","","","","","","0","0","5","72","0","","","","","","","","","","","","","","","","","","","","","","","","","","","0"
"528","Oregon St.","10/30/10","46","NICHOLS","AARON","","","","","","","","","","","","0","0","4","32","0","","","","","","","","","","","","","","","","","","","","","","","","","","","0"
"528","Oregon St.","11/06/10","46","NICHOLS","AARON","","","","","","","","","","","","0","0","2","21","0","","","","","","","","","","","","","","","","","","","","","","","","","","","0"
"528","Oregon St.","11/13/10","46","NICHOLS","AARON","","","","","","","","","","","","0","0","1","8","0","","","","","","","","","","","","","","","","","","","","","","","","","","","0"
"528","Oregon St.","11/20/10","46","NICHOLS","AARON","","","","","","","","","","","","0","0","2","29","0","","","","","","","","","","","","","","","","","","","","","","","","","","","0"
"528","Oregon St.","11/27/10","46","NICHOLS","AARON","","","","","","","","","","","","0","0","5","53","0","","","","","","","","","","","","","","","","","","","","","","","","","","","0"
"528","Oregon St.","12/04/10","46","NICHOLS","AARON","","","","","","","","","","","","0","0","2","6","0","","","","","","","","","","","","","","","","","","","","","","","","","","","0"
"528","Oregon St.","12/04/10","54","PAEA","STEPHEN","","","","","","","","","","","","0","0","","","","","","","","","","","","","","","","","","","","","0","0","1","0","","","","","","0"
"528","Oregon St.","10/30/10","35","PANKEY","KEITH","","","","","","","","","","","","0","0","","","","","","","1","15","0","","","","","","","","","","","","","","","","","","","","","0"
"528","Oregon St.","09/04/10","14","POYER","JORDAN","","","","","","","","","","","","0","0","1","23","0","","","","","","","","","","","","","","","","","","","","","","","","","","","0"
"528","Oregon St.","09/18/10","14","POYER","JORDAN","","","","","","","","","","","","0","0","","","","","","","","","","","","","","","1","21","0","","","","","","","","","","","","","0"
"528","Oregon St.","09/25/10","14","POYER","JORDAN","","","","","","","","","","","","0","0","","","","","","","","","","","","","","","5","125","0","","","","","","","","","","","","","0"
"528","Oregon St.","10/02/10","14","POYER","JORDAN","","","","","","","","","","","","0","0","","","","","","","","","","","","2","9","0","3","92","0","","","","","","","","","","","","","0"
"528","Oregon St.","10/16/10","14","POYER","JORDAN","","","","","","","","","","","","0","0","","","","1","0","0","","","","","","2","15","0","4","105","0","","","","","","","","","","","","","0"
"528","Oregon St.","10/30/10","14","POYER","JORDAN","","","","","","","","","","","","0","0","","","","","","","","","","","","1","5","0","2","69","0","","","","","","","","","","","","","0"
"528","Oregon St.","11/06/10","14","POYER","JORDAN","","","","","","","","","","","","0","0","","","","","","","","","","","","2","27","0","1","26","0","","","","","","","","","","","","","0"
"528","Oregon St.","11/13/10","14","POYER","JORDAN","","","","","","","","","","","","0","0","","","","","","","","","","","","1","17","0","4","95","0","","","","","","","","","","","","","0"
"528","Oregon St.","11/20/10","14","POYER","JORDAN","","","","","","","","","","","","0","0","","","","1","65","1","","","","","","2","23","0","2","66","0","1","","","","","","","","","","","","6"
"528","Oregon St.","11/27/10","14","POYER","JORDAN","","","","","","","","","","","","0","0","","","","","","","","","","","","1","8","0","4","131","0","","","","","","","","","","","","","0"
"528","Oregon St.","12/04/10","14","POYER","JORDAN","","","","","","","","","","","","0","0","","","","","","","","","","","","","","","7","187","0","","","","","","","","","","","","","0"
"528","Oregon St.","10/30/10","82","PRINCE","COLBY","","","","","","","","","","","","0","0","1","11","1","","","","","","","","","","","","","","","1","","","","","","","","","","","","6"
"528","Oregon St.","11/27/10","80","REESE","JOHN","","","","","","","","","","","","0","0","4","43","0","","","","","","","","","","","","","","","","","","","","","","","","","","","0"
"528","Oregon St.","11/27/10","16","REYNOLDS","RASHAAD","","","","","","","","","","","","0","0","","","","","","","","","","","","","","","1","24","0","","","","","","","","","","","","","0"
"528","Oregon St.","09/04/10","59","ROBERSON","DWIGHT","","","","","","","","","","","","0","0","","","","1","0","0","","","","","","","","","","","","","","","","","","","","","","","","0"
"528","Oregon St.","09/04/10","1","RODGERS","JACQUIZZ","18","78","3","75","1","","","","","","","18","75","","","","","","","","","","","","","","","","","","1","","","","","","","","","","","","6"
"528","Oregon St.","09/18/10","1","RODGERS","JACQUIZZ","24","134","2","132","2","","","","","","","24","132","5","22","1","","","","","","","","","","","","","","","3","","","","","","","","","","","","18"
"528","Oregon St.","09/25/10","1","RODGERS","JACQUIZZ","18","53","7","46","1","","","","","","","18","46","2","5","0","","","","","","","","","","","","","","","1","","","","","","","","","","","","6"
"528","Oregon St.","10/02/10","1","RODGERS","JACQUIZZ","24","154","9","145","2","","","","","","","24","145","1","11","0","","","","","","","","","","","","","","","2","","","","","","","","","","","","12"
"528","Oregon St.","10/09/10","1","RODGERS","JACQUIZZ","25","92","9","83","1","","","","","","","25","83","3","41","0","","","","","","","","","","","","","","","1","","","","","","","","","","","","6"
"528","Oregon St.","10/16/10","1","RODGERS","JACQUIZZ","32","146","6","140","3","","","","","","","32","140","4","49","1","","","","","","","","","","","","","","","4","","","","","","","","","","","","24"
"528","Oregon St.","10/30/10","1","RODGERS","JACQUIZZ","21","124","8","116","3","1","1","0","11","1","","22","127","4","14","0","","","","","","","","","","","","","","","3","","","","","","","","","","","","18"
"528","Oregon St.","11/06/10","1","RODGERS","JACQUIZZ","14","67","4","63","0","","","","","","","14","63","5","19","0","","","","","","","","","","","","","","","","","","","","","","","","","","","0"
"528","Oregon St.","11/13/10","1","RODGERS","JACQUIZZ","15","98","5","93","0","","","","","","","15","93","4","32","0","","","","","","","","","","","","","","","","","","","","","","","","","","","0"
"528","Oregon St.","11/20/10","1","RODGERS","JACQUIZZ","26","136","8","128","1","","","","","","","26","128","7","43","0","","","","","","","","","","","","","","","1","","","","","","","","","","","","6"
"528","Oregon St.","11/27/10","1","RODGERS","JACQUIZZ","17","80","4","76","0","","","","","","","17","76","4","31","0","","","","","","","","","","","","","","","","","","","","","","","","","","","0"
"528","Oregon St.","12/04/10","1","RODGERS","JACQUIZZ","22","96","9","87","0","","","","","","","22","87","5","20","1","","","","","","","","","","","","","","","1","","","","","","","","","","","","6"
"528","Oregon St.","09/04/10","8","RODGERS","JAMES","2","9","1","8","0","","","","","","","2","8","4","75","1","","","","","","","","","2","13","0","5","114","0","1","","","","","","","","","","","","6"
"528","Oregon St.","09/18/10","8","RODGERS","JAMES","2","12","0","12","0","","","","","","","2","12","3","27","0","","","","","","","","","2","43","0","4","161","0","","","","","","","","","","","","","0"
"528","Oregon St.","09/25/10","8","RODGERS","JAMES","3","16","0","16","0","","","","","","","3","16","2","11","0","","","","","","","","","1","54","1","1","19","0","1","","","","","","","","","","","","6"
"528","Oregon St.","10/09/10","8","RODGERS","JAMES","1","2","0","2","0","","","","","","","1","2","7","102","1","","","","","","","","","1","0","0","2","50","0","1","","","","","","","","","","","","6"
"528","Oregon St.","10/09/10","28","TUIMAUNEI","SUAESI","","","","","","","","","","","","0","0","","","","1","0","0","","","","","","","","","","","","","","","","","","","","","","","","0"
"528","Oregon St.","11/13/10","44","UNGA","UANI","","","","","","","","","","","","0","0","","","","","","","","","","","","","","","1","0","0","","","","","","","","","","","","","0"
"528","Oregon St.","09/18/10","1D","VAZ","CODY","","","","","","1","0","0","0","0","","1","0","","","","","","","","","","","","","","","","","","","","","","","","","","","","","","0"
"528","Oregon St.","11/13/10","1D","VAZ","CODY","1","0","7","-7","0","2","1","0","9","0","","3","2","","","","","","","","","","","","","","","","","","","","","","","","","","","","","","0"
"528","Oregon St.","11/27/10","1D","VAZ","CODY","1","0","0","0","0","10","4","0","34","0","","11","34","","","","","","","","","","","","","","","","","","","","","","","","","","","","","","0"
"528","Oregon St.","12/04/10","1D","VAZ","CODY","","","","","","2","1","0","5","0","","2","5","","","","","","","","","","","","","","","","","","","","","","","","","","","","","","0"
"528","Oregon St.","09/04/10","2","WHEATON","MARKUS","1","6","0","6","0","","","","","","","1","6","","","","","","","","","","","","","","","","","","","","","","","","","","","","","","0"
"528","Oregon St.","09/18/10","2","WHEATON","MARKUS","1","28","0","28","1","","","","","","","1","28","1","21","0","","","","","","","","","","","","","","","1","","","","","","","","","","","","6"
"528","Oregon St.","09/25/10","2","WHEATON","MARKUS","2","5","0","5","0","","","","","","","2","5","1","20","0","","","","","","","","","","","","","","","","","","","","","","","","","","","0"
"528","Oregon St.","10/02/10","2","WHEATON","MARKUS","4","6","1","5","0","","","","","","","4","5","4","48","0","","","","","","","","","1","52","0","2","35","0","","","","","","","","","","","","","0"
"528","Oregon St.","10/09/10","2","WHEATON","MARKUS","1","1","0","1","0","","","","","","","1","1","7","113","1","","","","","","","","","","","","2","46","0","1","","","","","","","","","","","","6"
"528","Oregon St.","10/16/10","2","WHEATON","MARKUS","1","1","0","1","0","","","","","","","1","1","4","43","0","","","","","","","","","","","","","","","","","","","","","","","","","","","0"
"528","Oregon St.","10/30/10","2","WHEATON","MARKUS","5","58","0","58","0","","","","","","","5","58","7","72","0","","","","","","","","","","","","","","","","","","","","","","","","","","","0"
"528","Oregon St.","11/06/10","2","WHEATON","MARKUS","2","26","0","26","1","","","","","","","2","26","5","44","0","","","","","","","","","","","","","","","1","","","","","","","","","","","","6"
"528","Oregon St.","11/13/10","2","WHEATON","MARKUS","1","5","0","5","0","","","","","","","1","5","6","97","2","","","","","","","","","","","","","","","2","","","","","","","","","","","","12"
"528","Oregon St.","11/20/10","2","WHEATON","MARKUS","6","64","1","63","0","","","","","","","6","63","5","40","0","","","","","","","","","","","","","","","","","","","","","","","","","","","0"
"528","Oregon St.","11/27/10","2","WHEATON","MARKUS","1","14","0","14","0","","","","","","","1","14","5","40","0","","","","","","","","","","","","","","","","","","","","","","","","","","","0"
"528","Oregon St.","12/04/10","2","WHEATON","MARKUS","2","8","0","8","0","","","","","","","2","8","10","137","1","","","","","","","","","","","","","","","1","","","","","","","","","","","","6"
"539","Penn St.","09/18/10","28","ASTORINO","DREW","","","","","","","","","","","","0","0","","","","","","","","","","","","1","2","0","","","","","","","","","","","","","","","","0"
"539","Penn St.","10/30/10","28","ASTORINO","DREW","","","","","","","","","","","","0","0","","","","","","","","","","","","1","7","0","","","","","","","","","","","","","","","","0"
"539","Penn St.","11/20/10","28","ASTORINO","DREW","","","","","","","","","","","","0","0","","","","1","0","0","","","","","","","","","","","","","","","","","","","","","","","","0"
"539","Penn St.","09/04/10","1","BOLDEN","ROB","1","1","0","1","0","29","20","1","239","2","","30","240","","","","","","","","","","","","","","","","","","","","","","","","","","","","","","0"
"539","Penn St.","09/11/10","1","BOLDEN","ROB","6","15","3","12","0","29","13","2","144","0","","35","156","","","","","","","","","","","","","","","","","","","","","","","","","","","","","","0"
"539","Penn St.","09/18/10","1","BOLDEN","ROB","4","33","0","33","1","27","17","2","217","1","","31","250","","","","","","","","","","","","","","","","","","1","","","","","","","","","","","","6"
"539","Penn St.","09/25/10","1","BOLDEN","ROB","5","18","19","-1","0","28","18","0","223","0","","33","222","","","","","","","","","","","","","","","","","","","","","","","","","","","","","","0"
"539","Penn St.","10/02/10","1","BOLDEN","ROB","5","1","22","-21","0","37","20","1","212","0","","42","191","","","","","","","","","","","","","","","","","","","","","","","","","","","","","","0"
"539","Penn St.","10/09/10","1","BOLDEN","ROB","3","5","16","-11","0","21","8","1","142","1","","24","131","","","","","","","","","","","","","","","","","","","","","","","","","","","","","","0"
"539","Penn St.","10/23/10","1","BOLDEN","ROB","2","0","1","-1","0","13","11","0","130","1","","15","129","","","","","","","","","","","","","","","","","","","","","","","","","","","","","","0"
"539","Penn St.","11/06/10","1","BOLDEN","ROB","3","7","28","-21","0","4","3","0","43","0","","7","22","","","","","","","","","","","","","","","","","","","","","","","","","","","","","","0"
"539","Penn St.","11/13/10","1","BOLDEN","ROB","","","","","","3","0","0","0","0","","3","0","","","","","","","","","","","","","","","","","","","","","","","","","","","","","","0"
"539","Penn St.","11/20/10","1","BOLDEN","ROB","1","0","2","-2","0","2","2","0","10","0","","3","8","","","","","","","","","","","","","","","","","","","","","","","","","","","","","","0"
"539","Penn St.","09/04/10","83","BRACKETT","BRETT","","","","","","","","","","","","0","0","8","98","2","","","","","","","","","","","","","","","2","","","","","","","","","","","","12"
"539","Penn St.","09/11/10","83","BRACKETT","BRETT","","","","","","","","","","","","0","0","1","17","0","","","","","","","","","","","","","","","","","","","","","","","","","","","0"
"539","Penn St.","09/18/10","83","BRACKETT","BRETT","","","","","","","","","","","","0","0","1","17","0","","","","","","","","","","","","","","","","","","","","","","","","","","","0"
"539","Penn St.","09/25/10","83","BRACKETT","BRETT","","","","","","","","","","","","0","0","5","62","0","","","","","","","","","","","","","","","","","","","","","","","","","","","0"
"539","Penn St.","10/02/10","83","BRACKETT","BRETT","","","","","","","","","","","","0","0","2","63","0","","","","","","","","","","","","","","","","","","","","","","","","","","","0"
"539","Penn St.","10/09/10","83","BRACKETT","BRETT","","","","","","","","","","","","0","0","4","35","0","","","","","","","","","","","","","","","","","","","","","","","","","","","0"
"539","Penn St.","10/23/10","83","BRACKETT","BRETT","","","","","","","","","","","","0","0","3","49","1","","","","","","","","","","","","","","","1","","","","","","","","","","","","6"
"539","Penn St.","10/30/10","83","BRACKETT","BRETT","","","","","","","","","","","","0","0","3","37","0","","","","","","","","","","","","","","","","","","","","","","","","","","","0"
"539","Penn St.","11/06/10","83","BRACKETT","BRETT","","","","","","","","","","","","0","0","1","7","1","","","","","","","","","","","","","","","1","","","","","","","","","","","","6"
"539","Penn St.","11/13/10","83","BRACKETT","BRETT","","","","","","","","","","","","0","0","2","23","0","","","","","","","","","","","","","","","","","","","","","","","","","","","0"
"539","Penn St.","11/20/10","83","BRACKETT","BRETT","","","","","","","","","","","","0","0","5","66","1","","","","","","","","","","","","","","","1","","","","","","","","","","","","6"
"539","Penn St.","11/27/10","83","BRACKETT","BRETT","","","","","","","","","","","0","0","0","2","23","0","","","","","","","","","","","","","","","","","","1","0","","","","","","","","0"
"539","Penn St.","01/01/11","83","BRACKETT","BRETT","","","","","","","","","","","","0","0","2","28","0","","","","","","","","","","","","","","","","","","","","","","","","","","","0"
"539","Penn St.","09/04/10","19","BROWN","","","","","","","","","","","","","0","0","3","35","0","","","","","","","","","2","4","0","","","","","","","","","","","","","","","","0"
"539","Penn St.","09/11/10","19","BROWN","","","","","","","1","0","1","0","0","","1","0","1","20","0","","","","","","","","","","","","","","","","","","","","","","","","","","","0"
"539","Penn St.","09/18/10","19","BROWN","","","","","","","","","","","","","0","0","1","9","0","","","","","","","","","3","21","0","","","","","","","","","","","","","","","","0"
"539","Penn St.","09/25/10","19","BROWN","","","","","","","","","","","","","0","0","4","84","0","","","","","","","","","2","1","0","","","","","","","","","","","","","","","","0"
"539","Penn St.","10/02/10","19","BROWN","","1","0","1","-1","0","","","","","","","1","-1","4","42","0","","","","","","","","","1","13","0","","","","","","","","","","","","","","","","0"
"539","Penn St.","10/09/10","19","BROWN","","","","","","","","","","","","","0","0","","","","","","","","","","","","1","6","0","","","","","","","","","","","","","","","","0"
"539","Penn St.","10/23/10","19","BROWN","","","","","","","","","","","","","0","0","2","14","0","","","","","","","","","1","5","0","","","","","","","","","","","","","","","","0"
"539","Penn St.","10/30/10","19","BROWN","","1","0","11","-11","0","0","0","0","0","0","","1","-11","1","15","0","","","","","","","","","","","","","","","","","","","","","","","","","","","0"
"539","Penn St.","11/06/10","19","BROWN","","","","","","","","","","","","","0","0","","","","","","","","","","","","1","5","0","","","","","","","","","","","","","","","","0"
"539","Penn St.","11/13/10","19","BROWN","","","","","","","","","","","","","0","0","5","64","1","","","","","","","","","1","8","0","","","","1","","","","","","","","","","","","6"
"539","Penn St.","11/20/10","19","BROWN","","","","","","","","","","","","","0","0","4","50","0","","","","","","","","","","","","","","","","","","","","","","","","","","","0"
"539","Penn St.","11/27/10","19","BROWN","","","","","","","","","","","","","0","0","6","106","0","","","","","","","","","2","8","0","","","","","","","","","","","","","","","","0"
"539","Penn St.","01/01/11","19","BROWN","","","","","","","","","","","","","0","0","2","13","0","","","","","","","","","1","6","0","","","","","","","","","","","","","","","","0"
"539","Penn St.","11/20/10","45","BUTTERWORTH","","","","","","","","","","","","","0","0","","","","","","","","","","2","82","","","","","","","","","","","","","","","","","","","0"
"539","Penn St.","11/27/10","45","BUTTERWORTH","","","","","","","","","","","","","0","0","","","","","","","","","","6","207","","","","","","","","","","","","","","","","","","","0"
"539","Penn St.","01/01/11","45","BUTTERWORTH","","","","","","","","","","","","","0","0","","","","","","","","","","4","168","","","","","","","","","","","","","","","","","","","0"
"539","Penn St.","11/06/10","92","CADOGAN","","","","","","","","","","","","","0","0","1","3","1","","","","","","","","","","","","","","","1","","","","","","","","","","","","6"
"539","Penn St.","11/20/10","13","DAILEY","ANDREW","","","","","","","","","","","","0","0","","","","","","","","","","","","1","11","0","","","","","","","","","","","","","","","","0"
"539","Penn St.","09/04/10","26","DUKES","","1","5","0","5","0","","","","","","","1","5","","","","","","","","","","","","","","","","","","","","","","","","","","","","","","0"
"539","Penn St.","11/20/10","26","DUKES","","1","11","0","11","0","","","","","","","1","11","","","","","","","","","","","","","","","","","","","","","","","","","","","","","","0"
"539","Penn St.","09/04/10","30","FERA","ANTHONY","","","","","","","","","","","","0","0","","","","","","","","","","1","45","","","","","","","","","","","","","","","","","","","0"
"539","Penn St.","09/11/10","30","FERA","ANTHONY","","","","","","","","","","","","0","0","","","","","","","","","","4","145","","","","","","","","","","","","","","","","","","","0"
"539","Penn St.","09/18/10","30","FERA","ANTHONY","","","","","","","","","","","","0","0","","","","","","","","","","3","138","","","","","","","","","","","","","","","","","","","0"
"539","Penn St.","09/25/10","30","FERA","ANTHONY","","","","","","","","","","","","0","0","","","","","","","","","","3","123","","","","","","","","","","","","","","","","","","","0"
"539","Penn St.","10/02/10","30","FERA","ANTHONY","","","","","","","","","","","","0","0","","","","","","","","","","9","330","","","","","","","","","","","","","","","","","","","0"
"539","Penn St.","10/09/10","30","FERA","ANTHONY","","","","","","","","","","","","0","0","","","","","","","","","","6","264","","","","","","","","","","","","","","","","","","","0"
"539","Penn St.","10/23/10","30","FERA","ANTHONY","","","","","","","","","","","","0","0","","","","","","","","","","6","271","","","","","","","","","","","","","","","","","","","0"
"539","Penn St.","10/30/10","30","FERA","ANTHONY","","","","","","","","","","","","0","0","","","","","","","","","","2","98","","","","","","","","","","","","","","","","","","","0"
"539","Penn St.","11/06/10","30","FERA","ANTHONY","","","","","","","","","","","","0","0","","","","","","","","","","3","110","","","","","","","","","","","","","","","","","","","0"
"539","Penn St.","11/13/10","30","FERA","ANTHONY","","","","","","","","","","","","0","0","","","","","","","","","","6","265","","","","","","","","","","","","","","","","","","","0"
"539","Penn St.","01/01/11","30","FERA","ANTHONY","","","","","","","","","","","","0","0","","","","","","","","","","3","116","","","","","","","","","","","","","","","","","","","0"
"539","Penn St.","09/25/10","89","GILLIAM","","","","","","","","","","","","","0","0","1","21","0","","","","","","","","","","","","","","","","","","","","","","","","","","","0"
"539","Penn St.","09/04/10","21","GREEN","STEPHON","6","32","0","32","1","","","","","","","6","32","","","","","","","","","","","","","","","","","","1","","","","","","","","","","","","6"
"539","Penn St.","09/11/10","21","GREEN","STEPHON","5","13","0","13","0","","","","","","","5","13","","","","","","","","","","","","","","","4","100","0","","","","","","","","","","","","","0"
"539","Penn St.","09/18/10","21","GREEN","STEPHON","11","59","0","59","0","","","","","","","11","59","2","6","0","","","","","","","","","","","","","","","","","","","","","","","","","","","0"
"539","Penn St.","09/25/10","21","GREEN","STEPHON","11","15","0","15","0","","","","","","","11","15","1","2","0","","","","","","","","","","","","","","","","","","","","","","","","","","","0"
"539","Penn St.","10/02/10","21","GREEN","STEPHON","2","2","0","2","0","","","","","","","2","2","2","21","0","","","","","","","","","","","","3","60","0","","","","","","","","","","","","","0"
"539","Penn St.","10/09/10","21","GREEN","STEPHON","3","9","0","9","0","","","","","","","3","9","","","","","","","","","","","","","","","1","25","0","","","","","","","","","","","","","0"
"539","Penn St.","10/23/10","21","GREEN","STEPHON","3","6","0","6","0","","","","","","","3","6","","","","","","","","","","","","","","","","","","","","","","","","","","","","","","0"
"539","Penn St.","10/30/10","21","GREEN","STEPHON","","","","","","","","","","","","0","0","","","","","","","","","","","","","","","2","50","0","","","","","","","","","","","","","0"
"539","Penn St.","11/06/10","21","GREEN","STEPHON","1","21","0","21","0","","","","","","","1","21","1","20","0","","","","","","","","","","","","3","49","0","","","","","","","","","","","","","0"
"539","Penn St.","11/13/10","21","GREEN","STEPHON","2","18","0","18","0","","","","","","","2","18","1","26","0","","","","","","","","","","","","","","","","","","","","","","","","","","","0"
"539","Penn St.","11/20/10","21","GREEN","STEPHON","4","15","2","13","0","","","","","","","4","13","1","5","0","","","","","","","","","","","","2","29","0","","","","","","","","","","","","","0"
"539","Penn St.","11/27/10","21","GREEN","STEPHON","","","","","","","","","","","","0","0","1","-2","0","","","","","","","","","","","","1","24","0","","","","","","","","","","","","","0"
"539","Penn St.","01/01/11","21","GREEN","STEPHON","","","","","","","","","","","","0","0","","","","","","","","","","","","","","","1","0","0","","","","","","","","","","","","","0"
"539","Penn St.","10/02/10","82","HAPLEA","","","","","","","","","","","","","0","0","1","23","0","","","","","","","","","","","","","","","","","","","","","","","","","","","0"
"539","Penn St.","10/23/10","82","HAPLEA","","","","","","","","","","","","","0","0","1","2","0","","","","","","","","","","","","","","","","","","","","","","","","","","","0"
"539","Penn St.","11/27/10","82","HAPLEA","","","","","","","","","","","","","0","0","1","14","0","","","","","","","","","","","","","","","","","","","","","","","","","","","0"
"539","Penn St.","09/11/10","4","KERSEY","","1","24","0","24","0","","","","","","","1","24","","","","","","","","","","","","","","","","","","","","","","","","","","","","","","0"
"539","Penn St.","10/02/10","4","KERSEY","","","","","","","","","","","","","0","0","","","","","","","","","","","","1","2","0","","","","","","","","","","","","","","","","0"
"539","Penn St.","10/23/10","4","KERSEY","","","","","","","","","","","","","0","0","1","2","0","","","","","","","","","","","","","","","","","","","","","","","","","","","0"
"539","Penn St.","11/13/10","4","KERSEY","","","","","","","","","","","","","0","0","","","","","","","","","","","","","","","1","26","0","","","","","","","","","","","","","0"
"539","Penn St.","01/01/11","4","KERSEY","","","","","","","","","","","","","0","0","","","","","","","","","","","","","","","1","11","0","","","","","","","","","","","","","0"
"539","Penn St.","09/18/10","8","LYNN","D'ANTON","","","","","","","","","","","","0","0","","","","1","0","0","","","","","","","","","","","","","","","","","","","","","","","","0"
"539","Penn St.","10/23/10","8","LYNN","D'ANTON","","","","","","","","","","","","0","0","","","","1","58","0","","","","","","","","","","","","","","","","","","","","","","","","0"
"539","Penn St.","01/01/11","8","LYNN","D'ANTON","","","","","","","","","","","","0","0","","","","1","0","0","","","","","","","","","","","","","","","","","","","","","","","","0"
"539","Penn St.","10/23/10","11","MCGLOIN","MATT","1","2","0","2","0","13","6","1","76","2","","14","78","","","","","","","","","","","","","","","","","","","","","","","","","","","","","","0"
"539","Penn St.","10/30/10","11","MCGLOIN","MATT","4","17","10","7","1","28","17","0","250","1","","32","257","","","","","","","","","","","","","","","","","","1","","","","","","","","","","","","6"
"539","Penn St.","11/06/10","11","MCGLOIN","MATT","1","1","0","1","0","29","18","0","225","4","","30","226","","","","","","","","","","","","","","","","","","","","","","","","","","","","","","0"
"539","Penn St.","11/13/10","11","MCGLOIN","MATT","1","1","0","1","0","30","15","2","159","2","","31","160","","","","","","","","","","","","","","","","","","","","","","","","","","","","","","0"
"539","Penn St.","11/20/10","11","MCGLOIN","MATT","3","2","6","-4","0","31","22","0","315","2","","34","311","","","","","","","","","","","","","","","","","","","","","","","","","","","","","","0"
"539","Penn St.","11/27/10","11","MCGLOIN","MATT","1","0","4","-4","0","43","23","1","312","2","0","44","308","","","","","","","","","","","","","","","","","","","","","1","0","","","","","","","","0"
"539","Penn St.","01/01/11","11","MCGLOIN","MATT","2","3","0","3","1","41","17","5","211","1","","43","214","","","","","","","","","","","","","","","","","","1","","","","","","","","","","","","6"
"539","Penn St.","09/18/10","8M","MOSEBY-FELDER","","","","","","","","","","","","","0","0","1","3","0","","","","","","","","","","","","","","","","","","","","","","","","","","","0"
"539","Penn St.","11/20/10","8M","MOSEBY-FELDER","","","","","","","","","","","","","0","0","2","10","0","","","","","","","","","","","","","","","","","","","","","","","","","","","0"
"539","Penn St.","09/04/10","6","MOYE","DEREK","","","","","","","","","","","","0","0","5","61","0","","","","","","","","","","","","","","","","","","","","","","","","","","","0"
"539","Penn St.","09/11/10","6","MOYE","DEREK","","","","","","","","","","","","0","0","3","69","0","","","","","","","","","","","","","","","","","","","","","","","","","","","0"
"539","Penn St.","09/18/10","6","MOYE","DEREK","","","","","","","","","","","","0","0","4","87","0","","","","","","","","","","","","","","","","","","","","","","","","","","","0"
"539","Penn St.","09/25/10","6","MOYE","DEREK","","","","","","","","","","","","0","0","3","27","0","","","","","","","","","","","","","","","","","","","","","","","","","","","0"
"539","Penn St.","10/02/10","6","MOYE","DEREK","","","","","","","","","","","","0","0","4","27","0","","","","","","","","","","","","","","","","","","","","","","","","","","","0"
"539","Penn St.","10/09/10","6","MOYE","DEREK","","","","","","","","","","","","0","0","3","106","1","","","","","","","","","","","","","","","1","","","","","","","","","","","","6"
"539","Penn St.","10/23/10","6","MOYE","DEREK","","","","","","","","","","","","0","0","3","81","2","","","","","","","","","","","","","","","2","","","","","","","","","","","","12"
"539","Penn St.","10/30/10","6","MOYE","DEREK","","","","","","","","","","","","0","0","3","72","0","","","","","","","","","","","","","","","","","","","","","","","","","","","0"
"539","Penn St.","11/06/10","6","MOYE","DEREK","","","","","","","","","","","","0","0","5","85","1","","","","","","","","","","","","","","","1","","","","","","","","","","","","6"
"539","Penn St.","11/13/10","6","MOYE","DEREK","","","","","","","","","","","","0","0","4","36","1","","","","","","","","","","","","","","","1","","","","","","","","","","","","6"
"539","Penn St.","11/20/10","6","MOYE","DEREK","2","39","0","39","0","","","","","","","2","39","6","90","1","","","","","","","","","","","","","","","1","","","","","","","","","","","","6"
"539","Penn St.","11/27/10","6","MOYE","DEREK","","","","","","","","","","","","0","0","5","65","1","","","","","","","","","","","","","","","1","","","","","","","","","","","","6"
"539","Penn St.","01/01/11","6","MOYE","DEREK","","","","","","","","","","","","0","0","5","79","1","","","","","","","","","","","","","","","1","","","","","","","","","","","","6"
"539","Penn St.","09/04/10","1N","NEWSOME","KEVIN","3","21","0","21","1","","","","","","","3","21","","","","","","","","","","","","","","","","","","1","","","","","","","","","","","","6"
"539","Penn St.","09/11/10","1N","NEWSOME","KEVIN","2","9","0","9","0","1","1","0","12","0","","3","21","","","","","","","","","","","","","","","","","","","","","","","","","","","","","","0"
"539","Penn St.","09/18/10","1N","NEWSOME","KEVIN","2","16","1","15","0","3","1","0","3","0","","5","18","","","","","","","","","","","","","","","","","","","","","","","","","","","","","","0"
"539","Penn St.","10/02/10","1N","NEWSOME","KEVIN","1","0","2","-2","0","4","2","0","35","0","","5","33","","","","","","","","","","","","","","","","","","","","","","","","","","","","","","0"
"539","Penn St.","10/09/10","1N","NEWSOME","KEVIN","3","12","0","12","0","5","2","0","28","0","","8","40","","","","","","","","","","","","","","","","","","","","","","","","","","","","","","0"
"539","Penn St.","10/23/10","1N","NEWSOME","KEVIN","3","11","7","4","0","","","","","","","3","4","","","","","","","","","","","","","","","","","","","","","","","","","","","","","","0"
"539","Penn St.","09/04/10","2","POWELL","CHAZ","","","","","","","","","","","","0","0","","","","","","","","","","","","","","","2","128","1","1","","","","","","","","","","","","6"
"539","Penn St.","09/11/10","2","POWELL","CHAZ","","","","","","","","","","","","0","0","2","9","0","","","","","","","","","","","","1","23","0","","","","","","","","","","","","","0"
"539","Penn St.","09/18/10","2","POWELL","CHAZ","1","0","3","-3","0","","","","","","","1","-3","1","2","0","","","","","","","","","","","","","","","","","","","","","","","","","","","0"
"539","Penn St.","09/25/10","2","POWELL","CHAZ","","","","","","","","","","","","0","0","","","","","","","","","","","","","","","3","48","0","","","","","","","","","","","","","0"
"539","Penn St.","10/02/10","2","POWELL","CHAZ","","","","","","","","","","","","0","0","","","","","","","","","","","","1","-3","0","2","47","0","","","","","","","","","","","","","0"
"539","Penn St.","10/09/10","2","POWELL","CHAZ","","","","","","","","","","","","0","0","","","","","","","","","","","","","","","3","82","0","","","","","","","","","","","","","0"
"539","Penn St.","10/23/10","2","POWELL","CHAZ","","","","","","","","","","","","0","0","","","","","","","","","","","","","","","1","24","0","","","","","","","","","","","","","0"
"539","Penn St.","10/30/10","2","POWELL","CHAZ","","","","","","","","","","","","0","0","","","","","","","","","","","","","","","2","51","0","","","","","","","","","","","","","0"
"539","Penn St.","11/06/10","2","POWELL","CHAZ","","","","","","","","","","","","0","0","","","","","","","","","","","","","","","1","18","0","","","","","","","","","","","","","0"
"539","Penn St.","11/13/10","2","POWELL","CHAZ","","","","","","","","","","","","0","0","","","","","","","","","","","","","","","5","85","0","","","","","","","","","","","","","0"
"539","Penn St.","09/04/10","25","REDD","","3","20","0","20","0","","","","","","","3","20","","","","","","","","","","","","","","","","","","","","","","","","","","","","","","0"
"539","Penn St.","09/11/10","25","REDD","","5","26","0","26","0","","","","","","","5","26","","","","","","","","","","","","","","","","","","","","","","","","","","","","","","0"
"539","Penn St.","09/18/10","25","REDD","","6","24","0","24","0","","","","","","","6","24","","","","","","","","","","","","","","","","","","","","","","","","","","","","","","0"
"539","Penn St.","10/02/10","25","REDD","","2","19","0","19","0","","","","","","","2","19","1","-2","0","","","","","","","","","","","","","","","","","","","","","","","","","","","0"
"539","Penn St.","10/09/10","25","REDD","","4","13","0","13","0","","","","","","","4","13","1","8","0","","","","","","","","","","","","","","","","","","","","","","","","","","","0"
"539","Penn St.","10/23/10","25","REDD","","9","73","2","71","0","","","","","","","9","71","","","","","","","","","","","","","","","","","","","","","","","","","","","","","","0"
"539","Penn St.","10/30/10","25","REDD","","6","24","0","24","0","","","","","","","6","24","1","5","0","","","","","","","","","","","","","","","","","","","","","","","","","","","0"
"539","Penn St.","11/06/10","25","REDD","","11","134","3","131","1","","","","","","","11","131","","","","","","","","","","","","","","","","","","1","","","","","","","","","","","","6"
"539","Penn St.","11/13/10","25","REDD","","11","46","7","39","0","","","","","","","11","39","","","","","","","","","","","","","","","","","","","","","","","","","","","","","","0"
"539","Penn St.","11/20/10","25","REDD","","9","53","3","50","1","","","","","","","9","50","","","","","","","","","","","","","","","1","34","0","1","","","","","","","","","","","","6"
"539","Penn St.","11/27/10","25","REDD","","3","7","0","7","0","","","","","","","3","7","","","","","","","","","","","","","","","2","39","0","","","","","","","","","","","","","0"
"539","Penn St.","01/01/11","25","REDD","","8","22","9","13","0","","","","","","","8","13","1","16","0","","","","","","","","","","","","4","74","0","","","","","","","","","","","","","0"
"539","Penn St.","09/04/10","22","ROYSTER","EVAN","11","45","5","40","0","","","","","","","11","40","3","18","0","","","","","","","","","","","","","","","","","","","","","","","","","","","0"
"539","Penn St.","09/11/10","22","ROYSTER","EVAN","9","32","0","32","0","","","","","","","9","32","2","-6","0","","","","","","","","","","","","","","","","","","","","","","","","","","","0"
"539","Penn St.","09/18/10","22","ROYSTER","EVAN","11","43","5","38","1","","","","","","","11","38","1","7","0","","","","","","","","","","","","","","","1","","","","","","","","","","","","6"
"539","Penn St.","09/25/10","22","ROYSTER","EVAN","26","187","0","187","0","","","","","","","26","187","1","6","0","","","","","","","","","","","","","","","","","","","","","","","","","","","0"
"539","Penn St.","10/02/10","22","ROYSTER","EVAN","10","62","6","56","0","","","","","","","10","56","2","8","0","","","","","","","","","","","","","","","","","","","","","","","","","","","0"
"539","Penn St.","10/09/10","22","ROYSTER","EVAN","11","35","0","35","0","","","","","","","11","35","","","","","","","","","","","","","","","","","","","","","","","","","","","","","","0"
"539","Penn St.","10/23/10","22","ROYSTER","EVAN","10","63","1","62","1","","","","","","","10","62","3","24","0","","","","","","","","","","","","","","","1","","","","","","","","","","","","6"
"539","Penn St.","10/30/10","22","ROYSTER","EVAN","29","151","1","150","2","","","","","","","29","150","1","7","0","","","","","","","","","","","","","","","2","","","","","","","","","","","","12"
"539","Penn St.","11/06/10","22","ROYSTER","EVAN","25","137","3","134","0","","","","","","","25","134","4","45","1","","","","","","","","","","","","","","","1","","","","","","","","","","","","6"
"539","Penn St.","11/13/10","22","ROYSTER","EVAN","16","49","0","49","0","","","","","","","16","49","2","4","0","","","","","","","","","","","","","","","","","","","","","","","","","","","0"
"539","Penn St.","11/20/10","22","ROYSTER","EVAN","16","52","4","48","1","","","","","","","16","48","2","38","0","","","","","","","","","","","","","","","1","","","","","","","","","","","","6"
"539","Penn St.","11/27/10","22","ROYSTER","EVAN","14","85","0","85","1","","","","","","","14","85","","","","","","","","","","","","","","","","","","1","","","","","","","","","","","","6"
"539","Penn St.","01/01/11","22","ROYSTER","EVAN","20","101","3","98","0","","","","","","","20","98","4","51","0","","","","","","","","","","","","","","","","","","","","","","","","","","","0"
"539","Penn St.","09/04/10","20","SMITH","DEVON","2","7","0","7","0","","","","","","","2","7","1","27","0","","","","","","","","","1","20","0","","","","","","","","","","","","","","","","0"
"539","Penn St.","09/11/10","20","SMITH","DEVON","2","8","0","8","0","","","","","","","2","8","5","47","0","","","","","","","","","","","","","","","","","","","","","","","","","","","0"
"539","Penn St.","09/18/10","20","SMITH","DEVON","2","7","10","-3","0","","","","","","","2","-3","3","61","1","","","","","","","","","1","16","0","","","","1","","","","","","","","","","","","6"
"539","Penn St.","09/25/10","20","SMITH","DEVON","","","","","","","","","","","","0","0","2","2","0","","","","","","","","","2","33","0","","","","","","","","","","","","","","","","0"
"539","Penn St.","10/02/10","20","SMITH","DEVON","","","","","","","","","","","","0","0","5","58","0","","","","","","","","","2","7","0","","","","","","","","","","","","","","","","0"
"539","Penn St.","10/09/10","20","SMITH","DEVON","2","7","0","7","0","","","","","","","2","7","1","3","0","","","","","","","","","1","12","0","","","","","","","","","","","","","","","","0"
"539","Penn St.","10/23/10","20","SMITH","DEVON","","","","","","","","","","","","0","0","3","24","0","","","","","","","","","","","","1","38","0","","","","","","","","","","","","","0"
"539","Penn St.","10/30/10","20","SMITH","DEVON","1","3","0","3","0","","","","","","","1","3","2","50","0","","","","","","","","","1","22","0","","","","","","","","","","","","","","","","0"
"539","Penn St.","11/06/10","20","SMITH","DEVON","","","","","","","","","","","","0","0","1","9","0","","","","","","","","","1","5","0","","","","","","","","","","","","","","","","0"
"539","Penn St.","11/13/10","20","SMITH","DEVON","1","4","0","4","0","","","","","","","1","4","","","","","","","","","","","","","","","","","","","","","","","","","","","","","","0"
"539","Penn St.","11/20/10","20","SMITH","DEVON","1","4","0","4","0","","","","","","","1","4","2","56","0","","","","","","","","","1","25","0","","","","","","","","","","","","","","","","0"
"539","Penn St.","11/27/10","20","SMITH","DEVON","2","3","9","-6","0","","","","","","","2","-6","2","26","0","","","","","","","","","1","12","0","1","22","0","","","","","","","","","","","","","0"
"539","Penn St.","01/01/11","20","SMITH","DEVON","2","19","1","18","0","","","","","","","2","18","","","","","","","","","","","","1","3","0","1","23","0","","","","","","","","","","","","","0"
"539","Penn St.","09/04/10","2S","SOLDNER","DAVID","","","","","","","","","","","","0","0","","","","","","","","","","","","","","","","","","","1","1","0","0","","","","","","","","1"
"539","Penn St.","09/04/10","90","STANLEY","","","","","","","","","","","","","0","0","","","","","","","","","","","","","","","1","14","0","","","","","","","","","","","","","0"
"539","Penn St.","10/30/10","87","STEWART","JONATHAN","","","","","","","","","","","","0","0","","","","","","","","","","","","","","","1","14","0","","","","","","","","","","","","","0"
"539","Penn St.","09/25/10","34","STUPAR","NATHAN","","","","","","","","","","","","0","0","","","","1","31","0","","","","","","","","","","","","","","","","","","","","","","","","0"
"539","Penn St.","09/04/10","37","SUHEY","JOE","1","2","0","2","0","","","","","","","1","2","","","","","","","","","","","","","","","","","","","","","","","","","","","","","","0"
"539","Penn St.","09/18/10","37","SUHEY","JOE","1","0","0","0","0","","","","","","","1","0","2","16","0","","","","","","","","","","","","","","","","","","","","","","","","","","","0"
"539","Penn St.","09/25/10","37","SUHEY","JOE","1","4","0","4","0","","","","","","","1","4","","","","","","","","","","","","","","","","","","","","","","","","","","","","","","0"
"539","Penn St.","10/02/10","37","SUHEY","JOE","","","","","","","","","","","","0","0","1","7","0","","","","","","","","","","","","","","","","","","","","","","","","","","","0"
"539","Penn St.","10/30/10","37","SUHEY","JOE","1","0","0","0","0","","","","","","","1","0","3","32","0","","","","","","","","","","","","","","","","","","","","","","","","","","","0"
"539","Penn St.","11/06/10","37","SUHEY","JOE","","","","","","","","","","","","0","0","6","67","0","","","","","","","","","","","","","","","","","","","","","","","","","","","0"
"539","Penn St.","11/13/10","37","SUHEY","JOE","1","2","0","2","0","","","","","","","1","2","","","","","","","","","","","","","","","","","","","","","","","","","","","","","","0"
"539","Penn St.","11/20/10","37","SUHEY","JOE","2","5","0","5","0","","","","","","","2","5","1","5","0","","","","","","","","","","","","","","","","","","","","","","","","","","","0"
"539","Penn St.","11/27/10","37","SUHEY","JOE","","","","","","","","","","","","0","0","1","25","1","","","","","","","","","","","","","","","1","","","","","","","","","","","","6"
"539","Penn St.","01/01/11","37","SUHEY","JOE","1","2","0","2","0","","","","","","","1","2","1","2","0","","","","","","","","","","","","","","","","","","","","","","","","","","","0"
"539","Penn St.","09/25/10","1S","SUKAY","NICK","","","","","","","","","","","","0","0","","","","2","19","0","","","","","","","","","","","","","","","","","","","","","","","","0"
"539","Penn St.","10/02/10","1S","SUKAY","NICK","","","","","","","","","","","","0","0","","","","1","0","0","","","","","","","","","","","","","","","","","","","","","","","","0"
"539","Penn St.","09/18/10","5T","THOMAS","","","","","","","","","","","","","0","0","","","","1","0","0","","","","","","","","","","","","","","","","","","","","","","","","0"
"539","Penn St.","11/20/10","54","VAN FLEET","JAMES","","","","","","","","","","","","0","0","","","","","","","","","","","","0","21","1","","","","1","","","","","","","","","","","","6"
"539","Penn St.","09/04/10","36","WAGNER","COLIN","","","","","","","","","","","","0","0","","","","","","","","","","","","","","","","","","","4","4","0","0","","","","","3","3","","13"
"539","Penn St.","09/11/10","36","WAGNER","COLIN","","","","","","","","","","","","0","0","","","","","","","","","","","","","","","","","","","","","","","","","","","1","1","","3"
"539","Penn St.","09/18/10","36","WAGNER","COLIN","","","","","","","","","","","","0","0","","","","","","","","","","","","","","","","","","","3","3","0","0","","","","","2","1","","6"
"539","Penn St.","09/25/10","36","WAGNER","COLIN","","","","","","","","","","","","0","0","","","","","","","","","","","","","","","","","","","1","1","0","0","","","","","6","5","","16"
"539","Penn St.","10/02/10","36","WAGNER","COLIN","","","","","","","","","","","","0","0","","","","","","","","","","","","","","","","","","","","","","","","","","","1","1","","3"
"539","Penn St.","10/09/10","36","WAGNER","COLIN","","","","","","","","","","","","0","0","","","","","","","","","","","","","","","","","","","1","1","0","0","","","","","2","2","","7"
"539","Penn St.","10/23/10","36","WAGNER","COLIN","","","","","","","","","","","","0","0","","","","","","","","","","","","","","","","","","","4","4","0","0","","","","","2","1","","7"
"539","Penn St.","10/30/10","36","WAGNER","COLIN","1","7","0","7","0","","","","","","","1","7","","","","","","","","","","","","","","","","","","","5","5","0","0","","","","","2","2","","11"
"539","Penn St.","11/06/10","36","WAGNER","COLIN","","","","","","","","","","","","0","0","","","","","","","","","","","","","","","","","","","5","5","0","0","","","","","1","0","","5"
"539","Penn St.","11/13/10","36","WAGNER","COLIN","","","","","","","","","","","","0","0","","","","","","","","","","","","","","","","","","","2","2","0","0","","","","","","","","2"
"539","Penn St.","11/20/10","36","WAGNER","COLIN","","","","","","","","","","","","0","0","","","","","","","","","","","","","","","","","","","5","5","0","0","","","","","3","2","","11"
"539","Penn St.","11/27/10","36","WAGNER","COLIN","","","","","","","","","","","","0","0","","","","","","","","","","","","","","","","","","","1","1","0","0","","","","","1","1","","4"
"539","Penn St.","01/01/11","36","WAGNER","COLIN","","","","","","","","","","","","0","0","","","","","","","","","","","","","","","","","","","3","3","0","0","","","","","1","1","","6"
"539","Penn St.","09/18/10","10","WILLIS","","","","","","","","","","","","","0","0","","","","","","","","","","","","","","","1","35","0","","","","","","","","","","","","","0"
"539","Penn St.","10/23/10","10","WILLIS","","","","","","","","","","","","","0","0","","","","","","","","","","","","","","","2","27","0","","","","","","","","","","","","","0"
"539","Penn St.","11/13/10","10","WILLIS","","","","","","","","","","","","","0","0","","","","1","0","0","","","","","","","","","","","","","","","","","","","","","","","","0"
"539","Penn St.","01/01/11","35","ZERBE","","","","","","","","","","","","","0","0","","","","","","","","","","","","","","","1","30","0","","","","","","","","","","","","","0"
"539","Penn St.","09/04/10","9","ZORDICH","MICHAEL","1","4","0","4","0","","","","","","","1","4","","","","","","","","","","","","","","","","","","","","","","","","","","","","","","0"
"539","Penn St.","09/11/10","9","ZORDICH","MICHAEL","1","3","0","3","0","","","","","","","1","3","","","","","","","","","","","","","","","","","","","","","","","","","","","","","","0"
"539","Penn St.","09/18/10","9","ZORDICH","MICHAEL","1","1","0","1","0","","","","","","","1","1","","","","","","","","","","","","","","","","","","","","","","","","","","","","","","0"
"539","Penn St.","09/25/10","9","ZORDICH","MICHAEL","3","11","0","11","1","","","","","","","3","11","","","","","","","","","","","","","","","","","","1","","","","","","","","","","","","6"
"539","Penn St.","10/02/10","9","ZORDICH","MICHAEL","2","1","0","1","0","","","","","","","2","1","","","","","","","","","","","","","","","","","","","","","","","","","","","","","","0"
"539","Penn St.","10/23/10","9","ZORDICH","MICHAEL","1","2","0","2","0","","","","","","","1","2","1","10","0","","","","","","","","","","","","","","","","","","","","","","","","","","","0"
"539","Penn St.","10/30/10","9","ZORDICH","MICHAEL","2","6","0","6","1","","","","","","","2","6","","","","","","","","","","","","","","","","","","1","","","","","","","","","","","","6"
"539","Penn St.","11/06/10","9","ZORDICH","MICHAEL","1","1","0","1","0","","","","","","","1","1","","","","","","","","","","","","","","","","","","","","","","","","","","","","","","0"
"539","Penn St.","11/20/10","9","ZORDICH","MICHAEL","2","4","0","4","0","","","","","","","2","4","","","","","","","","","","","","","","","","","","","","","","","","","","","","","","0"
"539","Penn St.","11/27/10","9","ZORDICH","MICHAEL","1","2","0","2","0","","","","","","","1","2","","","","","","","","","","","","","","","","","","","","","","","","","","","","","","0"
"539","Penn St.","01/01/11","9","ZORDICH","MICHAEL","3","5","0","5","1","","","","","","","3","5","1","7","0","","","","","","","","","","","","","","","1","","","","","","","","","","","","6"
"539","Penn St.","09/18/10","5","ZUG","GRAHAM","","","","","","","","","","","","0","0","2","12","0","","","","","","","","","","","","","","","","","","","","","","","","","","","0"
"539","Penn St.","09/25/10","5","ZUG","GRAHAM","","","","","","","","","","","","0","0","1","19","0","","","","","","","","","","","","","","","","","","","","","","","","","","","0"
"539","Penn St.","10/09/10","5","ZUG","GRAHAM","","","","","","","","","","","","0","0","1","18","0","","","","","","","","","","","","","","","","","","","","","","","","","","","0"
"539","Penn St.","10/30/10","5","ZUG","GRAHAM","","","","","","","","","","","","0","0","3","32","1","","","","","","","","","","","","","","","1","","","","","","","","","","","","6"
"539","Penn St.","11/06/10","5","ZUG","GRAHAM","","","","","","","","","","","","0","0","2","32","0","","","","","","","","","","","","","","","","","","","","","","","","","","","0"
"539","Penn St.","11/13/10","5","ZUG","GRAHAM","","","","","","","","","","","","0","0","1","6","0","","","","","","","","","","","","","","","","","","","","","","","","","","","0"
"539","Penn St.","11/20/10","5","ZUG","GRAHAM","1","3","0","3","0","","","","","","","1","3","1","5","0","","","","","","","","","","","","","","","","","","","","","","","","","","","0"
"539","Penn St.","11/27/10","5","ZUG","GRAHAM","","","","","","","","","","","","0","0","5","55","0","","","","","","","","","","","","","","","","","","","","","","","","","","","0"
"539","Penn St.","01/01/11","5","ZUG","GRAHAM","","","","","","","","","","","","0","0","1","15","0","","","","","","","","","","","","","","","","","","","","","","","","","","","0"
"545","Pittsburgh","09/02/10","82","BALDWIN","JONATHAN","1","3","0","3","0","","","","","","","1","3","4","71","1","","","","","","","","","","","","","","","1","","","0","0","","","","","","","","6"
"545","Pittsburgh","09/11/10","82","BALDWIN","JONATHAN","","","","","","","","","","","","0","0","6","100","1","","","","","","","","","","","","","","","1","","","","","","","","","","","","6"
"545","Pittsburgh","09/23/10","82","BALDWIN","JONATHAN","","","","","","","","","","","","0","0","3","26","0","","","","","","","","","","","","","","","","","","","","","","","","","","","0"
"545","Pittsburgh","10/02/10","82","BALDWIN","JONATHAN","","","","","","","","","","","","0","0","2","14","0","","","","","","","","","","","","","","","","","","","","","","","","","","","0"
"545","Pittsburgh","10/09/10","82","BALDWIN","JONATHAN","","","","","","","","","","","","0","0","9","111","1","","","","","","","","","","","","","","","1","","","","","","","","","","","","6"
"545","Pittsburgh","10/16/10","82","BALDWIN","JONATHAN","","","","","","","","","","","","0","0","1","61","0","","","","","","","","","","","","","","","","","","","","","","","","","","","0"
"545","Pittsburgh","10/23/10","82","BALDWIN","JONATHAN","","","","","","","","","","","","0","0","5","139","1","","","","","","","","","","","","","","","1","","","","","","","","","","","","6"
"545","Pittsburgh","10/30/10","82","BALDWIN","JONATHAN","2","6","6","0","0","","","","","","","2","0","3","24","0","","","","","","","","","","","","","","","","","","","","","","","","","","","0"
"545","Pittsburgh","11/11/10","82","BALDWIN","JONATHAN","","","","","","","","","","","","0","0","6","95","1","","","","","","","","","","","","","","","1","","","","","","","","","","","","6"
"545","Pittsburgh","11/20/10","82","BALDWIN","JONATHAN","","","","","","","","","","","","0","0","3","36","0","","","","","","","","","","","","","","","","","","","","","","","","","","","0"
"545","Pittsburgh","11/26/10","82","BALDWIN","JONATHAN","","","","","","","","","","","","0","0","5","76","0","","","","","","","","","","","","","","","","","","","","","","","","","","","0"
"545","Pittsburgh","12/04/10","82","BALDWIN","JONATHAN","","","","","","","","","","","","0","0","5","57","0","","","","","","","","","","","","","","","","","","","","","","","","","","","0"
"545","Pittsburgh","01/08/11","82","BALDWIN","JONATHAN","","","","","","","","","","","","0","0","1","12","0","","","","","","","","","","","","","","","","","","","","","","","","","","","0"
"545","Pittsburgh","09/11/10","19","BOSTICK","PAT","","","","","","1","1","0","1","0","","1","1","","","","","","","","","","","","","","","","","","","","","","","","","","","","","","0"
"545","Pittsburgh","09/23/10","19","BOSTICK","PAT","1","0","9","-9","0","9","5","2","43","0","","10","34","","","","","","","","","","","","","","","","","","","","","","","","","","","","","","0"
"545","Pittsburgh","10/23/10","19","BOSTICK","PAT","","","","","","1","1","0","0","0","","1","0","","","","","","","","","","","","","","","","","","","","","","","","","","","","","","0"
"545","Pittsburgh","09/11/10","29","BURNS","CHRIS","1","5","0","5","0","","","","","","","1","5","","","","","","","","","","","","","","","","","","","","","","","","","","","","","","0"
"545","Pittsburgh","09/23/10","29","BURNS","CHRIS","1","0","0","0","0","","","","","","","1","0","","","","","","","","","","","","","","","","","","","","","","","","","","","","","","0"
"545","Pittsburgh","10/02/10","29","BURNS","CHRIS","3","12","0","12","1","","","","","","","3","12","","","","","","","","","","","","","","","","","","1","","","","","","","","","","","","6"
"545","Pittsburgh","10/16/10","29","BURNS","CHRIS","5","9","2","7","0","","","","","","","5","7","","","","","","","","","","","","","","","","","","","","","","","","","","","","","","0"
"545","Pittsburgh","10/23/10","29","BURNS","CHRIS","5","18","1","17","0","","","","","","","5","17","1","0","0","","","","","","","","","","","","","","","","","","","","","","","","","","","0"
"545","Pittsburgh","10/30/10","29","BURNS","CHRIS","3","7","4","3","0","","","","","","","3","3","","","","","","","","","","","","","","","","","","","","","","","","","","","","","","0"
"545","Pittsburgh","12/04/10","29","BURNS","CHRIS","3","5","0","5","0","","","","","","","3","5","","","","","","","","","","","","","","","","","","","","","","","","","","","","","","0"
"545","Pittsburgh","10/30/10","94","CARAGEIN","MYLES","","","","","","","","","","","","0","0","","","","","","","1","56","0","","","","","","","","","","","","","","","","","","","","","0"
"545","Pittsburgh","09/11/10","14","CROSS","GREG","","","","","","","","","","","","0","0","1","1","0","","","","","","","","","","","","","","","","","","","","","","","","","","","0"
"545","Pittsburgh","09/02/10","85","CRUZ","MIKE","","","","","","","","","","","","0","0","3","21","0","","","","","","","","","","","","","","","","","","","","","","","","","","","0"
"545","Pittsburgh","10/02/10","85","CRUZ","MIKE","","","","","","","","","","","","0","0","1","10","0","","","","","","","","","","","","","","","","","","","","","","","","","","","0"
"545","Pittsburgh","10/16/10","85","CRUZ","MIKE","","","","","","","","","","","","0","0","2","32","0","","","","","","","","","","","","","","","","","","","","","","","","","","","0"
"545","Pittsburgh","10/23/10","85","CRUZ","MIKE","","","","","","","","","","","","0","0","2","14","2","","","","","","","","","","","","","","","2","","","","","","","","","","","","12"
"545","Pittsburgh","10/30/10","85","CRUZ","MIKE","","","","","","","","","","","","0","0","2","28","0","","","","","","","","","","","","","","","","","","","","","","","","","","","0"
"545","Pittsburgh","11/11/10","85","CRUZ","MIKE","","","","","","","","","","","","0","0","2","19","0","","","","","","","","","","","","","","","","","","","","","","","","","","","0"
"545","Pittsburgh","11/20/10","85","CRUZ","MIKE","","","","","","","","","","","","0","0","1","22","0","","","","","","","","","","","","","","","","","","","","","","","","","","","0"
"545","Pittsburgh","11/26/10","85","CRUZ","MIKE","","","","","","","","","","","","0","0","3","18","0","","","","","","","","","","","","","","","","","","","","","","","","","","","0"
"545","Pittsburgh","12/04/10","85","CRUZ","MIKE","","","","","","","","","","","","0","0","1","25","0","","","","","","","","","","","","","","","","","","","","","","","","","","","0"
"545","Pittsburgh","01/08/11","85","CRUZ","MIKE","","","","","","","","","","","","0","0","2","24","0","","","","","","","","","","","","","","","","","","","","","","","","","","","0"
"545","Pittsburgh","10/16/10","81","DECICCO","BROCK","","","","","","","","","","","","0","0","1","6","1","","","","","","","","","","","","","","","1","","","","","","","","","","","","6"
"545","Pittsburgh","01/08/11","81","DECICCO","BROCK","","","","","","","","","","","","0","0","1","13","1","","","","","","","","","","","","","","","1","","","","","","","","","","","","6"
"545","Pittsburgh","09/23/10","31","DECICCO","DOM","","","","","","","","","","","","0","0","","","","1","0","0","","","","","","","","","","","","","","","","","","","","","","","","0"
"545","Pittsburgh","10/23/10","31","DECICCO","DOM","","","","","","","","","","","","0","0","","","","1","0","0","","","","","","","","","","","","","","","","","","","","","","","","0"
"545","Pittsburgh","10/30/10","31","DECICCO","DOM","","","","","","","","","","","","0","0","","","","1","5","0","","","","","","","","","","","","","","","","","","","","","","","","0"
"545","Pittsburgh","12/04/10","31","DECICCO","DOM","","","","","","","","","","","","0","0","","","","2","31","0","","","","","","","","","","","","","","","","","","","","","","","","0"
"545","Pittsburgh","09/02/10","9","DOUGLAS","JASON","","","","","","","","","","","","0","0","","","","","","","","","","","","","","","3","51","0","","","","","","","","","","","","","0"
"545","Pittsburgh","09/11/10","9","DOUGLAS","JASON","3","8","0","8","0","","","","","","","3","8","1","1","0","","","","","","","","","","","","","","","","","","","","","","","","","","","0"
"545","Pittsburgh","10/16/10","26","GARY","RICKY","","","","","","","","","","","","0","0","","","","1","80","1","","","","","","","","","","","","1","","","","","","","","","","","","6"
"545","Pittsburgh","09/11/10","1","GRAHAM","RAY","9","116","1","115","2","","","","","","","9","115","3","32","0","","","","","","","","","","","","","","","2","","","","","","","","","","","","12"
"545","Pittsburgh","09/23/10","1","GRAHAM","RAY","14","100","0","100","0","","","","","","","14","100","3","41","0","","","","","","","","","","","","2","47","0","","","","","","","","","","","","","0"
"545","Pittsburgh","10/02/10","1","GRAHAM","RAY","29","279","2","277","3","","","","","","","29","277","3","19","0","","","","","","","","","","","","2","78","0","3","","","","","","","","","","","","18"
"545","Pittsburgh","10/09/10","1","GRAHAM","RAY","8","44","0","44","0","","","","","","","8","44","2","19","0","","","","","","","","","","","","3","56","0","","","","","","","","","","","","","0"
"545","Pittsburgh","10/16/10","1","GRAHAM","RAY","11","54","1","53","0","","","","","","","11","53","3","22","1","","","","","","","","","","","","","","","1","","","","","","","","","","","","6"
"545","Pittsburgh","10/23/10","1","GRAHAM","RAY","14","71","15","56","1","","","","","","","14","56","1","17","0","","","","","","","","","","","","2","48","0","1","","","","","","","","","","","","6"
"545","Pittsburgh","10/30/10","1","GRAHAM","RAY","9","44","4","40","1","","","","","","","9","40","1","0","0","","","","","","","","","","","","2","49","0","1","","","","","","","","","","","","6"
"545","Pittsburgh","11/11/10","1","GRAHAM","RAY","16","82","7","75","1","","","","","","","16","75","1","9","0","","","","","","","","","","","","4","74","0","1","","","","","","","","","","","","6"
"545","Pittsburgh","11/20/10","1","GRAHAM","RAY","10","47","3","44","0","","","","","","","10","44","3","9","1","","","","","","","","","","","","1","30","0","1","","","","","","","","","","","","6"
"545","Pittsburgh","11/26/10","1","GRAHAM","RAY","10","23","2","21","0","","","","","","","10","21","3","31","0","","","","","","","","","","","","4","77","0","","","","","","","","","","","","","0"
"545","Pittsburgh","12/04/10","1","GRAHAM","RAY","1","7","0","7","0","","","","","","","1","7","","","","","","","","","","","","","","","","","","","","","","","","","","","","","","0"
"545","Pittsburgh","01/08/11","1","GRAHAM","RAY","17","91","1","90","0","","","","","","","17","90","1","14","0","","","","","","","","","","","","3","42","0","","","","","","","","","","","","","0"
"545","Pittsburgh","12/04/10","55","GRUDER","MAX","","","","","","","","","","","","0","0","","","","1","0","0","","","","","","","","","","","","","","","","","","","","","","","","0"
"545","Pittsburgh","09/02/10","18","HOLLEY","JARRED","","","","","","","","","","","","0","0","","","","1","0","0","","","","","","","","","","","","","","","","","","","","","","","","0"
"545","Pittsburgh","09/11/10","18","HOLLEY","JARRED","","","","","","","","","","","","0","0","","","","1","10","0","","","","","","","","","","","","","","","","","","","","","","","","0"
"545","Pittsburgh","09/23/10","18","HOLLEY","JARRED","","","","","","","","","","","","0","0","","","","1","0","0","","","","","","","","","","","","","","","","","","","","","","","","0"
"545","Pittsburgh","10/16/10","18","HOLLEY","JARRED","","","","","","","","","","","","0","0","","","","1","0","0","","","","","","","","","","","","","","","","","","","","","","","","0"
"545","Pittsburgh","11/11/10","18","HOLLEY","JARRED","","","","","","","","","","","","0","0","","","","1","0","0","","","","","","","","","","","","","","","","","","","","","","","","0"
"545","Pittsburgh","09/02/10","30","HUTCHINS","DAN","","","","","","","","","","","","0","0","","","","","","","","","","4","178","","","","","","","","1","1","0","0","","","","","4","3","","10"
"545","Pittsburgh","09/11/10","30","HUTCHINS","DAN","","","","","","","","","","","","0","0","","","","","","","","","","3","158","","","","","","","","5","5","0","0","","","","","2","1","","8"
"545","Pittsburgh","09/23/10","30","HUTCHINS","DAN","","","","","","","","","","","","0","0","","","","","","","","","","8","364","","","","","","","","","","","","","","","","2","1","","3"
"545","Pittsburgh","10/02/10","30","HUTCHINS","DAN","","","","","","","","","","","","0","0","","","","","","","","","","1","38","","","","","","","","5","5","0","0","","","","","3","3","","14"
"545","Pittsburgh","10/09/10","30","HUTCHINS","DAN","1","0","1","-1","0","","","","","","","1","-1","","","","","","","","","","3","142","","","","","","","","2","2","0","0","","","","","2","1","","5"
"545","Pittsburgh","10/16/10","30","HUTCHINS","DAN","","","","","","","","","","","","0","0","","","","","","","","","","5","250","","","","","","","","6","6","0","0","","","","","1","1","","9"
"545","Pittsburgh","10/23/10","30","HUTCHINS","DAN","","","","","","","","","","","","0","0","","","","","","","","","","2","87","","","","","","","","5","5","0","0","","","","","2","2","","11"
"545","Pittsburgh","10/30/10","30","HUTCHINS","DAN","","","","","","","","","","","","0","0","","","","","","","","","","3","147","","","","","","","","2","2","0","0","","","","","3","2","","8"
"545","Pittsburgh","11/11/10","30","HUTCHINS","DAN","","","","","","","","","","","","0","0","","","","","","","","","","6","230","","","","","","","","4","4","0","0","","","","","","","","4"
"545","Pittsburgh","11/20/10","30","HUTCHINS","DAN","","","","","","","","","","","","0","0","","","","","","","","","","4","170","","","","","","","","2","2","0","0","","","","","2","1","","5"
"545","Pittsburgh","11/26/10","30","HUTCHINS","DAN","","","","","","","","","","","","0","0","","","","","","","","","","1","44","","","","","","","","1","1","0","0","","","","","1","1","","4"
"545","Pittsburgh","12/04/10","30","HUTCHINS","DAN","","","","","","","","","","","","0","0","","","","","","","","","","2","88","","","","","","","","4","4","0","0","","","","","1","0","","4"
"545","Pittsburgh","01/08/11","30","HUTCHINS","DAN","","","","","","","","","","","","0","0","","","","","","","","","","3","118","","","","","","","","3","3","0","0","","","","","2","2","","9"
"545","Pittsburgh","09/02/10","27","HYNOSKI","HENRY","5","15","0","15","0","","","","","","","5","15","2","21","0","","","","","","","","","","","","","","","","","","","","","","","","","","","0"
"545","Pittsburgh","09/11/10","27","HYNOSKI","HENRY","3","6","0","6","0","","","","","","","3","6","","","","","","","","","","","","","","","","","","","","","","","","","","","","","","0"
"545","Pittsburgh","09/23/10","27","HYNOSKI","HENRY","","","","","","","","","","","","0","0","","","","","","","","","","","","","","","1","16","0","","","","","","","","","","","","","0"
"545","Pittsburgh","10/02/10","27","HYNOSKI","HENRY","1","7","0","7","0","","","","","","","1","7","2","14","1","","","","","","","","","","","","","","","1","","","","","","","","","","","","6"
"545","Pittsburgh","10/09/10","27","HYNOSKI","HENRY","1","0","1","-1","0","","","","","","","1","-1","5","30","0","","","","","","","","","","","","","","","","","","","","","","","","","","","0"
"545","Pittsburgh","10/16/10","27","HYNOSKI","HENRY","1","1","0","1","0","","","","","","","1","1","1","5","0","","","","","","","","","","","","","","","","","","","","","","","","","","","0"
"545","Pittsburgh","10/23/10","27","HYNOSKI","HENRY","1","5","0","5","0","","","","","","","1","5","7","51","0","","","","","","","","","","","","","","","","","","","","","","","","","","","0"
"545","Pittsburgh","10/30/10","27","HYNOSKI","HENRY","","","","","","","","","","","","0","0","1","8","0","","","","","","","","","","","","","","","","","","","","","","","","","","","0"
"545","Pittsburgh","11/26/10","27","HYNOSKI","HENRY","","","","","","","","","","","","0","0","2","6","0","","","","","","","","","","","","","","","","","","","","","","","","","","","0"
"545","Pittsburgh","12/04/10","27","HYNOSKI","HENRY","","","","","","","","","","","","0","0","3","20","0","","","","","","","","","","","","","","","","","","","","","","","","","","","0"
"545","Pittsburgh","01/08/11","27","HYNOSKI","HENRY","","","","","","","","","","","","0","0","2","19","0","","","","","","","","","","","","","","","","","","","","","","","","","","","0"
"545","Pittsburgh","09/02/10","28","LEWIS","DION","25","83","8","75","1","","","","","","","25","75","1","9","0","","","","","","","","","","","","","","","1","","","","","","","","","","","","6"
"545","Pittsburgh","09/11/10","28","LEWIS","DION","10","27","0","27","1","","","","","","","10","27","5","52","0","","","","","","","","","","","","","","","1","","","","","","","","","","","","6"
"545","Pittsburgh","09/23/10","28","LEWIS","DION","12","48","7","41","0","","","","","","","12","41","2","7","0","","","","","","","","","","","","","","","","","","","","","","","","","","","0"
"545","Pittsburgh","10/09/10","28","LEWIS","DION","13","64","1","63","0","","","","","","","13","63","3","21","0","","","","","","","","","","","","","","","","","","","","","","","","","","","0"
"545","Pittsburgh","10/16/10","28","LEWIS","DION","14","79","1","78","1","","","","","","","14","78","2","9","0","","","","","","","","","","","","","","","1","","","","","","","","","","","","6"
"545","Pittsburgh","10/23/10","28","LEWIS","DION","17","130","0","130","1","","","","","","","17","130","1","13","0","","","","","","","","","","","","","","","1","","","","","","","","","","","","6"
"545","Pittsburgh","10/30/10","28","LEWIS","DION","18","66","1","65","1","","","","","","","18","65","1","11","0","","","","","","","","","","","","","","","1","","","","","","","","","","","","6"
"545","Pittsburgh","11/11/10","28","LEWIS","DION","13","77","0","77","2","","","","","","","13","77","5","50","0","","","","","","","","","","","","","","","2","","","","","","","","","","","","12"
"545","Pittsburgh","11/20/10","28","LEWIS","DION","22","106","1","105","1","","","","","","","22","105","","","","","","","","","","","","","","","","","","1","","","","","","","","","","","","6"
"545","Pittsburgh","11/26/10","28","LEWIS","DION","11","34","0","34","0","","","","","","","11","34","5","30","0","","","","","","","","","","","","","","","","","","","","","","","","","","","0"
"545","Pittsburgh","12/04/10","28","LEWIS","DION","42","268","7","261","4","","","","","","","42","261","2","14","0","","","","","","","","","","","","","","","4","","","","","","","","","","","","24"
"545","Pittsburgh","01/08/11","28","LEWIS","DION","22","106","1","105","1","","","","","","","22","105","","","","","","","","","","","","","","","","","","1","","","","","","","","","","","","6"
"545","Pittsburgh","10/23/10","48","MIKE","CHRIS","","","","","","","","","","","","0","0","","","","","","","","","","","","","","","1","2","0","","","","","","","","","","","","","0"
"545","Pittsburgh","10/30/10","48","MIKE","CHRIS","","","","","","","","","","","","0","0","2","17","0","","","","","","","","","","","","","","","","","","","","","","","","","","","0"
"545","Pittsburgh","11/20/10","44","NIX","NATE","","","","","","","","","","","","0","0","","","","","","","","","","","","0","10","0","","","","","","","","","","","","","","","","0"
"545","Pittsburgh","10/02/10","11","PECORA","MARCO","","","","","","","","","","","","0","0","","","","","","","","","","","","","","","1","10","0","","","","","","","","","","","","","0"
"545","Pittsburgh","09/02/10","22","REED","ANTWUAN","","","","","","","","","","","","0","0","","","","","","","","","","","","1","18","0","","","","","","","","","","","","","","","","0"
"545","Pittsburgh","11/20/10","22","REED","ANTWUAN","","","","","","","","","","","","0","0","","","","1","0","0","","","","","","","","","","","","","","","","","","","","","","","","0"
"545","Pittsburgh","09/02/10","5","SADDLER","CAMERON","1","4","0","4","0","","","","","","","1","4","2","11","0","","","","","","","","","","","","1","24","0","","","","","","","","","","","","","0"
"545","Pittsburgh","09/11/10","5","SADDLER","CAMERON","","","","","","","","","","","","0","0","4","16","1","","","","","","","","","3","26","0","3","70","0","1","","","","","","","","","","","","6"
"545","Pittsburgh","09/23/10","5","SADDLER","CAMERON","","","","","","","","","","","","0","0","1","6","0","","","","","","","","","4","37","0","3","53","0","","","","","","","","","","","","","0"
"545","Pittsburgh","10/02/10","5","SADDLER","CAMERON","","","","","","","","","","","","0","0","","","","","","","","","","","","2","32","0","1","14","0","","","","","","","","","","","","","0"
"545","Pittsburgh","10/09/10","5","SADDLER","CAMERON","","","","","","","","","","","","0","0","","","","","","","","","","","","1","-2","0","3","55","0","","","","","","","","","","","","","0"
"545","Pittsburgh","10/16/10","5","SADDLER","CAMERON","","","","","","","","","","","","0","0","","","","","","","","","","","","4","44","0","3","52","0","","","","","","","","","","","","","0"
"545","Pittsburgh","10/23/10","5","SADDLER","CAMERON","","","","","","","","","","","","0","0","","","","","","","","","","","","5","76","0","1","23","0","","","","","","","","","","","","","0"
"545","Pittsburgh","11/11/10","5","SADDLER","CAMERON","","","","","","","","","","","","0","0","","","","","","","","","","","","2","15","0","3","79","0","","","","","","","","","","","","","0"
"545","Pittsburgh","11/20/10","5","SADDLER","CAMERON","","","","","","","","","","","","0","0","","","","","","","","","","","","1","23","0","","","","","","","","","","","","","","","","0"
"545","Pittsburgh","11/26/10","5","SADDLER","CAMERON","","","","","","","","","","","","0","0","","","","","","","","","","","","1","6","0","1","21","0","","","","","","","","","","","","","0"
"545","Pittsburgh","12/04/10","5","SADDLER","CAMERON","","","","","","","","","","","","0","0","","","","","","","","","","","","1","0","0","3","69","0","","","","","","","","","","","","","0"
"545","Pittsburgh","01/08/11","5","SADDLER","CAMERON","","","","","","","","","","","","0","0","","","","","","","","","","","","1","6","0","","","","","","","","","","","","","","","","0"
"545","Pittsburgh","09/02/10","87","SHANAHAN","MIKE","","","","","","","","","","","","0","0","4","51","0","","","","","","","","","","","","","","","","","","","","","","","","","","","0"
"545","Pittsburgh","09/11/10","87","SHANAHAN","MIKE","","","","","","","","","","","","0","0","3","38","0","","","","","","","","","","","","","","","","","","","","","","","","","","","0"
"545","Pittsburgh","09/23/10","87","SHANAHAN","MIKE","","","","","","","","","","","","0","0","3","19","0","","","","","","","","","","","","","","","","","","","","","","","","","","","0"
"545","Pittsburgh","10/02/10","87","SHANAHAN","MIKE","","","","","","","","","","","","0","0","4","82","0","","","","","","","","","","","","","","","","","","","","","","","","","","","0"
"545","Pittsburgh","10/09/10","87","SHANAHAN","MIKE","","","","","","","","","","","","0","0","5","49","0","","","","","","","","","","","","","","","","","","","","","","","","","","","0"
"545","Pittsburgh","10/16/10","87","SHANAHAN","MIKE","","","","","","","","","","","","0","0","4","64","1","","","","","","","","","","","","","","","1","","","","","","","","","","","","6"
"545","Pittsburgh","10/23/10","87","SHANAHAN","MIKE","","","","","","","","","","","","0","0","3","53","0","","","","","","","","","","","","","","","","","","","","","","","","","","","0"
"545","Pittsburgh","10/30/10","87","SHANAHAN","MIKE","","","","","","","","","","","","0","0","3","35","0","","","","","","","","","","","","","","","","","","","","","","","","","","","0"
"545","Pittsburgh","11/11/10","87","SHANAHAN","MIKE","","","","","","","","","","","","0","0","3","28","0","","","","","","","","","","","","","","","","","","","","","","","","","","","0"
"545","Pittsburgh","11/20/10","87","SHANAHAN","MIKE","","","","","","","","","","","","0","0","3","62","0","","","","","","","","","","","","","","","","","","","","","","","","","","","0"
"545","Pittsburgh","11/26/10","87","SHANAHAN","MIKE","","","","","","","","","","","","0","0","5","75","0","","","","","","","","","","","","","","","","","","","","","","","","","","","0"
"545","Pittsburgh","12/04/10","87","SHANAHAN","MIKE","","","","","","","","","","","","0","0","2","21","0","","","","","","","","","","","","","","","","","","","","","","","","","","","0"
"545","Pittsburgh","01/08/11","87","SHANAHAN","MIKE","","","","","","","","","","","","0","0","1","12","0","","","","","","","","","","","","","","","","","","","","","","","","","","","0"
"545","Pittsburgh","10/02/10","97","SHEARD","JABAAL","","","","","","","","","","","","0","0","","","","","","","1","6","0","","","","","","","","","","","","","","","","","","","","","0"
"545","Pittsburgh","09/11/10","15","STREET","DEVIN","","","","","","","","","","","","0","0","2","36","0","","","","","","","","","","","","","","","","","","","","","","","","","","","0"
"545","Pittsburgh","09/23/10","15","STREET","DEVIN","","","","","","","","","","","","0","0","1","5","0","","","","","","","","","","","","","","","","","","","","","","","","","","","0"
"545","Pittsburgh","10/02/10","15","STREET","DEVIN","","","","","","","","","","","","0","0","3","30","0","","","","","","","","","","","","","","","","","","","","","","","","","","","0"
"545","Pittsburgh","10/09/10","15","STREET","DEVIN","","","","","","","","","","","","0","0","3","42","0","","","","","","","","","","","","","","","","","","","","","","","","","","","0"
"545","Pittsburgh","10/16/10","15","STREET","DEVIN","","","","","","","","","","","","0","0","3","82","1","","","","","","","","","","","","","","","1","","","","","","","","","","","","6"
"545","Pittsburgh","10/23/10","15","STREET","DEVIN","","","","","","","","","","","","0","0","2","20","0","","","","","","","","","","","","","","","","","","","","","","","","","","","0"
"545","Pittsburgh","10/30/10","15","STREET","DEVIN","1","1","0","1","0","","","","","","","1","1","","","","","","","","","","","","","","","","","","","","","","","","","","","","","","0"
"545","Pittsburgh","11/11/10","15","STREET","DEVIN","","","","","","","","","","","","0","0","3","19","0","","","","","","","","","","","","","","","","","","","","","","","","","","","0"
"545","Pittsburgh","11/20/10","15","STREET","DEVIN","","","","","","","","","","","","0","0","1","13","0","","","","","","","","","","","","","","","","","","","","","","","","","","","0"
"545","Pittsburgh","11/26/10","15","STREET","DEVIN","","","","","","","","","","","","0","0","5","48","1","","","","","","","","","","","","","","","1","","","","","","","","","","","","6"
"545","Pittsburgh","12/04/10","15","STREET","DEVIN","","","","","","","","","","","","0","0","1","21","0","","","","","","","","","","","","","","","","","","","","","","","","","","","0"
"545","Pittsburgh","01/08/11","15","STREET","DEVIN","2","15","0","15","0","","","","","","","2","15","1","2","0","","","","","","","","","","","","","","","","","","","","","","","","","","","0"
"545","Pittsburgh","09/02/10","12","SUNSERI","TINO","4","1","16","-15","0","28","16","1","184","1","1","32","169","","","","","","","","","","","","","","","","","","","","","1","1","","","","","","","","2"
"545","Pittsburgh","09/11/10","12","SUNSERI","TINO","3","26","18","8","0","34","24","1","275","2","","37","283","","","","","","","","","","","","","","","","","","","","","","","","","","","","","","0"
"545","Pittsburgh","09/23/10","12","SUNSERI","TINO","7","32","18","14","0","15","8","0","61","0","","22","75","","","","","","","","","","","","","","","","","","","","","","","","","","","","","","0"
"545","Pittsburgh","10/02/10","12","SUNSERI","TINO","3","6","2","4","0","23","15","0","169","1","","26","173","","","","","","","","","","","","","","","","","","","","","","","","","","","","","","0"
"545","Pittsburgh","10/09/10","12","SUNSERI","TINO","7","23","14","9","1","39","27","1","272","1","","46","281","","","","","","","","","","","","","","","","","","1","","","","","","","","","","","","6"
"545","Pittsburgh","10/16/10","12","SUNSERI","TINO","3","1","17","-16","0","24","17","0","281","4","","27","265","","","","","","","","","","","","","","","","","","","","","","","","","","","","","","0"
"545","Pittsburgh","10/23/10","12","SUNSERI","TINO","2","8","10","-2","0","27","21","1","307","3","","29","305","","","","","","","","","","","","","","","","","","","","","","","","","","","","","","0"
"545","Pittsburgh","10/30/10","12","SUNSERI","TINO","4","27","4","23","0","24","13","0","123","0","","28","146","","","","","","","","","","","","","","","","","","","","","","","","","","","","","","0"
"545","Pittsburgh","11/11/10","12","SUNSERI","TINO","5","5","14","-9","0","28","20","2","220","1","","33","211","","","","","","","","","","","","","","","","","","","","","","","","","","","","","","0"
"545","Pittsburgh","11/20/10","12","SUNSERI","TINO","6","29","28","1","0","16","11","0","142","1","","22","143","","","","","","","","","","","","","","","","","","","","","","","","","","","","","","0"
"545","Pittsburgh","11/26/10","12","SUNSERI","TINO","5","50","12","38","0","46","28","1","284","1","","51","322","","","","","","","","","","","","","","","","","","","","","","","","","","","","","","0"
"545","Pittsburgh","12/04/10","12","SUNSERI","TINO","","","","","","23","14","1","158","0","","23","158","","","","","","","","","","","","","","","","","","","","","","","","","","","","","","0"
"545","Pittsburgh","01/08/11","12","SUNSERI","TINO","4","53","0","53","1","19","9","1","96","1","","23","149","","","","","","","","","","","","","","","","","","1","","","","","","","","","","","","6"
"545","Pittsburgh","11/20/10","41","TAGLIANETTI","ANDREW","","","","","","","","","","","","0","0","","","","","","","","","","","","1","22","0","","","","","","","","","","","","","","","","0"
"545","Pittsburgh","01/08/11","41","TAGLIANETTI","ANDREW","","","","","","","","","","","","0","0","","","","","","","","","","","","1","31","0","","","","","","","","","","","","","","","","0"
"545","Pittsburgh","10/16/10","38","WILLIAMS","GREG","","","","","","","","","","","","0","0","","","","","","","1","32","0","","","","","","","","","","","","","","","","","","","","","0"
"559","Purdue","09/04/10","85","ADAMS","KYLE","","","","","","","","","","","","0","0","3","21","0","","","","","","","","","","","","","","","","","","","","","","","","","","","0"
"559","Purdue","09/11/10","85","ADAMS","KYLE","","","","","","","","","","","","0","0","2","15","0","","","","","","","","","","","","","","","","","","","","","","","","","","","0"
"559","Purdue","09/18/10","85","ADAMS","KYLE","","","","","","","","","","","","0","0","6","37","0","","","","","","","","","","","","","","","","","","","","","","","","","","","0"
"559","Purdue","09/25/10","85","ADAMS","KYLE","","","","","","","","","","","","0","0","6","33","0","","","","","","","","","","","","","","","","","","","","","","","","","","","0"
"559","Purdue","10/09/10","85","ADAMS","KYLE","","","","","","","","","","","","0","0","1","4","0","","","","","","","","","","","","","","","","","","","","","","","","","","","0"
"559","Purdue","10/16/10","85","ADAMS","KYLE","","","","","","","","","","","","0","0","2","12","0","","","","","","","","","","","","","","","","","","","","","","","","","","","0"
"559","Purdue","10/23/10","85","ADAMS","KYLE","","","","","","","","","","","","0","0","1","7","0","","","","","","","","","","","","","","","","","","","","","","","","","","","0"
"559","Purdue","10/30/10","85","ADAMS","KYLE","","","","","","","","","","","","0","0","1","10","0","","","","","","","","","","","","","","","","","","","","","","","","","","","0"
"559","Purdue","11/06/10","85","ADAMS","KYLE","","","","","","","","","","","","0","0","6","29","0","","","","","","","","","","","","","","","","","","","","","","","","","","","0"
"559","Purdue","11/13/10","85","ADAMS","KYLE","","","","","","","","","","","","0","0","3","18","0","","","","","","","","","","","","","","","","","","","","","","","","","","","0"
"559","Purdue","11/20/10","85","ADAMS","KYLE","","","","","","","","","","","","0","0","2","24","0","","","","","","","","","","","","","","","","","","","","","","","","","","","0"
"559","Purdue","11/27/10","85","ADAMS","KYLE","","","","","","","","","","","","0","0","3","34","0","","","","","","","","","","","","","","","","","","","","","","","","","","","0"
"559","Purdue","09/18/10","21","ALLEN","RICARDO","","","","","","","","","","","","0","0","","","","1","0","0","","","","","","","","","","","","","","","","","","","","","","","","0"
"559","Purdue","11/13/10","21","ALLEN","RICARDO","","","","","","","","","","","","0","0","","","","1","94","1","","","","","","","","","","","","1","","","","","","","","","","","","6"
"559","Purdue","11/20/10","21","ALLEN","RICARDO","","","","","","","","","","","","0","0","","","","1","35","1","","","","","","","","","","","","1","","","","","","","","","","","","6"
"559","Purdue","10/23/10","27","BARBARETTE","T.J.","","","","","","","","","","","","0","0","","","","","","","","","","","","","","","2","17","0","","","","","","","","","","","","","0"
"559","Purdue","11/13/10","27","BARBARETTE","T.J.","","","","","","","","","","","","0","0","","","","","","","","","","","","","","","2","51","0","","","","","","","","","","","","","0"
"559","Purdue","11/20/10","27","BARBARETTE","T.J.","","","","","","","","","","","","0","0","","","","","","","","","","","","","","","3","99","0","","","","","","","","","","","","","0"
"559","Purdue","09/25/10","6","BUSH","GARY","","","","","","","","","","","","0","0","1","11","0","","","","","","","","","","","","","","","","","","","","","","","","","","","0"
"559","Purdue","10/09/10","6","BUSH","GARY","","","","","","","","","","","","0","0","1","9","0","","","","","","","","","","","","","","","","","","","","","","","","","","","0"
"559","Purdue","10/16/10","6","BUSH","GARY","","","","","","","","","","","","0","0","1","6","0","","","","","","","","","","","","","","","","","","","","","","","","","","","0"
"559","Purdue","10/23/10","6","BUSH","GARY","","","","","","","","","","","","0","0","2","3","0","","","","","","","","","","","","","","","","","","","","","","","","","","","0"
"559","Purdue","10/30/10","6","BUSH","GARY","","","","","","","","","","","","0","0","2","10","1","","","","","","","","","","","","","","","1","","","","","","","","","","","","6"
"559","Purdue","11/06/10","6","BUSH","GARY","1","16","0","16","0","","","","","","","1","16","1","7","0","","","","","","","","","","","","","","","","","","","","","","","","","","","0"
"559","Purdue","11/13/10","6","BUSH","GARY","","","","","","","","","","","","0","0","1","39","0","","","","","","","","","","","","","","","","","","","","","","","","","","","0"
"559","Purdue","11/20/10","6","BUSH","GARY","","","","","","","","","","","","0","0","1","4","0","","","","","","","","","","","","","","","","","","","","","","","","","","","0"
"559","Purdue","11/27/10","6","BUSH","GARY","","","","","","","","","","","","0","0","1","6","0","","","","","","","","","","","","","","","","","","","","","","","","","","","0"
"559","Purdue","09/25/10","1","CARLOS","KEITH","7","41","0","41","0","","","","","","","7","41","","","","","","","","","","","","","","","","","","","","","","","","","","","","","","0"
"559","Purdue","10/09/10","1","CARLOS","KEITH","7","65","1","64","0","","","","","","","7","64","","","","","","","","","","","","","","","","","","","","","","","","","","","","","","0"
"559","Purdue","10/16/10","1","CARLOS","KEITH","7","26","2","24","0","","","","","","","7","24","1","7","0","","","","","","","","","","","","","","","","","","","","","","","","","","","0"
"559","Purdue","10/23/10","1","CARLOS","KEITH","9","24","8","16","0","","","","","","","9","16","2","2","0","","","","","","","","","","","","","","","","","","","","","","","","","","","0"
"559","Purdue","10/30/10","1","CARLOS","KEITH","3","3","4","-1","0","","","","","","","3","-1","1","6","0","","","","","","","","","","","","","","","","","","","","","","","","","","","0"
"559","Purdue","11/06/10","1","CARLOS","KEITH","6","36","0","36","0","","","","","","","6","36","","","","","","","","","","","","","","","","","","","","","","","","","","","","","","0"
"559","Purdue","11/13/10","1","CARLOS","KEITH","3","9","1","8","0","","","","","","","3","8","","","","","","","","","","","","","","","","","","","","","","","","","","","","","","0"
"559","Purdue","11/20/10","1","CARLOS","KEITH","6","103","0","103","1","","","","","","","6","103","","","","","","","","","","","","","","","","","","1","","","","","","","","","","","","6"
"559","Purdue","11/27/10","1","CARLOS","KEITH","8","30","7","23","1","","","","","","","8","23","1","7","0","","","","","","","","","","","","1","19","0","1","","","","","","","","","","","","6"
"559","Purdue","10/16/10","34","CHARLOT","MAX","","","","","","","","","","","","0","0","","","","1","0","0","","","","","","","","","","","","","","","","","","","","","","","","0"
"559","Purdue","09/04/10","48","CRANK","JARED","2","5","0","5","0","","","","","","","2","5","1","14","0","","","","","","","","","","","","","","","","","","","","","","","","","","","0"
"559","Purdue","09/11/10","48","CRANK","JARED","3","4","0","4","0","","","","","","","3","4","","","","","","","","","","","","","","","","","","","","","","","","","","","","","","0"
"559","Purdue","09/18/10","48","CRANK","JARED","4","17","0","17","0","","","","","","","4","17","","","","","","","","","","","","","","","","","","","","","","","","","","","","","","0"
"559","Purdue","09/25/10","48","CRANK","JARED","4","44","1","43","1","","","","","","","4","43","","","","","","","","","","","","","","","","","","1","","","","","","","","","","","","6"
"559","Purdue","10/09/10","48","CRANK","JARED","2","2","1","1","0","","","","","","","2","1","","","","","","","","","","","","","","","","","","","","","","","","","","","","","","0"
"559","Purdue","10/16/10","48","CRANK","JARED","1","1","0","1","0","","","","","","","1","1","","","","","","","","","","","","","","","","","","","","","","","","","","","","","","0"
"559","Purdue","10/23/10","48","CRANK","JARED","2","4","2","2","0","","","","","","","2","2","","","","","","","","","","","","","","","","","","","","","","","","","","","","","","0"
"559","Purdue","10/30/10","48","CRANK","JARED","2","4","0","4","0","","","","","","","2","4","","","","","","","","","","","","","","","","","","","","","","","","","","","","","","0"
"559","Purdue","11/13/10","48","CRANK","JARED","1","1","0","1","0","","","","","","","1","1","","","","","","","","","","","","","","","","","","","","","","","","","","","","","","0"
"559","Purdue","09/04/10","25","DIERKING","DAN","9","56","0","56","0","","","","","","","9","56","5","28","0","","","","","","","","","","","","1","15","0","","","","","","","","","","","","","0"
"559","Purdue","09/11/10","25","DIERKING","DAN","14","103","1","102","2","","","","","","","14","102","1","5","0","","","","","","","","","","","","","","","2","","","","","","","","","","","","12"
"559","Purdue","09/18/10","25","DIERKING","DAN","7","19","3","16","0","","","","","","","7","16","","","","","","","","","","","","","","","","","","","","","","","","","","","","","","0"
"559","Purdue","09/25/10","25","DIERKING","DAN","8","31","0","31","0","","","","","","","8","31","5","50","1","","","","","","","","","","","","","","","1","","","","","","","","","","","","6"
"559","Purdue","10/09/10","25","DIERKING","DAN","7","25","3","22","1","","","","","","","7","22","","","","","","","","","","","","","","","","","","1","","","","","","","","","","","","6"
"559","Purdue","10/16/10","25","DIERKING","DAN","12","129","3","126","0","","","","","","","12","126","","","","","","","","","","","","","","","","","","","","","","","","","","","","","","0"
"559","Purdue","10/30/10","25","DIERKING","DAN","10","52","2","50","0","","","","","","","10","50","","","","","","","","","","","","","","","","","","","","","","","","","","","","","","0"
"559","Purdue","11/06/10","25","DIERKING","DAN","16","57","2","55","0","","","","","","","16","55","","","","","","","","","","","","","","","","","","","","","","","","","","","","","","0"
"559","Purdue","11/13/10","25","DIERKING","DAN","13","59","20","39","0","","","","","","","13","39","3","15","0","","","","","","","","","","","","","","","","","","","","","","","","","","","0"
"559","Purdue","11/20/10","25","DIERKING","DAN","11","24","0","24","0","","","","","","","11","24","2","23","0","","","","","","","","","","","","","","","","","","","","","","","","","","","0"
"559","Purdue","11/27/10","25","DIERKING","DAN","10","12","4","8","0","","","","","","","10","8","4","52","1","","","","","","","","","","","","","","","1","","","","","","","","","","","","6"
"559","Purdue","09/11/10","10","EARGLE","MIKE","","","","","","","","","","","","0","0","","","","","","","","","","","","","","","1","0","0","","","","","","","","","","","","","0"
"559","Purdue","09/04/10","13","EDISON","ANTAVIAN","4","17","0","17","0","","","","","","","4","17","2","11","0","","","","","","","","","","","","","","","","","","","","","","","","","","","0"
"559","Purdue","09/11/10","13","EDISON","ANTAVIAN","2","3","3","0","0","","","","","","","2","0","1","4","0","","","","","","","","","","","","","","","","","","","","","","","","","","","0"
"559","Purdue","09/18/10","13","EDISON","ANTAVIAN","8","55","0","55","0","","","","","","","8","55","","","","","","","","","","","","","","","","","","","","","","","","","","","","","","0"
"559","Purdue","09/25/10","13","EDISON","ANTAVIAN","7","47","0","47","0","","","","","","","7","47","","","","","","","","","","","","","","","","","","","","","","","","","","","","","","0"
"559","Purdue","10/09/10","13","EDISON","ANTAVIAN","4","11","4","7","0","","","","","","","4","7","1","1","0","","","","","","","","","","","","","","","","","","","","","","","","","","","0"
"559","Purdue","10/16/10","13","EDISON","ANTAVIAN","3","1","4","-3","0","","","","","","","3","-3","5","64","1","","","","","","","","","","","","","","","1","","","","","","","","","","","","6"
"559","Purdue","10/23/10","13","EDISON","ANTAVIAN","2","0","2","-2","0","","","","","","","2","-2","1","9","0","","","","","","","","","","","","","","","","","","","","","","","","","","","0"
"559","Purdue","10/30/10","13","EDISON","ANTAVIAN","2","3","3","0","0","","","","","","","2","0","2","20","0","","","","","","","","","","","","","","","","","","","","","","","","","","","0"
"559","Purdue","11/06/10","13","EDISON","ANTAVIAN","","","","","","","","","","","","0","0","6","73","1","","","","","","","","","","","","","","","1","","","","","","","","","","","","6"
"559","Purdue","11/13/10","13","EDISON","ANTAVIAN","1","0","0","0","0","","","","","","","1","0","4","20","0","","","","","","","","","","","","","","","","","","","","","","","","","","","0"
"559","Purdue","11/20/10","13","EDISON","ANTAVIAN","3","9","0","9","0","","","","","","","3","9","5","25","1","","","","","","","","","","","","","","","1","","","","","","","","","","","","6"
"559","Purdue","11/27/10","13","EDISON","ANTAVIAN","","","","","","","","","","","","0","0","5","89","1","","","","","","","","","","","","4","72","0","1","","","","","","","","","","","","6"
"559","Purdue","11/06/10","32","EVANS","ALBERT","","","","","","","","","","","","0","0","","","","1","0","0","","","","","","","","","","","","","","","","","","","","","","","","0"
"559","Purdue","09/11/10","3O","GRAVESANDE","WAYNELLE","","","","","","","","","","","","0","0","","","","","","","","","","","","1","4","0","","","","","","","","","","","","","","","","0"
"559","Purdue","09/18/10","3O","GRAVESANDE","WAYNELLE","","","","","","","","","","","","0","0","","","","","","","","","","","","3","5","0","1","23","0","","","","","","","","","","","","","0"
"559","Purdue","09/25/10","3O","GRAVESANDE","WAYNELLE","","","","","","","","","","","","0","0","","","","","","","","","","","","3","-2","0","","","","","","","","","","","","","","","","0"
"559","Purdue","10/23/10","3O","GRAVESANDE","WAYNELLE","","","","","","","","","","","","0","0","","","","","","","","","","","","1","5","0","","","","","","","","","","","","","","","","0"
"559","Purdue","10/30/10","3O","GRAVESANDE","WAYNELLE","","","","","","","","","","","","0","0","","","","","","","","","","","","3","29","0","","","","","","","","","","","","","","","","0"
"559","Purdue","11/06/10","3O","GRAVESANDE","WAYNELLE","","","","","","","","","","","","0","0","","","","","","","","","","","","2","28","0","","","","","","","","","","","","","","","","0"
"559","Purdue","09/04/10","1Q","HENRY","ROB","3","16","0","16","0","","","","","","","3","16","","","","","","","","","","","","","","","","","","","","","","","","","","","","","","0"
"559","Purdue","09/11/10","1Q","HENRY","ROB","5","24","5","19","0","4","1","0","4","0","","9","23","","","","","","","","","","","","","","","","","","","","","","","","","","","","","","0"
"559","Purdue","09/18/10","1Q","HENRY","ROB","10","65","0","65","0","6","3","0","89","1","","16","154","","","","","","","","","","","","","","","","","","","","","","","","","","","","","","0"
"559","Purdue","09/25/10","1Q","HENRY","ROB","13","82","15","67","0","31","17","1","140","1","","44","207","","","","","","","","","","","","","","","","","","","","","","","","","","","","","","0"
"559","Purdue","10/09/10","1Q","HENRY","ROB","16","140","8","132","1","18","6","1","47","0","","34","179","","","","","","","","","","","","","","","","","","1","","","","","","","","","","","","6"
"559","Purdue","10/16/10","1Q","HENRY","ROB","17","64","7","57","3","20","13","1","163","1","","37","220","","","","","","","","","","","","","","","","","","3","","","","","","","","","","","","18"
"559","Purdue","10/23/10","1Q","HENRY","ROB","5","28","2","26","0","18","9","1","58","0","","23","84","","","","","","","","","","","","","","","","","","","","","","","","","","","","","","0"
"559","Purdue","10/30/10","1Q","HENRY","ROB","2","9","0","9","0","","","","","","","2","9","","","","","","","","","","","","","","","","","","","","","","","","","","","","","","0"
"559","Purdue","11/13/10","1Q","HENRY","ROB","12","80","5","75","0","9","5","0","54","0","","21","129","1","11","0","","","","","","","","","","","","","","","","","","","","","","","","","","","0"
"559","Purdue","11/20/10","1Q","HENRY","ROB","12","55","2","53","0","26","16","2","189","2","","38","242","","","","","","","","","","","","","","","","","","","","","","","","","","","","","","0"
"559","Purdue","11/27/10","1Q","HENRY","ROB","9","31","3","28","0","30","16","1","252","3","","39","280","","","","","","","","","","","","","","","","","","","","","","","","","","","","","","0"
"559","Purdue","10/30/10","30","HOLLAND","JOE","","","","","","","","","","","","0","0","","","","","","","","","","","","","","","1","3","0","","","","","","","","","","","","","0"
"559","Purdue","10/16/10","86","HOLMES","GABE","","","","","","","","","","","","0","0","","","","","","","","","","","","","","","1","12","0","","","","","","","","","","","","","0"
"559","Purdue","10/23/10","86","HOLMES","GABE","","","","","","","","","","","","0","0","1","14","0","","","","","","","","","","","","","","","","","","","","","","","","","","","0"
"559","Purdue","09/04/10","40","JACKSON","DEREK","","","","","","","","","","","","0","0","","","","","","","","","","","","","","","1","12","0","","","","","","","","","","","","","0"
"559","Purdue","10/09/10","28","JOHNSON","JOSH","","","","","","","","","","","","0","0","","","","","","","","","","","","1","2","0","1","19","0","","","","","","","","","","","","","0"
"559","Purdue","10/16/10","28","JOHNSON","JOSH","","","","","","","","","","","","0","0","","","","","","","","","","","","1","0","0","","","","","","","","","","","","","","","","0"
"559","Purdue","10/30/10","28","JOHNSON","JOSH","","","","","","","","","","","","0","0","","","","","","","","","","","","1","17","0","","","","","","","","","","","","","","","","0"
"559","Purdue","11/13/10","28","JOHNSON","JOSH","","","","","","","","","","","","0","0","","","","1","13","0","","","","","","","","","","","","","","","","","","","","","","","","0"
"559","Purdue","11/20/10","28","JOHNSON","JOSH","","","","","","","","","","","","0","0","","","","","","","","","","","","2","23","0","","","","","","","","","","","","","","","","0"
"559","Purdue","11/27/10","28","JOHNSON","JOSH","","","","","","","","","","","","0","0","","","","","","","","","","","","3","31","0","","","","","","","","","","","","","","","","0"
"559","Purdue","09/04/10","88","LINDSAY","JEFF","","","","","","","","","","","","0","0","1","9","0","","","","","","","","","","","","","","","","","","","","","","","","","","","0"
"559","Purdue","09/11/10","88","LINDSAY","JEFF","","","","","","","","","","","","0","0","1","5","0","","","","","","","","","","","","","","","","","","","","","","","","","","","0"
"559","Purdue","10/09/10","88","LINDSAY","JEFF","","","","","","","","","","","","0","0","1","15","0","","","","","","","","","","","","","","","","","","","","","","","","","","","0"
"559","Purdue","10/16/10","88","LINDSAY","JEFF","","","","","","","","","","","","0","0","1","2","0","","","","","","","","","","","","","","","","","","","","","","","","","","","0"
"559","Purdue","10/23/10","88","LINDSAY","JEFF","","","","","","","","","","","","0","0","1","13","0","","","","","","","","","","","","","","","","","","","","","","","","","","","0"
"559","Purdue","11/13/10","88","LINDSAY","JEFF","","","","","","","","","","","","0","0","4","28","0","","","","","","","","","","","","","","","","","","","","","","","","","","","0"
"559","Purdue","09/04/10","35","LINK","LOGAN","","","","","","","","","","","","0","0","","","","","","","1","4","0","","","","","","","","","","","","","","","","","","","","","0"
"559","Purdue","10/16/10","35","LINK","LOGAN","","","","","","","","","","","","0","0","","","","1","18","0","","","","","","","","","","","","","","","","","","","","","","","","0"
"559","Purdue","10/23/10","45","LUCAS","WILL","","","","","","","","","","","","0","0","","","","1","8","0","","","","","","","","","","","","","","","","","","","","","","","","0"
"559","Purdue","10/09/10","58","MACI","ROBERT","","","","","","","","","","","","0","0","","","","","","","","","","","","","","","1","8","0","","","","","","","","","","","","","0"
"559","Purdue","10/23/10","58","MACI","ROBERT","","","","","","","","","","","","0","0","","","","1","18","0","","","","","","","","","1","8","0","","","","","","","","","","","","","0"
"559","Purdue","10/30/10","58","MACI","ROBERT","","","","","","","","","","","","0","0","","","","","","","","","","","","","","","1","6","0","","","","","","","","","","","","","0"
"559","Purdue","09/04/10","9","MARVE","ROBERT","10","44","34","10","1","42","31","2","220","0","","52","230","","","","","","","","","","","","","","","","","","1","","","","","","","","","","","","6"
"559","Purdue","09/11/10","9","MARVE","ROBERT","6","26","5","21","0","34","23","1","171","1","","40","192","","","","","","","","","","","","","","","","","","","","","","","","","","","","","","0"
"559","Purdue","09/18/10","9","MARVE","ROBERT","5","17","4","13","0","20","12","1","111","2","","25","124","","","","","","","","","","","","","","","","","","","","","","","","","","","","","","0"
"559","Purdue","09/25/10","9","MARVE","ROBERT","1","0","12","-12","0","3","1","0","10","0","","4","-2","","","","","","","","","","","","","","","","","","","","","","","","","","","","","","0"
"559","Purdue","09/04/10","5O","MCBURSE","AL-TEREK","4","5","7","-2","0","","","","","","","4","-2","","","","","","","","","","","","","","","3","38","0","","","","","","","","","","","","","0"
"559","Purdue","09/11/10","5O","MCBURSE","AL-TEREK","5","81","0","81","1","","","","","","","5","81","1","-1","0","","","","","","","","","","","","2","28","0","1","","","","","","","","","","","","6"
"559","Purdue","10/09/10","5O","MCBURSE","AL-TEREK","1","3","0","3","0","","","","","","","1","3","","","","","","","","","","","","","","","","","","","","","","","","","","","","","","0"
"559","Purdue","10/16/10","5O","MCBURSE","AL-TEREK","4","13","2","11","0","","","","","","","4","11","","","","","","","","","","","","","","","2","49","0","","","","","","","","","","","","","0"
"559","Purdue","10/23/10","5O","MCBURSE","AL-TEREK","","","","","","","","","","","","0","0","","","","","","","","","","","","","","","3","57","0","","","","","","","","","","","","","0"
"559","Purdue","10/30/10","5O","MCBURSE","AL-TEREK","2","63","0","63","0","","","","","","","2","63","","","","","","","","","","","","","","","1","28","0","","","","","","","","","","","","","0"
"559","Purdue","11/06/10","5O","MCBURSE","AL-TEREK","2","24","0","24","0","","","","","","","2","24","","","","","","","","","","","","","","","5","133","0","","","","","","","","","","","","","0"
"559","Purdue","11/13/10","5O","MCBURSE","AL-TEREK","3","7","0","7","0","","","","","","","3","7","1","1","0","","","","","","","","","","","","2","54","0","","","","","","","","","","","","","0"
"559","Purdue","11/20/10","5O","MCBURSE","AL-TEREK","1","2","0","2","0","","","","","","","1","2","3","30","0","","","","","","","","","","","","2","39","0","","","","","","","","","","","","","0"
"559","Purdue","11/27/10","5O","MCBURSE","AL-TEREK","","","","","","","","","","","","0","0","","","","","","","","","","","","","","","1","20","0","","","","","","","","","","","","","0"
"559","Purdue","10/23/10","33","PEGRAM","REGGIE","3","1","0","1","0","","","","","","","3","1","1","-1","0","","","","","","","","","","","","","","","","","","","","","","","","","","","0"
"559","Purdue","10/30/10","33","PEGRAM","REGGIE","2","6","0","6","0","","","","","","","2","6","","","","","","","","","","","","","","","","","","","","","","","","","","","","","","0"
"559","Purdue","10/23/10","80","REESE","XAVIER","","","","","","","","","","","","0","0","1","9","0","","","","","","","","","","","","","","","","","","","","","","","","","","","0"
"559","Purdue","10/16/10","1B","ROBINSON","SEAN","1","16","0","16","0","","","","","","","1","16","","","","","","","","","","","","","","","","","","","","","","","","","","","","","","0"
"559","Purdue","10/23/10","1B","ROBINSON","SEAN","6","9","22","-13","0","10","6","1","30","0","","16","17","","","","","","","","","","","","","","","","","","","","","","","","","","","","","","0"
"559","Purdue","10/30/10","1B","ROBINSON","SEAN","10","32","8","24","0","20","7","0","52","1","","30","76","","","","","","","","","","","","","","","","","","","","","","","","","","","","","","0"
"559","Purdue","11/06/10","1B","ROBINSON","SEAN","12","43","12","31","0","38","19","3","141","1","","50","172","","","","","","","","","","","","","","","","","","","","","","","","","","","","","","0"
"559","Purdue","11/13/10","1B","ROBINSON","SEAN","2","0","9","-9","0","23","12","2","78","0","","25","69","","","","","","","","","","","","","","","","","","","","","","","","","","","","","","0"
"559","Purdue","09/04/10","4","ROSS","O.J.","","","","","","","","","","","","0","0","","","","","","","","","","","","","","","1","17","0","","","","","","","","","","","","","0"
"559","Purdue","09/11/10","4","ROSS","O.J.","","","","","","","","","","","","0","0","4","24","0","","","","","","","","","","","","1","45","0","","","","","","","","","","","","","0"
"559","Purdue","09/18/10","4","ROSS","O.J.","9","26","0","26","0","","","","","","","9","26","1","36","1","","","","","","","","","","","","1","29","0","1","","","","","","","","","","","","6"
"559","Purdue","09/25/10","4","ROSS","O.J.","1","1","0","1","0","","","","","","","1","1","1","8","0","","","","","","","","","","","","5","99","0","","","","","","","","","","","","","0"
"559","Purdue","10/09/10","4","ROSS","O.J.","1","1","0","1","0","","","","","","","1","1","2","18","0","","","","","","","","","","","","1","13","0","","","","","","","","","","","","","0"
"559","Purdue","10/16/10","4","ROSS","O.J.","","","","","","","","","","","","0","0","2","60","0","","","","","","","","","","","","","","","","","","","","","","","","","","","0"
"559","Purdue","10/23/10","4","ROSS","O.J.","","","","","","","","","","","","0","0","1","3","0","","","","","","","","","","","","2","59","0","","","","","","","","","","","","","0"
"559","Purdue","10/30/10","4","ROSS","O.J.","1","0","2","-2","0","","","","","","","1","-2","","","","","","","","","","","","","","","1","15","0","","","","","","","","","","","","","0"
"559","Purdue","09/04/10","2O","SILLER","JUSTIN","","","","","","","","","","","","0","0","4","34","0","","","","","","","","","","","","","","","","","","","","","","","","","","","0"
"559","Purdue","09/11/10","2O","SILLER","JUSTIN","","","","","","","","","","","","0","0","3","37","1","","","","","","","","","","","","","","","1","","","","","","","","","","","","6"
"559","Purdue","09/18/10","2O","SILLER","JUSTIN","3","11","0","11","0","","","","","","","3","11","3","10","0","","","","","","","","","","","","","","","","","","","","","","","","","","","0"
"559","Purdue","09/25/10","2O","SILLER","JUSTIN","2","2","0","2","0","","","","","","","2","2","2","23","0","","","","","","","","","","","","","","","","","","","","","","","","","","","0"
"559","Purdue","11/13/10","2O","SILLER","JUSTIN","1","3","0","3","0","","","","","","","1","3","","","","","","","","","","","","","","","","","","","","","","","","","","","","","","0"
"559","Purdue","09/04/10","7","SMITH","CORTEZ","","","","","","","","","","","","0","0","3","23","0","","","","","","","","","","","","","","","","","","","","","","","","","","","0"
"559","Purdue","09/11/10","7","SMITH","CORTEZ","","","","","","","","","","","","0","0","5","43","0","","","","","","","","","","","","","","","","","","","","","","","","","","","0"
"559","Purdue","09/18/10","7","SMITH","CORTEZ","","","","","","","","","","","","0","0","5","117","2","","","","","","","","","","","","","","","2","","","","","","","","","","","","12"
"559","Purdue","09/25/10","7","SMITH","CORTEZ","","","","","","","","","","","","0","0","3","25","0","","","","","","","","","","","","","","","","","","","","","","","","","","","0"
"559","Purdue","10/09/10","7","SMITH","CORTEZ","1","8","0","8","0","","","","","","","1","8","","","","","","","","","","","","","","","","","","","","","","","","","","","","","","0"
"559","Purdue","10/16/10","7","SMITH","CORTEZ","","","","","","","","","","","","0","0","1","12","0","","","","","","","","","","","","","","","","","","","","","","","","","","","0"
"559","Purdue","10/23/10","7","SMITH","CORTEZ","","","","","","","","","","","","0","0","4","29","0","","","","","","","","","","","","","","","","","","","","","","","","","","","0"
"559","Purdue","10/30/10","7","SMITH","CORTEZ","","","","","","","","","","","","0","0","1","6","0","","","","","","","","","","","","","","","","","","","","","","","","","","","0"
"559","Purdue","11/06/10","7","SMITH","CORTEZ","","","","","","","","","","","","0","0","6","32","0","","","","","","","","","","","","","","","","","","","","","","","","","","","0"
"559","Purdue","11/20/10","7","SMITH","CORTEZ","","","","","","","","","","","","0","0","3","83","1","","","","","","","","","","","","","","","1","","","","","","","","","","","","6"
"559","Purdue","11/27/10","7","SMITH","CORTEZ","1","0","0","0","0","","","","","","","1","0","2","64","1","","","","","","","","","","","","","","","1","","","","","","","","","","","","6"
"559","Purdue","09/04/10","8","SMITH","KEITH","","","","","","","","","","","","0","0","12","80","0","","","","","","","","","","","","","","","","","","","","","","","","","","","0"
"559","Purdue","09/11/10","8","SMITH","KEITH","","","","","","","","","","","","0","0","6","43","0","","","","","","","","","1","4","0","","","","","","","","","","","","","","","","0"
"559","Purdue","09/11/10","42","WEBSTER","CODY","","","","","","","","","","","","0","0","","","","","","","","","","5","187","","","","","","","","","","","","","","","","","","","0"
"559","Purdue","09/18/10","42","WEBSTER","CODY","","","","","","","","","","","","0","0","","","","","","","","","","1","16","","","","","","","","","","","","","","","","","","","0"
"559","Purdue","09/25/10","42","WEBSTER","CODY","","","","","","","","","","","","0","0","","","","","","","","","","3","140","","","","","","","","","","","","","","","","","","","0"
"559","Purdue","10/09/10","42","WEBSTER","CODY","","","","","","","","","","","","0","0","","","","","","","","","","6","286","","","","","","","","","","","","","","","","","","","0"
"559","Purdue","10/16/10","42","WEBSTER","CODY","","","","","","","","","","","","0","0","","","","","","","","","","2","93","","","","","","","","","","","","","","","","","","","0"
"559","Purdue","10/23/10","42","WEBSTER","CODY","","","","","","","","","","","","0","0","","","","","","","","","","6","280","","","","","","","","","","","","","","","","","","","0"
"559","Purdue","10/30/10","42","WEBSTER","CODY","","","","","","","","","","","","0","0","","","","","","","","","","5","177","","","","","","","","","","","","","","","","","","","0"
"559","Purdue","11/06/10","42","WEBSTER","CODY","","","","","","","","","","","","0","0","","","","","","","","","","4","180","","","","","","","","","","","","","","","","","","","0"
"559","Purdue","11/13/10","42","WEBSTER","CODY","","","","","","","","","","","","0","0","","","","","","","","","","6","225","","","","","","","","","","","","","","","","","","","0"
"559","Purdue","11/20/10","42","WEBSTER","CODY","","","","","","","","","","","","0","0","","","","","","","","","","3","114","","","","","","","","","","","","","","","","","","","0"
"559","Purdue","11/27/10","42","WEBSTER","CODY","","","","","","","","","","","","0","0","","","","","","","","","","6","336","","","","","","","","","","","","","","","","","","","0"
"559","Purdue","09/18/10","24","WERNER","JASON","","","","","","","","","","","","0","0","","","","1","26","0","","","","","","","","","","","","","","","","","","","","","","","","0"
"559","Purdue","11/27/10","24","WERNER","JASON","1","1","0","1","0","","","","","","","1","1","","","","","","","","","","","","","","","","","","","","","","","","","","","","","","0"
"559","Purdue","09/04/10","37","WIGGS","CARSON","","","","","","","","","","","","0","0","","","","","","","","","","6","252","","","","","","","","1","1","0","0","","","","","1","1","","4"
"559","Purdue","09/11/10","37","WIGGS","CARSON","","","","","","","","","","","","0","0","","","","","","","","","","2","75","","","","","","","","4","4","0","0","","","","","1","1","","7"
"559","Purdue","09/18/10","37","WIGGS","CARSON","","","","","","","","","","","","0","0","","","","","","","","","","3","117","","","","","","","","3","3","0","0","","","","","1","1","","6"
"559","Purdue","09/25/10","37","WIGGS","CARSON","","","","","","","","","","","","0","0","","","","","","","","","","","","","","","","","","","2","2","0","0","","","","","4","2","","8"
"559","Purdue","10/09/10","37","WIGGS","CARSON","","","","","","","","","","","","0","0","","","","","","","","","","","","","","","","","","","2","2","0","0","","","","","2","2","","8"
"559","Purdue","10/16/10","37","WIGGS","CARSON","","","","","","","","","","","","0","0","","","","","","","","","","3","101","","","","","","","","4","4","0","0","","","","","1","0","","4"
"559","Purdue","10/23/10","37","WIGGS","CARSON","","","","","","","","","","","","0","0","","","","","","","","","","1","36","","","","","","","","","","","","","","","","1","0","","0"
"559","Purdue","10/30/10","37","WIGGS","CARSON","","","","","","","","","","","","0","0","","","","","","","","","","3","91","","","","","","","","1","1","0","0","","","","","1","1","","4"
"559","Purdue","11/06/10","37","WIGGS","CARSON","","","","","","","","","","","","0","0","","","","","","","","","","","","","","","","","","","1","1","0","0","","","","","2","2","","7"
"559","Purdue","11/13/10","37","WIGGS","CARSON","","","","","","","","","","","","0","0","","","","","","","","","","1","34","","","","","","","","1","1","0","0","","","","","3","3","","10"
"559","Purdue","11/20/10","37","WIGGS","CARSON","","","","","","","","","","","","0","0","","","","","","","","","","1","24","","","","","","","","4","4","0","0","","","","","1","1","","7"
"559","Purdue","11/27/10","37","WIGGS","CARSON","","","","","","","","","","","","0","0","","","","","","","","","","2","70","","","","","","","","4","4","0","0","","","","","1","1","","7"
"574","Rice","09/04/10","11","BEASLEY","PIERRE","","","","","","","","","","","","0","0","1","9","0","","","","","","","","","","","","","","","","","","","","","","","","","","","0"
"574","Rice","09/18/10","11","BEASLEY","PIERRE","","","","","","","","","","","","0","0","1","4","0","","","","","","","","","","","","","","","","","","","","","","","","","","","0"
"574","Rice","11/20/10","11","BEASLEY","PIERRE","","","","","","","","","","","","0","0","1","30","1","","","","","","","","","","","","","","","1","","","","","","","","","","","","6"
"574","Rice","09/04/10","9","BOSWELL","CHRIS","","","","","","","","","","","","0","0","","","","","","","","","","","","","","","","","","","2","2","0","0","","","","","2","1","","5"
"574","Rice","09/11/10","9","BOSWELL","CHRIS","","","","","","","","","","","","0","0","","","","","","","","","","","","","","","","","","","2","2","0","0","","","","","6","4","","14"
"574","Rice","09/18/10","9","BOSWELL","CHRIS","","","","","","","","","","","","0","0","","","","","","","","","","","","","","","","","","","1","1","0","0","","","","","2","2","","7"
"574","Rice","09/25/10","9","BOSWELL","CHRIS","","","","","","","","","","","","0","0","","","","","","","","","","","","","","","","","","","1","1","0","0","","","","","2","2","","7"
"574","Rice","10/02/10","9","BOSWELL","CHRIS","","","","","","","","","","","","0","0","","","","","","","","","","","","","","","","","","","4","4","0","0","","","","","3","1","","7"
"574","Rice","10/09/10","9","BOSWELL","CHRIS","","","","","","","","","","","","0","0","","","","","","","","","","","","","","","","","","","3","3","0","0","","","","","1","1","","6"
"574","Rice","10/16/10","9","BOSWELL","CHRIS","","","","","","","","","","","","0","0","","","","","","","","","","","","","","","","","","","5","4","0","0","","","","","","","","4"
"574","Rice","10/23/10","9","BOSWELL","CHRIS","","","","","","","","","","","","0","0","","","","","","","","","","","","","","","","","","","2","2","0","0","","","","","","","","2"
"574","Rice","11/06/10","9","BOSWELL","CHRIS","","","","","","","","","","","","0","0","","","","","","","","","","","","","","","","","","","4","3","0","0","","","","","1","0","","3"
"574","Rice","11/13/10","9","BOSWELL","CHRIS","","","","","","","","","","","","0","0","","","","","","","","","","","","","","","","","","","7","7","0","0","","","","","","","","7"
"574","Rice","11/20/10","9","BOSWELL","CHRIS","","","","","","","","","","","","0","0","","","","","","","","","","","","","","","","","","","9","8","0","0","","","","","","","","8"
"574","Rice","11/27/10","9","BOSWELL","CHRIS","","","","","","","","","","","","0","0","","","","","","","","","","","","","","","","","","","4","4","0","0","","","","","","","","4"
"574","Rice","10/23/10","35","BRADSHAW","TRAVIS","","","","","","","","","","","","0","0","","","","1","8","0","","","","","","","","","","","","","","","","","","","","","","","","0"
"574","Rice","11/20/10","35","BRADSHAW","TRAVIS","","","","","","","","","","","","0","0","","","","1","3","0","","","","","","","","","","","","","","","","","","","","","","","","0"
"574","Rice","09/11/10","86","CLARK","DEREK","","","","","","","","","","","","0","0","2","49","0","","","","","","","","","","","","","","","","","","","","","","","","","","","0"
"574","Rice","09/18/10","86","CLARK","DEREK","","","","","","","","","","","","0","0","1","4","0","","","","","","","","","","","","","","","","","","","","","","","","","","","0"
"574","Rice","10/23/10","86","CLARK","DEREK","","","","","","","","","","","","0","0","2","44","0","","","","","","","","","","","","","","","","","","","","","","","","","","","0"
"574","Rice","11/06/10","86","CLARK","DEREK","","","","","","","","","","","","0","0","1","6","0","","","","","","","","","","","","","","","","","","","","","","","","","","","0"
"574","Rice","11/13/10","86","CLARK","DEREK","","","","","","","","","","","","0","0","4","58","0","","","","","","","","","","","","","","","","","","","","","","","","","","","0"
"574","Rice","11/20/10","86","CLARK","DEREK","","","","","","","","","","","","0","0","1","9","0","","","","","","","","","","","","","","","","","","","","","","","","","","","0"
"574","Rice","11/27/10","86","CLARK","DEREK","","","","","","","","","","","","0","0","1","3","0","","","","","","","","","","","","","","","","","","","","","","","","","","","0"
"574","Rice","09/04/10","3","COOK","TAYLOR","","","","","","4","3","0","18","0","","4","18","","","","","","","","","","","","","","","","","","","","","","","","","","","","","","0"
"574","Rice","09/18/10","3","COOK","TAYLOR","2","16","3","13","0","18","10","1","80","0","","20","93","","","","","","","","","","","","","","","","","","","","","","","","","","","","","","0"
"574","Rice","10/23/10","3","COOK","TAYLOR","1","4","0","4","0","6","4","0","57","0","","7","61","","","","","","","","","","","","","","","","","","","","","","","","","","","","","","0"
"574","Rice","11/06/10","3","COOK","TAYLOR","3","3","5","-2","0","11","6","0","122","1","","14","120","","","","","","","","","","","","","","","","","","","","","","","","","","","","","","0"
"574","Rice","11/13/10","3","COOK","TAYLOR","4","21","8","13","0","15","7","0","101","2","","19","114","","","","","","","","","","","","","","","","","","","","","","","","","","","","","","0"
"574","Rice","11/27/10","3","COOK","TAYLOR","","","","","","3","2","0","31","0","","3","31","","","","","","","","","","","","","","","","","","","","","","","","","","","","","","0"
"574","Rice","09/18/10","22","DUPREE","TAYLOR","","","","","","","","","","","","0","0","1","6","0","","","","","","","","","","","","","","","","","","","","","","","","","","","0"
"574","Rice","09/25/10","22","DUPREE","TAYLOR","","","","","","","","","","","","0","0","1","3","0","","","","","","","","","","","","","","","","","","","","","","","","","","","0"
"574","Rice","10/02/10","22","DUPREE","TAYLOR","","","","","","","","","","","","0","0","1","4","0","","","","","","","","","","","","","","","","","","","","","","","","","","","0"
"574","Rice","10/09/10","22","DUPREE","TAYLOR","","","","","","","","","","","","0","0","1","2","0","","","","","","","","","","","","","","","","","","","","","","","","","","","0"
"574","Rice","10/16/10","22","DUPREE","TAYLOR","","","","","","","","","","","","0","0","1","33","0","","","","","","","","","","","","","","","","","","","","","","","","","","","0"
"574","Rice","10/02/10","30","EDDINGTON","JEREMY","1","1","0","1","1","","","","","","","1","1","","","","","","","","","","","","","","","","","","1","","","","","","","","","","","","6"
"574","Rice","10/09/10","30","EDDINGTON","JEREMY","5","41","7","34","0","","","","","","","5","34","","","","","","","","","","","","","","","","","","","","","","","","","","","","","","0"
"574","Rice","10/16/10","30","EDDINGTON","JEREMY","11","17","4","13","1","","","","","","","11","13","","","","","","","","","","","","","","","","","","1","","","","","","","","","","","","6"
"574","Rice","10/23/10","30","EDDINGTON","JEREMY","2","5","0","5","1","","","","","","","2","5","","","","","","","","","","","","","","","","","","1","","","","","","","","","","","","6"
"574","Rice","11/13/10","30","EDDINGTON","JEREMY","14","103","0","103","1","1","1","0","1","0","","15","104","","","","","","","","","","","","","","","","","","1","","","","","","","","","","","","6"
"574","Rice","11/20/10","30","EDDINGTON","JEREMY","16","150","7","143","4","2","1","0","9","0","","18","152","","","","","","","","","","","","","","","","","","4","","","","","","","","","","","","24"
"574","Rice","11/27/10","30","EDDINGTON","JEREMY","10","68","2","66","2","1","0","1","0","0","","11","66","","","","","","","","","","","","","","","","","","2","","","","","","","","","","","","12"
"574","Rice","09/11/10","1C","ERICKSON","ANDY","","","","","","","","","","","","0","0","","","","","","","","","","","","4","42","0","5","109","0","","","","","","","","","","","","","0"
"574","Rice","09/18/10","1C","ERICKSON","ANDY","","","","","","","","","","","","0","0","1","8","0","","","","","","","","","1","1","0","3","39","0","","","","","","","","","","","","","0"
"574","Rice","09/25/10","1C","ERICKSON","ANDY","","","","","","","","","","","","0","0","","","","","","","","","","","","","","","1","25","0","","","","","","","","","","","","","0"
"574","Rice","10/02/10","1C","ERICKSON","ANDY","","","","","","","","","","","","0","0","","","","","","","","","","","","2","8","0","6","127","0","","","","","","","","","","","","","0"
"574","Rice","10/09/10","1C","ERICKSON","ANDY","","","","","","","","","","","","0","0","","","","","","","","","","","","1","34","0","1","15","0","","","","","","","","","","","","","0"
"574","Rice","10/16/10","1C","ERICKSON","ANDY","","","","","","","","","","","","0","0","","","","","","","","","","","","","","","5","134","0","","","","","","","","","","","","","0"
"574","Rice","10/23/10","1C","ERICKSON","ANDY","","","","","","","","","","","","0","0","","","","","","","","","","","","","","","5","104","0","","","","","","","","","","","","","0"
"574","Rice","11/06/10","1C","ERICKSON","ANDY","","","","","","","","","","","","0","0","","","","","","","","","","","","","","","1","11","0","","","","","","","","","","","","","0"
"574","Rice","09/04/10","7","FANUZZI","NICK","1","0","2","-2","0","3","3","0","23","0","","4","21","","","","","","","","","","","","","","","","","","","","","","","","","","","","","","0"
"574","Rice","09/11/10","7","FANUZZI","NICK","3","4","15","-11","0","23","12","1","189","1","0","26","178","","","","","","","","","","","","","","","","","","","","","1","0","","","","","","","","0"
"574","Rice","09/18/10","7","FANUZZI","NICK","8","26","18","8","0","34","20","1","211","0","","42","219","","","","","","","","","","1","35","","","","","","","","","","","","","","","","","","","0"
"574","Rice","09/25/10","7","FANUZZI","NICK","7","19","34","-15","0","38","27","2","204","0","","45","189","","","","","","","","","","","","","","","","","","","","","","","","","","","","","","0"
"574","Rice","10/02/10","7","FANUZZI","NICK","15","46","40","6","0","43","27","2","276","0","","58","282","","","","","","","","","","1","34","","","","","","","","","","","","","","","","","","","0"
"574","Rice","10/09/10","7","FANUZZI","NICK","4","21","9","12","0","38","23","0","201","3","","42","213","","","","","","","","","","","","","","","","","","","","","","","","","","","","","","0"
"574","Rice","10/16/10","7","FANUZZI","NICK","11","56","27","29","0","21","14","0","206","3","","32","235","","","","","","","","","","","","","","","","","","","","","","","","","","","","","","0"
"574","Rice","10/23/10","7","FANUZZI","NICK","10","16","40","-24","0","14","10","0","84","1","","24","60","","","","","","","","","","","","","","","","","","","","","","","","","","","","","","0"
"574","Rice","11/06/10","7","FANUZZI","NICK","4","7","1","6","0","7","2","0","99","1","","11","105","","","","","","","","","","","","","","","","","","","","","","","","","","","","","","0"
"574","Rice","11/13/10","7","FANUZZI","NICK","2","6","2","4","0","20","13","3","188","2","","22","192","","","","","","","","","","","","","","","","","","","","","","","","","","","","","","0"
"574","Rice","09/18/10","19","FRANCIS","ALEX","","","","","","","","","","","","0","0","","","","","","","","","","","","","","","3","66","0","","","","","","","","","","","","","0"
"574","Rice","09/25/10","19","FRANCIS","ALEX","","","","","","","","","","","","0","0","","","","","","","","","","","","","","","2","40","0","","","","","","","","","","","","","0"
"574","Rice","09/11/10","20","FRAZIER","COREY","","","","","","","","","","","","0","0","","","","1","0","0","","","","","","","","","","","","","","","","","","","","","","","","0"
"574","Rice","10/09/10","7A","GADDIS","KEVIN","","","","","","","","","","","","0","0","","","","","","","","","","","","1","16","0","1","25","0","","","","","","","","","","","","","0"
"574","Rice","10/23/10","7A","GADDIS","KEVIN","","","","","","","","","","","","0","0","","","","","","","","","","","","1","2","0","","","","","","","","","","","","","","","","0"
"574","Rice","11/06/10","7A","GADDIS","KEVIN","","","","","","","","","","","","0","0","","","","","","","","","","","","1","0","0","5","87","0","","","","","","","","","","","","","0"
"574","Rice","10/02/10","15","GAINES","PHILLIP","","","","","","","","","","","","0","0","","","","","","","0","0","1","","","","","","","","","1","","","","","","","","","","","","6"
"574","Rice","09/18/10","17","GILLETTE","TREVOR","","","","","","","","","","","","0","0","2","20","0","","","","","","","","","","","","","","","","","","","","","","","","","","","0"
"574","Rice","10/02/10","17","GILLETTE","TREVOR","","","","","","","","","","","","0","0","3","35","0","","","","","","","","","","","","","","","","","","","","","","","","","","","0"
"574","Rice","10/09/10","17","GILLETTE","TREVOR","","","","","","","","","","","","0","0","1","12","1","","","","","","","","","","","","","","","1","","","","","","","","","","","","6"
"574","Rice","10/23/10","17","GILLETTE","TREVOR","","","","","","","","","","","","0","0","1","4","0","","","","","","","","","","","","","","","","","","","","","","","","","","","0"
"574","Rice","10/16/10","5","HILL","JUSTIN","","","","","","","","","","","","0","0","","","","1","25","0","","","","","","","","","","","","","","","","","","","","","","","","0"
"574","Rice","09/25/10","8","HOTARD","BRENT","","","","","","","","","","","","0","0","4","42","0","","","","","","","","","","","","","","","","","","","","","","","","","","","0"
"574","Rice","09/25/10","38","JAMMER","CHRIS","","","","","","","","","","","","0","0","","","","1","0","0","","","","","","","","","","","","","","","","","","","","","","","","0"
"574","Rice","09/04/10","4","KITCHENS","RANDY","","","","","","","","","","","","0","0","2","53","1","","","","","","","","","","","","","","","1","","","","","","","","","","","","6"
"574","Rice","09/18/10","4","KITCHENS","RANDY","","","","","","","","","","","","0","0","1","6","0","","","","","","","","","","","","","","","","","","","","","","","","","","","0"
"574","Rice","09/25/10","4","KITCHENS","RANDY","","","","","","","","","","","","0","0","1","9","0","","","","","","","","","","","","","","","","","","","","","","","","","","","0"
"574","Rice","10/02/10","4","KITCHENS","RANDY","","","","","","","","","","","","0","0","3","23","0","","","","","","","","","","","","","","","","","","","","","","","","","","","0"
"574","Rice","10/09/10","4","KITCHENS","RANDY","","","","","","","","","","","","0","0","1","3","0","","","","","","","","","","","","","","","","","","","","","","","","","","","0"
"574","Rice","10/16/10","4","KITCHENS","RANDY","","","","","","","","","","","","0","0","2","64","1","","","","","","","","","","","","","","","1","","","","","","","","","","","","6"
"574","Rice","09/18/10","84","KUBIAK","KLEIN","","","","","","","","","","","","0","0","1","9","0","","","","","","","","","","","","","","","","","","","","","","","","","","","0"
"574","Rice","09/25/10","84","KUBIAK","KLEIN","","","","","","","","","","","","0","0","3","35","0","","","","","","","","","","","","","","","","","","","","","","","","","","","0"
"574","Rice","10/02/10","84","KUBIAK","KLEIN","","","","","","","","","","","","0","0","4","57","0","","","","","","","","","","","","","","","","","","","","","","","","","","","0"
"574","Rice","10/09/10","84","KUBIAK","KLEIN","","","","","","","","","","","","0","0","4","32","0","","","","","","","","","","","","","","","","","","","","","","","","","","","0"
"574","Rice","10/23/10","84","KUBIAK","KLEIN","","","","","","","","","","","","0","0","1","10","0","","","","","","","","","","","","","","","","","","","","","","","","","","","0"
"574","Rice","09/04/10","41","MARTENS","KYLE","","","","","","","","","","","","0","0","","","","","","","","","","7","315","","","","","","","","","","","","","","","","","","","0"
"574","Rice","09/11/10","41","MARTENS","KYLE","","","","","","","","","","","","0","0","","","","","","","","","","6","296","","","","","","","","","","","","","","","","","","","0"
"574","Rice","09/18/10","41","MARTENS","KYLE","","","","","","","","","","","","0","0","","","","","","","","","","6","300","","","","","","","","","","","","","","","","","","","0"
"574","Rice","09/25/10","41","MARTENS","KYLE","","","","","","","","","","","","0","0","","","","","","","","","","3","136","","","","","","","","","","","","","","","","","","","0"
"574","Rice","10/02/10","41","MARTENS","KYLE","","","","","","","","","","","","0","0","","","","","","","","","","3","140","","","","","","","","","","","","","","","","","","","0"
"574","Rice","10/09/10","41","MARTENS","KYLE","","","","","","","","","","","","0","0","","","","","","","","","","7","339","","","","","","","","","","","","","","","","","","","0"
"574","Rice","10/16/10","41","MARTENS","KYLE","","","","","","","","","","","","0","0","","","","","","","","","","4","199","","","","","","","","","","","","","","","","","","","0"
"574","Rice","10/23/10","41","MARTENS","KYLE","","","","","","","","","","","","0","0","","","","","","","","","","6","272","","","","","","","","","","","","","","","","","","","0"
"574","Rice","11/06/10","41","MARTENS","KYLE","","","","","","","","","","","","0","0","","","","","","","","","","3","115","","","","","","","","","","","","","","","","","","","0"
"574","Rice","11/13/10","41","MARTENS","KYLE","","","","","","","","","","","","0","0","","","","","","","","","","1","46","","","","","","","","","","","","","","","","","","","0"
"574","Rice","11/20/10","41","MARTENS","KYLE","","","","","","","","","","","","0","0","","","","","","","","","","2","88","","","","","","","","","","","","","","","","","","","0"
"574","Rice","11/27/10","41","MARTENS","KYLE","","","","","","","","","","","","0","0","","","","","","","","","","4","145","","","","","","","","","","","","","","","","","","","0"
"574","Rice","09/04/10","88","MCDONALD","VANCE","","","","","","","","","","","","0","0","1","4","0","","","","","","","","","","","","","","","","","","","","","","","","","","","0"
"574","Rice","10/09/10","88","MCDONALD","VANCE","","","","","","","","","","","","0","0","3","33","2","","","","","","","","","","","","","","","2","","","","","","","","","","","","12"
"574","Rice","10/16/10","88","MCDONALD","VANCE","","","","","","","","","","","","0","0","6","37","1","","","","","","","","","","","","","","","1","","","","","","","","","","","","6"
"574","Rice","10/23/10","88","MCDONALD","VANCE","","","","","","","","","","","","0","0","1","27","0","","","","","","","","","","","","","","","","","","","","","","","","","","","0"
"574","Rice","11/06/10","88","MCDONALD","VANCE","","","","","","","","","","","","0","0","3","69","0","","","","","","","","","","","","","","","","","","","","","","","","","","","0"
"574","Rice","11/13/10","88","MCDONALD","VANCE","","","","","","","","","","","","0","0","5","103","3","","","","","","","","","","","","","","","3","","","","","","","","","","","","18"
"574","Rice","11/20/10","88","MCDONALD","VANCE","1","7","0","7","0","","","","","","","1","7","5","88","1","","","","","","","","","","","","","","","1","","","","","","","","","","","","6"
"574","Rice","11/27/10","88","MCDONALD","VANCE","2","12","0","12","0","","","","","","","2","12","4","35","1","","","","","","","","","","","","","","","1","","","","","","","","","","","","6"
"574","Rice","09/04/10","2","MCGUFFIE","SAM","14","57","10","47","0","","","","","","","14","47","1","-7","0","","","","","","","","","","","","","","","","","","","","","","","","","","","0"
"574","Rice","09/11/10","2","MCGUFFIE","SAM","14","23","5","18","0","","","","","","","14","18","4","91","1","","","","","","","","","0","10","0","","","","1","","","","","","","","","","","","6"
"574","Rice","09/18/10","2","MCGUFFIE","SAM","6","34","4","30","0","","","","","","","6","30","7","48","0","","","","","","","","","","","","","","","","","","","","","","","","","","","0"
"574","Rice","09/25/10","2","MCGUFFIE","SAM","14","67","3","64","1","","","","","","","14","64","7","33","0","","","","","","","","","","","","","","","1","","","","","","","","","","","","6"
"574","Rice","10/02/10","2","MCGUFFIE","SAM","20","99","3","96","1","","","","","","","20","96","5","45","0","","","","","","","","","","","","","","","1","","","","","","","","","","","","6"
"574","Rice","10/09/10","2","MCGUFFIE","SAM","18","82","1","81","0","","","","","","","18","81","3","20","0","","","","","","","","","","","","","","","","","","","","","","","","","","","0"
"574","Rice","10/16/10","2","MCGUFFIE","SAM","19","71","8","63","0","","","","","","","19","63","1","24","0","","","","","","","","","","","","","","","","","","","","","","","","","","","0"
"574","Rice","10/23/10","2","MCGUFFIE","SAM","16","65","0","65","0","","","","","","","16","65","4","21","1","","","","","","","","","","","","","","","1","","","","","","","","","","","","6"
"574","Rice","11/06/10","2","MCGUFFIE","SAM","28","184","6","178","1","","","","","","","28","178","","","","","","","","","","","","","","","","","","1","","","","","","","","","","","","6"
"574","Rice","11/13/10","2","MCGUFFIE","SAM","15","78","7","71","1","","","","","","","15","71","2","12","0","","","","","","","","","","","","","","","1","","","","","","","","","","","","6"
"574","Rice","11/20/10","2","MCGUFFIE","SAM","15","123","9","114","1","","","","","","","15","114","3","83","1","","","","","","","","","","","","","","","2","","","","","","","","","","","","12"
"574","Rice","11/27/10","2","MCGUFFIE","SAM","18","64","8","56","1","","","","","","","18","56","2","14","0","","","","","","","","","","","","","","","1","","","","","","","","","","","","6"
"574","Rice","09/04/10","16","MCHARGUE","TAYLOR","11","29","37","-8","0","11","6","1","90","1","","22","82","","","","","","","","","","","","","","","","","","","","","","","","","","","","","","0"
"574","Rice","09/11/10","16","MCHARGUE","TAYLOR","6","17","14","3","0","10","3","0","56","1","","16","59","","","","","","","","","","","","","","","","","","","","","","","","","","","","","","0"
"574","Rice","10/02/10","16","MCHARGUE","TAYLOR","2","6","5","1","0","","","","","","","2","1","","","","","","","","","","","","","","","","","","","","","","","","","","","","","","0"
"574","Rice","11/20/10","16","MCHARGUE","TAYLOR","13","97","4","93","1","15","11","0","220","3","","28","313","","","","","","","","","","","","","","","","","","1","","","","","","","","","","","","6"
"574","Rice","11/27/10","16","MCHARGUE","TAYLOR","14","78","16","62","0","22","13","0","125","1","","36","187","","","","","","","","","","1","41","","","","","","","","","","","","","","","","","","","0"
"574","Rice","09/04/10","81","MOORE","DONTE","","","","","","","","","","","","0","0","1","9","0","","","","","","","","","","","","","","","","","","","","","","","","","","","0"
"574","Rice","09/18/10","81","MOORE","DONTE","","","","","","","","","","","","0","0","4","66","0","","","","","","","","","","","","","","","","","","","","","","","","","","","0"
"574","Rice","09/25/10","81","MOORE","DONTE","","","","","","","","","","","","0","0","2","9","0","","","","","","","","","","","","","","","","","","","","","","","","","","","0"
"574","Rice","10/02/10","81","MOORE","DONTE","","","","","","","","","","","","0","0","4","34","0","","","","","","","","","","","","","","","","","","","","","","","","","","","0"
"574","Rice","10/09/10","81","MOORE","DONTE","","","","","","","","","","","","0","0","5","42","0","","","","","","","","","","","","","","","","","","","","","","","","","","","0"
"574","Rice","09/18/10","87","PATTERSON","MICHAEL","","","","","","","","","","","","0","0","2","19","0","","","","","","","","","","","","","","","","","","","","","","","","","","","0"
"574","Rice","09/25/10","87","PATTERSON","MICHAEL","","","","","","","","","","","","0","0","1","11","0","","","","","","","","","","","","","","","","","","","","","","","","","","","0"
"574","Rice","10/02/10","87","PATTERSON","MICHAEL","","","","","","","","","","","","0","0","1","10","0","","","","","","","","","","","","","","","","","","","","","","","","","","","0"
"574","Rice","10/09/10","87","PATTERSON","MICHAEL","","","","","","","","","","","","0","0","2","16","0","","","","","","","","","","","","","","","","","","","","","","","","","","","0"
"574","Rice","09/18/10","18","PETERSEN","TURNER","1","10","0","10","1","","","","","","","1","10","","","","","","","","","","","","","","","","","","1","","","","","","","","","","","","6"
"574","Rice","10/09/10","18","PETERSEN","TURNER","","","","","","","","","","","","0","0","2","29","0","","","","","","","","","","","","1","15","0","","","","","","","","","","","","","0"
"574","Rice","10/16/10","18","PETERSEN","TURNER","3","15","1","14","1","","","","","","","3","14","","","","","","","","","","","","","","","","","","1","","","","","","","","","","","","6"
"574","Rice","10/23/10","18","PETERSEN","TURNER","3","6","2","4","0","","","","","","","3","4","","","","","","","","","","","","","","","","","","","","","","","","","","","","","","0"
"574","Rice","11/13/10","18","PETERSEN","TURNER","2","39","0","39","1","","","","","","","2","39","","","","","","","","","","","","","","","1","22","0","1","","","","","","","","","","","","6"
"574","Rice","11/20/10","18","PETERSEN","TURNER","4","10","0","10","0","","","","","","","4","10","","","","","","","","","","","","","","","","","","","","","","","","","","","","","","0"
"574","Rice","11/27/10","18","PETERSEN","TURNER","","","","","","","","","","","","0","0","","","","","","","","","","","","","","","1","10","0","","","","","","","","","","","","","0"
"574","Rice","11/20/10","2I","POOL","KEVIN","3","6","5","1","0","","","","","","","3","1","","","","","","","","","","","","","","","","","","","","","","","","","","","","","","0"
"574","Rice","11/20/10","24","PORRAS","PAUL","","","","","","","","","","","","0","0","","","","1","17","0","","","","","","","","","","","","","","","","","","","","","","","","0"
"574","Rice","09/04/10","6","RANDOLPH","PATRICK","","","","","","","","","","","","0","0","2","39","0","","","","","","","","","","","","","","","","","","","","","","","","","","","0"
"574","Rice","09/11/10","6","RANDOLPH","PATRICK","","","","","","","","","","","","0","0","2","11","0","","","","","","","","","","","","","","","","","","","","","","","","","","","0"
"574","Rice","09/25/10","6","RANDOLPH","PATRICK","","","","","","","","","","","","0","0","3","45","0","","","","","","","","","","","","","","","","","","","","","","","","","","","0"
"574","Rice","10/02/10","6","RANDOLPH","PATRICK","","","","","","","","","","","","0","0","4","52","0","","","","","","","","","","","","","","","","","","","","","","","","","","","0"
"574","Rice","10/09/10","6","RANDOLPH","PATRICK","","","","","","","","","","","","0","0","1","12","0","","","","","","","","","","","","","","","","","","","","","","","","","","","0"
"574","Rice","10/16/10","6","RANDOLPH","PATRICK","","","","","","","","","","","","0","0","1","2","0","","","","","","","","","","","","","","","","","","","","","","","","","","","0"
"574","Rice","10/23/10","6","RANDOLPH","PATRICK","1","35","0","35","0","","","","","","","1","35","","","","","","","","","","","","","","","","","","","","","","","","","","","","","","0"
"574","Rice","11/06/10","6","RANDOLPH","PATRICK","","","","","","","","","","","","0","0","1","50","1","","","","","","","","","","","","","","","1","","","","","","","","","","","","6"
"574","Rice","11/13/10","6","RANDOLPH","PATRICK","","","","","","","","","","","","0","0","3","51","1","","","","","","","","","","","","","","","1","","","","","","","","","","","","6"
"574","Rice","11/20/10","6","RANDOLPH","PATRICK","1","3","0","3","0","","","","","","","1","3","1","17","0","","","","","","","","","","","","","","","","","","","","","","","","","","","0"
"574","Rice","11/27/10","6","RANDOLPH","PATRICK","","","","","","","","","","","","0","0","4","53","0","","","","","","","","","","","","","","","","","","","","","","","","","","","0"
"574","Rice","09/04/10","28","ROSS","CHARLES","3","9","0","9","1","","","","","","","3","9","","","","","","","","","","","","","","","","","","1","","","","","","","","","","","","6"
"574","Rice","09/11/10","28","ROSS","CHARLES","3","6","0","6","1","","","","","","","3","6","1","-1","0","","","","","","","","","","","","","","","1","","","","","","","","","","","","6"
"574","Rice","09/18/10","28","ROSS","CHARLES","3","33","2","31","0","","","","","","","3","31","","","","","","","","","","","","","","","","","","","","","","","","","","","","","","0"
"574","Rice","09/25/10","28","ROSS","CHARLES","1","1","0","1","0","","","","","","","1","1","","","","","","","","","","","","","","","","","","","","","","","","","","","","","","0"
"574","Rice","10/02/10","28","ROSS","CHARLES","2","4","0","4","1","","","","","","","2","4","","","","","","","","","","","","","","","","","","1","","","","","","","","","","","","6"
"574","Rice","10/23/10","28","ROSS","CHARLES","2","1","2","-1","0","","","","","","","2","-1","","","","","","","","","","","","","","","","","","","","","","","","","","","","","","0"
"574","Rice","11/06/10","28","ROSS","CHARLES","2","8","0","8","0","","","","","","","2","8","","","","","","","","","","","","","","","","","","","","","","","","","","","","","","0"
"574","Rice","11/13/10","28","ROSS","CHARLES","2","4","1","3","0","","","","","","","2","3","","","","","","","","","","","","","","","7","261","0","","","","","","","","","","","","","0"
"574","Rice","11/20/10","28","ROSS","CHARLES","2","8","0","8","0","","","","","","","2","8","","","","","","","","","","","","","","","6","144","0","","","","","","","","","","","","","0"
"574","Rice","11/27/10","28","ROSS","CHARLES","","","","","","","","","","","","0","0","","","","","","","","","","","","","","","4","89","0","","","","","","","","","","","","","0"
"574","Rice","09/04/10","80","SMITER","CORBIN","","","","","","","","","","","","0","0","1","2","0","","","","","","","","","","","","","","","","","","","","","","","","","","","0"
"574","Rice","09/18/10","80","SMITER","CORBIN","","","","","","","","","","","","0","0","2","39","0","","","","","","","","","","","","","","","","","","","","","","","","","","","0"
"574","Rice","10/23/10","80","SMITER","CORBIN","","","","","","","","","","","","0","0","1","4","0","","","","","","","","","","","","","","","","","","","","","","","","","","","0"
"574","Rice","11/27/10","80","SMITER","CORBIN","","","","","","","","","","","","0","0","1","6","0","","","","","","","","","","","","","","","","","","","","","","","","","","","0"
"574","Rice","09/04/10","37","SMITH","TYLER","11","46","6","40","0","","","","","","","11","40","","","","","","","","","","","","","","","","","","","","","","","","","","","","","","0"
"574","Rice","09/11/10","37","SMITH","TYLER","12","92","0","92","0","","","","","","","12","92","2","9","0","","","","","","","","","","","","","","","","","","","","","","","","","","","0"
"574","Rice","09/18/10","37","SMITH","TYLER","3","0","6","-6","0","","","","","","","3","-6","2","25","0","","","","","","","","","","","","","","","","","","","","","","","","","","","0"
"574","Rice","09/25/10","37","SMITH","TYLER","10","42","0","42","0","","","","","","","10","42","3","15","0","","","","","","","","","","","","","","","","","","","","","","","","","","","0"
"574","Rice","10/02/10","37","SMITH","TYLER","3","12","0","12","0","","","","","","","3","12","1","10","0","","","","","","","","","","","","","","","","","","","","","","","","","","","0"
"574","Rice","10/09/10","37","SMITH","TYLER","9","33","11","22","0","","","","","","","9","22","","","","","","","","","","","","","","","","","","","","","","","","","","","","","","0"
"574","Rice","10/16/10","37","SMITH","TYLER","7","25","6","19","0","","","","","","","7","19","","","","","","","","","","","","","","","","","","","","","","","","","","","","","","0"
"574","Rice","11/06/10","37","SMITH","TYLER","2","6","2","4","1","","","","","","","2","4","1","11","0","","","","","","","","","","","","","","","1","","","","","","","","","","","","6"
"574","Rice","11/13/10","37","SMITH","TYLER","2","19","0","19","0","","","","","","","2","19","1","1","0","","","","","","","","","","","","","","","","","","","","","","","","","","","0"
"574","Rice","11/20/10","37","SMITH","TYLER","5","31","0","31","0","","","","","","","5","31","1","2","0","","","","","","","","","","","","","","","","","","","","","","","","","","","0"
"574","Rice","11/27/10","37","SMITH","TYLER","6","9","5","4","0","","","","","","","6","4","","","","","","","","","","","","","","","","","","","","","","","","","","","","","","0"
"574","Rice","09/04/10","23","TURNER","SHANE","2","2","0","2","0","","","","","","","2","2","","","","","","","","","","","","","","","7","140","0","","","","","","","","","","","","","0"
"574","Rice","11/13/10","14","WEBB","XAVIER","","","","","","","","","","","","0","0","","","","","","","","","","","","2","17","0","","","","","","","","","","","","","","","","0"
"574","Rice","11/20/10","14","WEBB","XAVIER","","","","","","","","","","","","0","0","","","","","","","","","","","","1","1","0","","","","","","","","","","","","","","","","0"
"574","Rice","11/27/10","14","WEBB","XAVIER","","","","","","","","","","","","0","0","","","","","","","","","","","","3","55","0","","","","","","","","","","","","","","","","0"
"574","Rice","09/11/10","21","WELLS","DENZEL","","","","","","","","","","","","0","0","","","","","","","","","","","","1","22","0","","","","","","","","","","","","","","","","0"
"574","Rice","09/18/10","21","WELLS","DENZEL","","","","","","","","","","","","0","0","","","","","","","","","","","","","","","1","22","0","","","","","","","","","","","","","0"
"574","Rice","10/09/10","21","WELLS","DENZEL","","","","","","","","","","","","0","0","","","","","","","","","","","","","","","3","65","0","","","","","","","","","","","","","0"
"574","Rice","10/16/10","21","WELLS","DENZEL","","","","","","","","","","","","0","0","","","","","","","","","","","","","","","1","20","0","","","","","","","","","","","","","0"
"574","Rice","10/23/10","21","WELLS","DENZEL","","","","","","","","","","","","0","0","","","","","","","","","","","","","","","1","18","0","","","","","","","","","","","","","0"
"574","Rice","11/06/10","21","WELLS","DENZEL","","","","","","","","","","","","0","0","","","","","","","","","","","","","","","4","74","0","","","","","","","","","","","","","0"
"574","Rice","11/13/10","21","WELLS","DENZEL","","","","","","","","","","","","0","0","","","","","","","","","","","","","","","2","61","0","","","","","","","","","","","","","0"
"574","Rice","09/04/10","82","WILLSON","LUKE","","","","","","","","","","","","0","0","3","22","0","","","","","","","","","","","","","","","","","","","","","","","","","","","0"
"574","Rice","09/11/10","82","WILLSON","LUKE","","","","","","","","","","","","0","0","4","86","1","","","","","","","","","","","","","","","1","","","","","","","","","","","","6"
"574","Rice","09/18/10","82","WILLSON","LUKE","","","","","","","","","","","","0","0","5","37","0","","","","","","","","","","","","","","","","","","","","","","","","","","","0"
"574","Rice","09/25/10","82","WILLSON","LUKE","","","","","","","","","","","","0","0","2","2","0","","","","","","","","","","","","","","","","","","","","","","","","","","","0"
"574","Rice","10/02/10","82","WILLSON","LUKE","","","","","","","","","","","","0","0","1","6","0","","","","","","","","","","","","","","","","","","","","","","","","","","","0"
"574","Rice","10/16/10","82","WILLSON","LUKE","","","","","","","","","","","","0","0","3","46","1","","","","","","","","","","","","","","","1","","","","","","","","","","","","6"
"574","Rice","10/23/10","82","WILLSON","LUKE","","","","","","","","","","","","0","0","4","31","0","","","","","","","","","","","","","","","","","","","","","","","","","","","0"
"574","Rice","11/06/10","82","WILLSON","LUKE","","","","","","","","","","","","0","0","2","85","1","","","","","","","","","","","","","","","1","","","","","","","","","","","","6"
"574","Rice","11/13/10","82","WILLSON","LUKE","","","","","","","","","","","","0","0","6","65","0","","","","","","","","","","","","","","","","","","","","","","","","","","","0"
"574","Rice","11/27/10","82","WILLSON","LUKE","","","","","","","","","","","","0","0","3","45","0","","","","","","","","","","","","","","","","","","","","","","","","","","","0"
"587","Rutgers","09/25/10","42","BEAUHARNAIS","STEVE","","","","","","","","","","","","0","0","","","","","","","1","12","0","","","","","","","","","","","","","","","","","","","","","0"
"587","Rutgers","12/04/10","42","BEAUHARNAIS","STEVE","","","","","","","","","","","","0","0","","","","","","","1","7","0","","","","","","","","","","","","","","","","","","","","","0"
"587","Rutgers","09/02/10","23","BING","BRANDON","","","","","","","","","","","","0","0","","","","","","","","","","","","1","28","0","","","","","","","","","","","","","","","","0"
"587","Rutgers","09/11/10","23","BING","BRANDON","","","","","","","","","","","","0","0","","","","1","7","0","","","","","","","","","","","","","","","","","","","","","","","","0"
"587","Rutgers","10/23/10","23","BING","BRANDON","","","","","","","","","","","","0","0","","","","","","","","","","","","0","0","1","","","","1","","","","","","","","","","","","6"
"587","Rutgers","11/20/10","23","BING","BRANDON","","","","","","","","","","","","0","0","","","","1","13","0","","","","","","","","","","","","","","","","","","","","","","","","0"
"587","Rutgers","09/02/10","89","CARREZOLA","PAUL","","","","","","","","","","","","0","0","1","6","0","","","","","","","","","","","","1","18","0","","","","","","","","","","","","","0"
"587","Rutgers","11/13/10","89","CARREZOLA","PAUL","","","","","","","","","","","","0","0","1","12","0","","","","","","","","","","","","","","","","","","","","","","","","","","","0"
"587","Rutgers","12/04/10","89","CARREZOLA","PAUL","","","","","","","","","","","","0","0","","","","","","","","","","","","","","","1","17","0","","","","","","","","","","","","","0"
"587","Rutgers","09/25/10","18","DEERING","JEREMY","","","","","","","","","","","","0","0","1","7","0","","","","","","","","","","","","","","","","","","","","","","","","","","","0"
"587","Rutgers","10/02/10","18","DEERING","JEREMY","4","6","1","5","0","","","","","","","4","5","4","66","0","","","","","","","","","","","","","","","","","","","","","","","","","","","0"
"587","Rutgers","10/08/10","18","DEERING","JEREMY","2","3","0","3","0","","","","","","","2","3","3","102","1","","","","","","","","","","","","","","","1","","","","","","","","","","","","6"
"587","Rutgers","10/16/10","18","DEERING","JEREMY","","","","","","","","","","","","0","0","4","76","0","","","","","","","","","","","","","","","","","","","","","","","","","","","0"
"587","Rutgers","10/23/10","18","DEERING","JEREMY","5","25","0","25","0","","","","","","","5","25","","","","","","","","","","","","","","","","","","","","","","","","","","","","","","0"
"587","Rutgers","11/03/10","18","DEERING","JEREMY","9","69","0","69","0","","","","","","","9","69","0","-2","0","","","","","","","","","","","","","","","","","","","","","","","","","","","0"
"587","Rutgers","11/13/10","18","DEERING","JEREMY","29","168","2","166","1","1","1","0","5","0","","30","171","1","10","0","","","","","","","","","","","","","","","1","","","","","","","","","","","","6"
"587","Rutgers","11/20/10","18","DEERING","JEREMY","7","14","1","13","0","","","","","","","7","13","1","25","0","","","","","","","","","","","","","","","","","","","","","","","","","","","0"
"587","Rutgers","11/26/10","18","DEERING","JEREMY","12","52","1","51","1","2","1","0","4","0","","14","55","1","22","0","","","","","","","","","","","","","","","1","","","","","","","","","","","","6"
"587","Rutgers","12/04/10","18","DEERING","JEREMY","9","24","4","20","0","1","1","0","-3","0","","10","17","1","32","0","","","","","","","","","","","","","","","","","","","","","","","","","","","0"
"587","Rutgers","09/02/10","93","DELLAGANNA","TEDDY","","","","","","","","","","","","0","0","","","","","","","","","","4","147","","","","","","","","","","","","","","","","","","","0"
"587","Rutgers","09/11/10","93","DELLAGANNA","TEDDY","","","","","","","","","","","","0","0","","","","","","","","","","6","270","","","","","","","","","","","","","","","","","","","0"
"587","Rutgers","09/25/10","93","DELLAGANNA","TEDDY","","","","","","","","","","","","0","0","","","","","","","","","","2","107","","","","","","","","","","","","","","","","","","","0"
"587","Rutgers","10/02/10","93","DELLAGANNA","TEDDY","","","","","","","","","","","","0","0","","","","","","","","","","9","290","","","","","","","","","","","","","","","","","","","0"
"587","Rutgers","10/08/10","93","DELLAGANNA","TEDDY","","","","","","","","","","","","0","0","","","","","","","","","","8","374","","","","","","","","","","","","","","","","","","","0"
"587","Rutgers","10/16/10","93","DELLAGANNA","TEDDY","","","","","","","","","","","","0","0","","","","","","","","","","5","225","","","","","","","","","","","","","","","","","","","0"
"587","Rutgers","10/23/10","93","DELLAGANNA","TEDDY","","","","","","","","","","","","0","0","","","","","","","","","","9","398","","","","","","","","","","","","","","","","","","","0"
"587","Rutgers","11/03/10","93","DELLAGANNA","TEDDY","","","","","","","","","","","","0","0","","","","","","","","","","4","147","","","","","","","","","","","","","","","","","","","0"
"587","Rutgers","12/04/10","93","DELLAGANNA","TEDDY","","","","","","","","","","","","0","0","","","","","","","","","","7","303","","","","","","","","","","","","","","","","","","","0"
"587","Rutgers","11/20/10","43","DEPAOLA","NICK","","","","","","","","","","","","0","0","","","","","","","","","","","","","","","1","0","0","","","","","","","","","","","","","0"
"587","Rutgers","09/02/10","19","DODD","CHAS","","","","","","1","1","0","6","0","","1","6","","","","","","","","","","","","","","","","","","","","","","","","","","","","","","0"
"587","Rutgers","09/25/10","19","DODD","CHAS","","","","","","2","0","0","0","0","","2","0","","","","","","","","","","","","","","","","","","","","","","","","","","","","","","0"
"587","Rutgers","10/02/10","19","DODD","CHAS","2","1","6","-5","0","29","13","1","176","1","","31","171","","","","","","","","","","","","","","","","","","","","","","","","","","","","","","0"
"587","Rutgers","10/08/10","19","DODD","CHAS","9","22","28","-6","0","29","18","0","322","2","","38","316","","","","","","","","","","","","","","","","","","","","","","","","","","","","","","0"
"587","Rutgers","10/16/10","19","DODD","CHAS","10","0","78","-78","0","30","18","1","251","2","","40","173","","","","","","","","","","","","","","","","","","","","","","","","","","","","","","0"
"587","Rutgers","10/23/10","19","DODD","CHAS","6","0","54","-54","0","19","8","1","62","0","","25","8","","","","","","","","","","","","","","","","","","","","","","","","","","","","","","0"
"587","Rutgers","11/03/10","19","DODD","CHAS","4","9","16","-7","0","22","19","0","139","0","","26","132","","","","","","","","","","","","","","","","","","","","","","","","","","","","","","0"
"587","Rutgers","11/13/10","19","DODD","CHAS","2","0","15","-15","0","11","3","0","30","0","","13","15","","","","","","","","","","","","","","","","","","","","","","","","","","","","","","0"
"587","Rutgers","11/20/10","19","DODD","CHAS","10","7","40","-33","0","29","19","2","335","4","","39","302","","","","","","","","","","","","","","","","","","","","","","","","","","","","","","0"
"587","Rutgers","11/26/10","19","DODD","CHAS","12","27","55","-28","0","32","14","2","177","0","","44","149","","","","","","","","","","","","","","","","","","","","","1","0","","","","","","","","0"
"587","Rutgers","12/04/10","19","DODD","CHAS","7","0","27","-27","0","19","10","0","139","2","","26","112","","","","","","","","","","","","","","","","","","","","","","","","","","","","","","0"
"587","Rutgers","11/03/10","91","FRANCIS","JUSTIN","","","","","","","","","","","","0","0","","","","1","3","0","","","","","","","","","","","","","","","","","","","","","","","","0"
"587","Rutgers","11/13/10","2A","GLASHEN","GAREEF","","","","","","","","","","","","0","0","","","","","","","","","","6","236","","","","","","","","","","","","","","","","","","","0"
"587","Rutgers","11/20/10","2A","GLASHEN","GAREEF","","","","","","","","","","","","0","0","","","","","","","","","","7","334","","","","","","","","","","","","","","","","","","","0"
"587","Rutgers","09/11/10","20","GREENE","KHASEEM","","","","","","","","","","","","0","0","","","","","","","","","","","","0","3","0","","","","","","","","","","","","","","","","0"
"587","Rutgers","09/25/10","20","GREENE","KHASEEM","","","","","","","","","","","","0","0","","","","1","14","0","","","","","","","","","","","","","","","","","","","","","","","","0"
"587","Rutgers","11/13/10","20","GREENE","KHASEEM","","","","","","","","","","","","0","0","","","","1","0","0","","","","","","","","","","","","","","","","","","","","","","","","0"
"587","Rutgers","09/02/10","81","HARRISON","MARK","","","","","","","","","","","","0","0","1","5","0","","","","","","","","","","","","","","","","","","","","","","","","","","","0"
"587","Rutgers","09/11/10","81","HARRISON","MARK","","","","","","","","","","","","0","0","2","40","0","","","","","","","","","","","","","","","","","","","","","","","","","","","0"
"587","Rutgers","10/02/10","81","HARRISON","MARK","","","","","","","","","","","","0","0","2","25","0","","","","","","","","","","","","","","","","","","","","","","","","","","","0"
"587","Rutgers","10/08/10","81","HARRISON","MARK","","","","","","","","","","","","0","0","5","112","1","","","","","","","","","","","","","","","1","","","","","","","","","","","","6"
"587","Rutgers","10/16/10","81","HARRISON","MARK","","","","","","","","","","","","0","0","3","51","1","","","","","","","","","","","","","","","1","","","","","","","","","","","","6"
"587","Rutgers","10/23/10","81","HARRISON","MARK","","","","","","","","","","","","0","0","3","52","1","","","","","","","","","","","","","","","1","","","","","","","","","","","","6"
"587","Rutgers","11/03/10","81","HARRISON","MARK","","","","","","","","","","","","0","0","5","88","1","","","","","","","","","","","","","","","1","","","","","","","","","","","","6"
"587","Rutgers","11/13/10","81","HARRISON","MARK","","","","","","","","","","","","0","0","4","68","0","","","","","","","","","","","","","","","","","","","","","","","","","","","0"
"587","Rutgers","11/20/10","81","HARRISON","MARK","","","","","","","","","","","","0","0","10","240","4","","","","","","","","","","","","","","","4","","","","","","","","","","","","24"
"587","Rutgers","11/26/10","81","HARRISON","MARK","","","","","","","","","","","","0","0","6","82","0","","","","","","","","","","","","","","","","","","","","","","","","","","","0"
"587","Rutgers","12/04/10","81","HARRISON","MARK","","","","","","","","","","","","0","0","3","66","1","","","","","","","","","","","","","","","1","","","","","","","","","","","","6"
"587","Rutgers","09/02/10","10","JEFFERSON","D.C.","","","","","","","","","","","","0","0","1","25","0","","","","","","","","","","","","","","","","","","","","","","","","","","","0"
"587","Rutgers","09/11/10","10","JEFFERSON","D.C.","","","","","","","","","","","","0","0","1","24","1","","","","","","","","","","","","","","","1","","","","","","","","","","","","6"
"587","Rutgers","10/08/10","10","JEFFERSON","D.C.","","","","","","1","0","0","0","0","","1","0","4","57","0","","","","","","","","","","","","","","","","","","","","","","","","","","","0"
"587","Rutgers","10/16/10","10","JEFFERSON","D.C.","","","","","","","","","","","","0","0","2","56","0","","","","","","","","","","","","","","","","","","","","","","","","","","","0"
"587","Rutgers","11/03/10","10","JEFFERSON","D.C.","","","","","","","","","","","","0","0","1","6","0","","","","","","","","","","","","","","","","","","","","","","","","","","","0"
"587","Rutgers","11/20/10","10","JEFFERSON","D.C.","","","","","","1","0","0","0","0","","1","0","","","","","","","","","","","","","","","","","","","","","","","","","","","","","","0"
"587","Rutgers","12/04/10","47","KIVLEHAN","PAT","","","","","","","","","","","","0","0","1","4","0","","","","","","","","","","","","","","","","","","","","","","","","","","","0"
"587","Rutgers","09/02/10","26","LEFEGED","JOE","","","","","","","","","","","","0","0","","","","","","","","","","","","0","3","1","","","","1","","","","","","","","","","","","6"
"587","Rutgers","09/11/10","26","LEFEGED","JOE","","","","","","","","","","","","0","0","","","","1","29","0","","","","","","2","8","0","2","42","0","","","","","","","","","","","","","0"
"587","Rutgers","09/25/10","26","LEFEGED","JOE","","","","","","","","","","","","0","0","","","","","","","","","","","","","","","2","70","0","","","","","","","","","","","","","0"
"587","Rutgers","10/02/10","26","LEFEGED","JOE","","","","","","","","","","","","0","0","","","","","","","","","","","","","","","4","93","0","","","","","","","","","","","","","0"
"587","Rutgers","10/08/10","26","LEFEGED","JOE","","","","","","","","","","","","0","0","","","","","","","","","","","","","","","4","135","0","","","","","","","","","","","","","0"
"587","Rutgers","10/16/10","26","LEFEGED","JOE","","","","","","","","","","","","0","0","","","","","","","","","","","","1","0","0","2","50","0","","","","","","","","","","","","","0"
"587","Rutgers","10/23/10","26","LEFEGED","JOE","","","","","","","","","","","","0","0","","","","","","","","","","","","","","","4","113","0","","","","","","","","","","","","","0"
"587","Rutgers","11/03/10","26","LEFEGED","JOE","","","","","","","","","","","","0","0","","","","","","","","","","","","","","","3","68","0","","","","","","","","","","","","","0"
"587","Rutgers","11/13/10","26","LEFEGED","JOE","","","","","","","","","","","","0","0","","","","","","","1","3","0","","","","","","3","94","0","","","","","","","","","","","","","0"
"587","Rutgers","11/20/10","26","LEFEGED","JOE","","","","","","","","","","","","0","0","","","","","","","","","","","","","","","6","137","0","","","","","","","","","","","","","0"
"587","Rutgers","11/26/10","26","LEFEGED","JOE","","","","","","","","","","","","0","0","","","","","","","","","","","","","","","5","92","0","","","","","","","","","","","","","0"
"587","Rutgers","12/04/10","26","LEFEGED","JOE","","","","","","","","","","","","0","0","","","","","","","","","","","","","","","3","54","0","","","","","","","","","","","","","0"
"587","Rutgers","09/25/10","50","LOWERY","ANTONIO","","","","","","","","","","","","0","0","","","","","","","1","21","0","","","","","","","","","","","","","","","","","","","","","0"
"587","Rutgers","11/20/10","50","LOWERY","ANTONIO","","","","","","","","","","","","0","0","","","","","","","","","","","","","","","","","","","","","0","0","1","0","","","","","","0"
"587","Rutgers","09/02/10","38","MARTINEK","JOE","20","111","2","109","1","","","","","","","20","109","1","6","0","","","","","","","","","","","","","","","1","","","","","","","","","","","","6"
"587","Rutgers","09/11/10","38","MARTINEK","JOE","14","34","6","28","0","","","","","","","14","28","","","","","","","","","","","","","","","","","","","","","","","","","","","","","","0"
"587","Rutgers","09/25/10","38","MARTINEK","JOE","5","33","3","30","0","","","","","","","5","30","1","0","0","","","","","","","","","","","","","","","","","","","","","","","","","","","0"
"587","Rutgers","10/02/10","38","MARTINEK","JOE","4","9","0","9","0","","","","","","","4","9","1","25","0","","","","","","","","","","","","","","","","","","","","","","","","","","","0"
"587","Rutgers","10/08/10","38","MARTINEK","JOE","8","25","0","25","0","","","","","","","8","25","","","","","","","","","","","","","","","","","","","","","","","","","","","","","","0"
"587","Rutgers","10/16/10","38","MARTINEK","JOE","10","35","5","30","1","","","","","","","10","30","","","","","","","","","","","","","","","","","","1","","","","","","","","","","","","6"
"587","Rutgers","10/23/10","38","MARTINEK","JOE","13","54","2","52","1","","","","","","","13","52","","","","","","","","","","","","","","","","","","1","","","","","","","","","","","","6"
"587","Rutgers","11/03/10","38","MARTINEK","JOE","9","13","19","-6","1","","","","","","","9","-6","3","8","0","","","","","","","","","","","","","","","1","","","","","","","","","","","","6"
"587","Rutgers","11/20/10","38","MARTINEK","JOE","2","0","1","-1","0","","","","","","","2","-1","","","","","","","","","","","","","","","","","","","","","","","","","","","","","","0"
"587","Rutgers","10/02/10","40","MCEVOY","COLIN","","","","","","","","","","","","0","0","1","12","0","","","","","","","","","","","","","","","","","","","","","","","","","","","0"
"587","Rutgers","11/13/10","40","MCEVOY","COLIN","","","","","","","","","","","","0","0","1","5","0","","","","","","","","","","","","","","","","","","","","","","","","","","","0"
"587","Rutgers","10/23/10","96","NOONAN","CHARLIE","","","","","","","","","","","","0","0","","","","1","25","0","","","","","","","","","","","","","","","","","","","","","","","","0"
"587","Rutgers","09/02/10","22","PUTMAN","TYRONE","1","6","0","6","0","","","","","","","1","6","","","","","","","","","","","","","","","","","","","","","","","","","","","","","","0"
"587","Rutgers","09/02/10","24","ROBINSON","MASON","","","","","","","","","","","","0","0","","","","","","","","","","","","2","29","0","","","","","","","","","","","","","","","","0"
"587","Rutgers","09/11/10","24","ROBINSON","MASON","","","","","","","","","","","","0","0","","","","","","","","","","","","1","4","0","1","32","0","","","","","","","","","","","","","0"
"587","Rutgers","09/25/10","24","ROBINSON","MASON","","","","","","","","","","","","0","0","","","","","","","","","","","","","","","1","18","0","","","","","","","","","","","","","0"
"587","Rutgers","10/02/10","24","ROBINSON","MASON","","","","","","","","","","","","0","0","","","","","","","","","","","","1","1","0","","","","","","","","","","","","","","","","0"
"587","Rutgers","10/08/10","24","ROBINSON","MASON","","","","","","","","","","","","0","0","","","","","","","","","","","","4","16","0","","","","","","","","","","","","","","","","0"
"587","Rutgers","10/16/10","24","ROBINSON","MASON","","","","","","","","","","","","0","0","","","","","","","","","","","","1","4","0","1","19","0","","","","","","","","","","","","","0"
"587","Rutgers","10/23/10","24","ROBINSON","MASON","","","","","","","","","","","","0","0","","","","","","","","","","","","2","10","0","","","","","","","","","","","","","","","","0"
"587","Rutgers","11/03/10","24","ROBINSON","MASON","","","","","","","","","","","","0","0","","","","","","","","","","","","2","61","1","","","","1","","","","","","","","","","","","6"
"587","Rutgers","11/13/10","24","ROBINSON","MASON","","","","","","","","","","","","0","0","","","","","","","","","","","","2","2","0","","","","","","","","","","","","","","","","0"
"587","Rutgers","11/20/10","24","ROBINSON","MASON","","","","","","","","","","","","0","0","","","","","","","","","","","","2","-3","0","1","28","0","","","","","","","","","","","","","0"
"587","Rutgers","11/26/10","24","ROBINSON","MASON","","","","","","","","","","","","0","0","1","4","0","","","","","","","","","2","15","0","","","","","","","","","","","","","","","","0"
"587","Rutgers","12/04/10","24","ROBINSON","MASON","","","","","","","","","","","","0","0","","","","","","","","","","","","","","","2","45","0","","","","","","","","","","","","","0"
"587","Rutgers","09/02/10","6","SANU","MOHAMED","4","21","2","19","0","","","","","","","4","19","3","65","1","","","","","","","","","","","","","","","1","","","1","1","","","","","","","","8"
"587","Rutgers","09/11/10","6","SANU","MOHAMED","9","45","1","44","1","1","1","0","24","1","","10","68","4","25","0","","","","","","","1","34","","","","","","","1","","","","","","","","","","","","6"
"587","Rutgers","09/25/10","6","SANU","MOHAMED","15","50","9","41","1","1","1","0","7","0","","16","48","9","74","0","","","","","","","","","","","","","","","1","","","","","","","","","","","","6"
"587","Rutgers","10/02/10","6","SANU","MOHAMED","9","122","1","121","1","","","","","","","9","121","5","70","1","","","","","","","","","","","","","","","2","","","","","","","","","","","","12"
"587","Rutgers","10/08/10","6","SANU","MOHAMED","8","34","7","27","1","2","1","0","43","0","","10","70","2","11","0","1","0","0","","","","","","","","","","","","1","","","","","","","","","","","","6"
"587","Rutgers","10/16/10","6","SANU","MOHAMED","7","34","1","33","0","1","0","0","0","0","","8","33","6","50","0","","","","","","","","","","","","","","","","","","","","","","","","","","","0"
"587","Rutgers","10/23/10","6","SANU","MOHAMED","1","1","0","1","0","","","","","","","1","1","4","46","0","","","","","","","","","","","","","","","","","","","","","","","","","","","0"
"587","Rutgers","11/03/10","6","SANU","MOHAMED","1","0","1","-1","0","1","1","0","21","1","","2","20","7","48","0","","","","","","","","","","","","","","","","","","","","","","","","","","","0"
"587","Rutgers","11/13/10","6","SANU","MOHAMED","5","24","0","24","0","","","","","","","5","24","1","9","0","","","","","","","1","33","","","","","","","","","","","","","","","","","","","0"
"587","Rutgers","11/20/10","6","SANU","MOHAMED","","","","","","3","2","0","65","1","","3","65","","","","","","","","","","","","","","","","","","","","","","","","","","","","","","0"
"587","Rutgers","11/26/10","6","SANU","MOHAMED","","","","","","","","","","","","0","0","1","6","0","","","","","","","","","","","","","","","","","","","","","","","","","","","0"
"587","Rutgers","12/04/10","6","SANU","MOHAMED","","","","","","","","","","","","0","0","2","14","0","","","","","","","","","","","","","","","","","","","","","","","","","","","0"
"587","Rutgers","09/02/10","7","SAVAGE","TOM","6","30","12","18","0","19","10","0","148","1","","25","166","","","","","","","","","","","","","","","","","","","","","","","","","","","","","","0"
"587","Rutgers","09/11/10","7","SAVAGE","TOM","4","11","8","3","0","15","7","1","72","0","0","19","75","","","","","","","","","","","","","","","","","","","","","1","0","","","","","","","","0"
"587","Rutgers","09/25/10","7","SAVAGE","TOM","9","21","29","-8","0","29","16","2","150","0","","38","142","","","","","","","","","","","","","","","","","","","","","","","","","","","","","","0"
"587","Rutgers","10/02/10","7","SAVAGE","TOM","8","19","21","-2","0","5","2","0","29","0","","13","27","","","","","","","","","","","","","","","","","","","","","","","","","","","","","","0"
"587","Rutgers","10/23/10","7","SAVAGE","TOM","2","1","5","-4","0","3","2","0","46","1","","5","42","","","","","","","","","","","","","","","","","","","","","","","","","","","","","","0"
"587","Rutgers","11/13/10","7","SAVAGE","TOM","3","4","17","-13","0","12","6","0","76","0","","15","63","","","","","","","","","","","","","","","","","","","","","","","","","","","","","","0"
"587","Rutgers","09/02/10","15","STROUD","KEITH","","","","","","","","","","","","0","0","2","28","0","","","","","","","","","","","","","","","","","","","","","","","","","","","0"
"587","Rutgers","09/25/10","15","STROUD","KEITH","","","","","","","","","","","","0","0","1","15","0","","","","","","","","","","","","","","","","","","","","","","","","","","","0"
"587","Rutgers","10/16/10","15","STROUD","KEITH","","","","","","","","","","","","0","0","1","6","0","","","","","","","","","","","","","","","","","","","","","","","","","","","0"
"587","Rutgers","11/13/10","15","STROUD","KEITH","","","","","","","","","","","","0","0","1","2","0","","","","","","","","","","","","","","","","","","","","","","","","","","","0"
"587","Rutgers","11/20/10","15","STROUD","KEITH","","","","","","","","","","","","0","0","6","63","0","","","","","","","","","","","","","","","","","","","","","","","","","","","0"
"587","Rutgers","11/26/10","15","STROUD","KEITH","","","","","","","","","","","","0","0","5","43","0","","","","","","","","","","","","","","","","","","","","","","","","","","","0"
"587","Rutgers","12/04/10","15","STROUD","KEITH","","","","","","","","","","","","0","0","1","0","0","","","","","","","","","","","","","","","","","","","","","","","","","","","0"
"587","Rutgers","11/26/10","2","SULLIVAN","KYLE","","","","","","","","","","","","0","0","","","","","","","","","","5","188","","","","","","","","","","","","","","","","","","","0"
"587","Rutgers","12/04/10","2","SULLIVAN","KYLE","","","","","","1","1","0","4","0","","1","4","","","","","","","","","","","","","","","","","","","","","","","","","","","","","","0"
"587","Rutgers","09/25/10","82","TARTACOFF","J.T.","","","","","","","","","","","","0","0","1","16","0","","","","","","","","","","","","","","","","","","","","","","","","","","","0"
"587","Rutgers","11/20/10","82","TARTACOFF","J.T.","","","","","","","","","","","","0","0","1","5","0","","","","","","","","","","","","","","","","","","","","","","","","","","","0"
"587","Rutgers","09/02/10","1","TE","SAN SAN","","","","","","","","","","","","0","0","","","","","","","","","","","","","","","","","","","2","2","0","0","","","","","5","3","","11"
"587","Rutgers","09/11/10","1","TE","SAN SAN","","","","","","","","","","","","0","0","","","","","","","","","","","","","","","","","","","1","1","0","0","","","","","3","2","","7"
"587","Rutgers","09/25/10","1","TE","SAN SAN","","","","","","","","","","","","0","0","","","","","","","","","","","","","","","","","","","1","1","0","0","","","","","3","2","","7"
"587","Rutgers","10/02/10","1","TE","SAN SAN","","","","","","","","","","","","0","0","","","","","","","","","","","","","","","","","","","2","2","0","0","","","","","","","","2"
"587","Rutgers","10/08/10","1","TE","SAN SAN","","","","","","","","","","","","0","0","","","","","","","","","","","","","","","","","","","3","3","0","0","","","","","2","2","","9"
"587","Rutgers","10/16/10","1","TE","SAN SAN","","","","","","","","","","","","0","0","","","","","","","","","","","","","","","","","","","2","2","0","0","","","","","1","1","","5"
"587","Rutgers","10/23/10","1","TE","SAN SAN","","","","","","","","","","","","0","0","","","","","","","","","","","","","","","","","","","3","3","0","0","","","","","","","","3"
"587","Rutgers","11/03/10","1","TE","SAN SAN","","","","","","","","","","","","0","0","","","","","","","","","","","","","","","","","","","3","3","0","0","","","","","2","2","","9"
"587","Rutgers","11/13/10","1","TE","SAN SAN","","","","","","","","","","","","0","0","","","","","","","","","","","","","","","","","","","1","1","0","0","","","","","3","1","","4"
"587","Rutgers","11/20/10","1","TE","SAN SAN","","","","","","","","","","","","0","0","","","","","","","","","","","","","","","","","","","5","5","0","0","","","","","1","1","","8"
"587","Rutgers","11/26/10","1","TE","SAN SAN","","","","","","","","","","","","0","0","","","","","","","","","","","","","","","","","","","1","1","0","0","","","","","","","","1"
"587","Rutgers","12/04/10","1","TE","SAN SAN","","","","","","","","","","","","0","0","","","","","","","","","","","","","","","","","","","2","2","0","0","","","","","","","","2"
"587","Rutgers","09/02/10","29","THOMAS","JORDAN","13","51","4","47","0","","","","","","","13","47","2","19","0","","","","","","","","","","","","","","","","","","","","","","","","","","","0"
"587","Rutgers","09/11/10","29","THOMAS","JORDAN","8","27","3","24","0","","","","","","","8","24","","","","","","","","","","","","","","","","","","","","","","","","","","","","","","0"
"587","Rutgers","09/25/10","29","THOMAS","JORDAN","8","27","3","24","0","","","","","","","8","24","3","44","0","","","","","","","","","","","","","","","","","","","","","","","","","","","0"
"587","Rutgers","10/02/10","29","THOMAS","JORDAN","6","22","2","20","0","","","","","","","6","20","1","-2","0","","","","","","","","","","","","","","","","","","","","","","","","","","","0"
"587","Rutgers","10/08/10","29","THOMAS","JORDAN","9","32","3","29","0","","","","","","","9","29","3","73","0","","","","","","","","","","","","","","","","","","","","","","","","","","","0"
"587","Rutgers","10/16/10","29","THOMAS","JORDAN","8","25","11","14","0","","","","","","","8","14","","","","","","","","","","","","","","","","","","","","","","","","","","","","","","0"
"587","Rutgers","10/23/10","29","THOMAS","JORDAN","4","40","0","40","0","","","","","","","4","40","1","6","0","","","","","","","","","","","","1","9","0","","","","","","","","","","","","","0"
"587","Rutgers","11/03/10","29","THOMAS","JORDAN","5","15","0","15","0","","","","","","","5","15","2","9","0","","","","","","","","","","","","3","47","0","","","","","","","","","","","","","0"
"587","Rutgers","11/13/10","29","THOMAS","JORDAN","2","10","0","10","0","","","","","","","2","10","","","","","","","","","","","","","","","1","17","0","","","","","","","","","","","","","0"
"587","Rutgers","11/20/10","29","THOMAS","JORDAN","5","17","6","11","0","","","","","","","5","11","2","59","1","","","","","","","","","","","","3","61","0","1","","","","","","","","","","","","6"
"587","Rutgers","11/26/10","29","THOMAS","JORDAN","16","121","1","120","1","","","","","","","16","120","","","","","","","","","","","","","","","1","21","0","1","","","","","","","","","","","","6"
"587","Rutgers","12/04/10","29","THOMAS","JORDAN","11","65","2","63","0","","","","","","","11","63","2","15","1","","","","","","","","","","","","","","","1","","","","","","","","","","","","6"
"587","Rutgers","10/23/10","27","WARREN","WAYNE","","","","","","","","","","","","0","0","","","","","","","","","","","","1","30","0","","","","","","","","","","","","","","","","0"
"587","Rutgers","09/02/10","34","WILLIAMS","DE'ANTWAN","6","70","1","69","0","","","","","","","6","69","","","","","","","","","","","","","","","","","","","","","","","","","","","","","","0"
"587","Rutgers","10/23/10","34","WILLIAMS","DE'ANTWAN","3","18","1","17","0","","","","","","","3","17","","","","","","","","","","","","","","","","","","","","","","","","","","","","","","0"
"587","Rutgers","11/13/10","34","WILLIAMS","DE'ANTWAN","3","8","0","8","0","","","","","","","3","8","","","","","","","","","","","","","","","","","","","","","","","","","","","","","","0"
"587","Rutgers","11/20/10","34","WILLIAMS","DE'ANTWAN","2","4","1","3","0","","","","","","","2","3","","","","","","","","","","","","","","","","","","","","","","","","","","","","","","0"
"587","Rutgers","11/26/10","34","WILLIAMS","DE'ANTWAN","3","6","0","6","0","","","","","","","3","6","","","","","","","","","","","","","","","","","","","","","","","","","","","","","","0"
"587","Rutgers","12/04/10","34","WILLIAMS","DE'ANTWAN","2","8","0","8","0","","","","","","","2","8","","","","","","","","","","","","","","","","","","","","","","","","","","","","","","0"
"587","Rutgers","09/11/10","8","YOUNG","KORDELL","","","","","","","","","","","","0","0","1","7","0","","","","","","","","","","","","","","","","","","","","","","","","","","","0"
"587","Rutgers","09/25/10","8","YOUNG","KORDELL","","","","","","","","","","","","0","0","1","1","0","","","","","","","","","","","","","","","","","","","","","","","","","","","0"
"587","Rutgers","10/02/10","8","YOUNG","KORDELL","","","","","","","","","","","","0","0","1","9","0","","","","","","","","","","","","","","","","","","","","","","","","","","","0"
"587","Rutgers","10/08/10","8","YOUNG","KORDELL","1","12","0","12","0","","","","","","","1","12","2","10","0","","","","","","","","","","","","","","","","","","","","","","","","","","","0"
"587","Rutgers","10/16/10","8","YOUNG","KORDELL","","","","","","","","","","","","0","0","2","12","1","","","","","","","","","","","","","","","1","","","","","","","","","","","","6"
"587","Rutgers","10/23/10","8","YOUNG","KORDELL","2","18","0","18","0","","","","","","","2","18","1","6","0","","","","","","","","","","","","","","","","","","","","","","","","","","","0"
"587","Rutgers","11/03/10","8","YOUNG","KORDELL","1","10","0","10","0","","","","","","","1","10","2","3","0","","","","","","","","","","","","","","","","","","","","","","","","","","","0"
"587","Rutgers","11/13/10","8","YOUNG","KORDELL","4","2","13","-11","0","1","0","0","0","0","","5","-11","1","5","0","","","","","","","","","","","","","","","","","","","","","","","","","","","0"
"587","Rutgers","11/20/10","8","YOUNG","KORDELL","","","","","","","","","","","","0","0","1","8","0","","","","","","","","","","","","","","","","","","","","","","","","","","","0"
"587","Rutgers","11/26/10","8","YOUNG","KORDELL","","","","","","","","","","","","0","0","1","24","0","","","","","","","","","","","","","","","","","","","","","","","","","","","0"
"587","Rutgers","12/04/10","8","YOUNG","KORDELL","","","","","","","","","","","","0","0","2","9","0","","","","","","","","","","","","","","","","","","","","","","","","","","","0"
"626","San Diego St.","09/25/10","20","BERHE","NAT","","","","","","","","","","","","0","0","","","","1","10","0","","","","","","","","","","","","","","","","","","","","","","","","0"
"626","San Diego St.","09/04/10","12","BERNARDS","JAKE","","","","","","1","1","0","10","0","","1","10","","","","","","","","","","","","","","","","","","","","","","","","","","","","","","0"
"626","San Diego St.","09/04/10","30","BROWN","DAVON","11","66","1","65","2","","","","","","","11","65","1","14","0","","","","","","","","","","","","1","9","0","2","","","","","","","","","","","","12"
"626","San Diego St.","09/11/10","30","BROWN","DAVON","4","50","0","50","0","1","0","0","0","0","","5","50","","","","","","","","","","","","","","","3","61","0","","","","","","","","","","","","","0"
"626","San Diego St.","09/18/10","30","BROWN","DAVON","1","0","0","0","0","","","","","","","1","0","1","7","0","","","","","","","","","","","","4","84","0","","","","","","","","","","","","","0"
"626","San Diego St.","09/25/10","30","BROWN","DAVON","","","","","","","","","","","","0","0","","","","","","","","","","","","","","","2","33","0","","","","","","","","","","","","","0"
"626","San Diego St.","10/09/10","30","BROWN","DAVON","","","","","","","","","","","","0","0","1","9","0","","","","","","","","","","","","","","","","","","","","","","","","","","","0"
"626","San Diego St.","10/23/10","30","BROWN","DAVON","3","5","5","0","0","","","","","","","3","0","","","","","","","","","","","","","","","","","","","","","","","","","","","","","","0"
"626","San Diego St.","10/30/10","30","BROWN","DAVON","1","0","1","-1","0","","","","","","","1","-1","","","","","","","","","","","","","","","1","0","0","","","","","","","","","","","","","0"
"626","San Diego St.","11/06/10","30","BROWN","DAVON","","","","","","","","","","","","0","0","","","","","","","","","","","","","","","1","20","0","","","","","","","","","","","","","0"
"626","San Diego St.","11/20/10","30","BROWN","DAVON","","","","","","","","","","","","0","0","","","","","","","","","","","","","","","4","64","0","","","","","","","","","","","","","0"
"626","San Diego St.","11/27/10","30","BROWN","DAVON","10","30","0","30","0","","","","","","","10","30","","","","","","","","","","","","","","","","","","","","","","","","","","","","","","0"
"626","San Diego St.","09/04/10","80","BROWN","VINCENT","","","","","","","","","","","","0","0","5","39","0","","","","","","","","","","","","","","","","","","","","","","","","","","","0"
"626","San Diego St.","09/11/10","80","BROWN","VINCENT","","","","","","","","","","","","0","0","5","99","0","","","","","","","","","","","","","","","","","","","","","","","","","","","0"
"626","San Diego St.","09/18/10","80","BROWN","VINCENT","","","","","","","","","","","","0","0","5","17","0","","","","","","","","","","","","","","","","","","","","","","","","","","","0"
"626","San Diego St.","09/25/10","80","BROWN","VINCENT","","","","","","","","","","","","0","0","5","177","2","","","","","","","","","","","","","","","2","","","","","","","","","","","","12"
"626","San Diego St.","10/09/10","80","BROWN","VINCENT","","","","","","","","","","","","0","0","6","101","1","","","","","","","","","","","","","","","1","","","","","","","","","","","","6"
"626","San Diego St.","10/16/10","80","BROWN","VINCENT","","","","","","","","","","","","0","0","3","60","0","","","","","","","","","","","","","","","","","","","","","","","","","","","0"
"626","San Diego St.","10/23/10","80","BROWN","VINCENT","","","","","","","","","","","","0","0","7","85","0","","","","","","","","","","","","","","","","","","","","","","","","","","","0"
"626","San Diego St.","10/30/10","80","BROWN","VINCENT","","","","","","","","","","","","0","0","5","144","0","","","","","","","","","","","","","","","","","","","","","","","","","","","0"
"626","San Diego St.","11/06/10","80","BROWN","VINCENT","","","","","","","","","","","","0","0","3","40","0","","","","","","","","","","","","","","","","","","","","","","","","","","","0"
"626","San Diego St.","11/13/10","80","BROWN","VINCENT","","","","","","","","","","","","0","0","4","167","2","","","","","","","","","","","","","","","2","","","","","","","","","","","","12"
"626","San Diego St.","11/20/10","80","BROWN","VINCENT","","","","","","","","","","","","0","0","8","184","3","","","","","","","","","","","","","","","3","","","","","","","","","","","","18"
"626","San Diego St.","11/27/10","80","BROWN","VINCENT","","","","","","","","","","","","0","0","5","74","1","","","","","","","","","","","","","","","1","","","","","","","","","","","","6"
"626","San Diego St.","12/23/10","80","BROWN","VINCENT","1","0","13","-13","0","","","","","","","1","-13","8","165","1","","","","","","","","","","","","","","","1","","","","","","","","","","","","6"
"626","San Diego St.","09/11/10","11","DAVIS","BRANDON","","","","","","","","","","","","0","0","","","","","","","","","","","","","","","1","36","0","","","","","","","","","","","","","0"
"626","San Diego St.","10/09/10","11","DAVIS","BRANDON","","","","","","","","","","","","0","0","","","","","","","","","","","","","","","2","38","0","","","","","","","","","","","","","0"
"626","San Diego St.","10/16/10","11","DAVIS","BRANDON","","","","","","","","","","","","0","0","","","","","","","","","","","","","","","4","92","0","","","","","","","","","","","","","0"
"626","San Diego St.","10/23/10","11","DAVIS","BRANDON","","","","","","","","","","","","0","0","","","","","","","","","","","","","","","4","122","0","","","","","","","","","","","","","0"
"626","San Diego St.","10/30/10","11","DAVIS","BRANDON","","","","","","","","","","","","0","0","","","","","","","","","","","","","","","2","38","0","","","","","","","","","","","","","0"
"626","San Diego St.","11/06/10","11","DAVIS","BRANDON","","","","","","","","","","","","0","0","","","","","","","","","","","","","","","2","51","0","","","","","","","","","","","","","0"
"626","San Diego St.","11/13/10","11","DAVIS","BRANDON","","","","","","","","","","","","0","0","","","","","","","","","","","","","","","5","86","0","","","","","","","","","","","","","0"
"626","San Diego St.","11/20/10","11","DAVIS","BRANDON","","","","","","","","","","","","0","0","","","","","","","","","","","","","","","2","27","0","","","","","","","","","","","","","0"
"626","San Diego St.","09/25/10","17","DEAKIN","DOUG","1","13","0","13","0","","","","","","","1","13","","","","","","","","","","","","","","","","","","","","","","","","","","","","","","0"
"626","San Diego St.","09/11/10","84","DENSO","DYLAN","","","","","","","","","","","","0","0","1","11","0","","","","","","","","","","","","","","","","","","","","","","","","","","","0"
"626","San Diego St.","09/25/10","84","DENSO","DYLAN","","","","","","","","","","","","0","0","1","8","0","","","","","","","","","","","","","","","","","","","","","","","","","","","0"
"626","San Diego St.","10/09/10","84","DENSO","DYLAN","","","","","","","","","","","","0","0","1","12","0","","","","","","","","","","","","","","","","","","","","","","","","","","","0"
"626","San Diego St.","12/23/10","84","DENSO","DYLAN","","","","","","","","","","","","0","0","1","8","0","","","","","","","","","","","","","","","","","","","","","","","","","","","0"
"626","San Diego St.","09/04/10","88","ESCOBAR","GAVIN","","","","","","","","","","","","0","0","1","27","0","","","","","","","","","","","","","","","","","","","","","","","","","","","0"
"626","San Diego St.","09/11/10","88","ESCOBAR","GAVIN","","","","","","","","","","","","0","0","2","33","1","","","","","","","","","","","","","","","1","","","","","","","","","","","","6"
"626","San Diego St.","09/18/10","88","ESCOBAR","GAVIN","","","","","","","","","","","","0","0","2","5","0","","","","","","","","","","","","","","","","","","","","","","","","","","","0"
"626","San Diego St.","09/25/10","88","ESCOBAR","GAVIN","","","","","","","","","","","","0","0","2","57","0","","","","","","","","","","","","","","","","","","","","","","","","","","","0"
"626","San Diego St.","10/09/10","88","ESCOBAR","GAVIN","","","","","","","","","","","","0","0","1","1","1","","","","","","","","","","","","","","","1","","","","","","","","","","","","6"
"626","San Diego St.","10/16/10","88","ESCOBAR","GAVIN","","","","","","","","","","","","0","0","1","8","1","","","","","","","","","","","","","","","1","","","","","","","","","","","","6"
"626","San Diego St.","10/23/10","88","ESCOBAR","GAVIN","","","","","","","","","","","","0","0","2","11","0","","","","","","","","","","","","","","","","","","","","","","","","","","","0"
"626","San Diego St.","10/30/10","88","ESCOBAR","GAVIN","","","","","","","","","","","","0","0","1","8","0","","","","","","","","","","","","","","","","","","","","","","","","","","","0"
"626","San Diego St.","11/06/10","88","ESCOBAR","GAVIN","","","","","","","","","","","","0","0","4","42","0","","","","","","","","","","","","","","","","","","","","","","","","","","","0"
"626","San Diego St.","11/20/10","88","ESCOBAR","GAVIN","","","","","","","","","","","","0","0","6","65","1","","","","","","","","","","","","","","","1","","","","","","","","","","","","6"
"626","San Diego St.","11/27/10","88","ESCOBAR","GAVIN","","","","","","","","","","","","0","0","4","42","0","","","","","","","","","","","","","","","","","","","","","","","","","","","0"
"626","San Diego St.","12/23/10","88","ESCOBAR","GAVIN","","","","","","","","","","","","0","0","3","24","0","","","","","","","","","","","","","","","","","","","","","","","","","","","0"
"626","San Diego St.","09/04/10","13","HILLMAN","RONNIE","15","72","7","65","1","","","","","","","15","65","","","","","","","","","","","","","","","","","","1","","","","","","","","","","","","6"
"626","San Diego St.","09/11/10","13","HILLMAN","RONNIE","22","150","0","150","4","","","","","","","22","150","","","","","","","","","","","","","","","","","","4","","","","","","","","","","","","24"
"626","San Diego St.","09/18/10","13","HILLMAN","RONNIE","23","235","7","228","2","","","","","","","23","228","1","2","0","","","","","","","","","","","","","","","2","","","","","","","","","","","","12"
"626","San Diego St.","09/25/10","13","HILLMAN","RONNIE","23","99","10","89","1","","","","","","","23","89","1","4","0","","","","","","","","","","","","","","","1","","","","","","","","","","","","6"
"626","San Diego St.","10/09/10","13","HILLMAN","RONNIE","11","72","10","62","0","","","","","","","11","62","","","","","","","","","","","","","","","","","","","","","","","","","","","","","","0"
"626","San Diego St.","10/16/10","13","HILLMAN","RONNIE","24","195","4","191","2","","","","","","","24","191","1","8","0","","","","","","","","","","","","","","","2","","","","","","","","","","","","12"
"626","San Diego St.","10/23/10","13","HILLMAN","RONNIE","18","69","5","64","1","","","","","","","18","64","","","","","","","","","","","","","","","","","","1","","","","","","","","","","","","6"
"626","San Diego St.","10/30/10","13","HILLMAN","RONNIE","21","54","10","44","0","","","","","","","21","44","","","","","","","","","","","","","","","","","","","","","","","","","","","","","","0"
"626","San Diego St.","11/06/10","13","HILLMAN","RONNIE","31","160","9","151","1","","","","","","","31","151","","","","","","","","","","","","","","","","","","1","","","","","","","","","","","","6"
"626","San Diego St.","11/13/10","13","HILLMAN","RONNIE","13","54","0","54","0","","","","","","","13","54","","","","","","","","","","","","","","","","","","","","","","","","","","","","","","0"
"626","San Diego St.","11/20/10","13","HILLMAN","RONNIE","14","58","4","54","1","","","","","","","14","54","2","26","0","","","","","","","","","","","","","","","1","","","","","","","","","","","","6"
"626","San Diego St.","11/27/10","13","HILLMAN","RONNIE","19","152","0","152","1","","","","","","","19","152","2","12","0","","","","","","","","","","","","","","","1","","","","","","","","","","","","6"
"626","San Diego St.","12/23/10","13","HILLMAN","RONNIE","28","230","2","228","3","","","","","","","28","228","2","16","1","","","","","","","","","","","","","","","4","","","","","","","","","","","","24"
"626","San Diego St.","11/13/10","71","JOHNSON","ALEC","","","","","","","","","","","","0","0","1","0","0","","","","","","","","","","","","","","","","","","","","","","","","","","","0"
"626","San Diego St.","09/04/10","34","KAZEE","WALTER","6","74","0","74","1","","","","","","","6","74","","","","","","","","","","","","","","","","","","1","","","","","","","","","","","","6"
"626","San Diego St.","09/11/10","34","KAZEE","WALTER","10","53","1","52","0","","","","","","","10","52","1","10","0","","","","","","","","","","","","","","","","","","","","","","","","","","","0"
"626","San Diego St.","09/18/10","34","KAZEE","WALTER","7","26","0","26","1","","","","","","","7","26","1","28","0","","","","","","","","","","","","","","","1","","","","","","","","","","","","6"
"626","San Diego St.","09/25/10","34","KAZEE","WALTER","9","27","5","22","1","","","","","","","9","22","","","","","","","","","","","","","","","","","","1","","","","","","","","","","","","6"
"626","San Diego St.","10/30/10","34","KAZEE","WALTER","7","23","0","23","0","","","","","","","7","23","","","","","","","","","","","","","","","","","","","","","","","","","","","","","","0"
"626","San Diego St.","11/06/10","34","KAZEE","WALTER","2","6","0","6","0","","","","","","","2","6","","","","","","","","","","","","","","","","","","","","","","","","","","","","","","0"
"626","San Diego St.","11/13/10","34","KAZEE","WALTER","1","6","0","6","0","","","","","","","1","6","","","","","","","","","","","","","","","","","","","","","","","","","","","","","","0"
"626","San Diego St.","11/20/10","34","KAZEE","WALTER","2","7","0","7","0","","","","","","","2","7","","","","","","","","","","","","","","","","","","","","","","","","","","","","","","0"
"626","San Diego St.","11/27/10","34","KAZEE","WALTER","16","63","0","63","0","","","","","","","16","63","","","","","","","","","","","","","","","2","42","0","","","","","","","","","","","","","0"
"626","San Diego St.","12/23/10","34","KAZEE","WALTER","7","41","0","41","0","","","","","","","7","41","","","","","","","","","","","","","","","2","23","0","","","","","","","","","","","","","0"
"626","San Diego St.","11/13/10","6","LEMON","GABE","","","","","","","","","","","","0","0","","","","1","0","0","","","","","","","","","","","","","","","","","","","","","","","","0"
"626","San Diego St.","09/18/10","3","LEWIS","DARRYN","","","","","","","","","","","","0","0","","","","1","23","0","","","","","","","","","","","","","","","","","","","","","","","","0"
"626","San Diego St.","10/16/10","3","LEWIS","DARRYN","","","","","","","","","","","","0","0","","","","1","4","0","","","","","","","","","","","","","","","","","","","","","","","","0"
"626","San Diego St.","09/04/10","14","LINDLEY","RYAN","","","","","","26","17","0","303","2","","26","303","","","","","","","","","","","","","","","","","","","","","","","","","","","","","","0"
"626","San Diego St.","09/11/10","14","LINDLEY","RYAN","","","","","","42","20","0","319","1","","42","319","","","","","","","","","","","","","","","","","","","","","","","","","","","","","","0"
"626","San Diego St.","09/18/10","14","LINDLEY","RYAN","1","0","6","-6","0","44","20","1","190","0","","45","184","","","","","","","","","","","","","","","","","","","","","","","","","","","","","","0"
"626","San Diego St.","09/25/10","14","LINDLEY","RYAN","2","3","0","3","0","24","17","1","362","3","","26","365","","","","","","","","","","","","","","","","","","","","","","","","","","","","","","0"
"626","San Diego St.","10/09/10","14","LINDLEY","RYAN","1","0","9","-9","0","34","20","1","220","3","","35","211","","","","","","","","","","","","","","","","","","","","","","","","","","","","","","0"
"626","San Diego St.","10/16/10","14","LINDLEY","RYAN","5","27","9","18","0","26","14","1","247","1","","31","265","","","","","","","","","","","","","","","","","","","","","","","","","","","","","","0"
"626","San Diego St.","10/23/10","14","LINDLEY","RYAN","1","3","0","3","0","37","18","1","249","2","","38","252","","","","","","","","","","","","","","","","","","","","","","","","","","","","","","0"
"626","San Diego St.","10/30/10","14","LINDLEY","RYAN","2","8","13","-5","0","32","16","2","365","3","","34","360","","","","","","","","","","","","","","","","","","","","","","","","","","","","","","0"
"626","San Diego St.","11/06/10","14","LINDLEY","RYAN","1","0","10","-10","0","23","14","2","171","1","","24","161","","","","","","","","","","","","","","","","","","","","","","","","","","","","","","0"
"626","San Diego St.","11/13/10","14","LINDLEY","RYAN","3","0","23","-23","0","26","11","2","262","2","","29","239","","","","","","","","","","","","","","","","","","","","","","","","","","","","","","0"
"626","San Diego St.","11/20/10","14","LINDLEY","RYAN","2","1","11","-10","0","54","36","3","528","4","","56","518","","","","","","","","","","","","","","","","","","","","","","","","","","","","","","0"
"626","San Diego St.","11/27/10","14","LINDLEY","RYAN","","","","","","30","22","0","338","4","","30","338","","","","","","","","","","","","","","","","","","","","","","","","","","","","","","0"
"626","San Diego St.","12/23/10","14","LINDLEY","RYAN","1","8","0","8","0","23","18","0","276","2","","24","284","","","","","","","","","","","","","","","","","","","","","","","","","","","","","","0"
"626","San Diego St.","11/13/10","94","LONG","JEROME","","","","","","","","","","","","0","0","","","","","","","0","0","1","","","","","","","","","1","","","","","","","","","","","","6"
"626","San Diego St.","09/04/10","2","MCFADDEN","LEON","","","","","","","","","","","","0","0","","","","","","","","","","","","3","33","0","","","","","","","","","","","","","","","","0"
"626","San Diego St.","09/18/10","2","MCFADDEN","LEON","","","","","","","","","","","","0","0","","","","1","0","0","","","","","","2","13","0","","","","","","","","","","","","","","","","0"
"626","San Diego St.","10/09/10","2","MCFADDEN","LEON","","","","","","","","","","","","0","0","","","","1","0","0","","","","","","","","","","","","","","","","","","","","","","","","0"
"626","San Diego St.","09/04/10","10","O'BRIEN","JOSH","","","","","","","","","","","","0","0","1","10","0","","","","","","","","","","","","","","","","","","","","","","","","","","","0"
"626","San Diego St.","09/04/10","9A","PARKER","LARRY","","","","","","","","","","","","0","0","","","","","","","","","","","","2","14","0","","","","","","","","","","","","","","","","0"
"626","San Diego St.","09/11/10","9A","PARKER","LARRY","","","","","","","","","","","","0","0","","","","","","","","","","","","2","5","0","","","","","","","","","","","","","","","","0"
"626","San Diego St.","09/18/10","9A","PARKER","LARRY","","","","","","","","","","","","0","0","","","","","","","","","","","","1","3","0","","","","","","","","","","","","","","","","0"
"626","San Diego St.","10/09/10","9A","PARKER","LARRY","","","","","","","","","","","","0","0","","","","","","","","","","","","2","21","0","","","","","","","","","","","","","","","","0"
"626","San Diego St.","10/23/10","9A","PARKER","LARRY","","","","","","","","","","","","0","0","","","","","","","","","","","","2","1","0","","","","","","","","","","","","","","","","0"
"626","San Diego St.","10/30/10","9A","PARKER","LARRY","","","","","","","","","","","","0","0","","","","","","","","","","","","2","30","0","","","","","","","","","","","","","","","","0"
"626","San Diego St.","11/06/10","9A","PARKER","LARRY","","","","","","","","","","","","0","0","","","","","","","","","","","","2","9","0","","","","","","","","","","","","","","","","0"
"626","San Diego St.","11/13/10","9A","PARKER","LARRY","","","","","","","","","","","","0","0","","","","","","","","","","","","2","33","0","","","","","","","","","","","","","","","","0"
"626","San Diego St.","11/20/10","9A","PARKER","LARRY","","","","","","","","","","","","0","0","","","","","","","","","","","","1","0","0","","","","","","","","","","","","","","","","0"
"626","San Diego St.","12/23/10","9A","PARKER","LARRY","","","","","","","","","","","","0","0","","","","","","","","","","","","3","1","0","","","","","","","","","","","","","","","","0"
"626","San Diego St.","09/04/10","38","PEREZ","ABEL","","","","","","","","","","","","0","0","","","","","","","","","","","","","","","","","","","5","4","0","0","","","","","3","2","","10"
"626","San Diego St.","09/11/10","38","PEREZ","ABEL","","","","","","","","","","","","0","0","","","","","","","","","","","","","","","","","","","5","5","0","0","","","","","4","2","","11"
"626","San Diego St.","09/18/10","38","PEREZ","ABEL","","","","","","","","","","","","0","0","","","","","","","","","","","","","","","","","","","3","3","0","0","","","","","1","1","","6"
"626","San Diego St.","09/25/10","38","PEREZ","ABEL","","","","","","","","","","","","0","0","","","","","","","","","","","","","","","","","","","5","5","0","0","","","","","2","2","","11"
"626","San Diego St.","10/09/10","38","PEREZ","ABEL","","","","","","","","","","","","0","0","","","","","","","","","","","","","","","","","","","3","3","0","0","","","","","1","0","","3"
"626","San Diego St.","10/16/10","38","PEREZ","ABEL","","","","","","","","","","","","0","0","","","","","","","","","","","","","","","","","","","3","3","0","0","","","","","3","2","","9"
"626","San Diego St.","10/23/10","38","PEREZ","ABEL","","","","","","","","","","","","0","0","","","","","","","","","","","","","","","","","","","3","3","0","0","","","","","3","3","","12"
"626","San Diego St.","10/30/10","38","PEREZ","ABEL","","","","","","","","","","","","0","0","","","","","","","","","","","","","","","","","","","6","6","0","0","","","","","2","2","","12"
"626","San Diego St.","11/06/10","38","PEREZ","ABEL","","","","","","","","","","","","0","0","","","","","","","","","","","","","","","","","","","3","3","0","0","","","","","1","1","","6"
"626","San Diego St.","11/13/10","38","PEREZ","ABEL","","","","","","","","","","","","0","0","","","","","","","","","","","","","","","","","","","5","5","0","0","","","","","","","","5"
"626","San Diego St.","11/20/10","38","PEREZ","ABEL","","","","","","","","","","","","0","0","","","","","","","","","","","","","","","","","","","5","4","0","0","","","","","","","","4"
"626","San Diego St.","11/27/10","38","PEREZ","ABEL","","","","","","","","","","","","0","0","","","","","","","","","","","","","","","","","","","5","5","0","0","","","","","2","2","","11"
"626","San Diego St.","12/23/10","38","PEREZ","ABEL","","","","","","","","","","","","0","0","","","","","","","","","","","","","","","","","","","5","5","0","0","","","","","","","","5"
"626","San Diego St.","10/30/10","22","PRESTON","ANDREW","","","","","","","","","","","","0","0","","","","1","29","0","","","","","","","","","","","","","","","","","","","","","","","","0"
"626","San Diego St.","11/06/10","22","PRESTON","ANDREW","","","","","","","","","","","","0","0","","","","1","22","0","","","","","","","","","","","","","","","","","","","","","","","","0"
"626","San Diego St.","12/23/10","22","PRESTON","ANDREW","","","","","","","","","","","","0","0","","","","1","18","0","","","","","","","","","","","","","","","","","","","","","","","","0"
"626","San Diego St.","09/25/10","87","QUIGLEY","BRYCE","","","","","","","","","","","","0","0","2","33","1","","","","","","","","","","","","","","","1","","","","","","","","","","","","6"
"626","San Diego St.","10/09/10","87","QUIGLEY","BRYCE","","","","","","","","","","","","0","0","1","19","0","","","","","","","","","","","","","","","","","","","","","","","","","","","0"
"626","San Diego St.","10/23/10","87","QUIGLEY","BRYCE","","","","","","","","","","","","0","0","1","13","0","","","","","","","","","","","","","","","","","","","","","","","","","","","0"
"626","San Diego St.","11/27/10","87","QUIGLEY","BRYCE","","","","","","","","","","","","0","0","1","1","0","","","","","","","","","","","","","","","","","","","","","","","","","","","0"
"626","San Diego St.","09/04/10","1","SAMPSON","DEMARCO","","","","","","","","","","","","0","0","7","179","2","","","","","","","","","","","","","","","2","","","","","","","","","","","","12"
"626","San Diego St.","09/11/10","1","SAMPSON","DEMARCO","1","0","3","-3","0","","","","","","","1","-3","4","73","0","","","","","","","","","","","","","","","","","","","","","","","","","","","0"
"626","San Diego St.","09/18/10","1","SAMPSON","DEMARCO","","","","","","","","","","","","0","0","6","81","0","","","","","","","","","","","","","","","","","","","","","","","","","","","0"
"626","San Diego St.","09/25/10","1","SAMPSON","DEMARCO","2","12","0","12","0","","","","","","","2","12","2","40","0","","","","","","","","","","","","","","","","","","","","","","","","","","","0"
"626","San Diego St.","10/09/10","1","SAMPSON","DEMARCO","","","","","","","","","","","","0","0","4","47","0","","","","","","","","","","","","","","","","","","","","","","","","","","","0"
"626","San Diego St.","10/16/10","1","SAMPSON","DEMARCO","","","","","","","","","","","","0","0","4","106","0","","","","","","","","","","","","","","","","","","","","","","","","","","","0"
"626","San Diego St.","10/23/10","1","SAMPSON","DEMARCO","","","","","","","","","","","","0","0","7","127","2","","","","","","","","","","","","","","","2","","","","","","","","","","","","12"
"626","San Diego St.","10/30/10","1","SAMPSON","DEMARCO","","","","","","","","","","","","0","0","7","175","2","","","","","","","","","","","","","","","2","","","","","","","","","","","","12"
"626","San Diego St.","11/06/10","1","SAMPSON","DEMARCO","1","2","0","2","0","","","","","","","1","2","2","23","0","","","","","","","","","","","","","","","","","","","","","","","","","","","0"
"626","San Diego St.","11/13/10","1","SAMPSON","DEMARCO","","","","","","","","","","","","0","0","4","42","0","","","","","","","","","","","","","","","","","","","","","","","","","","","0"
"626","San Diego St.","11/20/10","1","SAMPSON","DEMARCO","","","","","","","","","","","","0","0","12","154","0","","","","","","","","","","","","","","","","","","","","","","","","","","","0"
"626","San Diego St.","11/27/10","1","SAMPSON","DEMARCO","","","","","","","","","","","","0","0","6","128","2","","","","","","","","","","","","","","","2","","","","","","","","","","","","12"
"626","San Diego St.","12/23/10","1","SAMPSON","DEMARCO","","","","","","","","","","","","0","0","2","45","0","","","","","","","","","","","","","","","","","","","","","","","","","","","0"
"626","San Diego St.","09/04/10","18","SANDIFER","DOMINIQUE","","","","","","","","","","","","0","0","2","40","0","","","","","","","","","","","","","","","","","","","","","","","","","","","0"
"626","San Diego St.","09/11/10","18","SANDIFER","DOMINIQUE","","","","","","","","","","","","0","0","2","9","0","","","","","","","","","","","","","","","","","","","","","","","","","","","0"
"626","San Diego St.","09/18/10","18","SANDIFER","DOMINIQUE","","","","","","","","","","","","0","0","2","9","0","","","","","","","","","1","0","0","","","","","","","","","","","","","","","","0"
"626","San Diego St.","09/25/10","18","SANDIFER","DOMINIQUE","","","","","","","","","","","","0","0","1","6","0","","","","","","","","","2","6","0","","","","","","","","","","","","","","","","0"
"626","San Diego St.","10/09/10","18","SANDIFER","DOMINIQUE","","","","","","","","","","","","0","0","3","25","0","","","","","","","","","","","","","","","","","","","","","","","","","","","0"
"626","San Diego St.","10/16/10","18","SANDIFER","DOMINIQUE","","","","","","","","","","","","0","0","1","22","0","","","","","","","","","","","","","","","","","","","","","","","","","","","0"
"626","San Diego St.","10/23/10","18","SANDIFER","DOMINIQUE","","","","","","","","","","","","0","0","1","13","0","","","","","","","","","","","","","","","","","","","","","","","","","","","0"
"626","San Diego St.","10/30/10","18","SANDIFER","DOMINIQUE","","","","","","","","","","","","0","0","1","9","0","","","","","","","","","","","","","","","","","","","","","","","","","","","0"
"626","San Diego St.","11/06/10","18","SANDIFER","DOMINIQUE","","","","","","","","","","","","0","0","2","19","0","","","","","","","","","","","","","","","","","","","","","","","","","","","0"
"626","San Diego St.","11/13/10","18","SANDIFER","DOMINIQUE","","","","","","","","","","","","0","0","","","","","","","","","","","","","","","2","25","0","","","","","","","","","","","","","0"
"626","San Diego St.","11/20/10","18","SANDIFER","DOMINIQUE","","","","","","","","","","","","0","0","6","81","0","","","","","","","","","","","","","","","","","","","","","","","","","","","0"
"626","San Diego St.","11/27/10","18","SANDIFER","DOMINIQUE","","","","","","","","","","","","0","0","1","20","0","","","","","","","","","","","","","","","","","","","","","","","","","","","0"
"626","San Diego St.","12/23/10","18","SANDIFER","DOMINIQUE","1","14","0","14","0","","","","","","","1","14","1","10","0","","","","","","","","","","","","","","","","","","","","","","","","","","","0"
"626","San Diego St.","09/04/10","29","SHIELDS","BRYAN","","","","","","","","","","","","0","0","","","","","","","","","","","","","","","","","","","1","1","0","0","","","","","","","","1"
"626","San Diego St.","11/27/10","29","SHIELDS","BRYAN","","","","","","","","","","","","0","0","","","","","","","","","","","","","","","","","","","1","1","0","0","","","","","","","","1"
"626","San Diego St.","10/30/10","85","SHIELDS","D.J.","","","","","","","","","","","","0","0","2","29","1","","","","","","","","","","","","","","","1","","","","","","","","","","","","6"
"626","San Diego St.","09/04/10","4A","STAHOVICH","BRIAN","","","","","","","","","","","","0","0","","","","","","","","","","1","56","","","","","","","","","","","","","","","","","","","0"
"626","San Diego St.","09/11/10","4A","STAHOVICH","BRIAN","","","","","","","","","","","","0","0","","","","","","","","","","4","203","","","","","","","","","","","","","","","","","","","0"
"626","San Diego St.","09/18/10","4A","STAHOVICH","BRIAN","","","","","","","","","","","","0","0","","","","","","","","","","10","456","","","","","","","","","","","","","","","","","","","0"
"626","San Diego St.","09/25/10","4A","STAHOVICH","BRIAN","","","","","","","","","","","","0","0","","","","","","","","","","3","138","","","","","","","","","","","","","","","","","","","0"
"626","San Diego St.","10/09/10","4A","STAHOVICH","BRIAN","","","","","","","","","","","","0","0","","","","","","","","","","6","266","","","","","","","","","","","","","","","","","","","0"
"626","San Diego St.","10/16/10","4A","STAHOVICH","BRIAN","","","","","","","","","","","","0","0","","","","","","","","","","4","173","","","","","","","","","","","","","","","","","","","0"
"626","San Diego St.","10/23/10","4A","STAHOVICH","BRIAN","","","","","","","","","","","","0","0","","","","","","","","","","7","324","","","","","","","","","","","","","","","","","","","0"
"626","San Diego St.","10/30/10","4A","STAHOVICH","BRIAN","","","","","","","","","","","","0","0","","","","","","","","","","1","89","","","","","","","","","","","","","","","","","","","0"
"626","San Diego St.","11/06/10","4A","STAHOVICH","BRIAN","","","","","","","","","","","","0","0","","","","","","","","","","3","125","","","","","","","","","","","","","","","","","","","0"
"626","San Diego St.","11/13/10","4A","STAHOVICH","BRIAN","","","","","","","","","","","","0","0","","","","","","","","","","9","361","","","","","","","","","","","","","","","","","","","0"
"626","San Diego St.","11/20/10","4A","STAHOVICH","BRIAN","","","","","","","","","","","","0","0","","","","","","","","","","2","94","","","","","","","","","","","","","","","","","","","0"
"626","San Diego St.","12/23/10","4A","STAHOVICH","BRIAN","","","","","","","","","","","","0","0","","","","","","","","","","3","121","","","","","","","","","","","","","","","","","","","0"
"626","San Diego St.","09/04/10","23","SULLIVAN","BRANDON","2","14","0","14","0","","","","","","","2","14","","","","","","","","","","","","","","","","","","","","","","","","","","","","","","0"
"626","San Diego St.","09/11/10","23","SULLIVAN","BRANDON","1","1","0","1","0","","","","","","","1","1","3","69","0","","","","","","","","","","","","","","","","","","","","","","","","","","","0"
"626","San Diego St.","09/18/10","23","SULLIVAN","BRANDON","1","2","0","2","0","","","","","","","1","2","2","41","0","","","","","","","","","","","","","","","","","","","","","","","","","","","0"
"626","San Diego St.","09/25/10","23","SULLIVAN","BRANDON","1","3","0","3","0","","","","","","","1","3","3","37","0","","","","","","","","","","","","","","","","","","","","","","","","","","","0"
"626","San Diego St.","10/09/10","23","SULLIVAN","BRANDON","","","","","","","","","","","","0","0","3","6","1","","","","","","","","","","","","","","","1","","","","","","","","","","","","6"
"626","San Diego St.","10/16/10","23","SULLIVAN","BRANDON","","","","","","","","","","","","0","0","4","43","0","","","","","","","","","","","","","","","","","","","","","","","","","","","0"
"626","San Diego St.","10/23/10","23","SULLIVAN","BRANDON","18","71","2","69","0","","","","","","","18","69","","","","","","","","","","","","","","","","","","","","","","","","","","","","","","0"
"626","San Diego St.","10/30/10","23","SULLIVAN","BRANDON","6","15","0","15","3","","","","","","","6","15","","","","","","","","","","","","","","","","","","3","","","","","","","","","","","","18"
"626","San Diego St.","11/06/10","23","SULLIVAN","BRANDON","2","3","0","3","1","","","","","","","2","3","3","47","1","","","","","","","","","","","","","","","2","","","","","","","","","","","","12"
"626","San Diego St.","11/13/10","23","SULLIVAN","BRANDON","3","2","0","2","2","","","","","","","3","2","2","53","0","","","","","","","","","","","","","","","2","","","","","","","","","","","","12"
"626","San Diego St.","11/20/10","23","SULLIVAN","BRANDON","3","8","0","8","0","","","","","","","3","8","2","18","0","","","","","","","","","","","","","","","","","","","","","","","","","","","0"
"626","San Diego St.","11/27/10","23","SULLIVAN","BRANDON","3","7","0","7","1","","","","","","","3","7","3","61","1","","","","","","","","","","","","","","","2","","","","","","","","","","","","12"
"626","San Diego St.","12/23/10","23","SULLIVAN","BRANDON","","","","","","","","","","","","0","0","1","8","0","","","","","","","","","","","","","","","","","","","","","","","","","","","0"
"626","San Diego St.","09/04/10","7","UMUOLO","ALSTON","","","","","","","","","","","","0","0","1","4","0","","","","","","","","","","","","","","","","","","","","","","","","","","","0"
"626","San Diego St.","09/11/10","7","UMUOLO","ALSTON","","","","","","","","","","","","0","0","2","15","0","","","","","","","","","","","","","","","","","","","","","","","","","","","0"
"626","San Diego St.","10/23/10","2A","WADE","JOSH","","","","","","","","","","","","0","0","","","","1","0","0","","","","","","","","","","","","","","","","","","","","","","","","0"
"626","San Diego St.","11/27/10","40","YOUNG","CHAD","1","1","0","1","0","","","","","","","1","1","","","","","","","","","","","","","","","","","","","","","","","","","","","","","","0"
"626","San Diego St.","12/23/10","40","YOUNG","CHAD","1","3","0","3","0","","","","","","","1","3","","","","","","","","","","","","","","","","","","","","","","","","","","","","","","0"
"630","San Jose St.","09/11/10","98","ALVERNIK","JENS","","","","","","","","","","","","0","0","","","","","","","","","","2","65","","","","","","","","","","","","","","","","","","","0"
"630","San Jose St.","09/18/10","98","ALVERNIK","JENS","","","","","","","","","","","","0","0","","","","","","","","","","5","154","","","","","","","","","","","","","","","","","","","0"
"630","San Jose St.","09/25/10","98","ALVERNIK","JENS","","","","","","","","","","","","0","0","","","","","","","","","","4","167","","","","","","","","","","","","","","","","","","","0"
"630","San Jose St.","09/04/10","88","BEAUCHMAN","JALAL","","","","","","","","","","","","0","0","1","5","0","","","","","","","","","","","","","","","","","","","","","","","","","","","0"
"630","San Jose St.","09/11/10","88","BEAUCHMAN","JALAL","","","","","","","","","","","","0","0","4","44","0","","","","","","","","","","","","","","","","","","","","","","","","","","","0"
"630","San Jose St.","09/18/10","88","BEAUCHMAN","JALAL","","","","","","","","","","","","0","0","5","73","0","","","","","","","","","","","","","","","","","","","","","","","","","","","0"
"630","San Jose St.","09/25/10","88","BEAUCHMAN","JALAL","","","","","","","","","","","","0","0","2","7","0","","","","","","","","","","","","","","","","","","","","","","","","","","","0"
"630","San Jose St.","10/02/10","88","BEAUCHMAN","JALAL","","","","","","","","","","","","0","0","6","75","1","","","","","","","","","","","","","","","1","","","","","","","","","","","","6"
"630","San Jose St.","10/09/10","88","BEAUCHMAN","JALAL","","","","","","","","","","","","0","0","4","55","0","","","","","","","","","","","","","","","","","","","","","","","","","","","0"
"630","San Jose St.","10/16/10","88","BEAUCHMAN","JALAL","","","","","","","","","","","","0","0","3","32","0","","","","","","","","","","","","","","","","","","","","","","","","","","","0"
"630","San Jose St.","10/23/10","88","BEAUCHMAN","JALAL","","","","","","","","","","","","0","0","3","51","0","","","","","","","","","","","","","","","","","","","","","","","","","","","0"
"630","San Jose St.","10/30/10","88","BEAUCHMAN","JALAL","","","","","","","","","","","","0","0","9","113","1","","","","","","","","","","","","","","","1","","","","","","","","","","","","6"
"630","San Jose St.","11/13/10","88","BEAUCHMAN","JALAL","","","","","","","","","","","","0","0","5","80","1","","","","","","","","","","","","","","","1","","","","","","","","","","","","6"
"630","San Jose St.","11/20/10","88","BEAUCHMAN","JALAL","","","","","","","","","","","","0","0","2","11","0","","","","","","","","","","","","","","","","","","","","","","","","","","","0"
"630","San Jose St.","11/27/10","88","BEAUCHMAN","JALAL","","","","","","","","","","","","0","0","9","178","3","","","","","","","","","","","","","","","3","","","","","","","","","","","","18"
"630","San Jose St.","12/04/10","88","BEAUCHMAN","JALAL","","","","","","","","","","","","0","0","7","111","0","","","","","","","","","","","","","","","","","","","","","","","","","","","0"
"630","San Jose St.","09/18/10","21","BENWIKERE","BENE","","","","","","","","","","","","0","0","","","","1","25","0","","","","","","","","","","","","","","","","","","","","","","","","0"
"630","San Jose St.","09/04/10","8","DRIVER","BRANDON","","","","","","","","","","","","0","0","","","","","","","","","","","","","","","5","119","0","","","","","","","","","","","","","0"
"630","San Jose St.","09/11/10","8","DRIVER","BRANDON","","","","","","","","","","","","0","0","","","","","","","","","","","","","","","1","21","0","","","","","","","","","","","","","0"
"630","San Jose St.","09/18/10","8","DRIVER","BRANDON","","","","","","","","","","","","0","0","","","","","","","","","","","","","","","2","29","0","","","","","","","","","","","","","0"
"630","San Jose St.","09/25/10","8","DRIVER","BRANDON","","","","","","","","","","","","0","0","","","","","","","","","","","","","","","2","86","0","","","","","","","","","","","","","0"
"630","San Jose St.","10/02/10","8","DRIVER","BRANDON","","","","","","","","","","","","0","0","","","","","","","","","","","","","","","3","63","0","","","","","","","","","","","","","0"
"630","San Jose St.","10/09/10","8","DRIVER","BRANDON","","","","","","","","","","","","0","0","","","","","","","","","","","","","","","3","53","0","","","","","","","","","","","","","0"
"630","San Jose St.","10/23/10","8","DRIVER","BRANDON","","","","","","","","","","","","0","0","","","","","","","","","","","","","","","4","78","0","","","","","","","","","","","","","0"
"630","San Jose St.","11/13/10","8","DRIVER","BRANDON","","","","","","","","","","","","0","0","","","","1","0","0","","","","","","","","","3","39","0","","","","","","","","","","","","","0"
"630","San Jose St.","11/20/10","8","DRIVER","BRANDON","","","","","","","","","","","","0","0","","","","","","","","","","","","","","","1","17","0","","","","","","","","","","","","","0"
"630","San Jose St.","11/27/10","8","DRIVER","BRANDON","","","","","","","","","","","","0","0","","","","","","","","","","","","","","","4","139","0","","","","","","","","","","","","","0"
"630","San Jose St.","09/04/10","7","FAULKNER","MATT","1","7","0","7","0","5","1","0","1","0","","6","8","","","","","","","","","","","","","","","","","","","","","","","","","","","","","","0"
"630","San Jose St.","09/11/10","7","FAULKNER","MATT","","","","","","3","2","1","24","0","","3","24","","","","","","","","","","","","","","","","","","","","","","","","","","","","","","0"
"630","San Jose St.","09/25/10","7","FAULKNER","MATT","2","2","6","-4","0","1","1","0","11","0","","3","7","","","","","","","","","","","","","","","","","","","","","","","","","","","","","","0"
"630","San Jose St.","10/02/10","7","FAULKNER","MATT","","","","","","7","5","0","63","1","","7","63","","","","","","","","","","","","","","","","","","","","","","","","","","","","","","0"
"630","San Jose St.","10/09/10","7","FAULKNER","MATT","","","","","","4","2","0","49","0","","4","49","","","","","","","","","","","","","","","","","","","","","","","","","","","","","","0"
"630","San Jose St.","10/16/10","7","FAULKNER","MATT","2","0","22","-22","0","5","2","0","15","0","","7","-7","","","","","","","","","","","","","","","","","","","","","","","","","","","","","","0"
"630","San Jose St.","10/23/10","7","FAULKNER","MATT","1","0","6","-6","0","5","4","0","29","0","","6","23","","","","","","","","","","","","","","","","","","","","","","","","","","","","","","0"
"630","San Jose St.","10/30/10","7","FAULKNER","MATT","","","","","","3","0","0","0","0","","3","0","","","","","","","","","","","","","","","","","","","","","","","","","","","","","","0"
"630","San Jose St.","11/20/10","7","FAULKNER","MATT","","","","","","6","4","0","14","0","","6","14","","","","","","","","","","","","","","","","","","","","","","","","","","","","","","0"
"630","San Jose St.","09/04/10","20","FREEMAN","DAVID","5","20","0","20","0","","","","","","","5","20","","","","","","","","","","","","","","","","","","","","","","","","","","","","","","0"
"630","San Jose St.","09/11/10","20","FREEMAN","DAVID","3","7","0","7","0","","","","","","","3","7","","","","","","","","","","","","","","","","","","","","","","","","","","","","","","0"
"630","San Jose St.","09/18/10","20","FREEMAN","DAVID","7","18","4","14","0","","","","","","","7","14","","","","","","","","","","","","","","","","","","","","","","","","","","","","","","0"
"630","San Jose St.","09/25/10","20","FREEMAN","DAVID","9","24","2","22","0","","","","","","","9","22","","","","","","","","","","","","","","","","","","","","","","","","","","","","","","0"
"630","San Jose St.","10/16/10","20","FREEMAN","DAVID","4","3","4","-1","0","","","","","","","4","-1","","","","","","","","","","","","","","","4","70","0","","","","","","","","","","","","","0"
"630","San Jose St.","10/23/10","20","FREEMAN","DAVID","1","3","0","3","0","","","","","","","1","3","","","","","","","","","","","","","","","","","","","","","","","","","","","","","","0"
"630","San Jose St.","10/30/10","20","FREEMAN","DAVID","2","3","0","3","0","","","","","","","2","3","","","","","","","","","","","","","","","","","","","","","","","","","","","","","","0"
"630","San Jose St.","11/13/10","20","FREEMAN","DAVID","1","2","0","2","0","","","","","","","1","2","","","","","","","","","","","","","","","","","","","","","","","","","","","","","","0"
"630","San Jose St.","12/04/10","20","FREEMAN","DAVID","7","93","0","93","1","","","","","","","7","93","","","","","","","","","","","","","","","","","","1","","","","","","","","","","","","6"
"630","San Jose St.","11/27/10","5","GERMANY","ALEX","","","","","","","","","","","","0","0","","","","1","0","0","","","","","","","","","","","","","","","","","","","","","","","","0"
"630","San Jose St.","09/04/10","23","GRIGSBY","NOEL","","","","","","","","","","","","0","0","2","55","0","","","","","","","","","","","","","","","","","","","","","","","","","","","0"
"630","San Jose St.","09/11/10","23","GRIGSBY","NOEL","","","","","","","","","","","","0","0","7","79","1","","","","","","","","","","","","","","","1","","","","","","","","","","","","6"
"630","San Jose St.","09/18/10","23","GRIGSBY","NOEL","","","","","","","","","","","","0","0","4","34","0","","","","","","","","","","","","","","","","","","","","","","","","","","","0"
"630","San Jose St.","10/02/10","23","GRIGSBY","NOEL","","","","","","","","","","","","0","0","1","3","0","","","","","","","","","","","","","","","","","","","","","","","","","","","0"
"630","San Jose St.","10/09/10","23","GRIGSBY","NOEL","","","","","","","","","","","","0","0","2","53","0","","","","","","","","","","","","","","","","","","","","","","","","","","","0"
"630","San Jose St.","10/16/10","23","GRIGSBY","NOEL","","","","","","","","","","","","0","0","1","11","0","","","","","","","","","","","","","","","","","","","","","","","","","","","0"
"630","San Jose St.","10/23/10","23","GRIGSBY","NOEL","","","","","","","","","","","","0","0","7","117","1","","","","","","","","","","","","","","","1","","","","","","","","","","","","6"
"630","San Jose St.","10/30/10","23","GRIGSBY","NOEL","","","","","","","","","","","","0","0","6","83","1","","","","","","","","","","","","","","","1","","","","","","","","","","","","6"
"630","San Jose St.","11/13/10","23","GRIGSBY","NOEL","","","","","","","","","","","","0","0","7","185","0","","","","","","","","","","","","","","","","","","","","","","","","","","","0"
"630","San Jose St.","11/20/10","23","GRIGSBY","NOEL","","","","","","","","","","","","0","0","6","64","1","","","","","","","","","","","","","","","1","","","","","","","","","","","","6"
"630","San Jose St.","11/27/10","23","GRIGSBY","NOEL","","","","","","","","","","","","0","0","5","45","0","","","","","","","","","","","","","","","","","","","","","","","","","","","0"
"630","San Jose St.","12/04/10","23","GRIGSBY","NOEL","","","","","","","","","","","","0","0","8","93","0","","","","","","","","","","","","","","","","","","","","","","","","","","","0"
"630","San Jose St.","09/25/10","1","HARRISON","JOSH","","","","","","","","","","","","0","0","3","26","0","","","","","","","","","","","","","","","","","","","","","","","","","","","0"
"630","San Jose St.","10/02/10","1","HARRISON","JOSH","","","","","","","","","","","","0","0","5","119","0","","","","","","","","","","","","","","","","","","","","","","","","","","","0"
"630","San Jose St.","10/09/10","1","HARRISON","JOSH","1","7","0","7","0","","","","","","","1","7","2","17","0","","","","","","","","","","","","","","","","","","","","","","","","","","","0"
"630","San Jose St.","10/16/10","1","HARRISON","JOSH","1","0","0","0","0","","","","","","","1","0","1","8","0","","","","","","","","","","","","","","","","","","","","","","","","","","","0"
"630","San Jose St.","10/23/10","1","HARRISON","JOSH","","","","","","","","","","","","0","0","5","56","0","","","","","","","","","","","","","","","","","","0","0","","","","","","","","0"
"630","San Jose St.","10/30/10","1","HARRISON","JOSH","","","","","","","","","","","","0","0","1","5","0","","","","","","","","","","","","","","","","","","","","","","","","","","","0"
"630","San Jose St.","11/13/10","1","HARRISON","JOSH","2","17","0","17","0","","","","","","","2","17","","","","","","","","","","","","","","","","","","","","","","","","","","","","","","0"
"630","San Jose St.","11/27/10","1","HARRISON","JOSH","2","7","0","7","0","","","","","","","2","7","1","19","0","","","","","","","","","","","","","","","","","","","","","","","","","","","0"
"630","San Jose St.","12/04/10","1","HARRISON","JOSH","1","3","0","3","0","","","","","","","1","3","1","10","0","","","","","","","","","","","","","","","","","","","","","","","","","","","0"
"630","San Jose St.","09/04/10","33","HUNSUCKER","DOMINIQUE","","","","","","","","","","","","0","0","","","","","","","","","","","","","","","1","15","0","","","","","","","","","","","","","0"
"630","San Jose St.","09/11/10","33","HUNSUCKER","DOMINIQUE","","","","","","","","","","","","0","0","","","","","","","","","","","","","","","1","18","0","","","","","","","","","","","","","0"
"630","San Jose St.","09/25/10","33","HUNSUCKER","DOMINIQUE","","","","","","","","","","","","0","0","","","","","","","","","","","","","","","1","10","0","","","","","","","","","","","","","0"
"630","San Jose St.","10/09/10","33","HUNSUCKER","DOMINIQUE","","","","","","","","","","","","0","0","","","","1","0","0","","","","","","","","","","","","","","","","","","","","","","","","0"
"630","San Jose St.","11/20/10","33","HUNSUCKER","DOMINIQUE","6","40","0","40","0","","","","","","","6","40","","","","","","","","","","","","","","","2","47","0","","","","","","","","","","","","","0"
"630","San Jose St.","11/27/10","33","HUNSUCKER","DOMINIQUE","5","22","2","20","0","","","","","","","5","20","1","11","0","","","","","","","","","","","","","","","","","","","","","","","","","","","0"
"630","San Jose St.","09/04/10","89","JONES","CHANDLER","","","","","","","","","","","","0","0","3","20","0","","","","","","","","","","","","","","","","","","","","","","","","","","","0"
"630","San Jose St.","09/11/10","89","JONES","CHANDLER","","","","","","","","","","","","0","0","8","113","1","","","","","","","","","","","","","","","1","","","","","","","","","","","","6"
"630","San Jose St.","09/18/10","89","JONES","CHANDLER","","","","","","","","","","","","0","0","9","37","0","","","","","","","","","","","","","","","","","","","","","","","","","","","0"
"630","San Jose St.","09/25/10","89","JONES","CHANDLER","","","","","","","","","","","","0","0","1","27","0","","","","","","","","","","","","","","","","","","","","","","","","","","","0"
"630","San Jose St.","10/09/10","89","JONES","CHANDLER","","","","","","","","","","","","0","0","5","49","0","","","","","","","","","","","","","","","","","","","","","","","","","","","0"
"630","San Jose St.","10/16/10","89","JONES","CHANDLER","","","","","","","","","","","","0","0","2","17","0","","","","","","","","","","","","","","","","","","","","","","","","","","","0"
"630","San Jose St.","10/23/10","89","JONES","CHANDLER","","","","","","","","","","","","0","0","2","12","0","","","","","","","","","","","","0","14","0","","","","","","","","","","","","","0"
"630","San Jose St.","10/30/10","89","JONES","CHANDLER","","","","","","","","","","","","0","0","3","78","0","","","","","","","","","","","","","","","","","","","","","","","","","","","0"
"630","San Jose St.","11/13/10","89","JONES","CHANDLER","1","1","0","1","0","","","","","","","1","1","4","36","0","","","","","","","","","","","","","","","","","","","","","","","","","","","0"
"630","San Jose St.","11/20/10","89","JONES","CHANDLER","1","5","0","5","0","","","","","","","1","5","4","8","0","","","","","","","","","","","","","","","","","","","","","","","","","","","0"
"630","San Jose St.","11/27/10","89","JONES","CHANDLER","","","","","","","","","","","","0","0","6","33","0","","","","","","","","","","","","","","","","","","","","","","","","","","","0"
"630","San Jose St.","12/04/10","89","JONES","CHANDLER","1","17","0","17","0","","","","","","","1","17","6","43","0","","","","","","","","","","","","","","","","","","","","","","","","","","","0"
"630","San Jose St.","09/04/10","12","LA SECLA","JORDAN","2","6","9","-3","0","14","7","1","85","0","","16","82","","","","","","","","","","","","","","","","","","","","","","","","","","","","","","0"
"630","San Jose St.","09/11/10","12","LA SECLA","JORDAN","4","14","0","14","0","26","20","1","228","2","","30","242","","","","","","","","","","","","","","","","","","","","","","","","","","","","","","0"
"630","San Jose St.","09/18/10","12","LA SECLA","JORDAN","4","12","16","-4","0","35","24","0","193","0","0","39","189","","","","","","","","","","","","","","","","","","","","","1","0","","","","","","","","0"
"630","San Jose St.","09/25/10","12","LA SECLA","JORDAN","7","21","14","7","0","12","8","0","67","0","","19","74","","","","","","","","","","3","56","","","","","","","","","","","","","","","","","","","0"
"630","San Jose St.","10/02/10","12","LA SECLA","JORDAN","8","17","29","-12","0","17","11","1","162","0","","25","150","","","","","","","","","","","","","","","","","","","","","","","","","","","","","","0"
"630","San Jose St.","10/09/10","12","LA SECLA","JORDAN","6","27","3","24","0","33","14","2","145","0","","39","169","","","","","","","","","","","","","","","","","","","","","","","","","","","","","","0"
"630","San Jose St.","10/16/10","12","LA SECLA","JORDAN","3","1","9","-8","0","16","7","1","74","0","","19","66","","","","","","","","","","","","","","","","","","","","","","","","","","","","","","0"
"630","San Jose St.","10/23/10","12","LA SECLA","JORDAN","7","16","30","-14","0","31","19","2","292","2","1","38","278","","","","","","","","","","","","","","","","","","","","","1","1","","","","","","","","2"
"630","San Jose St.","10/30/10","12","LA SECLA","JORDAN","1","4","0","4","0","35","22","0","361","3","","36","365","","","","","","","","","","","","","","","","","","","","","","","","","","","","","","0"
"630","San Jose St.","11/13/10","12","LA SECLA","JORDAN","4","39","3","36","1","37","19","1","331","2","","41","367","","","","","","","","","","","","","","","","","","1","","","","","","","","","","","","6"
"630","San Jose St.","11/20/10","12","LA SECLA","JORDAN","10","4","65","-61","0","29","15","2","116","1","","39","55","","","","","","","","","","","","","","","","","","","","","","","","","","","","","","0"
"630","San Jose St.","11/27/10","12","LA SECLA","JORDAN","6","12","26","-14","0","65","35","3","496","5","","71","482","","","","","","","","","","","","","","","","","","","","","","","","","","","","","","0"
"630","San Jose St.","12/04/10","12","LA SECLA","JORDAN","7","39","17","22","0","41","30","2","310","1","","48","332","","","","","","","","","","","","","","","","","","","","","","","","","","","","","","0"
"630","San Jose St.","11/20/10","42","LIAINA","INA","3","9","0","9","0","","","","","","","3","9","","","","","","","","","","","","","","","","","","","","","","","","","","","","","","0"
"630","San Jose St.","12/04/10","42","LIAINA","INA","1","6","0","6","0","","","","","","","1","6","","","","","","","","","","","","","","","","","","","","","","","","","","","","","","0"
"630","San Jose St.","09/04/10","22","MULDROW","LAMON","7","12","0","12","0","","","","","","","7","12","1","1","0","","","","","","","","","","","","","","","","","","","","","","","","","","","0"
"630","San Jose St.","09/11/10","22","MULDROW","LAMON","1","3","0","3","0","","","","","","","1","3","","","","","","","","","","","","","","","","","","","","","","","","","","","","","","0"
"630","San Jose St.","09/18/10","22","MULDROW","LAMON","6","28","1","27","1","","","","","","","6","27","1","8","0","","","","","","","","","","","","","","","1","","","","","","","","","","","","6"
"630","San Jose St.","09/25/10","22","MULDROW","LAMON","10","60","2","58","0","","","","","","","10","58","1","8","0","","","","","","","","","","","","","","","","","","","","","","","","","","","0"
"630","San Jose St.","10/02/10","22","MULDROW","LAMON","22","143","6","137","0","","","","","","","22","137","1","12","0","","","","","","","","","","","","","","","","","","","","","","","","","","","0"
"630","San Jose St.","10/09/10","22","MULDROW","LAMON","21","86","9","77","0","","","","","","","21","77","","","","","","","","","","","","","","","","","","","","","","","","","","","","","","0"
"630","San Jose St.","10/16/10","22","MULDROW","LAMON","3","10","0","10","0","","","","","","","3","10","","","","","","","","","","","","","","","","","","","","","","","","","","","","","","0"
"630","San Jose St.","11/20/10","4","NEWSOME","DEVIN","","","","","","","","","","","","0","0","1","3","0","","","","","","","","","","","","","","","","","","","","","","","","","","","0"
"630","San Jose St.","09/04/10","17","NUNN","KYLE","","","","","","","","","","","","0","0","1","5","0","","","","","","","","","","","","","","","","","","","","","","","","","","","0"
"630","San Jose St.","09/11/10","17","NUNN","KYLE","","","","","","","","","","","","0","0","1","10","0","","","","","","","","","","","","","","","","","","","","","","","","","","","0"
"630","San Jose St.","09/25/10","17","NUNN","KYLE","","","","","","","","","","","","0","0","2","10","0","","","","","","","","","","","","","","","","","","","","","","","","","","","0"
"630","San Jose St.","10/02/10","17","NUNN","KYLE","","","","","","","","","","","","0","0","1","13","0","","","","","","","","","","","","","","","","","","","","","","","","","","","0"
"630","San Jose St.","10/09/10","17","NUNN","KYLE","","","","","","","","","","","","0","0","2","11","0","","","","","","","","","","","","","","","","","","","","","","","","","","","0"
"630","San Jose St.","10/16/10","17","NUNN","KYLE","","","","","","","","","","","","0","0","2","9","0","","","","","","","","","","","","","","","","","","","","","","","","","","","0"
"630","San Jose St.","10/23/10","17","NUNN","KYLE","","","","","","","","","","","","0","0","6","90","1","","","","","","","","","","","","","","","1","","","","","","","","","","","","6"
"630","San Jose St.","10/30/10","17","NUNN","KYLE","","","","","","","","","","","","0","0","1","8","0","","","","","","","","","","","","","","","","","","","","","","","","","","","0"
"630","San Jose St.","11/13/10","17","NUNN","KYLE","","","","","","","","","","","","0","0","2","25","1","","","","","","","","","","","","","","","1","","","","","","","","","","","","6"
"630","San Jose St.","11/20/10","17","NUNN","KYLE","","","","","","","","","","","","0","0","1","14","0","","","","","","","","","","","","","","","","","","","","","","","","","","","0"
"630","San Jose St.","11/27/10","17","NUNN","KYLE","1","0","0","0","0","","","","","","","1","0","3","40","0","","","","","","","","","","","","","","","","","","","","","","","","","","","0"
"630","San Jose St.","12/04/10","17","NUNN","KYLE","","","","","","","","","","","","0","0","2","15","0","","","","","","","","","","","","","","","","","","","","","","","","","","","0"
"630","San Jose St.","09/04/10","44","O'NEILL","WADE","1","1","0","1","0","","","","","","","1","1","","","","","","","","","","","","","","","","","","","","","","","","","","","","","","0"
"630","San Jose St.","09/11/10","81","ORTH","JAMES","","","","","","","","","","","","0","0","1","7","0","","","","","","","","","","","","","","","","","","","","","","","","","","","0"
"630","San Jose St.","10/09/10","81","ORTH","JAMES","","","","","","","","","","","","0","0","","","","1","0","0","","","","","","","","","","","","","","","","","","","","","","","","0"
"630","San Jose St.","11/13/10","81","ORTH","JAMES","","","","","","","","","","","","0","0","","","","1","0","0","","","","","","","","","","","","","","","","","","","","","","","","0"
"630","San Jose St.","11/20/10","81","ORTH","JAMES","","","","","","","","","","","","0","0","","","","1","38","0","","","","","","","","","","","","","","","","","","","","","","","","0"
"630","San Jose St.","09/18/10","82","OTTEN","RYAN","","","","","","","","","","","","0","0","5","41","0","","","","","","","","","","","","","","","","","","","","","","","","","","","0"
"630","San Jose St.","11/20/10","82","OTTEN","RYAN","","","","","","","","","","","","0","0","2","13","0","","","","","","","","","","","","","","","","","","","","","","","","","","","0"
"630","San Jose St.","11/27/10","82","OTTEN","RYAN","","","","","","","","","","","","0","0","6","120","2","","","","","","","","","","","","","","","2","","","","","","","","","","","","12"
"630","San Jose St.","12/04/10","82","OTTEN","RYAN","","","","","","","","","","","","0","0","4","27","1","","","","","","","","","","","","","","","1","","","","","","","","","","","","6"
"630","San Jose St.","09/04/10","9","RUTLEY","BRANDON","13","54","2","52","0","","","","","","","13","52","","","","","","","","","","","","","","","1","16","0","","","","","","","","","","","","","0"
"630","San Jose St.","09/11/10","9","RUTLEY","BRANDON","12","34","3","31","0","1","0","0","0","0","","13","31","1","-1","0","","","","","","","","","","","","","","","","","","","","","","","","","","","0"
"630","San Jose St.","09/18/10","9","RUTLEY","BRANDON","11","59","12","47","1","","","","","","","11","47","","","","","","","","","","","","1","10","0","","","","1","","","","","","","","","","","","6"
"630","San Jose St.","10/02/10","9","RUTLEY","BRANDON","2","1","5","-4","0","","","","","","","2","-4","1","2","0","","","","","","","","","1","22","0","","","","","","","","","","","","","","","","0"
"630","San Jose St.","10/09/10","9","RUTLEY","BRANDON","8","73","3","70","1","","","","","","","8","70","1","9","0","","","","","","","","","","","","","","","1","","","","","","","","","","","","6"
"630","San Jose St.","10/16/10","9","RUTLEY","BRANDON","12","25","6","19","0","","","","","","","12","19","1","15","0","","","","","","","","","1","29","0","","","","","","","","","","","","","","","","0"
"630","San Jose St.","10/23/10","9","RUTLEY","BRANDON","11","31","9","22","0","1","1","0","6","0","","12","28","1","1","0","","","","","","","","","2","7","0","","","","","","","","","","","","","","","","0"
"630","San Jose St.","10/30/10","9","RUTLEY","BRANDON","18","65","2","63","0","","","","","","","18","63","2","74","1","","","","","","","","","","","","","","","1","","","","","","","","","","","","6"
"630","San Jose St.","11/13/10","9","RUTLEY","BRANDON","13","73","11","62","1","","","","","","","13","62","1","5","0","","","","","","","","","","","","","","","1","","","","","","","","","","","","6"
"630","San Jose St.","11/20/10","9","RUTLEY","BRANDON","9","41","0","41","0","2","0","0","0","0","","11","41","3","17","0","","","","","","","","","","","","","","","","","","","","","","","","","","","0"
"630","San Jose St.","11/27/10","9","RUTLEY","BRANDON","9","13","0","13","0","","","","","","","9","13","4","50","0","","","","","","","","","3","1","0","","","","","","","","","","","","","","","","0"
"630","San Jose St.","12/04/10","9","RUTLEY","BRANDON","11","50","5","45","1","","","","","","","11","45","2","11","0","","","","","","","","","","","","","","","1","","","","","","","","","","","","6"
"630","San Jose St.","11/20/10","31","SMITH","KEITH","","","","","","","","","","","","0","0","","","","","","","1","34","0","","","","","","","","","","","","","","","","","","","","","0"
"630","San Jose St.","09/25/10","18","STEWART","DASMEN","4","11","0","11","0","","","","","","","4","11","","","","","","","","","","","","","","","","","","","","","","","","","","","","","","0"
"630","San Jose St.","10/16/10","18","STEWART","DASMEN","2","2","7","-5","0","2","1","0","3","0","","4","-2","","","","","","","","","","","","","","","","","","","","","","","","","","","","","","0"
"630","San Jose St.","09/11/10","19","THOMPSON","PEYTON","","","","","","","","","","","","0","0","","","","1","33","0","","","","","","","","","","","","","","","","","","","","","","","","0"
"630","San Jose St.","11/27/10","19","THOMPSON","PEYTON","","","","","","","","","","","","0","0","","","","1","31","0","","","","","","","","","","","","","","","","","","","","","","","","0"
"630","San Jose St.","09/04/10","10","WAID","HARRISON","","","","","","","","","","","","0","0","","","","","","","","","","9","374","","","","","","","","","","","","","","","","2","1","","3"
"630","San Jose St.","09/11/10","10","WAID","HARRISON","","","","","","","","","","","","0","0","","","","","","","","","","3","99","","","","","","","","2","2","0","0","","","","","1","0","","2"
"630","San Jose St.","09/18/10","10","WAID","HARRISON","","","","","","","","","","","","0","0","","","","","","","","","","","","","","","","","","","1","1","0","0","","","","","1","1","","4"
"630","San Jose St.","09/25/10","10","WAID","HARRISON","","","","","","","","","","","","0","0","","","","","","","","","","1","24","","","","","","","","","","","","","","","","1","1","","3"
"630","San Jose St.","10/02/10","10","WAID","HARRISON","","","","","","","","","","","","0","0","","","","","","","","","","4","183","","","","","","","","1","1","0","0","","","","","3","2","","7"
"630","San Jose St.","10/09/10","10","WAID","HARRISON","","","","","","","","","","","","0","0","","","","","","","","","","6","298","","","","","","","","1","1","0","0","","","","","2","2","","7"
"630","San Jose St.","10/16/10","10","WAID","HARRISON","","","","","","","","","","","","0","0","","","","","","","","","","10","434","","","","","","","","","","","","","","","","1","0","","0"
"630","San Jose St.","10/23/10","10","WAID","HARRISON","1","7","0","7","0","","","","","","","1","7","","","","","","","","","","6","241","","","","","","","","1","1","0","0","","","","","1","1","","4"
"630","San Jose St.","10/30/10","10","WAID","HARRISON","","","","","","","","","","","","0","0","","","","","","","","","","2","94","","","","","","","","3","3","0","0","","","","","5","2","","9"
"630","San Jose St.","11/13/10","10","WAID","HARRISON","","","","","","","","","","","","0","0","","","","","","","","","","5","226","","","","","","","","4","4","0","0","","","","","2","2","","10"
"630","San Jose St.","11/20/10","10","WAID","HARRISON","","","","","","","","","","","","0","0","","","","","","","","","","9","421","","","","","","","","1","1","0","0","","","","","","","","1"
"630","San Jose St.","11/27/10","10","WAID","HARRISON","","","","","","","","","","","","0","0","","","","","","","","","","9","404","","","","","","","","5","5","0","0","","","","","1","1","","8"
"630","San Jose St.","12/04/10","10","WAID","HARRISON","","","","","","","","","","","","0","0","","","","","","","","","","4","182","","","","","","","","3","2","0","0","","","","","2","1","","5"
"630","San Jose St.","09/11/10","25","YELL","RONNIE","","","","","","","","","","","","0","0","","","","","","","","","","","","","","","2","49","0","","","","","","","","","","","","","0"
"630","San Jose St.","09/18/10","25","YELL","RONNIE","","","","","","","","","","","","0","0","","","","","","","","","","","","","","","2","36","0","","","","","","","","","","","","","0"
"630","San Jose St.","09/25/10","25","YELL","RONNIE","","","","","","","","","","","","0","0","","","","","","","","","","","","","","","4","82","0","","","","","","","","","","","","","0"
"630","San Jose St.","10/09/10","25","YELL","RONNIE","","","","","","","","","","","","0","0","","","","","","","","","","","","","","","1","19","0","","","","","","","","","","","","","0"
"630","San Jose St.","10/16/10","25","YELL","RONNIE","","","","","","","","","","","","0","0","","","","","","","","","","","","","","","4","90","0","","","","","","","","","","","","","0"
"630","San Jose St.","10/23/10","25","YELL","RONNIE","","","","","","","","","","","","0","0","","","","","","","","","","","","","","","3","30","0","","","","","","","","","","","","","0"
"630","San Jose St.","10/30/10","25","YELL","RONNIE","","","","","","","","","","","","0","0","","","","","","","","","","","","","","","4","101","0","","","","","","","","","","","","","0"
"630","San Jose St.","11/13/10","25","YELL","RONNIE","","","","","","","","","","","","0","0","","","","","","","","","","","","","","","3","64","0","","","","","","","","","","","","","0"
"630","San Jose St.","11/20/10","25","YELL","RONNIE","","","","","","","","","","","","0","0","","","","1","45","0","","","","","","","","","3","64","0","","","","","","","","","","","","","0"
"630","San Jose St.","11/27/10","25","YELL","RONNIE","","","","","","","","","","","","0","0","","","","","","","","","","","","","","","3","60","0","","","","","","","","","","","","","0"
"630","San Jose St.","12/04/10","25","YELL","RONNIE","","","","","","","","","","","","0","0","","","","","","","","","","","","1","6","0","3","50","0","","","","","","","","","","","","","0"
"663","SMU","09/05/10","21","ACKER","KENNETH","","","","","","","","","","","","0","0","","","","","","","","","","","","2","10","0","","","","","","","","","","","","","","","","0"
"663","SMU","10/30/10","21","ACKER","KENNETH","","","","","","","","","","","","0","0","","","","","","","","","","","","","","","2","49","0","","","","","","","","","","","","","0"
"663","SMU","11/06/10","21","ACKER","KENNETH","","","","","","","","","","","","0","0","","","","","","","","","","","","","","","2","37","0","","","","","","","","","","","","","0"
"663","SMU","11/20/10","21","ACKER","KENNETH","","","","","","","","","","","","0","0","","","","","","","","","","","","","","","1","62","0","","","","","","","","","","","","","0"
"663","SMU","11/26/10","21","ACKER","KENNETH","","","","","","","","","","","","0","0","","","","","","","","","","","","","","","6","123","0","","","","","","","","","","","","","0"
"663","SMU","12/30/10","21","ACKER","KENNETH","","","","","","","","","","","","0","0","","","","","","","","","","","","1","6","0","2","44","0","","","","","","","","","","","","","0"
"663","SMU","10/30/10","23","BANJO","CHRIS","","","","","","","","","","","","0","0","","","","1","0","0","","","","","","","","","","","","","","","","","","","","","","","","0"
"663","SMU","11/20/10","23","BANJO","CHRIS","","","","","","","","","","","","0","0","","","","1","25","0","","","","","","","","","","","","","","","","","","","","","","","","0"
"663","SMU","09/05/10","11","BEASLEY","COLE","","","","","","","","","","","","0","0","5","57","2","","","","","","","","","","","","","","","2","","","","","","","","","","","","12"
"663","SMU","09/11/10","11","BEASLEY","COLE","","","","","","","","","","","","0","0","3","51","0","","","","","","","","","","","","","","","","","","","","","","","","","","","0"
"663","SMU","09/18/10","11","BEASLEY","COLE","","","","","","","","","","","","0","0","5","54","0","","","","","","","","","","","","","","","","","","","","","","","","","","","0"
"663","SMU","09/24/10","11","BEASLEY","COLE","","","","","","","","","","","","0","0","2","20","0","","","","","","","","","","","","","","","","","","","","","","","","","","","0"
"663","SMU","10/02/10","11","BEASLEY","COLE","","","","","","","","","","","","0","0","8","158","0","","","","","","","","","","","","","","","","","","","","","","","","","","","0"
"663","SMU","10/09/10","11","BEASLEY","COLE","","","","","","","","","","","","0","0","7","91","1","","","","","","","","","","","","","","","1","","","","","","","","","","","","6"
"663","SMU","10/16/10","11","BEASLEY","COLE","","","","","","","","","","","","0","0","9","72","1","","","","","","","","","","","","","","","1","","","","","","","","","","","","6"
"663","SMU","10/23/10","11","BEASLEY","COLE","","","","","","","","","","","","0","0","7","80","1","","","","","","","","","","","","","","","1","","","","","","","","","","","","6"
"663","SMU","10/30/10","11","BEASLEY","COLE","","","","","","","","","","","","0","0","9","135","0","","","","","","","","","","","","","","","","","","","","","","","","","","","0"
"663","SMU","11/06/10","11","BEASLEY","COLE","","","","","","","","","","","","0","0","7","41","0","","","","","","","","","","","","","","","","","","","","","","","","","","","0"
"663","SMU","11/20/10","11","BEASLEY","COLE","","","","","","","","","","","","0","0","8","99","0","","","","","","","","","","","","","","","","","","","","","","","","","","","0"
"663","SMU","11/26/10","11","BEASLEY","COLE","","","","","","","","","","","","0","0","9","118","1","","","","","","","","","","","","1","16","0","1","","","","","","","","","","","","6"
"663","SMU","12/04/10","11","BEASLEY","COLE","","","","","","","","","","","","0","0","5","60","0","","","","","","","","","","","","","","","","","","","","","","","","","","","0"
"663","SMU","12/30/10","11","BEASLEY","COLE","","","","","","","","","","","","0","0","3","24","0","","","","","","","","","","","","","","","","","","","","","","","","","","","0"
"663","SMU","09/05/10","1","BUTLER","CHRIS","5","29","0","29","0","","","","","","","5","29","","","","","","","","","","","","","","","","","","","","","","","","","","","","","","0"
"663","SMU","09/11/10","1","BUTLER","CHRIS","3","30","0","30","0","","","","","","","3","30","1","3","0","","","","","","","","","","","","","","","","","","","","","","","","","","","0"
"663","SMU","09/18/10","1","BUTLER","CHRIS","6","32","7","25","0","","","","","","","6","25","1","7","0","","","","","","","","","","","","1","17","0","","","","","","","","","","","","","0"
"663","SMU","09/24/10","1","BUTLER","CHRIS","4","22","0","22","0","","","","","","","4","22","","","","","","","","","","","","","","","","","","","","","","","","","","","","","","0"
"663","SMU","10/02/10","1","BUTLER","CHRIS","8","34","2","32","0","","","","","","","8","32","","","","","","","","","","","","","","","","","","","","","","","","","","","","","","0"
"663","SMU","10/09/10","1","BUTLER","CHRIS","","","","","","","","","","","","0","0","","","","","","","","","","","","","","","1","16","0","","","","","","","","","","","","","0"
"663","SMU","10/30/10","1","BUTLER","CHRIS","","","","","","","","","","","","0","0","","","","","","","","","","","","","","","1","16","0","","","","","","","","","","","","","0"
"663","SMU","11/06/10","1","BUTLER","CHRIS","7","44","0","44","0","","","","","","","7","44","1","4","0","","","","","","","","","","","","","","","","","","","","","","","","","","","0"
"663","SMU","10/02/10","16","CRAWFORD","RICHARD","","","","","","","","","","","","0","0","","","","1","0","0","","","","","","","","","","","","","","","","","","","","","","","","0"
"663","SMU","11/06/10","16","CRAWFORD","RICHARD","","","","","","","","","","","","0","0","","","","","","","","","","","","2","16","0","","","","","","","","","","","","","","","","0"
"663","SMU","11/20/10","16","CRAWFORD","RICHARD","","","","","","","","","","","","0","0","","","","2","-2","0","","","","","","2","43","0","","","","","","","","","","","","","","","","0"
"663","SMU","11/26/10","16","CRAWFORD","RICHARD","","","","","","","","","","","","0","0","","","","1","5","0","","","","","","3","8","0","","","","","","","","","","","","","","","","0"
"663","SMU","12/30/10","16","CRAWFORD","RICHARD","","","","","","","","","","","","0","0","","","","","","","","","","","","2","16","0","","","","","","","","","","","","","","","","0"
"663","SMU","12/30/10","55","DAVIS","AARON","","","","","","","","","","","","0","0","","","","","","","","","","","","","","","1","14","0","","","","","","","","","","","","","0"
"663","SMU","10/02/10","56","DAVIS","JA'GARED","","","","","","","","","","","","0","0","","","","","","","0","0","1","","","","","","","","","1","","","","","","","","","","","","6"
"663","SMU","11/26/10","56","DAVIS","JA'GARED","","","","","","","","","","","","0","0","","","","","","","1","33","1","","","","","","","","","1","","","","","","","","","","","","6"
"663","SMU","09/05/10","9A","FIELDS","DARRYL","1","0","2","-2","0","","","","","","","1","-2","1","3","0","","","","","","","","","","","","4","157","0","","","","","","","","","","","","","0"
"663","SMU","09/11/10","9A","FIELDS","DARRYL","5","27","0","27","0","","","","","","","5","27","","","","","","","","","","","","","","","2","40","0","","","","","","","","","","","","","0"
"663","SMU","09/18/10","9A","FIELDS","DARRYL","2","3","0","3","0","","","","","","","2","3","","","","","","","","","","","","","","","1","43","0","","","","","","","","","","","","","0"
"663","SMU","09/24/10","9A","FIELDS","DARRYL","","","","","","","","","","","","0","0","","","","","","","","","","","","","","","5","104","0","","","","","","","","","","","","","0"
"663","SMU","10/02/10","9A","FIELDS","DARRYL","","","","","","","","","","","","0","0","","","","","","","","","","","","","","","4","79","0","","","","","","","","","","","","","0"
"663","SMU","10/09/10","9A","FIELDS","DARRYL","","","","","","","","","","","","0","0","","","","","","","","","","","","","","","1","9","0","","","","","","","","","","","","","0"
"663","SMU","10/16/10","9A","FIELDS","DARRYL","","","","","","","","","","","","0","0","","","","","","","","","","","","","","","4","121","0","","","","","","","","","","","","","0"
"663","SMU","10/23/10","9A","FIELDS","DARRYL","","","","","","","","","","","","0","0","","","","","","","","","","","","","","","8","172","0","","","","","","","","","","","","","0"
"663","SMU","10/30/10","9A","FIELDS","DARRYL","","","","","","","","","","","","0","0","","","","","","","","","","","","","","","1","28","0","","","","","","","","","","","","","0"
"663","SMU","12/04/10","9A","FIELDS","DARRYL","","","","","","","","","","","","0","0","","","","","","","","","","","","","","","2","46","0","","","","","","","","","","","","","0"
"663","SMU","09/18/10","89","FLEMING","PATRICK","","","","","","","","","","","","0","0","1","8","0","","","","","","","","","","","","","","","","","","","","","","","","","","","0"
"663","SMU","10/02/10","89","FLEMING","PATRICK","","","","","","","","","","","","0","0","1","7","1","","","","","","","","","","","","","","","1","","","","","","","","","","","","6"
"663","SMU","10/09/10","89","FLEMING","PATRICK","","","","","","","","","","","","0","0","2","15","0","","","","","","","","","","","","","","","","","","","","","","","","","","","0"
"663","SMU","11/26/10","89","FLEMING","PATRICK","","","","","","","","","","","","0","0","3","31","0","","","","","","","","","","","","","","","","","","","","","","","","","","","0"
"663","SMU","09/05/10","88","HAYNES","BRADLEY","","","","","","","","","","","","0","0","4","48","0","","","","","","","","","","","","","","","","","","","","","","","","","","","0"
"663","SMU","09/11/10","88","HAYNES","BRADLEY","","","","","","","","","","","","0","0","1","8","0","","","","","","","","","","","","","","","","","","","","","","","","","","","0"
"663","SMU","09/18/10","88","HAYNES","BRADLEY","","","","","","","","","","","","0","0","1","21","0","","","","","","","","","","","","1","0","0","","","","","","","","","","","","","0"
"663","SMU","09/24/10","88","HAYNES","BRADLEY","","","","","","","","","","","","0","0","1","1","1","","","","","","","","","","","","","","","1","","","","","","","","","","","","6"
"663","SMU","10/02/10","88","HAYNES","BRADLEY","","","","","","","","","","","","0","0","3","27","0","","","","","","","","","","","","","","","","","","","","","","","","","","","0"
"663","SMU","10/09/10","88","HAYNES","BRADLEY","","","","","","","","","","","","0","0","4","40","1","","","","","","","","","","","","","","","1","","","","","","","","","","","","6"
"663","SMU","10/16/10","88","HAYNES","BRADLEY","","","","","","","","","","","","0","0","3","30","0","","","","","","","","","","","","","","","","","","","","","","","","","","","0"
"663","SMU","10/23/10","88","HAYNES","BRADLEY","","","","","","","","","","","","0","0","8","77","0","","","","","","","","","","","","","","","","","","","","","","","","","","","0"
"663","SMU","10/30/10","88","HAYNES","BRADLEY","","","","","","","","","","","","0","0","1","8","0","","","","","","","","","","","","","","","","","","","","","","","","","","","0"
"663","SMU","11/06/10","88","HAYNES","BRADLEY","","","","","","","","","","","","0","0","6","43","0","","","","","","","","","","","","","","","","","","","","","","","","","","","0"
"663","SMU","11/20/10","88","HAYNES","BRADLEY","","","","","","","","","","","","0","0","2","14","1","","","","","","","","","","","","","","","1","","","","","","","","","","","","6"
"663","SMU","12/30/10","88","HAYNES","BRADLEY","","","","","","","","","","","","0","0","1","9","0","","","","","","","","","","","","","","","","","","","","","","","","","","","0"
"663","SMU","09/18/10","81","HOLMAN","KEENAN","","","","","","","","","","","","0","0","2","20","0","","","","","","","","","","","","","","","","","","","","","","","","","","","0"
"663","SMU","11/06/10","81","HOLMAN","KEENAN","","","","","","","","","","","","0","0","1","7","0","","","","","","","","","","","","","","","","","","","","","","","","","","","0"
"663","SMU","11/26/10","81","HOLMAN","KEENAN","","","","","","","","","","","","0","0","2","27","1","","","","","","","","","","","","","","","1","","","","","","","","","","","","6"
"663","SMU","12/04/10","81","HOLMAN","KEENAN","","","","","","","","","","","","0","0","1","12","0","","","","","","","","","","","","","","","","","","","","","","","","","","","0"
"663","SMU","12/30/10","81","HOLMAN","KEENAN","","","","","","","","","","","","0","0","3","36","0","","","","","","","","","","","","","","","","","","","","","","","","","","","0"
"663","SMU","09/05/10","3","JOHNSON","DARIUS","","","","","","","","","","","","0","0","4","36","0","","","","","","","","","","","","","","","","","","","","","","","","","","","0"
"663","SMU","09/11/10","3","JOHNSON","DARIUS","","","","","","","","","","","","0","0","7","45","2","","","","","","","","","1","2","0","","","","2","","","","","","","","","","","","12"
"663","SMU","09/18/10","3","JOHNSON","DARIUS","","","","","","","","","","","","0","0","4","49","1","","","","","","","","","3","14","0","","","","1","","","","","","","","","","","","6"
"663","SMU","09/24/10","3","JOHNSON","DARIUS","","","","","","","","","","","","0","0","5","72","0","","","","","","","","","2","4","0","","","","","","","","","","","","","","","","0"
"663","SMU","10/02/10","3","JOHNSON","DARIUS","","","","","","","","","","","","0","0","5","32","0","","","","","","","","","2","9","0","","","","","","","","","","","","","","","","0"
"663","SMU","10/09/10","3","JOHNSON","DARIUS","","","","","","","","","","","","0","0","8","102","1","","","","","","","","","2","4","0","","","","1","","","","","","","","","","","","6"
"663","SMU","10/16/10","3","JOHNSON","DARIUS","","","","","","","","","","","","0","0","12","104","1","","","","","","","","","","","","","","","1","","","","","","","","","","","","6"
"663","SMU","10/23/10","3","JOHNSON","DARIUS","","","","","","","","","","","","0","0","5","55","0","","","","","","","","","","","","","","","","","","","","","","","","","","","0"
"663","SMU","10/30/10","3","JOHNSON","DARIUS","","","","","","","","","","","","0","0","3","32","0","","","","","","","","","","","","","","","","","","","","","","","","","","","0"
"663","SMU","11/06/10","3","JOHNSON","DARIUS","","","","","","","","","","","","0","0","4","29","0","","","","","","","","","","","","","","","","","","","","","","","","","","","0"
"663","SMU","11/20/10","3","JOHNSON","DARIUS","","","","","","","","","","","","0","0","3","32","0","","","","","","","","","","","","","","","","","","","","","","","","","","","0"
"663","SMU","12/04/10","3","JOHNSON","DARIUS","","","","","","","","","","","","0","0","9","105","0","","","","","","","","","","","","","","","","","","","","","","","","","","","0"
"663","SMU","12/30/10","3","JOHNSON","DARIUS","","","","","","","","","","","","0","0","9","152","1","","","","","","","","","","","","","","","1","","","","","","","","","","","","6"
"663","SMU","09/05/10","48","LINE","ZACH","12","72","0","72","1","","","","","","","12","72","4","24","0","","","","","","","","","","","","","","","1","","","","","","","","","","","","6"
"663","SMU","09/11/10","48","LINE","ZACH","16","122","0","122","2","","","","","","","16","122","2","25","0","","","","","","","","","","","","","","","2","","","","","","","","","","","","12"
"663","SMU","09/18/10","48","LINE","ZACH","8","82","0","82","0","","","","","","","8","82","1","10","0","","","","","","","","","","","","","","","","","","","","","","","","","","","0"
"663","SMU","09/24/10","48","LINE","ZACH","17","142","3","139","1","","","","","","","17","139","1","15","0","","","","","","","","","","","","","","","1","","","","","","","","","","","","6"
"663","SMU","10/02/10","48","LINE","ZACH","11","46","1","45","1","","","","","","","11","45","","","","","","","","","","","","","","","","","","1","","","","","","","","","","","","6"
"663","SMU","10/09/10","48","LINE","ZACH","17","95","3","92","0","","","","","","","17","92","1","15","0","","","","","","","","","","","","","","","","","","","","","","","","","","","0"
"663","SMU","10/16/10","48","LINE","ZACH","15","88","5","83","0","","","","","","","15","83","0","11","0","","","","","","","","","","","","","","","","","","","","","","","","","","","0"
"663","SMU","10/23/10","48","LINE","ZACH","19","112","6","106","0","","","","","","","19","106","1","5","0","","","","","","","","","","","","","","","","","","","","","","","","","","","0"
"663","SMU","10/30/10","48","LINE","ZACH","23","177","0","177","2","","","","","","","23","177","1","1","0","","","","","","","","","","","","","","","2","","","","","","","","","","","","12"
"663","SMU","11/06/10","48","LINE","ZACH","11","55","1","54","0","","","","","","","11","54","","","","","","","","","","","","","","","","","","","","","","","","","","","","","","0"
"663","SMU","11/20/10","48","LINE","ZACH","30","202","0","202","1","","","","","","","30","202","2","26","0","","","","","","","","","","","","","","","1","","","","","","","","","","","","6"
"663","SMU","11/26/10","48","LINE","ZACH","30","132","9","123","2","","","","","","","30","123","2","26","0","","","","","","","","","","","","","","","2","","","","","","","","","","","","12"
"663","SMU","12/04/10","48","LINE","ZACH","18","95","1","94","0","","","","","","","18","94","","","","","","","","","","","","","","","","","","","","","","","","","","","","","","0"
"663","SMU","12/30/10","48","LINE","ZACH","17","103","0","103","0","","","","","","","17","103","2","5","0","","","","","","","","","","","","","","","","","","","","","","","","","","","0"
"663","SMU","09/11/10","15","MCDERMOTT","J.J.","","","","","","1","1","0","29","0","","1","29","","","","","","","","","","","","","","","","","","","","","","","","","","","","","","0"
"663","SMU","10/30/10","15","MCDERMOTT","J.J.","1","0","8","-8","0","3","1","0","4","0","","4","-4","","","","","","","","","","","","","","","","","","","","","","","","","","","","","","0"
"663","SMU","11/20/10","39","MOCZYGEMBA","RYAN","","","","","","","","","","","","0","0","","","","","","","","","","","","","","","1","6","0","","","","","","","","","","","","","0"
"663","SMU","09/24/10","2A","MOORE","STERLING","","","","","","","","","","","","0","0","","","","1","32","0","","","","","","","","","","","","","","","","","","","","","","","","0"
"663","SMU","10/02/10","2A","MOORE","STERLING","","","","","","","","","","","","0","0","","","","1","32","1","","","","","","","","","","","","1","","","","","","","","","","","","6"
"663","SMU","11/06/10","38","MORSE","MICHAEL","","","","","","","","","","","","0","0","","","","","","","","","","","","","","","2","9","0","","","","","","","","","","","","","0"
"663","SMU","09/05/10","2","PADRON","KYLE","7","33","15","18","0","38","21","3","218","2","","45","236","","","","","","","","","","","","","","","","","","","","","","","","","","","","","","0"
"663","SMU","09/11/10","2","PADRON","KYLE","9","70","4","66","0","33","18","0","145","2","","42","211","","","","","","","","","","","","","","","","","","","","","","","","","","","","","","0"
"663","SMU","09/18/10","2","PADRON","KYLE","11","59","27","32","1","34","19","0","280","4","","45","312","","","","","","","","","","","","","","","","","","1","","","","","","","","","","","","6"
"663","SMU","09/24/10","2","PADRON","KYLE","7","25","6","19","0","35","14","1","169","2","","42","188","","","","","","","","","","","","","","","","","","","","","","","","","","","","","","0"
"663","SMU","10/02/10","2","PADRON","KYLE","2","24","0","24","0","32","24","0","371","3","","34","395","","","","","","","","","","","","","","","","","","","","","","","","","","","","","","0"
"663","SMU","10/09/10","2","PADRON","KYLE","8","28","14","14","0","40","27","1","381","3","","48","395","","","","","","","","","","","","","","","","","","","","","","","","","","","","","","0"
"663","SMU","10/16/10","2","PADRON","KYLE","8","53","8","45","0","42","28","1","254","3","","50","299","","","","","","","","","","","","","","","","","","","","","","","","","","","","","","0"
"663","SMU","10/23/10","2","PADRON","KYLE","9","34","13","21","0","46","26","2","318","2","","55","339","","","","","","","","","","","","","","","","","","","","","","","","","","","","","","0"
"663","SMU","10/30/10","2","PADRON","KYLE","6","21","6","15","1","32","18","0","354","1","","38","369","","","","","","","","","","","","","","","","","","1","","","","","","","","","","","","6"
"663","SMU","11/06/10","2","PADRON","KYLE","6","18","12","6","1","44","28","0","255","1","","50","261","","","","","","","","","","","","","","","","","","1","","","","","","","","","","","","6"
"663","SMU","11/20/10","2","PADRON","KYLE","5","1","17","-16","1","30","17","2","230","2","","35","214","","","","","","","","","","","","","","","","","","1","","","","","","","","","","","","6"
"663","SMU","11/26/10","2","PADRON","KYLE","6","14","7","7","0","34","21","0","331","3","","40","338","","","","","","","","","","","","","","","","","","","","","","","","","","","","","","0"
"663","SMU","12/04/10","2","PADRON","KYLE","12","27","24","3","0","34","18","2","220","1","","46","223","","","","","","","","","","","","","","","","","","","","","","","","","","","","","","0"
"663","SMU","12/30/10","2","PADRON","KYLE","8","12","22","-10","0","34","23","2","302","2","","42","292","","","","","","","","","","","","","","","","","","","","","","","","","","","","","","0"
"663","SMU","12/30/10","10","PARKS","CHRIS","","","","","","","","","","","","0","0","","","","","","","","","","","","1","0","0","","","","","","","","","","","","","","","","0"
"663","SMU","09/11/10","29","POPE","KEVIN","3","6","0","6","0","","","","","","","3","6","","","","","","","","","","","","","","","","","","","","","","","","","","","","","","0"
"663","SMU","09/05/10","24","ROBINSON","ALDRICK","","","","","","","","","","","","0","0","3","50","0","","","","","","","","","","","","","","","","","","","","","","","","","","","0"
"663","SMU","09/11/10","24","ROBINSON","ALDRICK","","","","","","","","","","","","0","0","4","51","0","","","","","","","","","","","","","","","","","","","","","","","","","","","0"
"663","SMU","09/18/10","24","ROBINSON","ALDRICK","","","","","","","","","","","","0","0","4","111","3","","","","","","","","","","","","","","","3","","","","","","","","","","","","18"
"663","SMU","09/24/10","24","ROBINSON","ALDRICK","","","","","","","","","","","","0","0","5","61","1","","","","","","","","","","","","","","","1","","","","","","","","","","","","6"
"663","SMU","10/02/10","24","ROBINSON","ALDRICK","","","","","","","","","","","","0","0","6","148","2","","","","","","","","","","","","","","","2","","","","","","","","","","","","12"
"663","SMU","10/09/10","24","ROBINSON","ALDRICK","","","","","","","","","","","","0","0","5","118","0","","","","","","","","","","","","","","","","","","","","","","","","","","","0"
"663","SMU","10/16/10","24","ROBINSON","ALDRICK","","","","","","","","","","","","0","0","4","41","1","","","","","","","","","","","","","","","1","","","","","","","","","","","","6"
"663","SMU","10/23/10","24","ROBINSON","ALDRICK","","","","","","","","","","","","0","0","5","101","1","","","","","","","","","","","","","","","1","","","","","","","","","","","","6"
"663","SMU","10/30/10","24","ROBINSON","ALDRICK","","","","","","","","","","","","0","0","5","182","1","","","","","","","","","","","","","","","1","","","","","","","","","","","","6"
"663","SMU","11/06/10","24","ROBINSON","ALDRICK","","","","","","","","","","","","0","0","9","131","1","","","","","","","","","","","","1","18","0","1","","","","","","","","","","","","6"
"663","SMU","11/20/10","24","ROBINSON","ALDRICK","","","","","","","","","","","","0","0","2","59","1","","","","","","","","","","","","1","12","0","1","","","","","","","","","","","","6"
"663","SMU","11/26/10","24","ROBINSON","ALDRICK","","","","","","","","","","","","0","0","5","129","1","","","","","","","","","","","","","","","1","","","","","","","","","","","","6"
"663","SMU","12/04/10","24","ROBINSON","ALDRICK","","","","","","","","","","","","0","0","3","43","1","","","","","","","","","","","","","","","1","","","","","","","","","","","","6"
"663","SMU","12/30/10","24","ROBINSON","ALDRICK","","","","","","","","","","","","0","0","5","76","1","","","","","","","","","","","","","","","1","","","","","","","","","","","","6"
"663","SMU","10/02/10","1S","SADA","MARCELO","","","","","","","","","","","","0","0","","","","","","","","","","","","","","","","","","","6","6","0","0","","","","","1","0","","6"
"663","SMU","10/30/10","1S","SADA","MARCELO","","","","","","","","","","","","0","0","","","","","","","","","","","","","","","","","","","4","4","0","0","","","","","","","","4"
"663","SMU","11/06/10","1S","SADA","MARCELO","","","","","","","","","","","","0","0","","","","","","","","","","","","","","","","","","","2","2","0","0","","","","","","","","2"
"663","SMU","11/20/10","1S","SADA","MARCELO","","","","","","","","","","","","0","0","","","","","","","","","","","","","","","","","","","4","4","0","0","","","","","1","1","","7"
"663","SMU","09/11/10","20","SMITH","RYAN","","","","","","","","","","","","0","0","","","","1","7","0","","","","","","","","","","","","","","","","","","","","","","","","0"
"663","SMU","09/24/10","20","SMITH","RYAN","","","","","","","","","","","","0","0","","","","1","0","0","","","","","","","","","","","","","","","","","","","","","","","","0"
"663","SMU","10/30/10","3P","STONE","MATT","","","","","","","","","","","","0","0","","","","","","","","","","1","36","","","","","","","","","","","","","","","","","","","0"
"663","SMU","11/06/10","3P","STONE","MATT","","","","","","","","","","","","0","0","","","","","","","","","","5","154","","","","","","","","","","","","","","","","","","","0"
"663","SMU","09/05/10","6","SZYMANSKI","MATT","","","","","","","","","","","","0","0","","","","","","","","","","4","197","","","","","","","","3","3","0","0","","","","","2","2","","9"
"663","SMU","09/11/10","6","SZYMANSKI","MATT","","","","","","","","","","","","0","0","","","","","","","","","","4","149","","","","","","","","4","4","0","0","","","","","","","","4"
"663","SMU","09/18/10","6","SZYMANSKI","MATT","","","","","","","","","","","","0","0","","","","","","","","","","6","242","","","","","","","","5","5","0","0","","","","","","","","5"
"663","SMU","09/24/10","6","SZYMANSKI","MATT","1","12","0","12","0","","","","","","","1","12","","","","","","","","","","7","280","","","","","","","","3","3","0","0","","","","","1","1","","6"
"663","SMU","10/02/10","6","SZYMANSKI","MATT","","","","","","","","","","","","0","0","","","","","","","","","","3","128","","","","","","","","","","","","","","","","","","","0"
"663","SMU","10/09/10","6","SZYMANSKI","MATT","","","","","","","","","","","","0","0","","","","","","","","","","5","192","","","","","","","","3","3","0","0","","","","","","","","3"
"663","SMU","10/16/10","6","SZYMANSKI","MATT","","","","","","","","","","","","0","0","","","","","","","","","","3","131","","","","","","","","3","3","0","0","","","","","","","","3"
"663","SMU","10/23/10","6","SZYMANSKI","MATT","","","","","","","","","","","","0","0","","","","","","","","","","4","165","","","","","","","","2","2","0","0","","","","","3","2","","8"
"663","SMU","10/30/10","6","SZYMANSKI","MATT","","","","","","","","","","","","0","0","","","","","","","","","","2","64","","","","","","","","","","","","","","","","2","1","","3"
"663","SMU","11/20/10","6","SZYMANSKI","MATT","","","","","","","","","","","","0","0","","","","","","","","","","6","258","","","","","","","","","","","","","","","","","","","0"
"663","SMU","11/26/10","6","SZYMANSKI","MATT","","","","","","","","","","","","0","0","","","","","","","","","","4","176","","","","","","","","6","6","0","0","","","","","1","1","","9"
"663","SMU","12/04/10","6","SZYMANSKI","MATT","","","","","","","","","","","","0","0","","","","","","","","","","3","127","","","","","","","","1","1","0","0","","","","","1","0","","1"
"663","SMU","12/30/10","6","SZYMANSKI","MATT","1","18","0","18","0","","","","","","","1","18","","","","","","","","","","1","40","","","","","","","","2","2","0","0","","","","","2","0","","2"
"663","SMU","09/18/10","64","TENNISON","BRYCE","0","1","0","1","0","","","","","","","0","1","","","","","","","","","","","","","","","","","","","","","","","","","","","","","","0"
"663","SMU","10/30/10","31","THOMAS","BENNIE","","","","","","","","","","","","0","0","","","","","","","","","","","","2","8","0","","","","","","","","","","","","","","","","0"
"648","South Carolina","11/27/10","26","ALLEN","ANTONIO","","","","","","","","","","","","0","0","","","","1","37","1","","","","","","","","","","","","1","","","","","","","","","","","","6"
"648","South Carolina","09/02/10","4","BARNES","JASON","","","","","","","","","","","","0","0","1","16","0","","","","","","","","","","","","","","","","","","","","","","","","","","","0"
"648","South Carolina","10/23/10","4","BARNES","JASON","","","","","","","","","","","","0","0","2","24","0","","","","","","","","","","","","","","","","","","","","","","","","","","","0"
"648","South Carolina","11/20/10","4","BARNES","JASON","","","","","","","","","","","","0","0","2","14","0","","","","","","","","","","","","","","","","","","","","","","","","","","","0"
"648","South Carolina","12/31/10","4","BARNES","JASON","","","","","","","","","","","","0","0","1","9","0","","","","","","","","","","","","","","","","","","","","","","","","","","","0"
"648","South Carolina","11/20/10","80","BENNETT","DEMARIO","","","","","","","","","","","","0","0","1","4","0","","","","","","","","","","","","","","","","","","","","","","","","","","","0"
"648","South Carolina","09/02/10","1A","CLIFFORD","ANDREW","","","","","","1","0","1","0","0","","1","0","","","","","","","","","","","","","","","","","","","","","","","","","","","","","","0"
"648","South Carolina","11/06/10","1A","CLIFFORD","ANDREW","","","","","","1","1","0","10","0","","1","10","","","","","","","","","","","","","","","","","","","","","","","","","","","","","","0"
"648","South Carolina","09/11/10","17","CULLIVER","CHRIS","","","","","","","","","","","","0","0","","","","","","","","","","","","","","","3","69","0","","","","","","","","","","","","","0"
"648","South Carolina","09/18/10","17","CULLIVER","CHRIS","","","","","","","","","","","","0","0","","","","","","","","","","","","","","","3","56","0","","","","","","","","","","","","","0"
"648","South Carolina","09/25/10","17","CULLIVER","CHRIS","","","","","","","","","","","","0","0","","","","","","","","","","","","","","","3","66","0","","","","","","","","","","","","","0"
"648","South Carolina","10/09/10","17","CULLIVER","CHRIS","","","","","","","","","","","","0","0","","","","","","","","","","","","","","","3","70","0","","","","","","","","","","","","","0"
"648","South Carolina","09/11/10","87","CUNNINGHAM","JUSTICE","","","","","","","","","","","","0","0","1","7","0","","","","","","","","","","","","","","","","","","","","","","","","","","","0"
"648","South Carolina","11/06/10","87","CUNNINGHAM","JUSTICE","","","","","","","","","","","","0","0","2","31","0","","","","","","","","","","","","","","","","","","","","","","","","","","","0"
"648","South Carolina","11/13/10","87","CUNNINGHAM","JUSTICE","","","","","","","","","","","","0","0","1","5","0","","","","","","","","","","","","","","","","","","","","","","","","","","","0"
"648","South Carolina","11/20/10","87","CUNNINGHAM","JUSTICE","","","","","","","","","","","","0","0","1","16","0","","","","","","","","","","","","","","","","","","","","","","","","","","","0"
"648","South Carolina","11/27/10","87","CUNNINGHAM","JUSTICE","","","","","","","","","","","","0","0","2","33","0","","","","","","","","","","","","","","","","","","","","","","","","","","","0"
"648","South Carolina","09/02/10","47","DIMARCO","PATRICK","","","","","","","","","","","","0","0","1","1","0","","","","","","","","","","","","","","","","","","","","","","","","","","","0"
"648","South Carolina","09/11/10","47","DIMARCO","PATRICK","","","","","","","","","","","","0","0","1","17","0","","","","","","","","","","","","","","","","","","","","","","","","","","","0"
"648","South Carolina","09/18/10","47","DIMARCO","PATRICK","","","","","","","","","","","","0","0","4","17","0","","","","","","","","","","","","","","","","","","","","","","","","","","","0"
"648","South Carolina","09/25/10","47","DIMARCO","PATRICK","","","","","","","","","","","","0","0","1","11","0","","","","","","","","","","","","","","","","","","","","","","","","","","","0"
"648","South Carolina","10/16/10","47","DIMARCO","PATRICK","","","","","","","","","","","","0","0","1","7","0","","","","","","","","","","","","","","","","","","","","","","","","","","","0"
"648","South Carolina","10/30/10","47","DIMARCO","PATRICK","","","","","","","","","","","","0","0","2","37","0","","","","","","","","","","","","","","","","","","","","","","","","","","","0"
"648","South Carolina","11/20/10","47","DIMARCO","PATRICK","","","","","","","","","","","","0","0","1","7","1","","","","","","","","","","","","","","","1","","","","","","","","","","","","6"
"648","South Carolina","11/27/10","47","DIMARCO","PATRICK","","","","","","","","","","","","0","0","2","12","1","","","","","","","","","","","","","","","1","","","","","","","","","","","","6"
"648","South Carolina","12/04/10","47","DIMARCO","PATRICK","","","","","","","","","","","","0","0","2","38","1","","","","","","","","","","","","","","","1","","","","","","","","","","","","6"
"648","South Carolina","09/02/10","5","GARCIA","STEPHEN","5","38","0","38","2","23","16","0","193","0","","28","231","","","","","","","","","","","","","","","","","","2","","","","","","","","","","","","12"
"648","South Carolina","09/11/10","5","GARCIA","STEPHEN","12","23","27","-4","0","17","12","0","165","0","","29","161","","","","","","","","","","","","","","","","","","","","","","","","","","","","","","0"
"648","South Carolina","09/18/10","5","GARCIA","STEPHEN","8","37","9","28","0","20","13","2","150","2","","28","178","","","","","","","","","","","","","","","","","","","","","","","","","","","","","","0"
"648","South Carolina","09/25/10","5","GARCIA","STEPHEN","10","44","23","21","0","21","15","0","235","3","","31","256","","","","","","","","","","","","","","","","","","","","","","","","","","","","","","0"
"648","South Carolina","10/09/10","5","GARCIA","STEPHEN","7","18","7","11","0","20","17","1","201","3","","27","212","","","","","","","","","","","","","","","","","","","","","","","","","","","","","","0"
"648","South Carolina","10/16/10","5","GARCIA","STEPHEN","3","7","18","-11","0","32","20","2","382","2","","35","371","","","","","","","","","","","","","","","","","","","","","","","","","","","","","","0"
"648","South Carolina","10/23/10","5","GARCIA","STEPHEN","7","3","18","-15","0","39","31","1","355","2","","46","340","","","","","","","","","","","","","","","","","","","","","","","","","","","","","","0"
"648","South Carolina","10/30/10","5","GARCIA","STEPHEN","10","35","17","18","2","22","13","1","223","1","","32","241","","","","","","","","","","","","","","","","","","2","","","","","","","","","","","","12"
"648","South Carolina","11/06/10","5","GARCIA","STEPHEN","7","64","10","54","0","29","14","2","161","1","","36","215","","","","","","","","","","","","","","","","","","","","","","","","","","","","","","0"
"648","South Carolina","11/13/10","5","GARCIA","STEPHEN","12","43","15","28","1","22","15","0","156","0","","34","184","","","","","","","","","","","","","","","","","","1","","","","","","","","","","","","6"
"648","South Carolina","11/20/10","5","GARCIA","STEPHEN","4","6","2","4","1","12","9","0","198","2","","16","202","","","","","","","","","","","","","","","","","","1","","","","","","","","","","","","6"
"648","South Carolina","11/27/10","5","GARCIA","STEPHEN","5","18","0","18","0","30","14","0","227","2","","35","245","","","","","","","","","","","","","","","","","","","","","","","","","","","","","","0"
"648","South Carolina","12/04/10","5","GARCIA","STEPHEN","7","26","8","18","0","28","16","2","170","2","","35","188","","","","","","","","","","","","","","","","","","","","","","","","","","","","","","0"
"648","South Carolina","12/31/10","5","GARCIA","STEPHEN","8","25","11","14","0","34","19","3","243","0","","42","257","1","3","1","","","","","","","","","","","","","","","1","","","","","","","","","","","","6"
"648","South Carolina","09/02/10","3","GILES","JARVIS","2","12","0","12","0","","","","","","","2","12","","","","","","","","","","","","","","","","","","","","","","","","","","","","","","0"
"648","South Carolina","09/02/10","5A","GILMORE","STEPHON","1","14","0","14","0","1","0","0","0","0","","2","14","","","","","","","","","","","","","","","","","","","","","","","","","","","","","","0"
"648","South Carolina","09/11/10","5A","GILMORE","STEPHON","","","","","","","","","","","","0","0","","","","","","","1","13","0","","","3","24","0","","","","","","","","","","","","","","","","0"
"648","South Carolina","09/18/10","5A","GILMORE","STEPHON","","","","","","","","","","","","0","0","","","","1","80","1","","","","","","","","","","","","1","","","","","","","","","","","","6"
"648","South Carolina","10/09/10","5A","GILMORE","STEPHON","","","","","","","","","","","","0","0","","","","","","","","","","","","1","15","0","","","","","","","","","","","","","","","","0"
"648","South Carolina","10/16/10","5A","GILMORE","STEPHON","","","","","","","","","","","","0","0","","","","","","","","","","","","5","8","0","","","","","","","","","","","","","","","","0"
"648","South Carolina","11/13/10","5A","GILMORE","STEPHON","","","","","","","","","","","","0","0","","","","1","9","0","","","","","","","","","","","","","","","","","","","","","","","","0"
"648","South Carolina","12/31/10","5A","GILMORE","STEPHON","1","3","0","3","0","1","1","0","29","0","","2","32","","","","1","8","0","","","","","","","","","","","","","","","","","","","","","","","","0"
"648","South Carolina","09/02/10","81","GURLEY","TORI","","","","","","","","","","","","0","0","4","12","0","","","","","","","","","","","","","","","","","","","","","","","","","","","0"
"648","South Carolina","09/11/10","81","GURLEY","TORI","","","","","","","","","","","","0","0","1","14","0","","","","","","","","","","","","","","","","","","","","","","","","","","","0"
"648","South Carolina","09/18/10","81","GURLEY","TORI","","","","","","","","","","","","0","0","3","52","1","","","","","","","","","","","","","","","1","","","","","","","","","","","","6"
"648","South Carolina","09/25/10","81","GURLEY","TORI","","","","","","","","","","","","0","0","4","36","1","","","","","","","","","","","","","","","1","","","","","","","","","","","","6"
"648","South Carolina","10/09/10","81","GURLEY","TORI","","","","","","","","","","","","0","0","3","31","0","","","","","","","","","","","","","","","","","","","","","","","","","","","0"
"648","South Carolina","10/16/10","81","GURLEY","TORI","","","","","","","","","","","","0","0","2","43","0","","","","","","","","","","","","","","","","","","","","","","","","","","","0"
"648","South Carolina","10/23/10","81","GURLEY","TORI","","","","","","","","","","","","0","0","14","112","1","","","","","","","","","","","","","","","1","","","","","","","","","","","","6"
"648","South Carolina","10/30/10","81","GURLEY","TORI","","","","","","","","","","","","0","0","2","33","0","","","","","","","","","","","","","","","","","","","","","","","","","","","0"
"648","South Carolina","11/06/10","81","GURLEY","TORI","","","","","","","","","","","","0","0","3","24","1","","","","","","","","","","","","","","","1","","","","","","","","","","","","6"
"648","South Carolina","11/13/10","81","GURLEY","TORI","","","","","","","","","","","","0","0","3","27","0","","","","","","","","","","","","","","","","","","","","","","","","","","","0"
"648","South Carolina","11/20/10","81","GURLEY","TORI","1","5","0","5","0","","","","","","","1","5","","","","","","","","","","","","","","","","","","","","","","","","","","","","","","0"
"648","South Carolina","12/04/10","81","GURLEY","TORI","","","","","","","","","","","","0","0","3","32","0","","","","","","","","","","","","","","","","","","","","","","","","","","","0"
"648","South Carolina","12/31/10","81","GURLEY","TORI","","","","","","","","","","","","0","0","2","49","0","","","","","","","","","","","","","","","","","","","","","","","","","","","0"
"648","South Carolina","09/02/10","2D","HOLLOMAN","DEVONTE","","","","","","","","","","","","0","0","","","","1","0","0","","","","","","","","","","","","","","","","","","","","","","","","0"
"648","South Carolina","11/06/10","2D","HOLLOMAN","DEVONTE","","","","","","","","","","","","0","0","","","","1","13","0","","","","","","","","","","","","","","","","","","","","","","","","0"
"648","South Carolina","09/02/10","1","JEFFERY","ALSHON","","","","","","","","","","","","0","0","7","106","0","","","","","","","","","","","","","","","","","","","","","","","","","","","0"
"648","South Carolina","09/11/10","1","JEFFERY","ALSHON","","","","","","","","","","","","0","0","7","103","0","","","","","","","","","","","","","","","","","","","","","","","","","","","0"
"648","South Carolina","09/18/10","1","JEFFERY","ALSHON","","","","","","","","","","","","0","0","5","97","0","","","","","","","","","","","","","","","","","","","","","","","","","","","0"
"648","South Carolina","09/25/10","1","JEFFERY","ALSHON","","","","","","","","","","","","0","0","8","192","2","","","","","","","","","","","","","","","2","","","","","","","","","","","","12"
"648","South Carolina","10/09/10","1","JEFFERY","ALSHON","","","","","","","","","","","","0","0","7","127","2","","","","","","","","","","","","","","","2","","","","","","","","","","","","12"
"648","South Carolina","10/16/10","1","JEFFERY","ALSHON","","","","","","","","","","","","0","0","6","65","1","","","","","","","","","","","","","","","1","","","","","","","","","","","","6"
"648","South Carolina","10/23/10","1","JEFFERY","ALSHON","","","","","","","","","","","","0","0","9","158","1","","","","","","","","","","","","","","","1","","","","","","","","","","","","6"
"648","South Carolina","10/30/10","1","JEFFERY","ALSHON","","","","","","","","","","","","0","0","3","87","1","","","","","","","","","","","","","","","1","","","","","","","","","","","","6"
"648","South Carolina","11/06/10","1","JEFFERY","ALSHON","","","","","","","","","","","","0","0","7","99","0","","","","","","","","","","","","","","","","","","","","","","","","","","","0"
"648","South Carolina","11/13/10","1","JEFFERY","ALSHON","","","","","","","","","","","","0","0","6","53","0","","","","","","","","","","","","","","","","","","","","","","","","","","","0"
"648","South Carolina","11/20/10","1","JEFFERY","ALSHON","","","","","","","","","","","","0","0","5","123","0","","","","","","","","","","","","","","","","","","","","","","","","","","","0"
"648","South Carolina","11/27/10","1","JEFFERY","ALSHON","","","","","","","","","","","","0","0","5","141","1","","","","","","","","","","","","","","","1","","","","","","","","","","","","6"
"648","South Carolina","12/04/10","1","JEFFERY","ALSHON","","","","","","","","","","","","0","0","4","36","1","","","","","","","","","","","","","","","1","","","","","","","","","","","","6"
"648","South Carolina","12/31/10","1","JEFFERY","ALSHON","","","","","","","","","","","","0","0","9","130","0","","","","","","","","","","","","","","","","","","","","","","","","","","","0"
"648","South Carolina","09/02/10","34","LANNING","SPENCER","","","","","","","","","","","","0","0","","","","","","","","","","2","105","","","","","","","","5","5","0","0","","","","","2","2","","11"
"648","South Carolina","09/11/10","34","LANNING","SPENCER","","","","","","","","","","","","0","0","","","","","","","","","","3","150","","","","","","","","2","2","0","0","","","","","2","1","","5"
"648","South Carolina","09/18/10","34","LANNING","SPENCER","","","","","","","","","","","","0","0","","","","","","","","","","5","210","","","","","","","","5","5","0","0","","","","","1","1","","8"
"648","South Carolina","09/25/10","34","LANNING","SPENCER","","","","","","","","","","","","0","0","","","","","","","","","","3","144","","","","","","","","4","3","0","0","","","","","","","","3"
"648","South Carolina","10/09/10","34","LANNING","SPENCER","","","","","","","","","","","","0","0","","","","","","","","","","2","82","","","","","","","","5","5","0","0","","","","","","","","5"
"648","South Carolina","10/16/10","34","LANNING","SPENCER","","","","","","","","","","","","0","0","","","","","","","","","","4","177","","","","","","","","4","4","0","0","","","","","","","","4"
"648","South Carolina","10/23/10","34","LANNING","SPENCER","","","","","","","","","","","","0","0","","","","","","","","","","7","295","","","","","","","","3","3","0","0","","","","","1","0","","3"
"648","South Carolina","10/30/10","34","LANNING","SPENCER","","","","","","","","","","","","0","0","","","","","","","","","","3","120","","","","","","","","5","5","0","0","","","","","2","1","","8"
"648","South Carolina","11/06/10","34","LANNING","SPENCER","","","","","","","","","","","","0","0","","","","","","","","","","3","126","","","","","","","","2","2","0","0","","","","","3","2","","8"
"648","South Carolina","11/13/10","34","LANNING","SPENCER","","","","","","","","","","","","0","0","","","","","","","","","","6","262","","","","","","","","4","3","0","0","","","","","3","3","","12"
"648","South Carolina","11/20/10","34","LANNING","SPENCER","","","","","","","","","","","","0","0","","","","","","","","","","4","176","","","","","","","","8","8","0","0","","","","","2","2","","14"
"648","South Carolina","11/27/10","34","LANNING","SPENCER","","","","","","","","","","","","0","0","","","","","","","","","","7","299","","","","","","","","3","2","0","0","","","","","4","3","","11"
"648","South Carolina","12/04/10","34","LANNING","SPENCER","","","","","","","","","","","","0","0","","","","","","","","","","3","150","","","","","","","","2","2","0","0","","","","","3","1","","5"
"648","South Carolina","12/31/10","34","LANNING","SPENCER","","","","","","","","","","","","0","0","","","","","","","","","","2","87","","","","","","","","2","2","0","0","","","","","1","1","","5"
"648","South Carolina","09/02/10","21","LATTIMORE","MARCUS","14","54","0","54","2","","","","","","","14","54","2","21","0","","","","","","","","","","","","","","","2","","","","","","","","","","","","12"
"648","South Carolina","09/11/10","21","LATTIMORE","MARCUS","37","187","5","182","2","","","","","","","37","182","1","16","0","","","","","","","","","","","","","","","2","","","","","","","","","","","","12"
"648","South Carolina","09/18/10","21","LATTIMORE","MARCUS","19","99","2","97","1","","","","","","","19","97","","","","","","","","","","","","","","","","","","1","","","","","","","","","","","","6"
"648","South Carolina","09/25/10","21","LATTIMORE","MARCUS","14","38","5","33","1","","","","","","","14","33","3","28","0","","","","","","","","","","","","","","","1","","","","","","","","","","","","6"
"648","South Carolina","10/09/10","21","LATTIMORE","MARCUS","23","95","2","93","2","","","","","","","23","93","2","16","1","","","","","","","","","","","","","","","3","","","","","","","","","","","","18"
"648","South Carolina","10/16/10","21","LATTIMORE","MARCUS","15","81","2","79","2","","","","","","","15","79","4","133","1","","","","","","","","","","","","","","","3","","","","","","","","","","","","18"
"648","South Carolina","10/30/10","21","LATTIMORE","MARCUS","29","187","3","184","1","","","","","","","29","184","2","26","0","","","","","","","","","","","","","","","1","","","","","","","","","","","","6"
"648","South Carolina","11/06/10","21","LATTIMORE","MARCUS","11","31","1","30","0","","","","","","","11","30","1","10","0","","","","","","","","","","","","","","","","","","","","","","","","","","","0"
"648","South Carolina","11/13/10","21","LATTIMORE","MARCUS","40","215","3","212","3","","","","","","","40","212","2","31","0","","","","","","","","","","","","","","","3","","","","","","","","","","","","18"
"648","South Carolina","11/20/10","21","LATTIMORE","MARCUS","7","102","0","102","3","","","","","","","7","102","1","6","0","","","","","","","","","","","","","","","3","","","","","","","","","","","","18"
"648","South Carolina","11/27/10","21","LATTIMORE","MARCUS","23","56","8","48","0","","","","","","","23","48","5","41","0","","","","","","","","","","","","","","","","","","","","","","","","","","","0"
"648","South Carolina","12/04/10","21","LATTIMORE","MARCUS","16","85","1","84","0","","","","","","","16","84","3","36","0","","","","","","","","","","","","","","","","","","","","","","","","","","","0"
"648","South Carolina","12/31/10","21","LATTIMORE","MARCUS","1","0","1","-1","0","","","","","","","1","-1","3","48","0","","","","","","","","","","","","","","","","","","","","","","","","","","","0"
"648","South Carolina","09/11/10","10","MADDOX","BRIAN","2","13","0","13","0","","","","","","","2","13","","","","","","","","","","","","","","","","","","","","","","","","","","","","","","0"
"648","South Carolina","09/18/10","10","MADDOX","BRIAN","3","20","0","20","1","","","","","","","3","20","","","","","","","","","","","","","","","","","","1","","","","","","","","","","","","6"
"648","South Carolina","09/25/10","10","MADDOX","BRIAN","2","15","2","13","0","","","","","","","2","13","2","27","0","","","","","","","","","","","","","","","","","","","","","","","","","","","0"
"648","South Carolina","10/09/10","10","MADDOX","BRIAN","5","30","2","28","0","","","","","","","5","28","2","7","0","","","","","","","","","","","","","","","","","","","","","","","","","","","0"
"648","South Carolina","10/16/10","10","MADDOX","BRIAN","3","13","0","13","0","","","","","","","3","13","3","9","0","","","","","","","","","","","","","","","","","","","","","","","","","","","0"
"648","South Carolina","10/23/10","10","MADDOX","BRIAN","24","149","3","146","1","","","","","","","24","146","","","","","","","","","","","","","","","","","","1","","","","","","","","","","","","6"
"648","South Carolina","10/30/10","10","MADDOX","BRIAN","2","9","0","9","0","","","","","","","2","9","","","","","","","","","","","","","","","","","","","","","","","","","","","","","","0"
"648","South Carolina","11/06/10","10","MADDOX","BRIAN","1","4","0","4","0","","","","","","","1","4","1","8","0","","","","","","","","","","","","","","","","","","","","","","","","","","","0"
"648","South Carolina","11/13/10","10","MADDOX","BRIAN","1","0","1","-1","0","","","","","","","1","-1","","","","","","","","","","","","","","","","","","","","","","","","","","","","","","0"
"648","South Carolina","11/20/10","10","MADDOX","BRIAN","12","67","0","67","0","","","","","","","12","67","","","","","","","","","","","","","","","","","","","","","","","","","","","","","","0"
"648","South Carolina","11/27/10","10","MADDOX","BRIAN","5","25","2","23","0","","","","","","","5","23","","","","","","","1","4","0","","","","","","","","","","","","","","","","","","","","","0"
"648","South Carolina","12/04/10","10","MADDOX","BRIAN","1","5","0","5","0","","","","","","","1","5","","","","","","","","","","","","","","","","","","","","","","","","","","","","","","0"
"648","South Carolina","12/31/10","10","MADDOX","BRIAN","12","53","0","53","1","","","","","","","12","53","2","16","0","","","","","","","","","","","","","","","1","","","","","","","","","","","","6"
"648","South Carolina","11/06/10","92","MCKNIGHT","BYRON","","","","","","","","","","","","0","0","","","","","","","1","1","1","","","","","","","","","1","","","","","","","","","","","","6"
"648","South Carolina","09/02/10","31","MILES","KENNY","4","24","0","24","0","","","","","","","4","24","","","","","","","","","","","","","","","","","","","","","","","","","","","","","","0"
"648","South Carolina","09/18/10","31","MILES","KENNY","5","15","5","10","0","","","","","","","5","10","1","7","0","","","","","","","","","","","","","","","","","","","","","","","","","","","0"
"648","South Carolina","10/23/10","31","MILES","KENNY","11","27","2","25","0","","","","","","","11","25","","","","","","","","","","","","","","","","","","","","","","","","","","","","","","0"
"648","South Carolina","11/06/10","31","MILES","KENNY","1","3","0","3","0","","","","","","","1","3","","","","","","","","","","","","","","","","","","","","","","","","","","","","","","0"
"648","South Carolina","11/20/10","31","MILES","KENNY","6","15","1","14","0","","","","","","","6","14","1","5","0","","","","","","","","","","","","","","","","","","","","","","","","","","","0"
"648","South Carolina","11/27/10","31","MILES","KENNY","3","8","2","6","0","","","","","","","3","6","","","","","","","","","","","","","","","","","","","","","","","","","","","","","","0"
"648","South Carolina","12/04/10","31","MILES","KENNY","","","","","","","","","","","","0","0","1","3","0","","","","","","","","","","","","0","1","0","","","","","","","","","","","","","0"
"648","South Carolina","12/31/10","31","MILES","KENNY","10","70","0","70","0","","","","","","","10","70","","","","","","","","","","","","","","","","","","","","","","","","","","","","","","0"
"648","South Carolina","09/02/10","82","MOORE","D.L.","","","","","","","","","","","","0","0","1","15","1","","","","","","","","","","","","","","","1","","","","","","","","","","","","6"
"648","South Carolina","09/11/10","82","MOORE","D.L.","","","","","","","","","","","","0","0","1","8","0","","","","","","","","","","","","","","","","","","","","","","","","","","","0"
"648","South Carolina","09/18/10","82","MOORE","D.L.","","","","","","","","","","","","0","0","2","12","1","","","","","","","","","","","","","","","1","","","","","","","","","","","","6"
"648","South Carolina","10/16/10","82","MOORE","D.L.","","","","","","","","","","","","0","0","1","16","0","","","","","","","","","","","","","","","","","","","","","","","","","","","0"
"648","South Carolina","10/23/10","82","MOORE","D.L.","","","","","","","","","","","","0","0","1","7","0","","","","","","","","","","","","","","","","","","","","","","","","","","","0"
"648","South Carolina","10/30/10","82","MOORE","D.L.","","","","","","","","","","","","0","0","3","41","0","","","","","","","","","","","","","","","","","","","","","","","","","","","0"
"648","South Carolina","11/06/10","82","MOORE","D.L.","","","","","","","","","","","","0","0","1","4","0","","","","","","","","","","","","","","","","","","","","","","","","","","","0"
"648","South Carolina","11/13/10","82","MOORE","D.L.","","","","","","","","","","","","0","0","2","27","0","","","","","","","","","","","","","","","","","","","","","","","","","","","0"
"648","South Carolina","12/04/10","82","MOORE","D.L.","","","","","","","","","","","","0","0","3","30","0","","","","","","","","","","","","","","","","","","","","","","","","","","","0"
"648","South Carolina","12/31/10","82","MOORE","D.L.","","","","","","","","","","","","0","0","2","4","0","","","","","","","","","","","","","","","","","","","","","","","","","","","0"
"648","South Carolina","09/02/10","9","SANDERS","ACE","1","53","0","53","0","","","","","","","1","53","2","47","0","","","","","","","","","","","","","","","","","","","","","","","","","","","0"
"648","South Carolina","09/18/10","9","SANDERS","ACE","1","5","0","5","0","","","","","","","1","5","2","7","0","","","","","","","","","","","","","","","","","","","","","","","","","","","0"
"648","South Carolina","09/25/10","9","SANDERS","ACE","","","","","","","","","","","","0","0","1","11","0","","","","","","","","","","","","","","","","","","","","","","","","","","","0"
"648","South Carolina","10/09/10","9","SANDERS","ACE","1","0","7","-7","0","","","","","","","1","-7","3","20","0","","","","","","","","","","","","","","","","","","","","","","","","","","","0"
"648","South Carolina","10/16/10","9","SANDERS","ACE","1","0","0","0","0","","","","","","","1","0","2","70","0","","","","","","","","","","","","","","","","","","","","","","","","","","","0"
"648","South Carolina","10/23/10","9","SANDERS","ACE","","","","","","","","","","","","0","0","5","54","0","","","","","","","","","3","-4","0","","","","","","","","","","","","","","","","0"
"648","South Carolina","11/06/10","9","SANDERS","ACE","","","","","","","","","","","","0","0","2","4","0","","","","","","","","","","","","","","","","","","","","","","","","","","","0"
"648","South Carolina","11/13/10","9","SANDERS","ACE","","","","","","","","","","","","0","0","1","13","0","","","","","","","","","1","0","0","","","","","","","","","","","","","","","","0"
"648","South Carolina","11/20/10","9","SANDERS","ACE","1","5","0","5","0","","","","","","","1","5","2","66","2","","","","","","","","","1","0","0","","","","2","","","","","","","","","","","","12"
"648","South Carolina","11/27/10","9","SANDERS","ACE","","","","","","","","","","","","0","0","","","","","","","","","","","","2","17","0","","","","","","","","","","","","","","","","0"
"648","South Carolina","12/04/10","9","SANDERS","ACE","","","","","","","","","","","","0","0","3","9","0","","","","","","","","","","","","","","","","","","","","","","","","","","","0"
"648","South Carolina","12/31/10","9","SANDERS","ACE","","","","","","1","1","0","3","1","","1","3","1","16","0","","","","","","","","","2","3","0","","","","","","","","","","","","","","","","0"
"648","South Carolina","09/02/10","8","SCRUGGS","LAMAR","","","","","","","","","","","","0","0","1","6","0","","","","","","","","","","","","","","","","","","","","","","","","","","","0"
"648","South Carolina","10/16/10","8","SCRUGGS","LAMAR","","","","","","","","","","","","0","0","1","39","0","","","","","","","","","","","","","","","","","","","","","","","","","","","0"
"648","South Carolina","11/20/10","8","SCRUGGS","LAMAR","","","","","","","","","","","","0","0","1","8","0","","","","","","","","","","","","","","","","","","","","","","","","","","","0"
"648","South Carolina","09/02/10","14","SHAW","CONNOR","7","44","13","31","0","5","4","0","32","1","","12","63","","","","","","","","","","","","","","","","","","","","","","","","","","","","","","0"
"648","South Carolina","09/18/10","14","SHAW","CONNOR","4","22","0","22","0","5","4","0","42","0","","9","64","","","","","","","","","","","","","","","","","","","","","","","","","","","","","","0"
"648","South Carolina","09/25/10","14","SHAW","CONNOR","2","12","0","12","0","8","4","2","70","0","","10","82","","","","","","","","","","","","","","","","","","","","","","","","","","","","","","0"
"648","South Carolina","10/16/10","14","SHAW","CONNOR","1","9","0","9","0","","","","","","","1","9","","","","","","","","","","","","","","","","","","","","","","","","","","","","","","0"
"648","South Carolina","10/30/10","14","SHAW","CONNOR","1","2","0","2","0","","","","","","","1","2","","","","","","","","","","","","","","","","","","","","","","","","","","","","","","0"
"648","South Carolina","11/06/10","14","SHAW","CONNOR","4","23","0","23","0","2","2","0","20","0","","6","43","","","","","","","","","","","","","","","","","","","","","","","","","","","","","","0"
"648","South Carolina","11/20/10","14","SHAW","CONNOR","7","30","13","17","0","8","5","0","36","0","","15","53","","","","","","","","","","","","","","","","","","","","","","","","","","","","","","0"
"648","South Carolina","12/04/10","14","SHAW","CONNOR","6","56","7","49","0","5","4","0","23","0","","11","72","","","","","","","","","","","","","","","","","","","","","","","","","","","","","","0"
"648","South Carolina","09/02/10","22","SHERMAN","BRYCE","","","","","","","","","","","","0","0","","","","","","","","","","","","","","","3","69","0","","","","","","","","","","","","","0"
"648","South Carolina","09/25/10","22","SHERMAN","BRYCE","","","","","","","","","","","","0","0","","","","","","","","","","","","","","","3","57","0","","","","","","","","","","","","","0"
"648","South Carolina","10/16/10","22","SHERMAN","BRYCE","","","","","","","","","","","","0","0","","","","","","","","","","","","","","","3","75","0","","","","","","","","","","","","","0"
"648","South Carolina","10/23/10","22","SHERMAN","BRYCE","","","","","","","","","","","","0","0","","","","","","","","","","","","","","","1","13","0","","","","","","","","","","","","","0"
"648","South Carolina","10/30/10","22","SHERMAN","BRYCE","","","","","","","","","","","","0","0","","","","","","","","","","","","","","","4","85","0","","","","","","","","","","","","","0"
"648","South Carolina","11/06/10","22","SHERMAN","BRYCE","","","","","","","","","","","","0","0","","","","","","","","","","","","","","","7","145","0","","","","","","","","","","","","","0"
"648","South Carolina","11/13/10","22","SHERMAN","BRYCE","","","","","","","","","","","","0","0","","","","","","","","","","","","","","","1","18","0","","","","","","","","","","","","","0"
"648","South Carolina","11/20/10","22","SHERMAN","BRYCE","2","0","2","-2","0","","","","","","","2","-2","","","","","","","","","","","","","","","4","78","0","","","","","","","","","","","","","0"
"648","South Carolina","11/27/10","22","SHERMAN","BRYCE","","","","","","","","","","","","0","0","","","","","","","","","","","","","","","2","40","0","","","","","","","","","","","","","0"
"648","South Carolina","12/04/10","22","SHERMAN","BRYCE","","","","","","","","","","","","0","0","","","","","","","","","","","","","","","5","95","0","","","","","","","","","","","","","0"
"648","South Carolina","12/31/10","22","SHERMAN","BRYCE","","","","","","","","","","","","0","0","","","","","","","","","","","","","","","2","38","0","","","","","","","","","","","","","0"
"648","South Carolina","09/02/10","19","SMITH","DEANGELO","","","","","","","","","","","","0","0","1","1","0","","","","","","","","","","","","","","","","","","","","","","","","","","","0"
"648","South Carolina","12/04/10","20","SNEAD","CEDRICK","","","","","","","","","","","","0","0","","","","","","","","","","","","","","","1","18","0","","","","","","","","","","","","","0"
"648","South Carolina","09/02/10","44","STRAUGHTER","TONY","","","","","","","","","","","","0","0","","","","","","","1","52","0","","","","","","","","","","","","","","","","","","","","","0"
"648","South Carolina","11/20/10","11","STRICKLAND","SETH","","","","","","1","1","0","15","1","","1","15","","","","","","","","","","","","","","","","","","","","","","","","","","","","","","0"
"648","South Carolina","11/20/10","90","SUTTON","CHAZ","","","","","","","","","","","","0","0","","","","1","56","1","","","","","","","","","","","","1","","","","","","","","","","","","6"
"648","South Carolina","10/16/10","36","SWEARINGER","D.J.","","","","","","","","","","","","0","0","","","","","","","","","","","","","","","3","62","0","","","","","","","","","","","","","0"
"648","South Carolina","11/20/10","36","SWEARINGER","D.J.","","","","","","","","","","","","0","0","","","","1","22","1","","","","","","","","","","","","1","","","","","","","","","","","","6"
"648","South Carolina","12/04/10","36","SWEARINGER","D.J.","","","","","","","","","","","","0","0","","","","","","","","","","","","","","","1","25","0","","","","","","","","","","","","","0"
"648","South Carolina","10/30/10","98","TAYLOR","DEVIN","","","","","","","","","","","","0","0","","","","1","24","1","1","5","0","","","","","","","","","1","","","","","","","","","","","","6"
"648","South Carolina","11/06/10","89","TRIGLIA","MIKE","","","","","","","","","","","","0","0","1","10","0","","","","","","","","","","","","","","","","","","","","","","","","","","","0"
"648","South Carolina","12/04/10","89","TRIGLIA","MIKE","","","","","","","","","","","","0","0","1","9","0","","","","","","","","","","","","","","","","","","","","","","","","","","","0"
"648","South Carolina","09/18/10","12","WHITLOCK","C.C.","","","","","","","","","","","","0","0","","","","1","3","0","","","","","","","","","","","","","","","","","","","","","","","","0"
"648","South Carolina","09/18/10","4D","WILSON","DALTON","","","","","","","","","","","","0","0","","","","","","","","","","","","","","","2","23","0","","","","","","","","","","","","","0"
"648","South Carolina","11/06/10","4D","WILSON","DALTON","1","0","0","0","0","","","","","","","1","0","","","","","","","","","","","","","","","","","","","","","","","","","","","","","","0"
"648","South Carolina","11/20/10","1J","WOOTEN","JAY","","","","","","","","","","","","0","0","","","","","","","","","","","","","","","","","","","1","1","0","0","","","","","","","","1"
"651","South Fla.","09/04/10","22","BAKER","GEORGE","","","","","","","","","","","","0","0","","","","1","3","0","","","","","","","","","","","","","","","","","","","","","","","","0"
"651","South Fla.","09/04/10","24","BATTLES","BRADLEY","4","14","0","14","0","","","","","","","4","14","","","","","","","","","","","","","","","","","","","","","","","","","","","","","","0"
"651","South Fla.","10/02/10","24","BATTLES","BRADLEY","5","17","0","17","0","","","","","","","5","17","","","","","","","","","","","","","","","","","","","","","","","","","","","","","","0"
"651","South Fla.","11/13/10","24","BATTLES","BRADLEY","3","21","0","21","0","","","","","","","3","21","","","","","","","","","","","","","","","","","","","","","","","","","","","","","","0"
"651","South Fla.","09/04/10","58","BEDFORD","DAVID","","","","","","","","","","","","0","0","","","","1","0","0","","","","","","","","","","","","","","","","","","","","","","","","0"
"651","South Fla.","09/04/10","81","BOGAN","DONTAVIA","","","","","","","","","","","","0","0","2","74","1","","","","","","","","","","","","2","31","0","1","","","","","","","","","","","","6"
"651","South Fla.","09/11/10","81","BOGAN","DONTAVIA","","","","","","","","","","","","0","0","1","12","0","","","","","","","","","","","","","","","","","","","","","","","","","","","0"
"651","South Fla.","10/02/10","81","BOGAN","DONTAVIA","","","","","","","","","","","","0","0","5","66","1","","","","","","","","","","","","","","","1","","","","","","","","","","","","6"
"651","South Fla.","10/09/10","81","BOGAN","DONTAVIA","","","","","","","","","","","","0","0","4","67","0","","","","","","","","","","","","","","","","","","","","","","","","","","","0"
"651","South Fla.","10/14/10","81","BOGAN","DONTAVIA","","","","","","","","","","","","0","0","11","98","0","","","","","","","","","","","","","","","","","","","","","","","","","","","0"
"651","South Fla.","10/22/10","81","BOGAN","DONTAVIA","1","18","0","18","0","","","","","","","1","18","3","85","0","","","","","","","","","","","","","","","","","","","","","","","","","","","0"
"651","South Fla.","11/03/10","81","BOGAN","DONTAVIA","","","","","","","","","","","","0","0","2","18","1","","","","","","","","","","","","2","27","0","1","","","","","","","","","","","","6"
"651","South Fla.","11/13/10","81","BOGAN","DONTAVIA","","","","","","","","","","","","0","0","3","52","1","","","","","","","","","","","","","","","1","","","","","","","","","","","","6"
"651","South Fla.","11/20/10","81","BOGAN","DONTAVIA","","","","","","","","","","","","0","0","4","60","0","","","","","","","","","","","","","","","","","","","","","","","","","","","0"
"651","South Fla.","11/27/10","81","BOGAN","DONTAVIA","","","","","","","","","","","","0","0","3","56","0","","","","","","","","","","","","","","","","","","","","","","","","","","","0"
"651","South Fla.","12/04/10","81","BOGAN","DONTAVIA","1","5","0","5","0","","","","","","","1","5","7","70","1","","","","","","","","","","","","","","","1","","","","","","","","","","","","6"
"651","South Fla.","12/31/10","81","BOGAN","DONTAVIA","","","","","","","","","","","","0","0","1","15","1","","","","","","","","","","","","","","","1","","","","","","","","","","","","6"
"651","South Fla.","09/25/10","28","BONANI","MAIKON","","","","","","","","","","","","0","0","","","","","","","","","","","","","","","","","","","","","","","","","","","1","1","","3"
"651","South Fla.","10/02/10","28","BONANI","MAIKON","","","","","","","","","","","","0","0","","","","","","","","","","","","","","","","","","","2","2","0","0","","","","","1","1","","5"
"651","South Fla.","10/09/10","28","BONANI","MAIKON","","","","","","","","","","","","0","0","","","","","","","","","","","","","","","","","","","1","0","0","0","","","","","2","1","","3"
"651","South Fla.","10/14/10","28","BONANI","MAIKON","","","","","","","","","","","","0","0","","","","","","","","","","","","","","","","","","","","","","","","","","","2","2","","6"
"651","South Fla.","10/22/10","28","BONANI","MAIKON","","","","","","","","","","","","0","0","","","","","","","","","","","","","","","","","","","5","5","0","0","","","","","1","1","","8"
"651","South Fla.","11/03/10","28","BONANI","MAIKON","","","","","","","","","","","","0","0","","","","","","","","","","","","","","","","","","","2","2","0","0","","","","","2","2","","8"
"651","South Fla.","11/13/10","28","BONANI","MAIKON","","","","","","","","","","","","0","0","","","","","","","","","","","","","","","","","","","1","1","0","0","","","","","4","3","","10"
"651","South Fla.","11/20/10","28","BONANI","MAIKON","","","","","","","","","","","","0","0","","","","","","","","","","","","","","","","","","","1","1","0","0","","","","","2","1","","4"
"651","South Fla.","11/27/10","28","BONANI","MAIKON","","","","","","","","","","","","0","0","","","","","","","","","","","","","","","","","","","2","2","0","0","","","","","1","1","","5"
"651","South Fla.","12/04/10","28","BONANI","MAIKON","","","","","","","","","","","","0","0","","","","","","","","","","","","","","","","","","","1","1","0","0","","","","","3","3","","10"
"651","South Fla.","12/31/10","28","BONANI","MAIKON","","","","","","","","","","","","0","0","","","","","","","","","","","","","","","","","","","4","4","0","0","","","","","2","1","","7"
"651","South Fla.","09/04/10","80","BRAVO-BROWN","STEPHEN","","","","","","","","","","","","0","0","4","48","0","","","","","","","","","","","","","","","","","","","","","","","","","","","0"
"651","South Fla.","09/25/10","80","BRAVO-BROWN","STEPHEN","","","","","","","","","","","","0","0","1","17","0","","","","","","","","","","","","","","","","","","","","","","","","","","","0"
"651","South Fla.","10/02/10","80","BRAVO-BROWN","STEPHEN","","","","","","","","","","","","0","0","1","15","0","","","","","","","","","","","","","","","","","","","","","","","","","","","0"
"651","South Fla.","10/09/10","80","BRAVO-BROWN","STEPHEN","","","","","","","","","","","","0","0","1","5","0","","","","","","","","","","","","","","","","","","","","","","","","","","","0"
"651","South Fla.","11/03/10","80","BRAVO-BROWN","STEPHEN","","","","","","","","","","","","0","0","1","6","0","","","","","","","","","","","","","","","","","","","","","","","","","","","0"
"651","South Fla.","11/13/10","80","BRAVO-BROWN","STEPHEN","","","","","","","","","","","","0","0","1","8","0","","","","","","","","","","","","","","","","","","","","","","","","","","","0"
"651","South Fla.","12/04/10","80","BRAVO-BROWN","STEPHEN","","","","","","","","","","","","0","0","1","1","0","","","","","","","","","","","","","","","","","","","","","","","","","","","0"
"651","South Fla.","12/31/10","80","BRAVO-BROWN","STEPHEN","","","","","","","","","","","","0","0","1","4","0","","","","","","","","","","","","","","","","","","","","","","","","","","","0"
"651","South Fla.","09/04/10","18","BROCKHAUS-KANN","JUSTIN","1","0","15","-15","0","","","","","","","1","-15","","","","","","","","","","1","37","","","","","","","","","","","","","","","","","","","0"
"651","South Fla.","09/11/10","18","BROCKHAUS-KANN","JUSTIN","","","","","","","","","","","","0","0","","","","","","","","","","5","244","","","","","","","","","","","","","","","","","","","0"
"651","South Fla.","09/25/10","18","BROCKHAUS-KANN","JUSTIN","","","","","","","","","","","","0","0","","","","","","","","","","2","104","","","","","","","","","","","","","","","","","","","0"
"651","South Fla.","10/02/10","18","BROCKHAUS-KANN","JUSTIN","","","","","","","","","","","","0","0","","","","","","","","","","4","133","","","","","","","","","","","","","","","","","","","0"
"651","South Fla.","10/09/10","18","BROCKHAUS-KANN","JUSTIN","","","","","","","","","","","","0","0","","","","","","","","","","5","181","","","","","","","","","","","","","","","","","","","0"
"651","South Fla.","10/14/10","18","BROCKHAUS-KANN","JUSTIN","","","","","","","","","","","","0","0","","","","","","","","","","6","204","","","","","","","","","","","","","","","","","","","0"
"651","South Fla.","10/22/10","18","BROCKHAUS-KANN","JUSTIN","","","","","","","","","","","","0","0","","","","","","","","","","4","166","","","","","","","","","","","","","","","","","","","0"
"651","South Fla.","11/03/10","18","BROCKHAUS-KANN","JUSTIN","","","","","","","","","","","","0","0","","","","","","","","","","6","199","","","","","","","","","","","","","","","","","","","0"
"651","South Fla.","11/13/10","18","BROCKHAUS-KANN","JUSTIN","","","","","","","","","","","","0","0","","","","","","","","","","7","260","","","","","","","","","","","","","","","","","","","0"
"651","South Fla.","11/20/10","18","BROCKHAUS-KANN","JUSTIN","","","","","","","","","","","","0","0","","","","","","","","","","5","161","","","","","","","","","","","","","","","","","","","0"
"651","South Fla.","11/27/10","18","BROCKHAUS-KANN","JUSTIN","","","","","","","","","","","","0","0","","","","","","","","","","10","410","","","","","","","","","","","","","","","","","","","0"
"651","South Fla.","12/04/10","18","BROCKHAUS-KANN","JUSTIN","","","","","","","","","","","","0","0","","","","","","","","","","6","219","","","","","","","","","","","","","","","","","","","0"
"651","South Fla.","12/31/10","18","BROCKHAUS-KANN","JUSTIN","","","","","","","","","","","","0","0","","","","","","","","","","3","88","","","","","","","","","","","","","","","","","","","0"
"651","South Fla.","09/04/10","19","BRYANT","DANIEL","","","","","","","","","","","","0","0","1","7","0","","","","","","","","","","","","","","","","","","","","","","","","","","","0"
"651","South Fla.","09/04/10","7","DANIELS","B.J.","5","23","0","23","1","22","15","0","264","2","","27","287","","","","","","","","","","","","","","","","","","1","","","","","","","","","","","","6"
"651","South Fla.","09/11/10","7","DANIELS","B.J.","17","121","14","107","0","20","5","4","84","1","","37","191","","","","","","","","","","","","","","","","","","","","","","","","","","","","","","0"
"651","South Fla.","09/25/10","7","DANIELS","B.J.","9","42","12","30","1","11","7","1","57","0","","20","87","","","","","","","","","","","","","","","1","0","0","1","","","","","","","","","","","","6"
"651","South Fla.","10/02/10","7","DANIELS","B.J.","8","39","12","27","0","19","14","0","155","1","","27","182","","","","","","","","","","","","","","","","","","","","","","","","","","","","","","0"
"651","South Fla.","10/09/10","7","DANIELS","B.J.","13","33","34","-1","0","23","9","2","124","0","","36","123","","","","","","","","","","","","","","","","","","","","","","","","","","","","","","0"
"651","South Fla.","10/14/10","7","DANIELS","B.J.","14","33","29","4","0","30","20","3","119","0","","44","123","","","","","","","","","","","","","","","","","","","","","","","","","","","","","","0"
"651","South Fla.","10/22/10","7","DANIELS","B.J.","9","35","0","35","2","16","13","0","286","2","","25","321","","","","","","","","","","","","","","","","","","2","","","","","","","","","","","","12"
"651","South Fla.","11/03/10","7","DANIELS","B.J.","8","22","7","15","0","17","10","1","149","2","0","25","164","","","","","","","","","","","","","","","","","","","","","1","0","","","","","","","","0"
"651","South Fla.","11/13/10","7","DANIELS","B.J.","9","17","17","0","0","19","11","0","87","1","","28","87","","","","","","","","","","","","","","","","","","","","","1","1","","","","","","","","2"
"651","South Fla.","11/20/10","7","DANIELS","B.J.","6","11","16","-5","0","29","15","1","132","0","","35","127","","","","","","","","","","","","","","","","","","","","","","","","","","","","","","0"
"651","South Fla.","11/27/10","7","DANIELS","B.J.","3","11","9","2","0","12","4","0","39","0","","15","41","","","","","","","","","","","","","","","","","","","","","","","","","","","","","","0"
"651","South Fla.","12/31/10","7","DANIELS","B.J.","11","36","14","22","1","27","20","1","189","2","","38","211","","","","","","","","","","","","","","","","","","1","","","","","","","","","","","","6"
"651","South Fla.","09/04/10","13","EVELD","BOBBY","","","","","","12","9","0","119","1","","12","119","","","","","","","","","","","","","","","","","","","","","","","","","","","","","","0"
"651","South Fla.","09/11/10","13","EVELD","BOBBY","","","","","","3","1","0","2","0","","3","2","","","","","","","","","","","","","","","","","","","","","","","","","","","","","","0"
"651","South Fla.","10/14/10","13","EVELD","BOBBY","1","0","2","-2","0","3","2","0","18","0","","4","16","","","","","","","","","","","","","","","","","","","","","","","","","","","","","","0"
"651","South Fla.","11/27/10","13","EVELD","BOBBY","4","5","14","-9","1","15","8","0","120","0","","19","111","","","","","","","","","","","","","","","","","","1","","","","","","","","","","","","6"
"651","South Fla.","12/04/10","13","EVELD","BOBBY","5","29","0","29","0","41","22","3","195","1","","46","224","","","","","","","","","","","","","","","","","","","","","","","","","","","","","","0"
"651","South Fla.","11/13/10","7A","GIDDINS","RYNE","","","","","","","","","","","","0","0","","","","1","5","0","","","","","","","","","","","","","","","","","","","","","","","","0"
"651","South Fla.","10/22/10","45","GIDREY","KEVIN","","","","","","","","","","","","0","0","1","14","0","","","","","","","","","","","","","","","","","","","","","","","","","","","0"
"651","South Fla.","11/13/10","45","GIDREY","KEVIN","","","","","","","","","","","","0","0","1","4","0","","","","","","","","","","","","","","","","","","","","","","","","","","","0"
"651","South Fla.","12/04/10","45","GIDREY","KEVIN","","","","","","","","","","","","0","0","3","43","0","","","","","","","","","","","","","","","","","","","","","","","","","","","0"
"651","South Fla.","12/31/10","45","GIDREY","KEVIN","","","","","","","","","","","","0","0","3","34","0","","","","","","","","","","","","","","","","","","","","","","","","","","","0"
"651","South Fla.","09/04/10","23","HORNES","FARON","","","","","","","","","","","","0","0","","","","","","","","","","","","1","14","0","","","","","","","","","","","","","","","","0"
"651","South Fla.","09/25/10","23","HORNES","FARON","","","","","","","","","","","","0","0","1","6","0","","","","","","","","","","","","","","","","","","","","","","","","","","","0"
"651","South Fla.","10/02/10","23","HORNES","FARON","","","","","","","","","","","","0","0","1","5","0","","","","","","","","","","","","","","","","","","","","","","","","","","","0"
"651","South Fla.","10/09/10","23","HORNES","FARON","","","","","","","","","","","","0","0","1","16","0","","","","","","","","","","","","","","","","","","","","","","","","","","","0"
"651","South Fla.","10/22/10","23","HORNES","FARON","2","18","4","14","0","","","","","","","2","14","2","75","1","","","","","","","","","","","","","","","1","","","","","","","","","","","","6"
"651","South Fla.","11/13/10","23","HORNES","FARON","1","3","0","3","0","","","","","","","1","3","","","","","","","","","","","","","","","","","","","","","","","","","","","","","","0"
"651","South Fla.","11/20/10","23","HORNES","FARON","","","","","","","","","","","","0","0","3","19","0","","","","","","","","","","","","","","","","","","","","","","","","","","","0"
"651","South Fla.","11/27/10","23","HORNES","FARON","1","0","0","0","0","","","","","","","1","0","1","2","0","","","","","","","","","","","","","","","","","","","","","","","","","","","0"
"651","South Fla.","12/04/10","23","HORNES","FARON","","","","","","","","","","","","0","0","1","5","0","","","","","","","","","","","","","","","","","","","","","","","","","","","0"
"651","South Fla.","12/31/10","23","HORNES","FARON","","","","","","","","","","","","0","0","1","7","0","","","","","","","","","","","","","","","","","","","","","","","","","","","0"
"651","South Fla.","09/04/10","30","JENKINS","JAQUEZ","","","","","","","","","","","","0","0","","","","","","","","","","","","1","12","0","","","","","","","","","","","","","","","","0"
"651","South Fla.","10/02/10","30","JENKINS","JAQUEZ","","","","","","","","","","","","0","0","","","","","","","1","0","0","","","","","","","","","","","","","","","","","","","","","0"
"651","South Fla.","12/31/10","30","JENKINS","JAQUEZ","","","","","","","","","","","","0","0","","","","1","48","0","","","","","","","","","","","","","","","","","","","","","","","","0"
"651","South Fla.","09/04/10","26","JOYCE","MARK","","","","","","","","","","","","0","0","","","","1","33","1","","","","","","","","","","","","1","","","","","","","","","","","","6"
"651","South Fla.","09/04/10","43","KELLY","RICHARD","1","0","1","-1","0","","","","","","","1","-1","","","","","","","","","","","","","","","","","","","","","","","","","","","","","","0"
"651","South Fla.","09/25/10","43","KELLY","RICHARD","3","2","0","2","1","","","","","","","3","2","","","","","","","","","","","","","","","","","","1","","","","","","","","","","","","6"
"651","South Fla.","10/02/10","43","KELLY","RICHARD","","","","","","","","","","","","0","0","","","","","","","","","","","","","","","1","13","0","","","","","","","","","","","","","0"
"651","South Fla.","10/09/10","43","KELLY","RICHARD","1","3","0","3","0","","","","","","","1","3","1","25","0","","","","","","","","","","","","","","","","","","","","","","","","","","","0"
"651","South Fla.","10/22/10","43","KELLY","RICHARD","3","4","0","4","0","","","","","","","3","4","","","","","","","","","","","","","","","3","31","0","","","","","","","","","","","","","0"
"651","South Fla.","11/13/10","43","KELLY","RICHARD","3","25","0","25","0","","","","","","","3","25","1","2","0","","","","","","","","","","","","","","","","","","","","","","","","","","","0"
"651","South Fla.","11/20/10","43","KELLY","RICHARD","3","7","0","7","0","","","","","","","3","7","1","3","0","","","","","","","","","","","","","","","","","","","","","","","","","","","0"
"651","South Fla.","09/11/10","85","KETCHEL","ANDREW","","","","","","","","","","","","0","0","1","2","1","","","","","","","","","","","","","","","1","","","","","","","","","","","","6"
"651","South Fla.","09/04/10","82","KNOWLES","T.J.","","","","","","","","","","","","0","0","2","18","0","","","","","","","","","","","","","","","","","","","","","","","","","","","0"
"651","South Fla.","09/25/10","82","KNOWLES","T.J.","","","","","","","","","","","","0","0","1","3","0","","","","","","","","","","","","","","","","","","","","","","","","","","","0"
"651","South Fla.","10/14/10","82","KNOWLES","T.J.","","","","","","","","","","","","0","0","1","1","0","","","","","","","","","","","","","","","","","","","","","","","","","","","0"
"651","South Fla.","09/04/10","5","LAMAR","LINDSEY","","","","","","","","","","","","0","0","2","15","0","","","","","","","","","","","","","","","","","","","","","","","","","","","0"
"651","South Fla.","09/11/10","5","LAMAR","LINDSEY","2","27","0","27","0","","","","","","","2","27","","","","","","","","","","","","","","","3","87","0","","","","","","","","","","","","","0"
"651","South Fla.","09/25/10","5","LAMAR","LINDSEY","","","","","","","","","","","","0","0","1","12","0","","","","","","","","","","","","","","","","","","","","","","","","","","","0"
"651","South Fla.","10/02/10","5","LAMAR","LINDSEY","1","5","0","5","0","","","","","","","1","5","","","","","","","","","","","","","","","1","36","0","","","","","","","","","","","","","0"
"651","South Fla.","10/09/10","5","LAMAR","LINDSEY","1","5","0","5","0","","","","","","","1","5","2","11","0","","","","","","","","","","","","4","141","1","1","","","","","","","","","","","","6"
"651","South Fla.","10/14/10","5","LAMAR","LINDSEY","2","2","6","-4","0","","","","","","","2","-4","4","19","0","","","","","","","","","","","","3","92","0","","","","","","","","","","","","","0"
"651","South Fla.","10/22/10","5","LAMAR","LINDSEY","1","6","0","6","0","","","","","","","1","6","4","35","0","","","","","","","","","","","","4","92","0","","","","","","","","","","","","","0"
"651","South Fla.","11/03/10","5","LAMAR","LINDSEY","","","","","","","","","","","","0","0","","","","","","","","","","","","","","","4","68","0","","","","","","","","","","","","","0"
"651","South Fla.","11/13/10","5","LAMAR","LINDSEY","1","0","1","-1","0","","","","","","","1","-1","3","11","0","","","","","","","","","","","","1","100","1","1","","","","","","","","","","","","6"
"651","South Fla.","11/20/10","5","LAMAR","LINDSEY","2","3","0","3","0","","","","","","","2","3","1","-3","0","","","","","","","","","","","","2","27","0","","","","","","","","","","","","","0"
"651","South Fla.","11/27/10","5","LAMAR","LINDSEY","","","","","","","","","","","","0","0","1","11","0","","","","","","","","","","","","2","53","0","","","","","","","","","","","","","0"
"651","South Fla.","12/04/10","5","LAMAR","LINDSEY","","","","","","","","","","","","0","0","2","10","0","","","","","","","","","","","","6","146","0","","","","","","","","","","","","","0"
"651","South Fla.","12/31/10","5","LAMAR","LINDSEY","2","1","5","-4","0","","","","","","","2","-4","5","40","0","","","","","","","","","","","","4","61","0","","","","","","","","","","","","","0"
"651","South Fla.","09/04/10","5B","LANARIS","MICHAEL","","","","","","","","","","","","0","0","","","","1","0","0","","","","","","","","","","","","","","","","","","","","","","","","0"
"651","South Fla.","10/02/10","5B","LANARIS","MICHAEL","","","","","","","","","","","","0","0","","","","1","1","0","","","","","","","","","","","","","","","","","","","","","","","","0"
"651","South Fla.","09/04/10","9","LANDI","EVAN","","","","","","","","","","","","0","0","6","104","0","","","","","","","","","","","","","","","","","","","","","","","","","","","0"
"651","South Fla.","09/11/10","9","LANDI","EVAN","","","","","","","","","","","","0","0","1","51","0","","","","","","","","","","","","","","","","","","","","","","","","","","","0"
"651","South Fla.","09/25/10","9","LANDI","EVAN","","","","","","","","","","","","0","0","2","16","0","","","","","","","","","","","","","","","","","","","","","","","","","","","0"
"651","South Fla.","10/02/10","9","LANDI","EVAN","","","","","","","","","","","","0","0","3","44","0","","","","","","","","","","","","","","","","","","","","","","","","","","","0"
"651","South Fla.","10/14/10","9","LANDI","EVAN","","","","","","","","","","","","0","0","2","10","0","","","","","","","","","","","","","","","","","","","","","","","","","","","0"
"651","South Fla.","10/22/10","9","LANDI","EVAN","","","","","","","","","","","","0","0","2","38","1","","","","","","","","","","","","","","","1","","","","","","","","","","","","6"
"651","South Fla.","11/03/10","9","LANDI","EVAN","","","","","","","","","","","","0","0","2","27","1","","","","","","","","","","","","","","","1","","","","","","","","","","","","6"
"651","South Fla.","11/13/10","9","LANDI","EVAN","","","","","","","","","","","","0","0","1","5","0","","","","","","","","","","","","","","","","","","","","","","","","","","","0"
"651","South Fla.","11/20/10","9","LANDI","EVAN","","","","","","","","","","","","0","0","4","31","0","","","","","","","","","","","","","","","","","","","","","","","","","","","0"
"651","South Fla.","12/04/10","9","LANDI","EVAN","","","","","","","","","","","","0","0","4","40","0","","","","","","","","","","","","","","","","","","","","","","","","","","","0"
"651","South Fla.","12/31/10","9","LANDI","EVAN","","","","","","1","0","0","0","0","","1","0","2","36","0","","","","","","","","","","","","","","","","","","","","","","","","","","","0"
"651","South Fla.","12/04/10","8B","LEJISTE","JOHN","","","","","","","","","","","","0","0","","","","1","42","0","","","","","","","","","","","","","","","","","","","","","","","","0"
"651","South Fla.","10/02/10","15","MARC","VICTOR","","","","","","","","","","","","0","0","1","13","0","","","","","","","","","","","","","","","","","","","","","","","","","","","0"
"651","South Fla.","09/25/10","94","MARSHALL","CRAIG","","","","","","","","","","","","0","0","","","","1","0","0","","","","","","","","","","","","","","","","","","","","","","","","0"
"651","South Fla.","09/04/10","25","MILLER","JOEL","","","","","","","","","","","","0","0","2","27","1","","","","","","","","","","","","","","","1","","","","","","","","","","","","6"
"651","South Fla.","10/02/10","25","MILLER","JOEL","","","","","","","","","","","","0","0","2","10","0","","","","","","","","","","","","","","","","","","","","","","","","","","","0"
"651","South Fla.","11/27/10","25","MILLER","JOEL","","","","","","","","","","","","0","0","4","60","0","","","","","","","","","","","","","","","","","","","","","","","","","","","0"
"651","South Fla.","12/04/10","25","MILLER","JOEL","","","","","","","","","","","","0","0","1","14","0","","","","","","","","","","","","","","","","","","","","","","","","","","","0"
"651","South Fla.","12/31/10","25","MILLER","JOEL","","","","","","","","","","","","0","0","2","10","0","","","","","","","","","","","","","","","","","","","","","","","","","","","0"
"651","South Fla.","09/11/10","14","MITCHELL","TERRENCE","","","","","","","","","","","","0","0","","","","","","","","","","","","1","1","0","","","","","","","","","","","","","","","","0"
"651","South Fla.","09/25/10","14","MITCHELL","TERRENCE","","","","","","","","","","","","0","0","","","","","","","","","","","","2","94","0","","","","","","","","","","","","","","","","0"
"651","South Fla.","10/02/10","14","MITCHELL","TERRENCE","","","","","","","","","","","","0","0","","","","","","","","","","","","3","12","0","","","","","","","","","","","","","","","","0"
"651","South Fla.","10/09/10","14","MITCHELL","TERRENCE","","","","","","","","","","","","0","0","","","","","","","","","","","","1","9","0","","","","","","","","","","","","","","","","0"
"651","South Fla.","10/14/10","14","MITCHELL","TERRENCE","","","","","","","","","","","","0","0","","","","","","","","","","","","1","1","0","","","","","","","","","","","","","","","","0"
"651","South Fla.","10/22/10","14","MITCHELL","TERRENCE","1","5","11","-6","0","","","","","","","1","-6","","","","","","","","","","","","","","","","","","","","","","","","","","","","","","0"
"651","South Fla.","11/03/10","14","MITCHELL","TERRENCE","","","","","","","","","","","","0","0","","","","","","","","","","","","2","37","0","","","","","","","","","","","","","","","","0"
"651","South Fla.","11/20/10","14","MITCHELL","TERRENCE","1","45","0","45","1","","","","","","","1","45","","","","","","","","","","","","1","12","0","","","","1","","","","","","","","","","","","6"
"651","South Fla.","11/27/10","14","MITCHELL","TERRENCE","","","","","","","","","","","","0","0","","","","","","","","","","","","3","12","0","","","","","","","","","","","","","","","","0"
"651","South Fla.","12/04/10","14","MITCHELL","TERRENCE","","","","","","","","","","","","0","0","","","","","","","","","","","","3","18","0","","","","","","","","","","","","","","","","0"
"651","South Fla.","12/31/10","14","MITCHELL","TERRENCE","","","","","","","","","","","","0","0","","","","","","","","","","","","2","38","0","","","","","","","","","","","","","","","","0"
"651","South Fla.","09/04/10","21","MURRAY","DEMETRIS","10","55","9","46","0","","","","","","","10","46","3","57","1","","","","","","","","","","","","","","","1","","","","","","","","","","","","6"
"651","South Fla.","09/11/10","21","MURRAY","DEMETRIS","11","66","4","62","1","","","","","","","11","62","","","","","","","","","","","","","","","","","","1","","","","","","","","","","","","6"
"651","South Fla.","09/25/10","21","MURRAY","DEMETRIS","15","116","1","115","0","","","","","","","15","115","","","","","","","","","","","","","","","","","","","","","","","","","","","","","","0"
"651","South Fla.","10/09/10","21","MURRAY","DEMETRIS","7","30","0","30","0","","","","","","","7","30","","","","","","","","","","","","","","","","","","","","","","","","","","","","","","0"
"651","South Fla.","10/22/10","21","MURRAY","DEMETRIS","13","21","9","12","1","","","","","","","13","12","1","39","0","","","","","","","","","","","","","","","1","","","","","","","","","","","","6"
"651","South Fla.","11/03/10","21","MURRAY","DEMETRIS","10","16","5","11","0","","","","","","","10","11","","","","","","","","","","","","","","","","","","","","","","","","","","","","","","0"
"651","South Fla.","11/13/10","21","MURRAY","DEMETRIS","13","107","1","106","0","","","","","","","13","106","1","5","0","","","","","","","","","","","","","","","","","","","","","","","","","","","0"
"651","South Fla.","11/20/10","21","MURRAY","DEMETRIS","12","41","5","36","0","","","","","","","12","36","1","7","0","","","","","","","","","","","","","","","","","","","","","","","","","","","0"
"651","South Fla.","11/27/10","21","MURRAY","DEMETRIS","13","45","3","42","2","","","","","","","13","42","2","10","0","","","","","","","","","","","","","","","2","","","","","","","","","","","","12"
"651","South Fla.","12/04/10","21","MURRAY","DEMETRIS","9","49","1","48","0","","","","","","","9","48","","","","","","","","","","","","","","","","","","","","","","","","","","","","","","0"
"651","South Fla.","12/31/10","21","MURRAY","DEMETRIS","8","27","2","25","0","","","","","","","8","25","3","35","1","","","","","","","","","","","","","","","1","","","","","","","","","","","","6"
"651","South Fla.","09/04/10","3","PLANCHER","MOISE","7","28","1","27","1","","","","","","","7","27","","","","","","","","","","","","","","","","","","1","","","","","","","","","","","","6"
"651","South Fla.","09/11/10","3","PLANCHER","MOISE","6","32","0","32","0","","","","","","","6","32","","","","","","","","","","","","","","","","","","","","","","","","","","","","","","0"
"651","South Fla.","09/25/10","3","PLANCHER","MOISE","17","81","2","79","1","","","","","","","17","79","1","3","0","","","","","","","","","","","","","","","1","","","","","","","","","","","","6"
"651","South Fla.","10/02/10","3","PLANCHER","MOISE","20","93","0","93","2","","","","","","","20","93","1","2","0","","","","","","","","","","","","","","","2","","","","","","","","","","","","12"
"651","South Fla.","10/09/10","3","PLANCHER","MOISE","15","63","5","58","0","","","","","","","15","58","","","","","","","","","","","","","","","","","","","","","","","","","","","","","","0"
"651","South Fla.","10/14/10","3","PLANCHER","MOISE","11","63","0","63","0","","","","","","","11","63","4","9","0","","","","","","","","","","","","","","","","","","","","","","","","","","","0"
"651","South Fla.","10/22/10","3","PLANCHER","MOISE","4","11","0","11","0","","","","","","","4","11","","","","","","","","","","","","","","","","","","","","","","","","","","","","","","0"
"651","South Fla.","11/03/10","3","PLANCHER","MOISE","21","140","5","135","0","","","","","","","21","135","3","45","0","","","","","","","","","","","","","","","","","","","","","","","","","","","0"
"651","South Fla.","11/13/10","3","PLANCHER","MOISE","9","23","5","18","0","","","","","","","9","18","","","","","","","","","","","","","","","","","","","","","","","","","","","","","","0"
"651","South Fla.","11/20/10","3","PLANCHER","MOISE","13","67","0","67","0","","","","","","","13","67","","","","","","","","","","","","","","","","","","","","","","","","","","","","","","0"
"651","South Fla.","11/27/10","3","PLANCHER","MOISE","24","106","5","101","0","","","","","","","24","101","1","20","0","","","","","","","","","","","","","","","","","","","","","","","","","","","0"
"651","South Fla.","12/04/10","3","PLANCHER","MOISE","15","62","3","59","0","","","","","","","15","59","3","12","0","","","","","","","","","","","","","","","","","","","","","","","","","","","0"
"651","South Fla.","12/31/10","3","PLANCHER","MOISE","14","51","1","50","1","","","","","","","14","50","2","8","0","","","","","","","","","","","","","","","1","","","","","","","","","","","","6"
"651","South Fla.","10/22/10","16","RAYMOND","MISTRAL","","","","","","","","","","","","0","0","","","","1","13","0","","","","","","","","","","","","","","","","","","","","","","","","0"
"651","South Fla.","10/02/10","51","SANCHEZ","ARMANDO","","","","","","","","","","","","0","0","","","","","","","","","","","","0","11","1","","","","1","","","","","","","","","","","","6"
"651","South Fla.","09/04/10","3C","SCHWARTZ","ERIC","","","","","","","","","","","","0","0","","","","","","","","","","","","","","","","","","","8","8","0","0","","","","","2","1","","11"
"651","South Fla.","09/11/10","3C","SCHWARTZ","ERIC","","","","","","","","","","","","0","0","","","","","","","","","","","","","","","","","","","2","2","0","0","","","","","","","","2"
"651","South Fla.","09/25/10","3C","SCHWARTZ","ERIC","","","","","","","","","","","","0","0","","","","","","","","","","","","","","","","","","","3","3","0","0","","","","","2","0","","3"
"651","South Fla.","10/02/10","3C","SCHWARTZ","ERIC","","","","","","","","","","","","0","0","","","","","","","","","","","","","","","","","","","2","2","0","0","","","","","1","0","","2"
"651","South Fla.","09/04/10","32","SHAW","MARCUS","4","86","0","86","1","","","","","","","4","86","1","14","0","","","","","","","","","","","","","","","1","","","","","","","","","","","","6"
"651","South Fla.","09/11/10","32","SHAW","MARCUS","3","16","0","16","0","","","","","","","3","16","","","","","","","","","","","","","","","","","","","","","","","","","","","","","","0"
"651","South Fla.","10/02/10","32","SHAW","MARCUS","2","11","0","11","0","","","","","","","2","11","","","","","","","","","","","","","","","","","","","","","","","","","","","","","","0"
"651","South Fla.","10/14/10","32","SHAW","MARCUS","1","4","0","4","0","","","","","","","1","4","","","","","","","","","","","","","","","","","","","","","","","","","","","","","","0"
"651","South Fla.","09/11/10","88","SHIELDS","ANDREAS","","","","","","","","","","","","0","0","3","21","0","","","","","","","","","","","","1","13","0","","","","","","","","","","","","","0"
"651","South Fla.","09/25/10","88","SHIELDS","ANDREAS","","","","","","","","","","","","0","0","","","","","","","","","","","","","","","1","0","0","","","","","","","","","","","","","0"
"651","South Fla.","10/14/10","88","SHIELDS","ANDREAS","","","","","","","","","","","","0","0","","","","","","","","","","","","","","","1","19","0","","","","","","","","","","","","","0"
"651","South Fla.","11/03/10","88","SHIELDS","ANDREAS","","","","","","","","","","","","0","0","2","53","0","","","","","","","","","","","","","","","","","","","","","","","","","","","0"
"651","South Fla.","11/13/10","88","SHIELDS","ANDREAS","","","","","","","","","","","","0","0","","","","","","","","","","","","","","","1","41","0","","","","","","","","","","","","","0"
"651","South Fla.","11/03/10","64","SIMS","JACOB","0","0","0","0","1","","","","","","","0","0","","","","","","","","","","","","","","","","","","1","","","","","","","","","","","","6"
"651","South Fla.","09/04/10","31","SITTON","JOHNNY","","","","","","","","","","","","0","0","","","","","","","","","","","","1","30","0","","","","","","","","","","","","","","","","0"
"651","South Fla.","10/22/10","31","SITTON","JOHNNY","","","","","","","","","","","","0","0","","","","","","","","","","","","1","12","0","","","","","","","","","","","","","","","","0"
"651","South Fla.","09/04/10","12","VIRGIN","ISAAC","","","","","","","","","","","","0","0","1","19","0","","","","","","","","","","","","","","","","","","","","","","","","","","","0"
"651","South Fla.","11/20/10","12","VIRGIN","ISAAC","","","","","","","","","","","","0","0","1","15","0","","","","","","","","","","","","","","","","","","","","","","","","","","","0"
"651","South Fla.","10/02/10","2","WASHINGTON","QUENTON","","","","","","","","","","","","0","0","","","","","","","","","","","","1","14","0","","","","","","","","","","","","","","","","0"
"651","South Fla.","12/31/10","2","WASHINGTON","QUENTON","","","","","","","","","","","","0","0","","","","1","45","0","","","","","","","","","","","","","","","","","","","","","","","","0"
"651","South Fla.","09/04/10","6","WEBSTER","KAYVON","","","","","","","","","","","","0","0","","","","","","","","","","","","","","","1","10","0","","","","","","","","","","","","","0"
"651","South Fla.","09/25/10","6","WEBSTER","KAYVON","","","","","","","","","","","","0","0","","","","","","","","","","","","","","","1","18","0","","","","","","","","","","","","","0"
"651","South Fla.","11/27/10","57","WILLIAMS","JACQUIAN","","","","","","","","","","","","0","0","","","","1","12","0","","","","","","","","","","","","","","","","","","","","","","","","0"
"651","South Fla.","10/02/10","1","YOUNG","JERRELL","","","","","","","","","","","","0","0","","","","1","17","0","","","","","","","","","","","","","","","","","","","","","","","","0"
"651","South Fla.","11/13/10","1","YOUNG","JERRELL","","","","","","","","","","","","0","0","","","","1","0","0","","","","","","","","","","","","","","","","","","","","","","","","0"
"651","South Fla.","11/27/10","1","YOUNG","JERRELL","","","","","","","","","","","","0","0","","","","1","0","0","","","","","","","","","","","","","","","","","","","","","","","","0"
"657","Southern California","09/25/10","0H","AMBLES","MARKEITH","","","","","","","","","","","","0","0","1","3","0","","","","","","","","","","","","","","","","","","","","","","","","","","","0"
"657","Southern California","09/02/10","0I","AUSBERRY","DAVID","","","","","","","","","","","","0","0","2","55","1","","","","","","","","","","","","","","","1","","","","","","","","","","","","6"
"657","Southern California","09/11/10","0I","AUSBERRY","DAVID","","","","","","","","","","","","0","0","1","2","0","","","","","","","","","","","","","","","","","","","","","","","","","","","0"
"657","Southern California","09/18/10","0I","AUSBERRY","DAVID","","","","","","","","","","","","0","0","1","21","1","","","","","","","","","","","","","","","1","","","","","","","","","","","","6"
"657","Southern California","09/25/10","0I","AUSBERRY","DAVID","","","","","","","","","","","","0","0","1","11","0","","","","","","","","","","","","","","","","","","","","","","","","","","","0"
"657","Southern California","10/02/10","0I","AUSBERRY","DAVID","","","","","","","","","","","","0","0","3","40","0","","","","","","","","","","","","","","","","","","","","","","","","","","","0"
"657","Southern California","10/16/10","0I","AUSBERRY","DAVID","2","14","0","14","0","","","","","","","2","14","4","53","1","","","","","","","","","","","","","","","1","","","","","","","","","","","","6"
"657","Southern California","10/30/10","0I","AUSBERRY","DAVID","","","","","","","","","","","","0","0","2","26","0","","","","","","","","","","","","","","","","","","","","","","","","","","","0"
"657","Southern California","11/06/10","0I","AUSBERRY","DAVID","","","","","","","","","","","","0","0","3","21","1","","","","","","","","","","","","","","","1","","","0","0","","","","","","","","6"
"657","Southern California","11/13/10","0I","AUSBERRY","DAVID","","","","","","","","","","","","0","0","2","14","0","","","","","","","","","","","","","","","","","","","","","","","","","","","0"
"657","Southern California","11/20/10","0I","AUSBERRY","DAVID","","","","","","","","","","","","0","0","1","9","0","","","","","","","","","","","","","","","","","","","","","","","","","","","0"
"657","Southern California","10/16/10","88","AYLES","BLAKE","","","","","","","","","","","","0","0","1","54","0","","","","","","","","","","","","","","","","","","","","","","","","","","","0"
"657","Southern California","09/02/10","0G","BARKLEY","MATT","1","0","6","-6","0","23","18","0","257","5","1","24","251","","","","","","","","","","","","","","","","","","","","","2","1","","","","","","","","2"
"657","Southern California","09/11/10","0G","BARKLEY","MATT","3","20","19","1","0","35","20","0","202","2","","38","203","","","","","","","","","","","","","","","","","","","","","","","","","","","","","","0"
"657","Southern California","09/18/10","0G","BARKLEY","MATT","2","2","11","-9","0","26","17","2","192","2","0","28","183","","","","","","","","","","","","","","","","","","","","","1","0","","","","","","","","0"
"657","Southern California","09/25/10","0G","BARKLEY","MATT","","","","","","25","16","2","290","3","","25","290","","","","","","","","","","","","","","","","","","","","","","","","","","","","","","0"
"657","Southern California","10/02/10","0G","BARKLEY","MATT","1","0","1","-1","0","20","14","0","186","0","","21","185","","","","","","","","","","","","","","","","","","","","","","","","","","","","","","0"
"657","Southern California","10/09/10","0G","BARKLEY","MATT","5","39","6","33","0","45","28","0","390","3","","50","423","","","","","","","","","","","","","","","","","","","","","","","","","","","","","","0"
"657","Southern California","10/16/10","0G","BARKLEY","MATT","2","4","9","-5","0","37","25","0","352","5","","39","347","","","","","","","","","","","","","","","","","","","","","","","","","","","","","","0"
"657","Southern California","10/30/10","0G","BARKLEY","MATT","4","1","18","-17","1","49","26","2","264","1","1","53","247","","","","","","","","","","","","","","","","","","1","","","1","1","","","","","","","","8"
"657","Southern California","11/06/10","0G","BARKLEY","MATT","8","25","27","-2","0","37","26","2","215","3","","45","213","","","","","","","","","","","","","","","","","","","","","","","","","","","","","","0"
"657","Southern California","11/13/10","0G","BARKLEY","MATT","5","10","0","10","1","35","21","1","170","1","","40","180","","","","","","","","","","","","","","","","","","1","","","","","","","","","","","","6"
"657","Southern California","11/20/10","0G","BARKLEY","MATT","2","0","17","-17","0","19","10","1","75","0","","21","58","","","","","","","","","","","","","","","","","","","","","","","","","","","","","","0"
"657","Southern California","12/04/10","0G","BARKLEY","MATT","1","0","4","-4","0","26","15","2","198","1","","27","194","","","","","","","","","","","","","","","","","","","","","","","","","","","","","","0"
"657","Southern California","09/11/10","2H","BAXTER","DILLON","9","49","0","49","0","","","","","","","9","49","2","8","0","","","","","","","","","","","","","","","","","","","","","","","","","","","0"
"657","Southern California","09/18/10","2H","BAXTER","DILLON","7","25","1","24","0","","","","","","","7","24","3","17","0","","","","","","","","","","","","","","","","","","","","","","","","","","","0"
"657","Southern California","09/25/10","2H","BAXTER","DILLON","14","79","4","75","0","","","","","","","14","75","","","","","","","","","","","","","","","","","","","","","","","","","","","","","","0"
"657","Southern California","10/02/10","2H","BAXTER","DILLON","1","0","1","-1","0","","","","","","","1","-1","","","","","","","","","","","","","","","","","","","","","","","","","","","","","","0"
"657","Southern California","10/09/10","2H","BAXTER","DILLON","4","22","0","22","1","","","","","","","4","22","","","","","","","","","","","","","","","","","","1","","","","","","","","","","","","6"
"657","Southern California","10/30/10","2H","BAXTER","DILLON","2","14","0","14","0","","","","","","","2","14","","","","","","","","","","","","","","","","","","","","","","","","","","","","","","0"
"657","Southern California","11/06/10","2H","BAXTER","DILLON","17","52","0","52","0","","","","","","","17","52","4","26","0","","","","","","","","","","","","","","","","","","","","","","","","","","","0"
"657","Southern California","11/13/10","2H","BAXTER","DILLON","3","13","0","13","0","","","","","","","3","13","2","22","0","","","","","","","","","","","","","","","","","","","","","","","","","","","0"
"657","Southern California","11/27/10","2H","BAXTER","DILLON","1","4","0","4","0","1","1","0","4","0","","2","8","","","","","","","","","","","","","","","","","","","","","","","","","","","","","","0"
"657","Southern California","12/04/10","2H","BAXTER","DILLON","1","0","0","0","0","1","1","0","5","1","","2","5","","","","","","","","","","","","","","","","","","","","","","","","","","","","","","0"
"657","Southern California","09/02/10","21","BRADFORD","ALLEN","8","52","0","52","0","","","","","","","8","52","","","","","","","","","","","","","","","","","","","","","","","","","","","","","","0"
"657","Southern California","09/11/10","21","BRADFORD","ALLEN","3","10","0","10","0","","","","","","","3","10","","","","","","","","","","","","","","","","","","","","","","","","","","","","","","0"
"657","Southern California","09/18/10","21","BRADFORD","ALLEN","12","133","2","131","1","","","","","","","12","131","","","","","","","","","","","","","","","","","","1","","","","","","","","","","","","6"
"657","Southern California","09/25/10","21","BRADFORD","ALLEN","7","84","0","84","0","","","","","","","7","84","","","","","","","","","","","","","","","","","","","","","","","","","","","","","","0"
"657","Southern California","10/02/10","21","BRADFORD","ALLEN","21","224","1","223","2","","","","","","","21","223","","","","","","","","","","","","","","","","","","2","","","","","","","","","","","","12"
"657","Southern California","10/09/10","21","BRADFORD","ALLEN","13","37","4","33","1","","","","","","","13","33","","","","","","","","","","","","","","","","","","1","","","","","","","","","","","","6"
"657","Southern California","10/16/10","21","BRADFORD","ALLEN","9","29","2","27","0","","","","","","","9","27","1","8","0","","","","","","","","","","","","","","","","","","","","","","","","","","","0"
"657","Southern California","10/30/10","21","BRADFORD","ALLEN","3","9","0","9","0","","","","","","","3","9","","","","","","","","","","","","","","","","","","","","","","","","","","","","","","0"
"657","Southern California","11/06/10","21","BRADFORD","ALLEN","1","2","0","2","0","","","","","","","1","2","","","","","","","","","","","","","","","","","","","","","","","","","","","","","","0"
"657","Southern California","11/20/10","21","BRADFORD","ALLEN","5","21","10","11","0","","","","","","","5","11","1","19","0","","","","","","","","","","","","","","","","","","","","","","","","","","","0"
"657","Southern California","12/04/10","21","BRADFORD","ALLEN","28","220","8","212","1","","","","","","","28","212","1","47","1","","","","","","","","","","","","","","","2","","","","","","","","","","","","12"
"657","Southern California","09/02/10","1I","BUTLER","BRICE","","","","","","","","","","","","0","0","1","9","0","","","","","","","","","","","","","","","","","","","","","","","","","","","0"
"657","Southern California","09/18/10","1I","BUTLER","BRICE","","","","","","","","","","","","0","0","1","4","0","","","","","","","","","","","","","","","","","","","","","","","","","","","0"
"657","Southern California","09/25/10","1I","BUTLER","BRICE","","","","","","","","","","","","0","0","1","7","1","","","","","","","","","","","","","","","1","","","","","","","","","","","","6"
"657","Southern California","10/09/10","1I","BUTLER","BRICE","","","","","","","","","","","","0","0","1","25","0","","","","","","","","","","","","","","","","","","","","","","","","","","","0"
"657","Southern California","10/16/10","1I","BUTLER","BRICE","","","","","","","","","","","","0","0","2","18","0","","","","","","","","","","","","","","","","","","","","","","","","","","","0"
"657","Southern California","11/06/10","1I","BUTLER","BRICE","","","","","","","","","","","","0","0","3","49","0","","","","","","","","","","","","","","","","","","","","","","","","","","","0"
"657","Southern California","09/02/10","84","CAMERON","JORDAN","","","","","","","","","","","","0","0","1","11","0","","","","","","","","","","","","","","","","","","","","","","","","","","","0"
"657","Southern California","09/11/10","84","CAMERON","JORDAN","","","","","","","","","","","","0","0","2","16","1","","","","","","","","","","","","","","","1","","","","","","","","","","","","6"
"657","Southern California","09/25/10","84","CAMERON","JORDAN","","","","","","","","","","","","0","0","1","7","0","","","","","","","","","","","","","","","","","","","","","","","","","","","0"
"657","Southern California","10/02/10","84","CAMERON","JORDAN","","","","","","","","","","","","0","0","1","14","0","","","","","","","","","","","","","","","","","","","","","","","","","","","0"
"657","Southern California","10/09/10","84","CAMERON","JORDAN","","","","","","","","","","","","0","0","4","24","0","","","","","","","","","","","","","","","","","","","","","","","","","","","0"
"657","Southern California","10/30/10","84","CAMERON","JORDAN","","","","","","","","","","","","0","0","2","15","0","","","","","","","","","","","","","","","","","","","","","","","","","","","0"
"657","Southern California","11/13/10","84","CAMERON","JORDAN","","","","","","","","","","","","0","0","2","10","0","","","","","","","","","","","","","","","","","","","","","","","","","","","0"
"657","Southern California","11/20/10","84","CAMERON","JORDAN","1","6","0","6","0","","","","","","","1","6","","","","","","","","","","","","","","","","","","","","","","","","","","","","","","0"
"657","Southern California","12/04/10","84","CAMERON","JORDAN","","","","","","","","","","","","0","0","3","29","0","","","","","","","","","","","","","","","","","","","","","","","","","","","0"
"657","Southern California","09/02/10","80","CARSWELL","BRANDON","","","","","","","","","","","","0","0","1","15","0","","","","","","","","","","","","","","","","","","","","","","","","","","","0"
"657","Southern California","09/11/10","80","CARSWELL","BRANDON","","","","","","","","","","","","0","0","2","14","1","","","","","","","","","","","","","","","1","","","","","","","","","","","","6"
"657","Southern California","09/25/10","80","CARSWELL","BRANDON","","","","","","","","","","","","0","0","3","63","0","","","","","","","","","","","","","","","","","","","","","","","","","","","0"
"657","Southern California","10/09/10","80","CARSWELL","BRANDON","","","","","","","","","","","","0","0","2","24","0","","","","","","","","","","","","","","","","","","","","","","","","","","","0"
"657","Southern California","10/16/10","80","CARSWELL","BRANDON","","","","","","","","","","","","0","0","1","33","0","","","","","","","","","","","","","","","","","","","","","","","","","","","0"
"657","Southern California","10/30/10","80","CARSWELL","BRANDON","","","","","","","","","","","","0","0","2","30","0","","","","","","","","","","","","","","","","","","","","","","","","","","","0"
"657","Southern California","11/06/10","80","CARSWELL","BRANDON","","","","","","","","","","","","0","0","2","9","0","","","","","","","","","","","","","","","","","","","","","","","","","","","0"
"657","Southern California","11/13/10","80","CARSWELL","BRANDON","","","","","","","","","","","","0","0","1","4","0","","","","","","","","","","","","","","","","","","","","","","","","","","","0"
"657","Southern California","11/20/10","80","CARSWELL","BRANDON","","","","","","","","","","","","0","0","2","13","0","","","","","","","","","","","","","","","","","","","","","","","","","","","0"
"657","Southern California","10/30/10","91","CASEY","JURRELL","","","","","","","","","","","","0","0","","","","1","0","0","","","","","","","","","","","","","","","","","","","","","","","","0"
"657","Southern California","09/02/10","4J","ELLISON","RHETT","","","","","","","","","","","","0","0","3","34","1","","","","","","","","","","","","","","","1","","","","","","","","","","","","6"
"657","Southern California","09/18/10","4J","ELLISON","RHETT","","","","","","","","","","","","0","0","3","45","0","","","","","","","","","","","","","","","","","","","","","","","","","","","0"
"657","Southern California","09/25/10","4J","ELLISON","RHETT","","","","","","","","","","","","0","0","1","29","0","","","","","","","","","","","","","","","","","","","","","","","","","","","0"
"657","Southern California","10/16/10","4J","ELLISON","RHETT","","","","","","","","","","","","0","0","1","4","0","","","","","","","","","","","","","","","","","","","","","","","","","","","0"
"657","Southern California","10/30/10","4J","ELLISON","RHETT","","","","","","","","","","","","0","0","2","26","0","","","","","","","","","","","","","","","","","","","","","","","","","","","0"
"657","Southern California","11/13/10","4J","ELLISON","RHETT","","","","","","","","","","","","0","0","3","32","1","","","","","","","","","","","","","","","1","","","","","","","","","","","","6"
"657","Southern California","11/20/10","4J","ELLISON","RHETT","","","","","","","","","","","","0","0","1","10","0","","","","","","","","","","","","","","","","","","","","","","","","","","","0"
"657","Southern California","11/27/10","4J","ELLISON","RHETT","","","","","","","","","","","","0","0","5","38","0","","","","","","","","","","","","","","","","","","","","","","","","","","","0"
"657","Southern California","12/04/10","4J","ELLISON","RHETT","","","","","","","","","","","","0","0","2","21","1","","","","","","","","","","","","","","","1","","","","","","","","","","","","6"
"657","Southern California","09/02/10","2","GABLE","C.J.","8","39","0","39","0","","","","","","","8","39","","","","","","","","","","","","","","","","","","","","","","","","","","","","","","0"
"657","Southern California","09/18/10","2","GABLE","C.J.","6","36","0","36","0","","","","","","","6","36","","","","","","","","","","","","","","","","","","","","","","","","","","","","","","0"
"657","Southern California","09/25/10","2","GABLE","C.J.","7","20","8","12","0","","","","","","","7","12","","","","","","","","","","","","","","","","","","","","","","","","","","","","","","0"
"657","Southern California","10/16/10","2","GABLE","C.J.","13","77","5","72","0","","","","","","","13","72","","","","","","","","","","","","","","","2","56","0","","","","","","","","","","","","","0"
"657","Southern California","11/20/10","2","GABLE","C.J.","10","61","4","57","1","","","","","","","10","57","2","4","0","","","","","","","","","","","","5","130","0","1","","","","","","","","","","","","6"
"657","Southern California","11/27/10","2","GABLE","C.J.","7","19","0","19","0","","","","","","","7","19","","","","","","","","","","","","","","","","","","","","","","","","","","","","","","0"
"657","Southern California","12/04/10","2","GABLE","C.J.","2","18","0","18","0","","","","","","","2","18","","","","","","","","","","","","","","","","","","","","","","","","","","","","","","0"
"657","Southern California","09/18/10","54","GALIPPO","CHRIS","","","","","","","","","","","","0","0","","","","1","8","0","","","","","","","","","","","","","","","","","","","","","","","","0"
"657","Southern California","11/27/10","54","GALIPPO","CHRIS","","","","","","","","","","","","0","0","","","","1","0","0","","","","","","","","","","","","","","","","","","","","","","","","0"
"657","Southern California","09/02/10","1J","HARFMAN","JACOB","","","","","","","","","","","","0","0","","","","","","","","","","2","88","","","","","","","","","","","","","","","","","","","0"
"657","Southern California","09/11/10","1J","HARFMAN","JACOB","","","","","","","","","","","","0","0","","","","","","","","","","7","299","","","","","","","","","","","","","","","","","","","0"
"657","Southern California","09/18/10","1J","HARFMAN","JACOB","","","","","","","","","","","","0","0","","","","","","","","","","3","110","","","","","","","","","","","","","","","","","","","0"
"657","Southern California","10/02/10","1J","HARFMAN","JACOB","","","","","","","","","","","","0","0","","","","","","","","","","2","74","","","","","","","","","","","","","","","","","","","0"
"657","Southern California","10/09/10","1J","HARFMAN","JACOB","","","","","","","","","","","","0","0","","","","","","","","","","2","90","","","","","","","","","","","","","","","","","","","0"
"657","Southern California","10/30/10","1J","HARFMAN","JACOB","","","","","","","","","","","","0","0","","","","","","","","","","5","226","","","","","","","","","","","","","","","","","","","0"
"657","Southern California","11/06/10","1J","HARFMAN","JACOB","","","","","","","","","","","","0","0","","","","","","","","","","6","261","","","","","","","","","","","","","","","","","","","0"
"657","Southern California","11/13/10","1J","HARFMAN","JACOB","","","","","","","","","","","","0","0","","","","","","","","","","2","85","","","","","","","","","","","","","","","","","","","0"
"657","Southern California","11/20/10","1J","HARFMAN","JACOB","","","","","","","","","","","","0","0","","","","","","","","","","6","228","","","","","","","","","","","","","","","","","","","0"
"657","Southern California","11/27/10","1J","HARFMAN","JACOB","","","","","","","","","","","","0","0","","","","","","","","","","7","257","","","","","","","","","","","","","","","","","","","0"
"657","Southern California","12/04/10","1J","HARFMAN","JACOB","","","","","","","","","","","","0","0","","","","","","","","","","2","92","","","","","","","","","","","","","","","","","","","0"
"657","Southern California","10/16/10","98","HARRIS","DAJOHN","","","","","","","","","","","","0","0","","","","1","9","0","","","","","","","","","","","","","","","","","","","","","","","","0"
"657","Southern California","11/06/10","4","HARRIS","TORIN","","","","","","","","","","","","0","0","","","","","","","","","","","","","","","","","","","","","0","0","1","1","","","","","","2"
"657","Southern California","09/02/10","31","HAVILI","STANLEY","1","7","0","7","0","","","","","","","1","7","1","49","0","","","","","","","","","","","","","","","","","","","","","","","","","","","0"
"657","Southern California","09/11/10","31","HAVILI","STANLEY","","","","","","","","","","","","0","0","3","22","0","","","","","","","","","","","","","","","","","","","","","","","","","","","0"
"657","Southern California","09/18/10","31","HAVILI","STANLEY","","","","","","","","","","","","0","0","1","10","0","","","","","","","","","","","","","","","","","","","","","","","","","","","0"
"657","Southern California","09/25/10","31","HAVILI","STANLEY","4","85","5","80","1","","","","","","","4","80","5","107","1","","","","","","","","","","","","","","","2","","","","","","","","","","","","12"
"657","Southern California","10/02/10","31","HAVILI","STANLEY","","","","","","","","","","","","0","0","2","10","0","","","","","","","","","","","","","","","","","","","","","","","","","","","0"
"657","Southern California","10/09/10","31","HAVILI","STANLEY","1","4","0","4","0","","","","","","","1","4","2","22","0","","","","","","","","","","","","","","","","","","","","","","","","","","","0"
"657","Southern California","10/16/10","31","HAVILI","STANLEY","","","","","","","","","","","","0","0","5","36","0","","","","","","","","","","","","","","","","","","","","","","","","","","","0"
"657","Southern California","10/30/10","31","HAVILI","STANLEY","10","42","4","38","0","","","","","","","10","38","4","27","0","","","","","","","","","","","","","","","","","","","","","","","","","","","0"
"657","Southern California","11/06/10","31","HAVILI","STANLEY","4","12","0","12","0","","","","","","","4","12","3","43","1","","","","","","","","","","","","","","","1","","","","","","","","","","","","6"
"657","Southern California","11/13/10","31","HAVILI","STANLEY","3","21","0","21","0","","","","","","","3","21","1","13","0","","","","","","","","","","","","","","","","","","","","","","","","","","","0"
"657","Southern California","11/20/10","31","HAVILI","STANLEY","1","2","0","2","0","","","","","","","1","2","2","21","0","","","","","","","","","","","","","","","","","","","","","","","","","","","0"
"657","Southern California","11/27/10","31","HAVILI","STANLEY","2","3","1","2","0","","","","","","","2","2","2","22","0","","","","","","","","","","","","","","","","","","","","","","","","","","","0"
"657","Southern California","12/04/10","31","HAVILI","STANLEY","","","","","","","","","","","","0","0","1","14","0","","","","","","","","","","","","","","","","","","","","","","","","","","","0"
"657","Southern California","09/02/10","74","HEBERER","ZACK","","","","","","","","","","","","0","0","","","","","","","","","","","","","","","1","5","0","","","","","","","","","","","","","0"
"657","Southern California","09/25/10","96","HORTON","WES","","","","","","","","","","","","0","0","","","","","","","","","","","","1","24","0","","","","","","","","","","","","","","","","0"
"657","Southern California","09/02/10","10","HOUSTON","JOE","","","","","","","","","","","","0","0","","","","","","","","","","","","","","","","","","","3","3","0","0","","","","","","","","3"
"657","Southern California","09/11/10","10","HOUSTON","JOE","","","","","","","","","","","","0","0","","","","","","","","","","","","","","","","","","","2","2","0","0","","","","","2","1","","5"
"657","Southern California","09/18/10","10","HOUSTON","JOE","","","","","","","","","","","","0","0","","","","","","","","","","","","","","","","","","","2","2","0","0","","","","","1","0","","2"
"657","Southern California","09/25/10","10","HOUSTON","JOE","","","","","","","","","","","","0","0","","","","","","","","","","","","","","","","","","","6","6","0","0","","","","","1","0","","6"
"657","Southern California","10/02/10","10","HOUSTON","JOE","","","","","","","","","","","","0","0","","","","","","","","","","","","","","","","","","","4","4","0","0","","","","","2","1","","7"
"657","Southern California","10/09/10","10","HOUSTON","JOE","","","","","","","","","","","","0","0","","","","","","","","","","","","","","","","","","","5","5","0","0","","","","","","","","5"
"657","Southern California","10/16/10","10","HOUSTON","JOE","","","","","","","","","","","","0","0","","","","","","","","","","1","26","","","","","","","","6","6","0","0","","","","","2","2","","12"
"657","Southern California","10/30/10","10","HOUSTON","JOE","","","","","","","","","","","","0","0","","","","","","","","","","","","","","","","","","","3","3","0","0","","","","","1","1","","6"
"657","Southern California","11/06/10","10","HOUSTON","JOE","","","","","","","","","","","","0","0","","","","","","","","","","","","","","","","","","","3","3","0","0","","","","","3","1","","6"
"657","Southern California","11/13/10","10","HOUSTON","JOE","","","","","","","","","","","","0","0","","","","","","","","","","","","","","","","","","","3","3","0","0","","","","","1","1","","6"
"657","Southern California","11/20/10","10","HOUSTON","JOE","","","","","","","","","","","","0","0","","","","","","","","","","","","","","","","","","","1","1","0","0","","","","","","","","1"
"657","Southern California","11/27/10","10","HOUSTON","JOE","","","","","","","","","","","","0","0","","","","","","","","","","","","","","","","","","","1","1","0","0","","","","","3","3","","10"
"657","Southern California","12/04/10","10","HOUSTON","JOE","","","","","","","","","","","","0","0","","","","","","","","","","","","","","","","","","","4","4","0","0","","","","","","","","4"
"657","Southern California","09/02/10","83","JOHNSON","RONALD","","","","","","","","","","","","0","0","7","59","3","","","","","","","","","3","100","1","","","","4","","","0","0","","","","","","","","24"
"657","Southern California","09/11/10","83","JOHNSON","RONALD","","","","","","","","","","","","0","0","5","58","0","","","","","","","","","3","15","0","","","","","","","","","","","","","","","","0"
"657","Southern California","09/18/10","83","JOHNSON","RONALD","","","","","","","","","","","","0","0","3","63","1","","","","","","","","","","","","","","","1","","","","","","","","","","","","6"
"657","Southern California","09/25/10","83","JOHNSON","RONALD","","","","","","","","","","","","0","0","5","69","1","","","","","","","","","","","","","","","1","","","","","","","","","","","","6"
"657","Southern California","10/02/10","83","JOHNSON","RONALD","2","17","0","17","0","","","","","","","2","17","6","109","0","","","","","","","","","","","","","","","","","","","","","","","","","","","0"
"657","Southern California","10/09/10","83","JOHNSON","RONALD","1","5","0","5","0","","","","","","","1","5","6","61","0","","","","","","","","","1","15","0","","","","","","","","","","","","","","","","0"
"657","Southern California","10/16/10","83","JOHNSON","RONALD","1","0","1","-1","0","","","","","","","1","-1","7","45","2","","","","","","","","","2","38","0","","","","2","","","","","","","","","","","","12"
"657","Southern California","10/30/10","83","JOHNSON","RONALD","","","","","","","","","","","","0","0","4","65","1","","","","","","","","","4","94","0","","","","1","","","0","0","","","","","","","","6"
"657","Southern California","11/06/10","83","JOHNSON","RONALD","1","4","0","4","0","","","","","","","1","4","3","17","0","","","","","","","","","3","21","0","3","57","0","","","","","","","","","","","","","0"
"657","Southern California","11/13/10","83","JOHNSON","RONALD","","","","","","","","","","","","0","0","2","25","0","","","","","","","","","1","11","0","","","","","","","","","","","","","","","","0"
"657","Southern California","11/20/10","83","JOHNSON","RONALD","","","","","","","","","","","","0","0","5","45","0","","","","","","","","","1","-2","0","","","","","","","","","","","","","","","","0"
"657","Southern California","11/27/10","83","JOHNSON","RONALD","","","","","","","","","","","","0","0","6","40","0","","","","","","","","","1","4","0","","","","","","","","","","","","","","","","0"
"657","Southern California","12/04/10","83","JOHNSON","RONALD","","","","","","","","","","","","0","0","5","36","0","","","","","","","","","3","16","0","1","30","0","","","","","","","","","","","","","0"
"657","Southern California","11/27/10","27","JONES","MARSHALL","","","","","","","","","","","","0","0","","","","1","0","0","","","","","","","","","","","","","","","","","","","","","","","","0"
"657","Southern California","11/27/10","42","KENNARD","DEVON","","","","","","","","","","","","0","0","","","","1","8","0","","","","","","","","","","","","","","","","","","","","","","","","0"
"657","Southern California","09/11/10","7","MCDONALD","T.J.","","","","","","","","","","","","0","0","","","","1","0","0","","","","","","","","","","","","","","","","","","","","","","","","0"
"657","Southern California","09/25/10","7","MCDONALD","T.J.","","","","","","","","","","","","0","0","","","","1","20","0","","","","","","","","","","","","","","","","","","","","","","","","0"
"657","Southern California","10/16/10","7","MCDONALD","T.J.","","","","","","","","","","","","0","0","","","","1","0","0","","","","","","","","","","","","","","","","","","","","","","","","0"
"657","Southern California","11/06/10","7","MCDONALD","T.J.","","","","","","","","","","","","0","0","","","","","","","","","","","","1","24","0","","","","","","","","","","","","","","","","0"
"657","Southern California","09/02/10","1F","MUSTAIN","MITCH","","","","","","4","2","0","21","0","0","4","21","","","","","","","","","","","","","","","","","","","","","2","1","","","","","","","","2"
"657","Southern California","09/18/10","1F","MUSTAIN","MITCH","1","2","0","2","0","","","","","","","1","2","","","","","","","","","","","","","","","","","","","","","1","0","","","","","","","","0"
"657","Southern California","09/25/10","1F","MUSTAIN","MITCH","","","","","","5","4","0","38","1","","5","38","","","","","","","","","","","","","","","","","","","","","1","1","","","","","","","","2"
"657","Southern California","10/16/10","1F","MUSTAIN","MITCH","","","","","","7","5","0","39","0","","7","39","","","","","","","","","","","","","","","","","","","","","","","","","","","","","","0"
"657","Southern California","11/06/10","1F","MUSTAIN","MITCH","","","","","","","","","","","1","0","0","","","","","","","","","","","","","","","","","","","","","1","1","","","","","","","","2"
"657","Southern California","11/13/10","1F","MUSTAIN","MITCH","","","","","","1","1","0","7","0","","1","7","","","","","","","","","","","","","","","","","","","","","","","","","","","","","","0"
"657","Southern California","11/20/10","1F","MUSTAIN","MITCH","3","15","8","7","0","17","8","0","60","0","","20","67","","","","","","","","","","","","","","","","","","","","","","","","","","","","","","0"
"657","Southern California","11/27/10","1F","MUSTAIN","MITCH","2","1","0","1","1","38","21","1","183","0","","40","184","","","","","","","","","","","","","","","","","","1","","","","","","","","","","","","6"
"657","Southern California","12/04/10","1F","MUSTAIN","MITCH","","","","","","1","0","0","0","0","","1","0","","","","","","","","","","","","","","","","","","","","","","","","","","","","","","0"
"657","Southern California","11/27/10","8","PERRY","NICK","","","","","","","","","","","","0","0","","","","","","","1","8","0","","","","","","","","","","","","","","","","","","","","","0"
"657","Southern California","09/25/10","37","ROBEY","NICKELL","","","","","","","","","","","","0","0","","","","2","33","1","","","","","","","","","","","","1","","","","","","","","","","","","6"
"657","Southern California","11/06/10","37","ROBEY","NICKELL","","","","","","","","","","","","0","0","","","","1","0","0","","","","","","","","","","","","","","","","","","","","","","","","0"
"657","Southern California","12/04/10","37","ROBEY","NICKELL","","","","","","","","","","","","0","0","","","","1","0","0","","","","","","","","","","","","","","","","","","","","","","","","0"
"657","Southern California","11/06/10","6","SMITH","MALCOLM","","","","","","","","","","","","0","0","","","","1","74","1","","","","","","","","","","","","1","","","","","","","","","","","","6"
"657","Southern California","12/04/10","6","SMITH","MALCOLM","","","","","","","","","","","","0","0","","","","","","","1","68","1","","","","","","","","","1","","","","","","","","","","","","6"
"657","Southern California","09/18/10","29","STARLING","JAWANZA","","","","","","","","","","","","0","0","","","","1","0","0","","","","","","","","","","","","","","","","","","","","","","","","0"
"657","Southern California","09/02/10","2F","TYLER","MARC","17","154","0","154","1","","","","","","","17","154","","","","","","","","","","","","","","","","","","1","","","","","","","","","","","","6"
"657","Southern California","09/11/10","2F","TYLER","MARC","18","68","1","67","0","","","","","","","18","67","2","18","0","","","","","","","","","","","","","","","","","","","","","","","","","","","0"
"657","Southern California","09/18/10","2F","TYLER","MARC","9","35","2","33","1","","","","","","","9","33","","","","","","","","","","","","","","","","","","1","","","1","0","","","","","","","","6"
"657","Southern California","09/25/10","2F","TYLER","MARC","7","34","0","34","1","","","","","","","7","34","","","","","","","","","","","","","","","","","","1","","","","","","","","","","","","6"
"657","Southern California","10/02/10","2F","TYLER","MARC","14","61","1","60","2","","","","","","","14","60","2","13","0","","","","","","","","","","","","","","","2","","","","","","","","","","","","12"
"657","Southern California","10/09/10","2F","TYLER","MARC","3","12","1","11","0","1","0","0","0","0","","4","11","1","10","0","","","","","","","","","","","","","","","","","","","","","","","","","","","0"
"657","Southern California","10/16/10","2F","TYLER","MARC","7","79","0","79","1","","","","","","","7","79","1","24","0","","","","","","","","","","","","","","","1","","","","","","","","","","","","6"
"657","Southern California","10/30/10","2F","TYLER","MARC","17","73","4","69","2","","","","","","","17","69","3","16","0","","","","","","","","","","","","","","","2","","","","","","","","","","","","12"
"657","Southern California","11/06/10","2F","TYLER","MARC","12","120","1","119","0","","","","","","","12","119","5","32","1","","","","","","","","","","","","","","","1","","","","","","","","","","","","6"
"657","Southern California","11/13/10","2F","TYLER","MARC","31","161","1","160","1","","","","","","","31","160","1","16","0","","","","","","","","","","","","","","","1","","","","","","","","","","","","6"
"657","Southern California","11/20/10","2F","TYLER","MARC","11","36","2","34","0","","","","","","","11","34","1","-1","0","","","","","","","","","","","","","","","","","","","","","","","","","","","0"
"657","Southern California","11/27/10","2F","TYLER","MARC","17","51","3","48","0","","","","","","","17","48","","","","","","","","","","","","","","","","","","","","","","","","","","","","","","0"
"657","Southern California","12/04/10","2F","TYLER","MARC","8","46","1","45","0","","","","","","","8","45","1","-1","0","","","","","","","","","","","","","","","","","","","","","","","","","","","0"
"657","Southern California","09/02/10","13","WOODS","ROBERT","","","","","","","","","","","","0","0","4","46","0","","","","","","","","","","","","6","96","0","","","","","","","","","","","","","0"
"657","Southern California","09/11/10","13","WOODS","ROBERT","","","","","","","","","","","","0","0","3","64","0","","","","","","","","","","","","2","35","0","","","","","","","","","","","","","0"
"657","Southern California","09/18/10","13","WOODS","ROBERT","","","","","","","","","","","","0","0","4","33","0","","","","","","","","","","","","2","122","1","1","","","","","","","","","","","","6"
"657","Southern California","09/25/10","13","WOODS","ROBERT","","","","","","","","","","","","0","0","2","32","1","","","","","","","","","1","4","0","1","10","0","1","","","","","","","","","","","","6"
"657","Southern California","10/02/10","13","WOODS","ROBERT","","","","","","","","","","","","0","0","","","","","","","","","","","","","","","6","163","0","","","","","","","","","","","","","0"
"657","Southern California","10/09/10","13","WOODS","ROBERT","1","0","0","0","0","","","","","","","1","0","12","224","3","","","","","","","","","","","","3","86","0","3","","","","","","","","","","","","18"
"657","Southern California","10/16/10","13","WOODS","ROBERT","2","25","0","25","0","","","","","","","2","25","7","116","2","","","","","","","","","","","","1","25","0","2","","","","","","","","","","","","12"
"657","Southern California","10/30/10","13","WOODS","ROBERT","","","","","","","","","","","","0","0","7","59","0","","","","","","","","","","","","8","200","0","","","","","","","","","","","","","0"
"657","Southern California","11/06/10","13","WOODS","ROBERT","","","","","","","","","","","","0","0","3","18","0","","","","","","","","","","","","","","","","","","","","","","","","","","","0"
"657","Southern California","11/13/10","13","WOODS","ROBERT","1","5","0","5","0","","","","","","","1","5","8","41","0","","","","","","","","","","","","3","64","0","","","","","","","","","","","","","0"
"657","Southern California","11/20/10","13","WOODS","ROBERT","2","22","2","20","0","","","","","","","2","20","3","15","0","","","","","","","","","","","","2","68","0","","","","","","","","","","","","","0"
"657","Southern California","11/27/10","13","WOODS","ROBERT","","","","","","","","","","","","0","0","9","87","0","","","","","","","","","","","","3","79","0","","","","","","","","","","","","","0"
"657","Southern California","12/04/10","13","WOODS","ROBERT","","","","","","","","","","","","0","0","3","57","0","","","","","","","","","","","","1","23","0","","","","","","","","","","","","","0"
"657","Southern California","10/09/10","24","WRIGHT","SHAREECE","","","","","","","","","","","","0","0","","","","","","","1","7","0","","","","","","","","","","","","","","","","","","","","","0"
"664","Southern Miss.","09/11/10","46","ASSAD","MOOKIE","","","","","","","","","","","","0","0","1","13","0","","","","","","","","","","","","1","25","0","","","","","","","","","","","","","0"
"664","Southern Miss.","09/25/10","46","ASSAD","MOOKIE","","","","","","","","","","","","0","0","","","","","","","","","","","","","","","1","20","0","","","","","","","","","","","","","0"
"664","Southern Miss.","09/02/10","80","BALENTINE","RYAN","","","","","","","","","","","","0","0","3","18","0","","","","","","","","","","","","","","","","","","","","","","","","","","","0"
"664","Southern Miss.","09/11/10","80","BALENTINE","RYAN","","","","","","","","","","","","0","0","2","10","0","","","","","","","","","","","","","","","","","","","","","","","","","","","0"
"664","Southern Miss.","09/17/10","80","BALENTINE","RYAN","","","","","","1","0","1","0","0","","1","0","1","16","0","","","","","","","","","","","","","","","","","","","","","","","","","","","0"
"664","Southern Miss.","11/06/10","80","BALENTINE","RYAN","","","","","","","","","","","","0","0","1","3","0","","","","","","","","","","","","","","","","","","","","","","","","","","","0"
"664","Southern Miss.","11/13/10","80","BALENTINE","RYAN","","","","","","","","","","","","0","0","1","9","0","","","","","","","","","","","","","","","","","","","","","","","","","","","0"
"664","Southern Miss.","11/20/10","80","BALENTINE","RYAN","","","","","","","","","","","","0","0","3","26","0","","","","","","","","","","","","","","","","","","","","","","","","","","","0"
"664","Southern Miss.","10/09/10","51","BARNES","DARIUS","","","","","","","","","","","","0","0","1","2","0","","","","","","","","","","","","","","","","","","","","","","","","","","","0"
"664","Southern Miss.","09/02/10","39","BOEHME","PETER","","","","","","","","","","","","0","0","","","","","","","","","","4","178","","","","","","","","","","","","","","","","","","","0"
"664","Southern Miss.","09/11/10","39","BOEHME","PETER","","","","","","","","","","","","0","0","","","","","","","","","","2","65","","","","","","","","","","","","","","","","","","","0"
"664","Southern Miss.","09/17/10","39","BOEHME","PETER","","","","","","","","","","","","0","0","","","","","","","","","","4","134","","","","","","","","","","","","","","","","","","","0"
"664","Southern Miss.","09/25/10","39","BOEHME","PETER","","","","","","","","","","","","0","0","","","","","","","","","","6","209","","","","","","","","","","","","","","","","","","","0"
"664","Southern Miss.","10/02/10","39","BOEHME","PETER","","","","","","","","","","","","0","0","","","","","","","","","","3","119","","","","","","","","","","","","","","","","","","","0"
"664","Southern Miss.","10/09/10","39","BOEHME","PETER","","","","","","","","","","","","0","0","","","","","","","","","","4","156","","","","","","","","","","","","","","","","","","","0"
"664","Southern Miss.","10/16/10","39","BOEHME","PETER","","","","","","","","","","","","0","0","","","","","","","","","","4","177","","","","","","","","","","","","","","","","","","","0"
"664","Southern Miss.","10/30/10","39","BOEHME","PETER","","","","","","","","","","","","0","0","","","","","","","","","","2","38","","","","","","","","","","","","","","","","","","","0"
"664","Southern Miss.","11/06/10","39","BOEHME","PETER","","","","","","","","","","","","0","0","","","","","","","","","","7","317","","","","","","","","","","","","","","","","","","","0"
"664","Southern Miss.","11/13/10","39","BOEHME","PETER","","","","","","","","","","","","0","0","","","","","","","","","","3","135","","","","","","","","","","","","","","","","","","","0"
"664","Southern Miss.","11/20/10","39","BOEHME","PETER","","","","","","","","","","","","0","0","","","","","","","","","","3","118","","","","","","","","","","","","","","","","","","","0"
"664","Southern Miss.","11/26/10","39","BOEHME","PETER","","","","","","","","","","","","0","0","","","","","","","","","","2","83","","","","","","","","","","","","","","","","","","","0"
"664","Southern Miss.","12/21/10","39","BOEHME","PETER","","","","","","1","1","0","4","0","","1","4","","","","","","","","","","6","231","","","","","","","","","","","","","","","","","","","0"
"664","Southern Miss.","09/02/10","17","BOLDEN","KELVIN","","","","","","","","","","","","0","0","3","39","0","","","","","","","","","","","","","","","","","","","","","","","","","","","0"
"664","Southern Miss.","09/17/10","17","BOLDEN","KELVIN","1","12","0","12","0","","","","","","","1","12","","","","","","","","","","","","","","","","","","","","","","","","","","","","","","0"
"664","Southern Miss.","09/25/10","17","BOLDEN","KELVIN","","","","","","","","","","","","0","0","2","79","1","","","","","","","","","","","","","","","1","","","","","","","","","","","","6"
"664","Southern Miss.","10/02/10","17","BOLDEN","KELVIN","1","0","4","-4","0","","","","","","","1","-4","2","3","0","","","","","","","","","","","","","","","","","","","","","","","","","","","0"
"664","Southern Miss.","10/09/10","17","BOLDEN","KELVIN","","","","","","","","","","","","0","0","3","49","0","","","","","","","","","","","","","","","","","","","","","","","","","","","0"
"664","Southern Miss.","10/16/10","17","BOLDEN","KELVIN","","","","","","","","","","","","0","0","8","154","1","","","","","","","","","","","","","","","1","","","","","","","","","","","","6"
"664","Southern Miss.","10/30/10","17","BOLDEN","KELVIN","","","","","","","","","","","","0","0","10","132","1","","","","","","","","","","","","","","","1","","","","","","","","","","","","6"
"664","Southern Miss.","11/06/10","17","BOLDEN","KELVIN","2","23","0","23","0","","","","","","","2","23","4","39","0","","","","","","","","","","","","","","","","","","","","","","","","","","","0"
"664","Southern Miss.","11/13/10","17","BOLDEN","KELVIN","","","","","","","","","","","","0","0","4","75","2","","","","","","","","","","","","","","","2","","","","","","","","","","","","12"
"664","Southern Miss.","11/20/10","17","BOLDEN","KELVIN","1","0","4","-4","0","","","","","","","1","-4","3","60","1","","","","","","","","","","","","","","","1","","","","","","","","","","","","6"
"664","Southern Miss.","11/26/10","17","BOLDEN","KELVIN","","","","","","","","","","","","0","0","2","37","0","","","","","","","","","","","","","","","","","","","","","","","","","","","0"
"664","Southern Miss.","12/21/10","17","BOLDEN","KELVIN","","","","","","","","","","","","0","0","5","55","0","","","","","","","","","","","","","","","","","","","","","","","","","","","0"
"664","Southern Miss.","09/02/10","5O","BROWN","DEANDRE","","","","","","","","","","","","0","0","4","65","1","","","","","","","","","","","","","","","1","","","","","","","","","","","","6"
"664","Southern Miss.","09/11/10","5O","BROWN","DEANDRE","","","","","","","","","","","","0","0","5","100","1","","","","","","","","","","","","","","","1","","","","","","","","","","","","6"
"664","Southern Miss.","09/17/10","5O","BROWN","DEANDRE","","","","","","","","","","","","0","0","3","34","0","","","","","","","","","","","","","","","","","","","","","","","","","","","0"
"664","Southern Miss.","11/13/10","5O","BROWN","DEANDRE","","","","","","","","","","","","0","0","3","66","1","","","","","","","","","","","","","","","1","","","","","","","","","","","","6"
"664","Southern Miss.","12/21/10","5O","BROWN","DEANDRE","","","","","","","","","","","","0","0","4","41","0","","","","","","","","","","","","","","","","","","","","","","","","","","","0"
"664","Southern Miss.","10/09/10","22","COLLINS","JAMIE","","","","","","","","","","","","0","0","","","","1","32","1","","","","","","","","","","","","1","","","","","","","","","","","","6"
"664","Southern Miss.","10/30/10","22","COLLINS","JAMIE","","","","","","","","","","","","0","0","","","","1","5","0","","","","","","","","","","","","","","","","","","","","","","","","0"
"664","Southern Miss.","11/26/10","22","COLLINS","JAMIE","","","","","","","","","","","","0","0","","","","","","","1","13","0","","","","","","","","","","","","","","","","","","","","","0"
"664","Southern Miss.","09/02/10","12","DAVIS","AUSTIN","8","28","21","7","0","43","31","1","238","0","","51","245","","","","","","","","","","","","","","","","","","","","","","","","","","","","","","0"
"664","Southern Miss.","09/11/10","12","DAVIS","AUSTIN","3","27","0","27","0","18","11","1","178","1","","21","205","","","","","","","","","","","","","","","","","","","","","","","","","","","","","","0"
"664","Southern Miss.","09/17/10","12","DAVIS","AUSTIN","9","65","4","61","1","24","19","0","155","0","","33","216","","","","","","","","","","","","","","","","","","1","","","","","","","","","","","","6"
"664","Southern Miss.","09/25/10","12","DAVIS","AUSTIN","18","82","13","69","0","38","22","1","233","1","","56","302","","","","","","","","","","","","","","","","","","","","","","","","","","","","","","0"
"664","Southern Miss.","10/02/10","12","DAVIS","AUSTIN","13","31","13","18","3","29","16","0","164","1","","42","182","","","","","","","","","","","","","","","","","","3","","","","","","","","","","","","18"
"664","Southern Miss.","10/09/10","12","DAVIS","AUSTIN","12","57","28","29","1","39","20","0","237","1","","51","266","","","","","","","","","","","","","","","","","","1","","","","","","","","","","","","6"
"664","Southern Miss.","10/16/10","12","DAVIS","AUSTIN","10","42","8","34","0","30","19","0","275","3","","40","309","","","","","","","","","","","","","","","","","","","","","","","","","","","","","","0"
"664","Southern Miss.","10/30/10","12","DAVIS","AUSTIN","9","14","8","6","1","48","30","2","388","2","1","57","394","","","","","","","","","","","","","","","","","","1","","","1","1","","","","","","","","8"
"664","Southern Miss.","11/06/10","12","DAVIS","AUSTIN","10","42","2","40","0","35","18","0","102","1","","45","142","","","","","","","","","","","","","","","","","","","","","","","","","","","","","","0"
"664","Southern Miss.","11/13/10","12","DAVIS","AUSTIN","12","44","3","41","0","34","21","0","264","4","","46","305","","","","","","","","","","","","","","","","","","","","","","","","","","","","","","0"
"664","Southern Miss.","11/20/10","12","DAVIS","AUSTIN","17","123","12","111","4","31","24","0","293","2","","48","404","","","","","","","","","","","","","","","","","","4","","","","","","","","","","","","24"
"664","Southern Miss.","11/26/10","12","DAVIS","AUSTIN","11","16","23","-7","0","41","28","1","371","2","0","52","364","","","","","","","","","","","","","","","","","","","","","1","0","","","","","","","","0"
"664","Southern Miss.","12/21/10","12","DAVIS","AUSTIN","13","31","15","16","0","32","19","0","205","2","","45","221","1","17","1","","","","","","","","","","","","","","","1","","","","","","","","","","","","6"
"664","Southern Miss.","09/02/10","2O","FLOYD","V.J.","8","27","6","21","0","","","","","","","8","21","3","13","0","","","","","","","","","","","","","","","","","","","","","","","","","","","0"
"664","Southern Miss.","09/11/10","2O","FLOYD","V.J.","9","59","0","59","1","","","","","","","9","59","","","","","","","","","","","","","","","","","","1","","","","","","","","","","","","6"
"664","Southern Miss.","09/17/10","2O","FLOYD","V.J.","13","38","1","37","0","1","1","0","1","1","","14","38","1","13","0","","","","","","","","","","","","","","","","","","","","","","","","","","","0"
"664","Southern Miss.","09/25/10","2O","FLOYD","V.J.","7","21","1","20","0","","","","","","","7","20","3","11","0","","","","","","","","","","","","","","","","","","","","","","","","","","","0"
"664","Southern Miss.","10/02/10","2O","FLOYD","V.J.","5","31","0","31","0","","","","","","","5","31","2","3","0","","","","","","","","","","","","","","","","","","","","","","","","","","","0"
"664","Southern Miss.","10/09/10","2O","FLOYD","V.J.","15","33","1","32","1","","","","","","","15","32","2","1","0","","","","","","","","","","","","","","","1","","","","","","","","","","","","6"
"664","Southern Miss.","10/16/10","2O","FLOYD","V.J.","2","3","0","3","0","","","","","","","2","3","","","","","","","","","","","","","","","","","","","","","","","","","","","","","","0"
"664","Southern Miss.","10/30/10","2O","FLOYD","V.J.","4","10","3","7","0","1","0","0","0","0","","5","7","1","-1","0","","","","","","","","","","","","","","","","","","","","","","","","","","","0"
"664","Southern Miss.","11/06/10","2O","FLOYD","V.J.","4","12","0","12","0","","","","","","","4","12","","","","","","","","","","","","","","","","","","","","","","","","","","","","","","0"
"664","Southern Miss.","11/13/10","2O","FLOYD","V.J.","2","9","3","6","0","","","","","","","2","6","","","","","","","","","","","","","","","","","","","","","","","","","","","","","","0"
"664","Southern Miss.","09/17/10","43","GREEN","TIM","","","","","","","","","","","","0","0","","","","","","","","","","","","1","21","0","","","","","","","","","","","","","","","","0"
"664","Southern Miss.","09/02/10","81","HANKS","RYAN","","","","","","","","","","","","0","0","1","8","0","","","","","","","","","","","","","","","","","","","","","","","","","","","0"
"664","Southern Miss.","09/11/10","81","HANKS","RYAN","","","","","","","","","","","","0","0","1","12","0","","","","","","","","","","","","","","","","","","","","","","","","","","","0"
"664","Southern Miss.","09/11/10","29","HARDY","KENDRICK","20","92","6","86","0","","","","","","","20","86","1","0","0","","","","","","","","","","","","","","","","","","","","","","","","","","","0"
"664","Southern Miss.","10/02/10","29","HARDY","KENDRICK","4","55","0","55","1","","","","","","","4","55","","","","","","","","","","","","","","","","","","1","","","","","","","","","","","","6"
"664","Southern Miss.","10/09/10","29","HARDY","KENDRICK","4","38","0","38","0","","","","","","","4","38","1","4","0","","","","","","","","","","","","","","","","","","","","","","","","","","","0"
"664","Southern Miss.","10/16/10","29","HARDY","KENDRICK","11","105","4","101","1","","","","","","","11","101","","","","","","","","","","","","","","","","","","1","","","","","","","","","","","","6"
"664","Southern Miss.","10/30/10","29","HARDY","KENDRICK","17","148","1","147","2","","","","","","","17","147","","","","","","","","","","","","","","","","","","2","","","","","","","","","","","","12"
"664","Southern Miss.","11/06/10","29","HARDY","KENDRICK","14","65","2","63","1","","","","","","","14","63","3","12","0","","","","","","","","","","","","","","","1","","","","","","","","","","","","6"
"664","Southern Miss.","11/13/10","29","HARDY","KENDRICK","15","70","1","69","0","","","","","","","15","69","","","","","","","","","","","","","","","","","","","","","","","","","","","","","","0"
"664","Southern Miss.","11/20/10","29","HARDY","KENDRICK","26","206","1","205","2","","","","","","","26","205","1","-10","0","","","","","","","","","","","","","","","2","","","","","","","","","","","","12"
"664","Southern Miss.","11/26/10","29","HARDY","KENDRICK","16","92","1","91","0","","","","","","","16","91","1","2","0","","","","","","","","","","","","","","","","","","","","","","","","","","","0"
"664","Southern Miss.","12/21/10","29","HARDY","KENDRICK","12","48","0","48","0","","","","","","","12","48","1","19","0","","","","","","","","","","","","","","","","","","","","","","","","","","","0"
"664","Southern Miss.","09/02/10","21","HESTER","JEREMY","","","","","","","","","","","","0","0","","","","","","","","","","","","","","","3","53","0","","","","","","","","","","","","","0"
"664","Southern Miss.","09/11/10","21","HESTER","JEREMY","4","19","0","19","0","","","","","","","4","19","","","","","","","","","","","","","","","1","19","0","","","","","","","","","","","","","0"
"664","Southern Miss.","09/17/10","21","HESTER","JEREMY","","","","","","","","","","","","0","0","","","","","","","","","","","","","","","2","49","0","","","","","","","","","","","","","0"
"664","Southern Miss.","09/25/10","21","HESTER","JEREMY","","","","","","","","","","","","0","0","","","","","","","","","","","","","","","1","53","0","","","","","","","","","","","","","0"
"664","Southern Miss.","10/02/10","21","HESTER","JEREMY","","","","","","","","","","","","0","0","","","","","","","","","","","","","","","1","20","0","","","","","","","","","","","","","0"
"664","Southern Miss.","10/09/10","21","HESTER","JEREMY","","","","","","","","","","","","0","0","","","","","","","","","","","","","","","2","27","0","","","","","","","","","","","","","0"
"664","Southern Miss.","10/16/10","21","HESTER","JEREMY","","","","","","","","","","","","0","0","","","","","","","","","","","","","","","1","24","0","","","","","","","","","","","","","0"
"664","Southern Miss.","09/02/10","82","HODGES","DEON","","","","","","","","","","","","0","0","4","27","0","","","","","","","","","","","","","","","","","","","","","","","","","","","0"
"664","Southern Miss.","09/11/10","82","HODGES","DEON","","","","","","","","","","","","0","0","3","60","0","","","","","","","","","","","","","","","","","","","","","","","","","","","0"
"664","Southern Miss.","09/17/10","82","HODGES","DEON","","","","","","","","","","","","0","0","2","17","0","","","","","","","","","","","","","","","","","","","","","","","","","","","0"
"664","Southern Miss.","10/09/10","82","HODGES","DEON","","","","","","","","","","","","0","0","1","3","0","","","","","","","","","","","","","","","","","","","","","","","","","","","0"
"664","Southern Miss.","11/20/10","82","HODGES","DEON","","","","","","","","","","","","0","0","1","13","1","","","","","","","","","","","","","","","1","","","","","","","","","","","","6"
"664","Southern Miss.","11/26/10","82","HODGES","DEON","","","","","","","","","","","","0","0","2","31","1","","","","","","","","","","","","","","","1","","","","","","","","","","","","6"
"664","Southern Miss.","10/09/10","37","HOWZE","ALAN","","","","","","","","","","","","0","0","","","","","","","","","","","","1","0","0","","","","","","","","","","","","","","","","0"
"664","Southern Miss.","09/02/10","34","HRAPMANN","DANNY","","","","","","","","","","","","0","0","","","","","","","","","","","","","","","","","","","1","1","0","0","","","","","2","2","","7"
"664","Southern Miss.","09/11/10","34","HRAPMANN","DANNY","","","","","","","","","","","","0","0","","","","","","","","","","1","37","","","","","","","","4","4","0","0","","","","","2","2","","10"
"664","Southern Miss.","09/17/10","34","HRAPMANN","DANNY","","","","","","","","","","","","0","0","","","","","","","","","","","","","","","","","","","4","4","0","0","","","","","1","1","","7"
"664","Southern Miss.","09/25/10","34","HRAPMANN","DANNY","","","","","","","","","","","","0","0","","","","","","","","","","1","40","","","","","","","","1","1","0","0","","","","","2","2","","7"
"664","Southern Miss.","10/02/10","34","HRAPMANN","DANNY","","","","","","","","","","","","0","0","","","","","","","","","","1","40","","","","","","","","5","5","0","0","","","","","2","2","","11"
"664","Southern Miss.","10/09/10","34","HRAPMANN","DANNY","1","19","0","19","0","","","","","","","1","19","","","","","","","","","","1","55","","","","","","","","4","4","0","0","","","","","5","5","","19"
"664","Southern Miss.","10/16/10","34","HRAPMANN","DANNY","","","","","","","","","","","","0","0","","","","","","","","","","","","","","","","","","","5","5","0","0","","","","","3","2","","11"
"664","Southern Miss.","10/30/10","34","HRAPMANN","DANNY","","","","","","","","","","","","0","0","","","","","","","","","","","","","","","","","","","5","5","0","0","","","","","2","2","","11"
"664","Southern Miss.","11/06/10","34","HRAPMANN","DANNY","","","","","","","","","","","","0","0","","","","","","","","","","","","","","","","","","","5","5","0","0","","","","","4","3","","14"
"664","Southern Miss.","11/13/10","34","HRAPMANN","DANNY","","","","","","","","","","","","0","0","","","","","","","","","","1","43","","","","","","","","4","4","0","0","","","","","1","1","","7"
"664","Southern Miss.","11/20/10","34","HRAPMANN","DANNY","","","","","","","","","","","","0","0","","","","","","","","","","","","","","","","","","","8","8","0","0","","","","","2","1","","11"
"664","Southern Miss.","11/26/10","34","HRAPMANN","DANNY","","","","","","","","","","","","0","0","","","","","","","","","","","","","","","","","","","5","5","0","0","","","","","4","3","","14"
"664","Southern Miss.","12/21/10","34","HRAPMANN","DANNY","","","","","","","","","","","","0","0","","","","","","","","","","","","","","","","","","","4","4","0","0","","","","","1","0","","4"
"664","Southern Miss.","10/02/10","6","HUNT","REGGIE","","","","","","","","","","","","0","0","","","","","","","","","","","","1","0","0","","","","","","","","","","","","","","","","0"
"664","Southern Miss.","10/30/10","6","HUNT","REGGIE","","","","","","","","","","","","0","0","","","","","","","","","","","","","","","1","25","0","","","","","","","","","","","","","0"
"664","Southern Miss.","11/06/10","6","HUNT","REGGIE","","","","","","","","","","","","0","0","","","","","","","","","","","","","","","2","119","0","","","","","","","","","","","","","0"
"664","Southern Miss.","11/13/10","6","HUNT","REGGIE","","","","","","","","","","","","0","0","","","","","","","","","","","","","","","3","41","0","","","","","","","","","","","","","0"
"664","Southern Miss.","11/20/10","6","HUNT","REGGIE","","","","","","","","","","","","0","0","","","","","","","","","","","","","","","5","129","0","","","","","","","","","","","","","0"
"664","Southern Miss.","11/26/10","6","HUNT","REGGIE","","","","","","","","","","","","0","0","","","","","","","","","","","","","","","1","29","0","","","","","","","","","","","","","0"
"664","Southern Miss.","12/21/10","6","HUNT","REGGIE","","","","","","","","","","","","0","0","","","","","","","","","","","","","","","4","74","0","","","","","","","","","","","","","0"
"664","Southern Miss.","10/09/10","30","HUNTER","CHICO","","","","","","","","","","","","0","0","","","","1","4","0","","","","","","","","","","","","","","","","","","","","","","","","0"
"664","Southern Miss.","11/26/10","30","HUNTER","CHICO","","","","","","","","","","","","0","0","","","","1","0","0","","","","","","","","","","","","","","","","","","","","","","","","0"
"664","Southern Miss.","09/02/10","7O","JOHNSON","DESMOND","10","33","0","33","0","","","","","","","10","33","6","27","0","","","","","","","","","","","","","","","","","","","","","","","","","","","0"
"664","Southern Miss.","09/11/10","7O","JOHNSON","DESMOND","7","37","5","32","2","","","","","","","7","32","2","11","0","","","","","","","","","","","","","","","2","","","","","","","","","","","","12"
"664","Southern Miss.","09/17/10","7O","JOHNSON","DESMOND","8","91","2","89","1","","","","","","","8","89","2","6","0","","","","","","","","","","","","","","","1","","","","","","","","","","","","6"
"664","Southern Miss.","09/25/10","7O","JOHNSON","DESMOND","22","76","8","68","0","","","","","","","22","68","3","16","0","","","","","","","","","","","","","","","","","","","","","","","","","","","0"
"664","Southern Miss.","10/02/10","7O","JOHNSON","DESMOND","13","74","0","74","0","","","","","","","13","74","1","16","0","","","","","","","","","","","","","","","","","","","","","","","","","","","0"
"664","Southern Miss.","10/16/10","7O","JOHNSON","DESMOND","15","65","6","59","1","","","","","","","15","59","3","29","1","","","","","","","","","","","","","","","2","","","","","","","","","","","","12"
"664","Southern Miss.","10/30/10","7O","JOHNSON","DESMOND","10","48","5","43","1","","","","","","","10","43","2","27","0","","","","","","","","","","","","4","118","0","1","","","","","","","","","","","","6"
"664","Southern Miss.","11/06/10","7O","JOHNSON","DESMOND","7","29","4","25","0","","","","","","","7","25","1","1","0","","","","","","","","","","","","1","26","0","","","","","","","","","","","","","0"
"664","Southern Miss.","11/26/10","7O","JOHNSON","DESMOND","13","86","0","86","2","","","","","","","13","86","3","39","0","","","","","","","","","","","","","","","2","","","","","","","","","","","","12"
"664","Southern Miss.","12/21/10","7O","JOHNSON","DESMOND","10","107","5","102","1","","","","","","","10","102","","","","","","","","","","","","","","","","","","1","","","","","","","","","","","","6"
"664","Southern Miss.","09/02/10","1","LAMPLEY","TRACY","","","","","","","","","","","","0","0","3","14","0","","","","","","","","","1","13","0","2","34","0","","","","","","","","","","","","","0"
"664","Southern Miss.","09/17/10","1","LAMPLEY","TRACY","2","7","0","7","0","","","","","","","2","7","5","34","0","","","","","","","","","","","","","","","","","","","","","","","","","","","0"
"664","Southern Miss.","09/25/10","1","LAMPLEY","TRACY","7","35","0","35","0","","","","","","","7","35","4","19","0","","","","","","","","","3","27","0","","","","","","","","","","","","","","","","0"
"664","Southern Miss.","10/02/10","1","LAMPLEY","TRACY","9","53","0","53","0","","","","","","","9","53","1","6","0","","","","","","","","","5","46","0","","","","","","","","","","","","","","","","0"
"664","Southern Miss.","10/09/10","1","LAMPLEY","TRACY","13","49","0","49","0","","","","","","","13","49","1","7","0","","","","","","","","","1","6","0","5","115","0","","","","","","","","","","","","","0"
"664","Southern Miss.","10/16/10","1","LAMPLEY","TRACY","10","44","1","43","0","","","","","","","10","43","2","4","0","","","","","","","","","4","16","0","2","42","0","","","","","","","","","","","","","0"
"664","Southern Miss.","10/30/10","1","LAMPLEY","TRACY","","","","","","","","","","","","0","0","","","","","","","","","","","","","","","1","18","0","","","","","","","","","","","","","0"
"664","Southern Miss.","11/06/10","1","LAMPLEY","TRACY","2","65","0","65","1","","","","","","","2","65","2","4","0","","","","","","","","","2","3","0","1","6","0","1","","","","","","","","","","","","6"
"664","Southern Miss.","11/13/10","1","LAMPLEY","TRACY","6","38","0","38","0","","","","","","","6","38","2","28","0","","","","","","","","","1","7","0","","","","","","","","","","","","","","","","0"
"664","Southern Miss.","11/20/10","1","LAMPLEY","TRACY","8","37","0","37","0","","","","","","","8","37","3","70","0","","","","","","","","","2","-1","0","","","","","","","","","","","","","","","","0"
"664","Southern Miss.","11/26/10","1","LAMPLEY","TRACY","5","24","2","22","0","","","","","","","5","22","3","17","0","","","","","","","","","","","","","","","","","","","","","","","","","","","0"
"664","Southern Miss.","12/21/10","1","LAMPLEY","TRACY","3","35","0","35","0","","","","","","","3","35","","","","","","","","","","","","1","9","0","","","","","","","","","","","","","","","","0"
"664","Southern Miss.","09/02/10","87","LLANOS","FRANCISCO","","","","","","","","","","","","0","0","","","","","","","","","","","","1","17","0","","","","","","","","","","","","","","","","0"
"664","Southern Miss.","09/11/10","87","LLANOS","FRANCISCO","","","","","","","","","","","","0","0","","","","","","","","","","","","5","33","0","","","","","","","","","","","","","","","","0"
"664","Southern Miss.","11/26/10","87","LLANOS","FRANCISCO","","","","","","","","","","","","0","0","","","","","","","","","","","","","","","7","197","1","1","","","","","","","","","","","","6"
"664","Southern Miss.","09/17/10","19","MASSEY","JONATHAN","","","","","","","","","","","","0","0","1","1","1","","","","","","","","","","","","","","","1","","","","","","","","","","","","6"
"664","Southern Miss.","10/02/10","19","MASSEY","JONATHAN","","","","","","","","","","","","0","0","1","8","0","","","","","","","","","","","","","","","","","","","","","","","","","","","0"
"664","Southern Miss.","10/09/10","19","MASSEY","JONATHAN","","","","","","","","","","","","0","0","1","29","0","","","","","","","","","","","","","","","","","","","","","","","","","","","0"
"664","Southern Miss.","10/16/10","19","MASSEY","JONATHAN","","","","","","","","","","","","0","0","1","10","0","","","","","","","","","","","","","","","","","","","","","","","","","","","0"
"664","Southern Miss.","11/06/10","19","MASSEY","JONATHAN","","","","","","","","","","","","0","0","1","2","1","","","","","","","","","","","","","","","1","","","","","","","","","","","","6"
"664","Southern Miss.","09/02/10","83","MORRIS","JOHDRICK","","","","","","","","","","","","0","0","3","70","0","","","","","","","","","","","","","","","","","","","","","","","","","","","0"
"664","Southern Miss.","09/17/10","83","MORRIS","JOHDRICK","","","","","","","","","","","","0","0","1","9","0","","","","","","","","","","","","","","","","","","","","","","","","","","","0"
"664","Southern Miss.","09/25/10","83","MORRIS","JOHDRICK","","","","","","","","","","","","0","0","5","64","0","","","","","","","","","","","","","","","","","","","","","","","","","","","0"
"664","Southern Miss.","10/02/10","83","MORRIS","JOHDRICK","","","","","","","","","","","","0","0","4","63","0","","","","","","","","","","","","","","","","","","","","","","","","","","","0"
"664","Southern Miss.","10/09/10","83","MORRIS","JOHDRICK","","","","","","","","","","","","0","0","5","81","1","","","","","","","","","","","","","","","1","","","","","","","","","","","","6"
"664","Southern Miss.","10/16/10","83","MORRIS","JOHDRICK","","","","","","","","","","","","0","0","4","56","1","","","","","","","","","","","","","","","1","","","","","","","","","","","","6"
"664","Southern Miss.","10/30/10","83","MORRIS","JOHDRICK","1","0","9","-9","0","","","","","","","1","-9","9","135","0","","","","","","","","","","","","","","","","","","","","","","","","","","","0"
"664","Southern Miss.","11/06/10","83","MORRIS","JOHDRICK","","","","","","","","","","","","0","0","2","29","1","","","","","","","","","","","","","","","1","","","","","","","","","","","","6"
"664","Southern Miss.","11/13/10","83","MORRIS","JOHDRICK","","","","","","","","","","","","0","0","5","54","1","","","","","","","","","","","","","","","1","","","","","","","","","","","","6"
"664","Southern Miss.","11/20/10","83","MORRIS","JOHDRICK","","","","","","","","","","","","0","0","2","28","0","","","","","","","","","","","","","","","","","","","","","","","","","","","0"
"664","Southern Miss.","11/26/10","83","MORRIS","JOHDRICK","","","","","","","","","","","","0","0","6","74","0","","","","","","","","","","","","","","","","","","","","","","","","","","","0"
"664","Southern Miss.","12/21/10","83","MORRIS","JOHDRICK","","","","","","","","","","","","0","0","4","21","0","","","","","","","","","","","","","","","","","","","","","","","","","","","0"
"664","Southern Miss.","09/02/10","85","PIERCE","QUENTIN","","","","","","","","","","","","0","0","4","35","0","","","","","","","","","","","","1","21","0","","","","","","","","","","","","","0"
"664","Southern Miss.","09/17/10","85","PIERCE","QUENTIN","","","","","","","","","","","","0","0","3","19","0","","","","","","","","","","","","","","","","","","","","","","","","","","","0"
"664","Southern Miss.","09/25/10","85","PIERCE","QUENTIN","","","","","","","","","","","","0","0","3","26","0","","","","","","","","","","","","","","","","","","","","","","","","","","","0"
"664","Southern Miss.","10/02/10","85","PIERCE","QUENTIN","","","","","","","","","","","","0","0","1","19","1","","","","","","","","","","","","","","","1","","","","","","","","","","","","6"
"664","Southern Miss.","10/09/10","85","PIERCE","QUENTIN","","","","","","","","","","","","0","0","1","21","0","","","","","","","","","","","","","","","","","","","","","","","","","","","0"
"664","Southern Miss.","10/30/10","85","PIERCE","QUENTIN","","","","","","","","","","","","0","0","5","54","1","","","","","","","","","","","","","","","1","","","","","","","","","","","","6"
"664","Southern Miss.","11/06/10","85","PIERCE","QUENTIN","","","","","","1","1","0","26","1","","1","26","4","29","0","","","","","","","","","","","","","","","","","","","","","","","","","","","0"
"664","Southern Miss.","11/13/10","85","PIERCE","QUENTIN","","","","","","","","","","","","0","0","4","26","0","","","","","","","","","","","","","","","","","","","","","","","","","","","0"
"664","Southern Miss.","11/20/10","85","PIERCE","QUENTIN","","","","","","","","","","","","0","0","5","56","0","","","","","","","","","","","","","","","","","","","","","","","","","","","0"
"664","Southern Miss.","11/26/10","85","PIERCE","QUENTIN","","","","","","","","","","","","0","0","4","115","1","","","","","","","","","","","","","","","1","","","","","","","","","","","","6"
"664","Southern Miss.","12/21/10","85","PIERCE","QUENTIN","","","","","","1","1","0","17","1","","1","17","4","54","1","","","","","","","","","","","","","","","1","","","","","","","","","","","","6"
"664","Southern Miss.","11/06/10","26","PRESLEY","KENDRICK","","","","","","","","","","","","0","0","","","","","","","","","","","","","","","1","11","0","","","","","","","","","","","","","0"
"664","Southern Miss.","11/20/10","26","PRESLEY","KENDRICK","","","","","","","","","","","","0","0","","","","1","18","0","","","","","","","","","","","","","","","","","","","","","","","","0"
"664","Southern Miss.","09/11/10","41","SMITH","ROSS","","","","","","","","","","","","0","0","1","5","0","","","","","","","","","","","","","","","","","","","","","","","","","","","0"
"664","Southern Miss.","09/02/10","27","SPIGHT","WILLIAM","","","","","","","","","","","","0","0","4","21","0","","","","","","","","","","","","","","","","","","","","","","","","","","","0"
"664","Southern Miss.","09/17/10","27","SPIGHT","WILLIAM","","","","","","","","","","","","0","0","1","7","0","","","","","","","","","","","","","","","","","","","","","","","","","","","0"
"664","Southern Miss.","09/25/10","27","SPIGHT","WILLIAM","","","","","","","","","","","","0","0","1","13","0","","","","","","","","","","","","","","","","","","","","","","","","","","","0"
"664","Southern Miss.","10/09/10","27","SPIGHT","WILLIAM","","","","","","","","","","","","0","0","4","40","0","","","","","","","","","","","","","","","","","","","","","","","","","","","0"
"664","Southern Miss.","10/30/10","27","SPIGHT","WILLIAM","","","","","","","","","","","","0","0","3","41","0","","","","","","","","","","","","","","","","","","0","0","","","","","","","","0"
"664","Southern Miss.","11/06/10","27","SPIGHT","WILLIAM","","","","","","","","","","","","0","0","1","9","0","","","","","","","","","","","","","","","","","","","","","","","","","","","0"
"664","Southern Miss.","11/13/10","27","SPIGHT","WILLIAM","","","","","","","","","","","","0","0","2","6","0","","","","","","","","","","","","","","","","","","","","","","","","","","","0"
"664","Southern Miss.","11/20/10","27","SPIGHT","WILLIAM","","","","","","","","","","","","0","0","4","39","0","","","","","","","","","","","","","","","","","","","","","","","","","","","0"
"664","Southern Miss.","11/26/10","27","SPIGHT","WILLIAM","","","","","","","","","","","","0","0","5","43","0","","","","","","","","","","","","","","","","","","","","","","","","","","","0"
"664","Southern Miss.","10/02/10","8O","SULLIVAN","DOMINQUE","","","","","","","","","","","","0","0","1","15","0","","","","","","","","","","","","","","","","","","","","","","","","","","","0"
"664","Southern Miss.","10/16/10","8O","SULLIVAN","DOMINQUE","","","","","","","","","","","","0","0","1","22","0","","","","","","","","","","","","","","","","","","","","","","","","","","","0"
"664","Southern Miss.","12/21/10","8O","SULLIVAN","DOMINQUE","","","","","","","","","","","","0","0","1","11","0","","","","","","","","","","","","","","","","","","","","","","","","","","","0"
"664","Southern Miss.","10/09/10","56","THORNTON","RONNIE","","","","","","","","","","","","0","0","","","","","","","","","","","","","","","1","0","0","","","","","","","","","","","","","0"
"664","Southern Miss.","11/06/10","56","THORNTON","RONNIE","","","","","","","","","","","","0","0","","","","","","","","","","","","","","","2","29","0","","","","","","","","","","","","","0"
"664","Southern Miss.","09/25/10","23","TRIPLETT","MARKESE","","","","","","","","","","","","0","0","1","5","0","","","","","","","","","","","","","","","","","","","","","","","","","","","0"
"664","Southern Miss.","10/02/10","23","TRIPLETT","MARKESE","","","","","","","","","","","","0","0","3","31","0","","","","","","","","","","","","","","","","","","","","","","","","","","","0"
"664","Southern Miss.","11/26/10","23","TRIPLETT","MARKESE","","","","","","","","","","","","0","0","2","13","0","","","","","","","","","","","","","","","","","","","","","","","","","","","0"
"664","Southern Miss.","11/06/10","31","WALTERS","ALEXANDER","","","","","","","","","","","","0","0","","","","","","","1","41","1","","","","","","","","","1","","","","","","","","","","","","6"
"664","Southern Miss.","11/13/10","31","WALTERS","ALEXANDER","","","","","","","","","","","","0","0","","","","1","0","0","","","","","","","","","","","","","","","","","","","","","","","","0"
"664","Southern Miss.","11/20/10","88","WALTERS","ZEKE","","","","","","","","","","","","0","0","1","12","0","","","","","","","","","","","","","","","","","","","","","","","","","","","0"
"664","Southern Miss.","12/21/10","88","WALTERS","ZEKE","","","","","","","","","","","","0","0","1","8","1","","","","","","","","","","","","","","","1","","","","","","","","","","","","6"
"664","Southern Miss.","09/11/10","9D","WHEATON","MARQUESE","","","","","","","","","","","","0","0","","","","1","0","0","","","","","","","","","","","","","","","","","","","","","","","","0"
"664","Southern Miss.","10/30/10","9D","WHEATON","MARQUESE","","","","","","","","","","","","0","0","","","","1","0","0","","","","","","","","","","","","","","","","","","","","","","","","0"
"664","Southern Miss.","09/25/10","42","WILLIAMS","KOREY","","","","","","","","","","","","0","0","","","","1","4","0","","","","","","","","","","","","","","","","","","","","","","","","0"
"664","Southern Miss.","09/11/10","7D","WILSON","DERON","","","","","","","","","","","","0","0","","","","","","","","","","","","1","13","0","","","","","","","","","","","","","","","","0"
"664","Southern Miss.","09/17/10","7D","WILSON","DERON","","","","","","","","","","","","0","0","","","","","","","","","","","","0","7","1","","","","1","","","","","","","","","","","","6"
"664","Southern Miss.","09/25/10","7D","WILSON","DERON","","","","","","","","","","","","0","0","","","","1","2","0","","","","","","","","","","","","","","","","","","","","","","","","0"
"664","Southern Miss.","10/30/10","7D","WILSON","DERON","","","","","","","","","","","","0","0","","","","1","0","0","","","","","","","","","","","","","","","","","","","","","","","","0"
"664","Southern Miss.","11/26/10","7D","WILSON","DERON","","","","","","","","","","","","0","0","","","","1","36","1","","","","","","","","","","","","1","","","","","","","","","","","","6"
"664","Southern Miss.","09/02/10","8","WILSON","JUSTIN","","","","","","","","","","","","0","0","","","","1","17","0","","","","","","","","","","","","","","","","","","","","","","","","0"
"664","Southern Miss.","09/25/10","8","WILSON","JUSTIN","","","","","","","","","","","","0","0","","","","1","0","0","","","","","","","","","","","","","","","","","","","","","","","","0"
"664","Southern Miss.","10/09/10","8","WILSON","JUSTIN","","","","","","","","","","","","0","0","","","","1","0","0","","","","","","","","","","","","","","","","","","","","","","","","0"
"664","Southern Miss.","11/13/10","8","WILSON","JUSTIN","","","","","","","","","","","","0","0","","","","1","0","0","","","","","","","","","","","","","","","","","","","","","","","","0"
"664","Southern Miss.","09/02/10","14","YOUNG","MARTEVIOUS","1","6","0","6","0","14","7","0","99","1","","15","105","","","","","","","","","","","","","","","","","","","","","","","","","","","","","","0"
"664","Southern Miss.","09/11/10","14","YOUNG","MARTEVIOUS","4","33","3","30","0","8","5","0","33","0","","12","63","","","","","","","","","","","","","","","","","","","","","","","","","","","","","","0"
"664","Southern Miss.","10/02/10","14","YOUNG","MARTEVIOUS","1","5","0","5","0","","","","","","","1","5","","","","","","","","","","","","","","","","","","","","","","","","","","","","","","0"
"664","Southern Miss.","11/06/10","14","YOUNG","MARTEVIOUS","2","2","0","2","0","","","","","","","2","2","","","","","","","","","","","","","","","","","","","","","","","","","","","","","","0"
"664","Southern Miss.","11/13/10","14","YOUNG","MARTEVIOUS","","","","","","1","0","1","0","0","","1","0","","","","","","","","","","","","","","","","","","","","","","","","","","","","","","0"
"674","Stanford","01/03/11","43","AMAJOYI","CHIKE","1","0","1","-1","0","","","","","","","1","-1","","","","","","","","","","","","","","","","","","","","","","","","","","","","","","0"
"674","Stanford","09/04/10","15","AMANAM","USUA","8","51","1","50","0","","","","","","","8","50","1","-3","0","","","","","","","","","","","","1","38","0","","","","","","","","","","","","","0"
"674","Stanford","09/11/10","15","AMANAM","USUA","3","9","0","9","0","","","","","","","3","9","","","","","","","","","","","","","","","1","23","0","","","","","","","","","","","","","0"
"674","Stanford","09/18/10","15","AMANAM","USUA","4","31","0","31","0","","","","","","","4","31","1","12","1","","","","","","","","","","","","2","80","0","1","","","","","","","","","","","","6"
"674","Stanford","09/25/10","15","AMANAM","USUA","6","19","2","17","0","","","","","","","6","17","1","5","0","","","","","","","","","","","","","","","","","","","","","","","","","","","0"
"674","Stanford","10/02/10","15","AMANAM","USUA","2","6","0","6","0","","","","","","","2","6","","","","","","","","","","","","","","","2","31","0","","","","","","","","","","","","","0"
"674","Stanford","10/09/10","15","AMANAM","USUA","3","15","1","14","0","","","","","","","3","14","","","","","","","","","","","","","","","","","","","","","","","","","","","","","","0"
"674","Stanford","10/23/10","15","AMANAM","USUA","","","","","","","","","","","","0","0","","","","","","","","","","","","","","","3","61","0","","","","","","","","","","","","","0"
"674","Stanford","10/30/10","15","AMANAM","USUA","1","0","1","-1","0","","","","","","","1","-1","1","1","0","","","","","","","","","","","","1","21","0","","","","","","","","","","","","","0"
"674","Stanford","11/13/10","15","AMANAM","USUA","1","0","0","0","0","","","","","","","1","0","1","3","0","","","","","","","","","","","","3","32","0","","","","","","","","","","","","","0"
"674","Stanford","11/20/10","15","AMANAM","USUA","","","","","","","","","","","","0","0","","","","","","","","","","","","","","","2","35","0","","","","","","","","","","","","","0"
"674","Stanford","10/30/10","27","BADEMOSI","JOHNSON","","","","","","","","","","","","0","0","","","","1","19","0","","","","","","","","","","","","","","","","","","","","","","","","0"
"674","Stanford","09/04/10","89","BALDWIN","DOUG","","","","","","","","","","","","0","0","4","111","2","","","","","","","","","1","8","0","3","62","0","2","","","","","","","","","","","","12"
"674","Stanford","09/11/10","89","BALDWIN","DOUG","","","","","","","","","","","","0","0","3","50","0","","","","","","","","","2","2","0","","","","","","","0","0","","","","","","","","0"
"674","Stanford","09/18/10","89","BALDWIN","DOUG","","","","","","","","","","","","0","0","3","33","1","","","","","","","","","1","22","0","","","","1","","","","","","","","","","","","6"
"674","Stanford","09/25/10","89","BALDWIN","DOUG","","","","","","","","","","","","0","0","2","28","0","","","","","","","","","2","4","0","","","","","","","","","","","","","","","","0"
"674","Stanford","10/02/10","89","BALDWIN","DOUG","","","","","","","","","","","","0","0","3","33","0","","","","","","","","","1","1","0","","","","","","","","","","","","","","","","0"
"674","Stanford","10/09/10","89","BALDWIN","DOUG","","","","","","","","","","","","0","0","8","98","2","","","","","","","","","","","","","","","2","","","","","","","","","","","","12"
"674","Stanford","10/23/10","89","BALDWIN","DOUG","1","31","0","31","0","","","","","","","1","31","5","49","1","","","","","","","","","","","","","","","1","","","","","","","","","","","","6"
"674","Stanford","10/30/10","89","BALDWIN","DOUG","","","","","","","","","","","","0","0","5","56","0","","","","","","","","","","","","","","","","","","","","","","","","","","","0"
"674","Stanford","11/06/10","89","BALDWIN","DOUG","","","","","","","","","","","","0","0","3","50","0","","","","","","","","","","","","","","","","","","","","","","","","","","","0"
"674","Stanford","11/13/10","89","BALDWIN","DOUG","1","5","0","5","0","","","","","","","1","5","10","122","0","","","","","","","","","","","","","","","","","","","","","","","","","","","0"
"674","Stanford","11/20/10","89","BALDWIN","DOUG","1","3","0","3","0","","","","","","","1","3","5","97","1","","","","","","","","","","","","","","","1","","","","","","","","","","","","6"
"674","Stanford","11/27/10","89","BALDWIN","DOUG","","","","","","","","","","","","0","0","5","97","2","","","","","","","","","","","","","","","2","","","","","","","","","","","","12"
"674","Stanford","01/03/11","89","BALDWIN","DOUG","","","","","","","","","","","","0","0","2","33","0","","","","","","","","","","","","","","","","","","","","","","","","","","","0"
"674","Stanford","11/27/10","31","BROWNING","BARRY","","","","","","","","","","","","0","0","","","","1","0","0","","","","","","","","","","","","","","","","","","","","","","","","0"
"674","Stanford","09/04/10","86","ERTZ","ZACH","","","","","","","","","","","","0","0","2","8","1","","","","","","","","","","","","","","","1","","","","","","","","","","","","6"
"674","Stanford","09/25/10","86","ERTZ","ZACH","","","","","","","","","","","","0","0","1","5","0","","","","","","","","","","","","","","","","","","0","0","","","","","","","","0"
"674","Stanford","10/02/10","86","ERTZ","ZACH","","","","","","","","","","","","0","0","1","3","0","","","","","","","","","","","","","","","","","","","","","","","","","","","0"
"674","Stanford","10/30/10","86","ERTZ","ZACH","","","","","","","","","","","","0","0","3","20","1","","","","","","","","","","","","","","","1","","","","","","","","","","","","6"
"674","Stanford","11/13/10","86","ERTZ","ZACH","","","","","","","","","","","","0","0","1","5","0","","","","","","","","","","","","","","","","","","","","","","","","","","","0"
"674","Stanford","11/20/10","86","ERTZ","ZACH","","","","","","","","","","","","0","0","2","45","1","","","","","","","","","","","","","","","1","","","","","","","","","","","","6"
"674","Stanford","11/27/10","86","ERTZ","ZACH","","","","","","","","","","","","0","0","4","65","1","","","","","","","","","","","","","","","1","","","","","","","","","","","","6"
"674","Stanford","01/03/11","86","ERTZ","ZACH","","","","","","","","","","","","0","0","2","39","1","","","","","","","","","","","","","","","1","","","","","","","","","","","","6"
"674","Stanford","09/11/10","82","FLEENER","COBY","","","","","","","","","","","","0","0","2","25","1","","","","","","","","","","","","","","","1","","","","","","","","","","","","6"
"674","Stanford","09/18/10","82","FLEENER","COBY","","","","","","","","","","","","0","0","1","25","0","","","","","","","","","","","","","","","","","","","","","","","","","","","0"
"674","Stanford","09/25/10","82","FLEENER","COBY","","","","","","","","","","","","0","0","4","57","1","","","","","","","","","","","","","","","1","","","","","","","","","","","","6"
"674","Stanford","10/02/10","82","FLEENER","COBY","","","","","","","","","","","","0","0","2","41","1","","","","","","","","","","","","","","","1","","","","","","","","","","","","6"
"674","Stanford","10/09/10","82","FLEENER","COBY","","","","","","","","","","","","0","0","2","46","0","","","","","","","","","","","","","","","","","","","","","","","","","","","0"
"674","Stanford","10/23/10","82","FLEENER","COBY","","","","","","","","","","","","0","0","4","23","1","","","","","","","","","","","","1","1","0","1","","","","","","","","","","","","6"
"674","Stanford","10/30/10","82","FLEENER","COBY","","","","","","","","","","","","0","0","1","10","0","","","","","","","","","","","","","","","","","","","","","","","","","","","0"
"674","Stanford","11/06/10","82","FLEENER","COBY","","","","","","","","","","","","0","0","4","23","0","","","","","","","","","","","","","","","","","","","","","","","","","","","0"
"674","Stanford","11/13/10","82","FLEENER","COBY","","","","","","","","","","","","0","0","2","11","0","","","","","","","","","","","","","","","","","","","","","","","","","","","0"
"674","Stanford","01/03/11","82","FLEENER","COBY","","","","","","","","","","","","0","0","6","173","3","","","","","","","","","","","","","","","3","","","","","","","","","","","","18"
"674","Stanford","09/04/10","25","GAFFNEY","TYLER","8","33","0","33","1","","","","","","","8","33","","","","","","","","","","","","","","","","","","1","","","","","","","","","","","","6"
"674","Stanford","09/11/10","25","GAFFNEY","TYLER","8","30","2","28","0","","","","","","","8","28","","","","","","","","","","","","","","","","","","","","","","","","","","","","","","0"
"674","Stanford","09/18/10","25","GAFFNEY","TYLER","7","79","3","76","2","","","","","","","7","76","","","","","","","","","","","","","","","","","","2","","","","","","","","","","","","12"
"674","Stanford","09/25/10","25","GAFFNEY","TYLER","2","15","0","15","0","","","","","","","2","15","","","","","","","","","","","","","","","","","","","","","","","","","","","","","","0"
"674","Stanford","10/30/10","25","GAFFNEY","TYLER","13","50","0","50","1","","","","","","","13","50","","","","","","","","","","","","","","","","","","1","","","","","","","","","","","","6"
"674","Stanford","11/06/10","25","GAFFNEY","TYLER","6","15","0","15","0","","","","","","","6","15","1","5","1","","","","","","","","","","","","","","","1","","","","","","","","","","","","6"
"674","Stanford","11/13/10","25","GAFFNEY","TYLER","2","3","0","3","0","","","","","","","2","3","","","","","","","","","","","","","","","","","","","","","","","","","","","","","","0"
"674","Stanford","11/20/10","25","GAFFNEY","TYLER","4","1","3","-2","0","","","","","","","4","-2","","","","","","","","","","","","","","","","","","","","","","","","","","","","","","0"
"674","Stanford","11/27/10","25","GAFFNEY","TYLER","8","27","0","27","0","","","","","","","8","27","2","55","1","","","","","","","","","","","","","","","1","","","","","","","","","","","","6"
"674","Stanford","01/03/11","25","GAFFNEY","TYLER","2","10","0","10","0","","","","","","","2","10","","","","","","","","","","","","","","","","","","","","","","","","","","","","","","0"
"674","Stanford","11/20/10","2","GATEWOOD","COREY","1","6","0","6","0","","","","","","","1","6","","","","","","","","","","","","","","","","","","","","","","","","","","","","","","0"
"674","Stanford","11/20/10","38","GREEN","DAVID","","","","","","","","","","","","0","0","","","","","","","","","","1","35","","","","","","","","","","","","","","","","","","","0"
"674","Stanford","11/27/10","38","GREEN","DAVID","","","","","","","","","","","","0","0","","","","","","","","","","4","171","","","","","","","","","","","","","","","","","","","0"
"674","Stanford","01/03/11","38","GREEN","DAVID","","","","","","","","","","","","0","0","","","","","","","","","","3","138","","","","","","","","","","","","","","","","","","","0"
"674","Stanford","09/18/10","85","HEWITT","RYAN","","","","","","","","","","","","0","0","1","10","0","","","","","","","","","","","","1","8","0","","","","","","","","","","","","","0"
"674","Stanford","11/06/10","85","HEWITT","RYAN","","","","","","","","","","","","0","0","1","6","0","","","","","","","","","","","","","","","","","","","","","","","","","","","0"
"674","Stanford","10/02/10","26","HOWELL","DELANO","","","","","","","","","","","","0","0","","","","1","0","0","","","","","","","","","","","","","","","","","","","","","","","","0"
"674","Stanford","10/30/10","26","HOWELL","DELANO","","","","","","","","","","","","0","0","","","","1","0","0","","","","","","","","","","","","","","","","","","","","","","","","0"
"674","Stanford","11/13/10","26","HOWELL","DELANO","","","","","","","","","","","","0","0","","","","1","0","0","","","","","","","","","","","","","","","","","","","","","","","","0"
"674","Stanford","11/27/10","26","HOWELL","DELANO","","","","","","","","","","","","0","0","","","","1","0","0","","","","","","","","","","","","","","","","","","","","","","","","0"
"674","Stanford","01/03/11","26","HOWELL","DELANO","","","","","","","","","","","","0","0","","","","1","0","0","","","","","","","","","","","","","","","","","","","","","","","","0"
"674","Stanford","09/11/10","94","KEISER","TOM","","","","","","","","","","","","0","0","","","","1","0","0","","","","","","","","","","","","","","","","","","","","","","","","0"
"674","Stanford","09/18/10","80","KNAPP","SAM","","","","","","","","","","","","0","0","1","7","0","","","","","","","","","","","","","","","","","","","","","","","","","","","0"
"674","Stanford","09/04/10","5","LOUKAS","ALEX","2","57","0","57","0","1","0","0","0","0","","3","57","","","","","","","","","","","","","","","","","","","","","","","","","","","","","","0"
"674","Stanford","09/11/10","5","LOUKAS","ALEX","3","17","2","15","0","","","","","","","3","15","","","","","","","","","","","","","","","","","","","","","","","","","","","","","","0"
"674","Stanford","09/18/10","5","LOUKAS","ALEX","6","42","3","39","1","4","2","0","18","0","","10","57","","","","","","","","","","","","","","","","","","1","","","","","","","","","","","","6"
"674","Stanford","10/23/10","5","LOUKAS","ALEX","2","8","1","7","0","","","","","","","2","7","","","","","","","","","","","","","","","","","","","","","","","","","","","","","","0"
"674","Stanford","10/30/10","5","LOUKAS","ALEX","1","1","0","1","0","","","","","","","1","1","","","","","","","","","","","","","","","","","","","","","","","","","","","","","","0"
"674","Stanford","11/13/10","5","LOUKAS","ALEX","1","8","0","8","0","","","","","","","1","8","","","","","","","","","","","","","","","","","","","","","","","","","","","","","","0"
"674","Stanford","11/20/10","5","LOUKAS","ALEX","3","23","0","23","0","","","","","","","3","23","","","","","","","","","","","","","","","","","","","","","","","","","","","","","","0"
"674","Stanford","09/04/10","12","LUCK","ANDREW","3","18","10","8","0","23","17","0","316","4","","26","324","","","","","","","","","","","","","","","","","","","","","","","","","","","","","","0"
"674","Stanford","09/11/10","12","LUCK","ANDREW","7","63","0","63","0","24","11","0","151","2","1","31","214","","","","","","","","","","","","","","","","","","","","","1","1","","","","","","","","2"
"674","Stanford","09/18/10","12","LUCK","ANDREW","3","69","0","69","1","23","17","0","207","4","","26","276","","","","","","","","","","","","","","","","","","1","","","","","","","","","","","","6"
"674","Stanford","09/25/10","12","LUCK","ANDREW","4","23","0","23","0","32","19","2","238","1","1","36","261","","","","","","","","","","","","","","","","","","","","","1","1","","","","","","","","2"
"674","Stanford","10/02/10","12","LUCK","ANDREW","8","48","9","39","1","46","29","2","341","2","","54","380","","","","","","","","","","","","","","","","","","1","","","","","","","","","","","","6"
"674","Stanford","10/09/10","12","LUCK","ANDREW","6","48","8","40","0","24","20","0","285","3","","30","325","","","","","","","","","","","","","","","","","","","","","","","","","","","","","","0"
"674","Stanford","10/23/10","12","LUCK","ANDREW","4","15","4","11","0","28","20","1","190","3","","32","201","","","","","","","","","","","","","","","","","","","","","","","","","","","","","","0"
"674","Stanford","10/30/10","12","LUCK","ANDREW","5","92","0","92","1","26","19","1","192","1","","31","284","","","","","","","","","","","","","","","","","","1","","","","","","","","","","","","6"
"674","Stanford","11/06/10","12","LUCK","ANDREW","3","25","0","25","0","32","23","0","299","2","","35","324","","","","","","","","","","","","","","","","","","","","","","","","","","","","","","0"
"674","Stanford","11/13/10","12","LUCK","ANDREW","3","16","13","3","0","41","33","1","292","0","","44","295","","","","","","","","","","","","","","","","","","","","","","","","","","","","","","0"
"674","Stanford","11/20/10","12","LUCK","ANDREW","3","72","0","72","0","20","16","0","235","2","","23","307","","","","","","","","","","","","","","","","","","","","","","","","","","","","","","0"
"674","Stanford","11/27/10","12","LUCK","ANDREW","2","8","15","-7","0","30","21","0","305","4","","32","298","","","","","","","","","","","","","","","","","","","","","","","","","","","","","","0"
"674","Stanford","01/03/11","12","LUCK","ANDREW","4","16","1","15","0","23","18","1","287","4","","27","302","","","","","","","","","","","","","","","","","","","","","","","","","","","","","","0"
"674","Stanford","09/04/10","48","MARECIC","OWEN","1","6","0","6","0","","","","","","","1","6","","","","","","","","","","","","","","","","","","","","","","","","","","","","","","0"
"674","Stanford","09/11/10","48","MARECIC","OWEN","3","5","0","5","1","","","","","","","3","5","","","","","","","","","","","","","","","","","","1","","","","","","","","","","","","6"
"674","Stanford","09/18/10","48","MARECIC","OWEN","2","6","0","6","0","","","","","","","2","6","","","","","","","","","","","","","","","","","","","","","","","","","","","","","","0"
"674","Stanford","09/25/10","48","MARECIC","OWEN","3","3","0","3","1","","","","","","","3","3","1","4","0","1","20","1","","","","","","","","","","","","2","","","","","","","","","","","","12"
"674","Stanford","10/02/10","48","MARECIC","OWEN","2","6","0","6","0","","","","","","","2","6","1","4","0","","","","","","","","","","","","","","","","","","","","","","","","","","","0"
"674","Stanford","10/09/10","48","MARECIC","OWEN","","","","","","","","","","","","0","0","1","5","0","","","","","","","","","","","","","","","","","","","","","","","","","","","0"
"674","Stanford","10/23/10","48","MARECIC","OWEN","2","5","0","5","0","","","","","","","2","5","2","15","0","1","19","0","","","","","","","","","","","","","","","","","","","","","","","","0"
"674","Stanford","10/30/10","48","MARECIC","OWEN","","","","","","","","","","","","0","0","2","27","0","","","","","","","","","","","","","","","","","","","","","","","","","","","0"
"674","Stanford","11/06/10","48","MARECIC","OWEN","1","2","0","2","0","","","","","","","1","2","1","10","0","","","","","","","","","","","","","","","","","","","","","","","","","","","0"
"674","Stanford","11/13/10","48","MARECIC","OWEN","4","4","0","4","2","","","","","","","4","4","1","10","0","","","","","","","","","","","","","","","2","","","","","","","","","","","","12"
"674","Stanford","11/20/10","48","MARECIC","OWEN","1","2","0","2","0","","","","","","","1","2","","","","","","","","","","","","","","","","","","","","","","","","","","","","","","0"
"674","Stanford","11/27/10","48","MARECIC","OWEN","1","3","0","3","0","","","","","","","1","3","","","","","","","","","","","","","","","","","","","","","","","","","","","","","","0"
"674","Stanford","01/03/11","48","MARECIC","OWEN","3","4","0","4","1","","","","","","","3","4","","","","","","","","","","","","","","","","","","1","","","","","","","","","","","","6"
"674","Stanford","01/03/11","74","MCGILLICUDDY","","1","7","0","7","0","","","","","","","1","7","","","","","","","","","","","","","","","","","","","","","","","","","","","","","","0"
"674","Stanford","09/18/10","0F","NUNES","JOSH","","","","","","1","1","0","7","0","","1","7","","","","","","","","","","","","","","","","","","","","","","","","","","","","","","0"
"674","Stanford","11/20/10","0F","NUNES","JOSH","","","","","","1","0","0","0","0","","1","0","","","","","","","","","","","","","","","","","","","","","","","","","","","","","","0"
"674","Stanford","09/18/10","81","OWUSU","CHRIS","","","","","","","","","","","","0","0","3","65","2","","","","","","","","","","","","","","","2","","","","","","","","","","","","12"
"674","Stanford","09/25/10","81","OWUSU","CHRIS","","","","","","","","","","","","0","0","2","23","0","","","","","","","","","","","","3","62","0","","","","","","","","","","","","","0"
"674","Stanford","10/02/10","81","OWUSU","CHRIS","","","","","","","","","","","","0","0","6","52","0","","","","","","","","","","","","4","69","0","","","","","","","","","","","","","0"
"674","Stanford","10/09/10","81","OWUSU","CHRIS","1","20","0","20","0","","","","","","","1","20","3","73","0","","","","","","","","","","","","6","205","0","","","","","","","","","","","","","0"
"674","Stanford","10/30/10","81","OWUSU","CHRIS","","","","","","","","","","","","0","0","1","16","0","","","","","","","","","","","","","","","","","","","","","","","","","","","0"
"674","Stanford","11/06/10","81","OWUSU","CHRIS","1","12","0","12","0","","","","","","","1","12","9","165","1","","","","","","","","","","","","4","84","0","1","","","","","","","","","","","","6"
"674","Stanford","01/03/11","81","OWUSU","CHRIS","","","","","","","","","","","","0","0","1","2","0","","","","","","","","","","","","2","42","0","","","","","","","","","","","","","0"
"674","Stanford","09/04/10","21","PATTERSON","JAMAL-RASHAD","","","","","","","","","","","","0","0","1","13","0","","","","","","","","","","","","","","","","","","","","","","","","","","","0"
"674","Stanford","09/18/10","21","PATTERSON","JAMAL-RASHAD","","","","","","","","","","","","0","0","1","4","0","","","","","","","","","","","","","","","","","","","","","","","","","","","0"
"674","Stanford","10/02/10","21","PATTERSON","JAMAL-RASHAD","","","","","","","","","","","","0","0","1","41","0","","","","","","","","","","","","","","","","","","","","","","","","","","","0"
"674","Stanford","10/23/10","21","PATTERSON","JAMAL-RASHAD","","","","","","","","","","","","0","0","1","10","0","","","","","","","","","","","","","","","","","","","","","","","","","","","0"
"674","Stanford","09/04/10","88","REULAND","KONRAD","","","","","","","","","","","","0","0","3","37","0","","","","","","","","","","","","","","","","","","","","","","","","","","","0"
"674","Stanford","09/18/10","88","REULAND","KONRAD","","","","","","","","","","","","0","0","2","19","0","","","","","","","","","","","","","","","","","","","","","","","","","","","0"
"674","Stanford","09/25/10","88","REULAND","KONRAD","","","","","","","","","","","","0","0","3","48","0","","","","","","","","","","","","","","","","","","","","","","","","","","","0"
"674","Stanford","10/02/10","88","REULAND","KONRAD","","","","","","","","","","","","0","0","2","21","0","","","","","","","","","","","","","","","","","","","","","","","","","","","0"
"674","Stanford","10/09/10","88","REULAND","KONRAD","","","","","","","","","","","","0","0","1","2","1","","","","","","","","","","","","","","","1","","","","","","","","","","","","6"
"674","Stanford","10/23/10","88","REULAND","KONRAD","","","","","","","","","","","","0","0","1","11","0","","","","","","","","","","","","","","","","","","","","","","","","","","","0"
"674","Stanford","11/06/10","88","REULAND","KONRAD","","","","","","","","","","","","0","0","1","13","0","","","","","","","","","","","","","","","","","","","","","","","","","","","0"
"674","Stanford","11/13/10","88","REULAND","KONRAD","","","","","","","","","","","","0","0","4","35","0","","","","","","","","","","","","","","","","","","","","","","","","","","","0"
"674","Stanford","11/20/10","88","REULAND","KONRAD","","","","","","","","","","","","0","0","1","6","0","","","","","","","","","","","","","","","","","","","","","","","","","","","0"
"674","Stanford","11/27/10","88","REULAND","KONRAD","","","","","","","","","","","","0","0","1","3","0","","","","","","","","","","","","","","","","","","","","","","","","","","","0"
"674","Stanford","01/03/11","88","REULAND","KONRAD","","","","","","","","","","","","0","0","2","14","0","","","","","","","","","","","","","","","","","","","","","","","","","","","0"
"674","Stanford","09/11/10","9","SHERMAN","RICHARD","","","","","","","","","","","","0","0","","","","1","0","0","","","","","","","","","","","","","","","","","","","","","","","","0"
"674","Stanford","10/02/10","9","SHERMAN","RICHARD","","","","","","","","","","","","0","0","","","","","","","","","","","","","","","1","16","0","","","","","","","","","","","","","0"
"674","Stanford","10/09/10","9","SHERMAN","RICHARD","","","","","","","","","","","","0","0","","","","","","","1","5","0","","","","","","","","","","","","","","","","","","","","","0"
"674","Stanford","11/06/10","9","SHERMAN","RICHARD","","","","","","","","","","","","0","0","","","","1","15","0","","","","","","","","","","","","","","","","","","","","","","","","0"
"674","Stanford","11/20/10","9","SHERMAN","RICHARD","","","","","","","","","","","","0","0","","","","1","0","0","","","","","","","","","","","","","","","","","","","","","","","","0"
"674","Stanford","11/27/10","9","SHERMAN","RICHARD","","","","","","","","","","","","0","0","","","","1","24","0","","","","","","","","","","","","","","","","","","","","","","","","0"
"674","Stanford","10/23/10","40","SKAUFEL","TAYLOR","","","","","","","","","","","","0","0","","","","1","17","0","","","","","","","","","","","","","","","","","","","","","","","","0"
"674","Stanford","09/04/10","34","STEWART","JEREMY","5","21","0","21","1","","","","","","","5","21","","","","","","","","","","","","","","","","","","1","","","","","","","","","","","","6"
"674","Stanford","10/23/10","34","STEWART","JEREMY","1","0","0","0","0","","","","","","","1","0","","","","","","","","","","","","","","","","","","","","","","","","","","","","","","0"
"674","Stanford","10/30/10","34","STEWART","JEREMY","2","3","0","3","0","","","","","","","2","3","","","","","","","","","","","","","","","","","","","","","","","","","","","","","","0"
"674","Stanford","11/06/10","34","STEWART","JEREMY","1","8","0","8","0","","","","","","","1","8","","","","","","","","","","","","","","","","","","","","","","","","","","","","","","0"
"674","Stanford","11/13/10","34","STEWART","JEREMY","2","4","0","4","0","","","","","","","2","4","","","","","","","","","","","","","","","","","","","","","","","","","","","","","","0"
"674","Stanford","11/20/10","34","STEWART","JEREMY","2","3","1","2","0","","","","","","","2","2","","","","","","","","","","","","","","","","","","","","","","","","","","","","","","0"
"674","Stanford","11/27/10","34","STEWART","JEREMY","","","","","","","","","","","","0","0","","","","","","","","","","","","","","","1","24","0","","","","","","","","","","","","","0"
"674","Stanford","01/03/11","34","STEWART","JEREMY","5","99","0","99","1","","","","","","","5","99","","","","","","","","","","","","","","","1","25","0","1","","","","","","","","","","","","6"
"674","Stanford","09/18/10","29","STUTZ","ANDREW","2","6","0","6","1","","","","","","","2","6","","","","","","","","","","","","","","","","","","1","","","","","","","","","","","","6"
"674","Stanford","09/04/10","33","TAYLOR","STEPFAN","3","17","1","16","0","","","","","","","3","16","1","59","1","","","","","","","","","","","","","","","1","","","","","","","","","","","","6"
"674","Stanford","09/11/10","33","TAYLOR","STEPFAN","20","85","4","81","0","","","","","","","20","81","1","17","0","","","","","","","","","","","","","","","","","","","","","","","","","","","0"
"674","Stanford","09/18/10","33","TAYLOR","STEPFAN","8","60","0","60","1","","","","","","","8","60","2","9","0","","","","","","","","","","","","1","17","0","1","","","","","","","","","","","","6"
"674","Stanford","09/25/10","33","TAYLOR","STEPFAN","28","114","6","108","0","","","","","","","28","108","2","31","0","","","","","","","","","","","","","","","","","","","","","","","","","","","0"
"674","Stanford","10/02/10","33","TAYLOR","STEPFAN","17","113","0","113","1","","","","","","","17","113","8","68","0","","","","","","","","","","","","","","","1","","","","","","","","","","","","6"
"674","Stanford","10/09/10","33","TAYLOR","STEPFAN","23","112","8","104","1","","","","","","","23","104","3","18","0","","","","","","","","","","","","","","","1","","","","","","","","","","","","6"
"674","Stanford","10/23/10","33","TAYLOR","STEPFAN","27","143","1","142","2","","","","","","","27","142","1","11","0","","","","","","","","","","","","","","","2","","","","","","","","","","","","12"
"674","Stanford","10/30/10","33","TAYLOR","STEPFAN","20","106","2","104","2","","","","","","","20","104","1","3","0","","","","","","","","","","","","","","","2","","","","","","","","","","","","12"
"674","Stanford","11/06/10","33","TAYLOR","STEPFAN","19","82","0","82","4","","","","","","","19","82","1","12","0","","","","","","","","","","","","","","","4","","","","","","","","","","","","24"
"674","Stanford","11/13/10","33","TAYLOR","STEPFAN","16","42","3","39","0","","","","","","","16","39","4","17","0","","","","","","","","","","","","","","","","","","","","","","","","","","","0"
"674","Stanford","11/20/10","33","TAYLOR","STEPFAN","15","59","0","59","3","","","","","","","15","59","2","14","0","","","","","","","","","","","","","","","3","","","","","","","","","","","","18"
"674","Stanford","11/27/10","33","TAYLOR","STEPFAN","14","124","9","115","1","","","","","","","14","115","","","","","","","","","","","","","","","","","","1","","","","","","","","","","","","6"
"674","Stanford","01/03/11","33","TAYLOR","STEPFAN","13","118","4","114","0","","","","","","","13","114","2","7","0","","","","","","","","","","","","","","","","","","","","","","","","","","","0"
"674","Stanford","10/09/10","4","TERRELL","DREW","","","","","","","","","","","","0","0","","","","","","","","","","","","1","1","0","","","","","","","","","","","","","","","","0"
"674","Stanford","10/23/10","4","TERRELL","DREW","","","","","","","","","","","","0","0","","","","","","","","","","","","1","10","0","","","","","","","","","","","","","","","","0"
"674","Stanford","10/30/10","4","TERRELL","DREW","","","","","","","","","","","","0","0","","","","","","","","","","","","4","26","0","","","","","","","","","","","","","","","","0"
"674","Stanford","11/06/10","4","TERRELL","DREW","","","","","","","","","","","","0","0","","","","","","","","","","","","1","27","0","","","","","","","","","","","","","","","","0"
"674","Stanford","11/13/10","4","TERRELL","DREW","","","","","","","","","","","","0","0","","","","","","","","","","","","3","56","0","","","","","","","","","","","","","","","","0"
"674","Stanford","11/20/10","4","TERRELL","DREW","","","","","","","","","","","","0","0","1","3","0","","","","","","","","","1","32","0","","","","","","","","","","","","","","","","0"
"674","Stanford","11/27/10","4","TERRELL","DREW","","","","","","","","","","","","0","0","1","8","0","","","","","","","","","3","31","0","","","","","","","","","","","","","","","","0"
"674","Stanford","01/03/11","4","TERRELL","DREW","","","","","","","","","","","","0","0","","","","","","","","","","","","4","36","0","","","","","","","","","","","","","","","","0"
"674","Stanford","10/02/10","44","THOMAS","CHASE","","","","","","","","","","","","0","0","","","","1","2","0","","","","","","","","","","","","","","","","","","","","","","","","0"
"674","Stanford","09/11/10","3","THOMAS","MICHAEL","","","","","","","","","","","","0","0","","","","","","","1","21","1","","","","","","","","","1","","","","","","","","","","","","6"
"674","Stanford","11/20/10","3","THOMAS","MICHAEL","","","","","","","","","","","","0","0","","","","1","0","0","","","","","","","","","","","","","","","","","","","","","","","","0"
"674","Stanford","09/04/10","11","TOILOLO","LEVINE","","","","","","","","","","","","0","0","1","27","0","","","","","","","","","","","","","","","","","","","","","","","","","","","0"
"674","Stanford","09/11/10","17","WHALEN","GRIFF","","","","","","","","","","","","0","0","1","19","0","","","","","","","","","","","","","","","","","","","","","","","","","","","0"
"674","Stanford","09/18/10","17","WHALEN","GRIFF","","","","","","","","","","","","0","0","3","39","0","","","","","","","","","","","","","","","","","","","","","","","","","","","0"
"674","Stanford","09/25/10","17","WHALEN","GRIFF","","","","","","","","","","","","0","0","3","37","0","","","","","","","","","","","","","","","","","","","","","","","","","","","0"
"674","Stanford","10/02/10","17","WHALEN","GRIFF","","","","","","","","","","","","0","0","5","78","1","","","","","","","","","","","","","","","1","","","","","","","","","","","","6"
"674","Stanford","11/13/10","17","WHALEN","GRIFF","","","","","","","","","","","","0","0","3","40","0","","","","","","","","","","","","","","","","","","","","","","","","","","","0"
"674","Stanford","11/20/10","17","WHALEN","GRIFF","","","","","","","","","","","","0","0","2","36","0","","","","","","","","","","","","","","","","","","","","","","","","","","","0"
"674","Stanford","09/04/10","8","WHALEN","RYAN","","","","","","","","","","","","0","0","4","64","0","","","","","","","","","","","","","","","","","","","","","","","","","","","0"
"674","Stanford","09/11/10","8","WHALEN","RYAN","","","","","","","","","","","","0","0","4","40","1","","","","","","","","","","","","","","","1","","","","","","","","","","","","6"
"674","Stanford","09/18/10","8","WHALEN","RYAN","","","","","","","","","","","","0","0","2","9","0","","","","","","","","","","","","","","","","","","","","","","","","","","","0"
"674","Stanford","10/09/10","8","WHALEN","RYAN","","","","","","","","","","","","0","0","1","18","0","","","","","","","","","","","","","","","","","","","","","","","","","","","0"
"674","Stanford","10/23/10","8","WHALEN","RYAN","","","","","","","","","","","","0","0","6","71","1","","","","","","","","","","","","","","","1","","","","","","","","","","","","6"
"674","Stanford","10/30/10","8","WHALEN","RYAN","","","","","","","","","","","","0","0","5","59","0","","","","","","","","","","","","","","","","","","","","","","","","","","","0"
"674","Stanford","11/06/10","8","WHALEN","RYAN","","","","","","","","","","","","0","0","2","15","0","","","","","","","","","","","","","","","","","","","","","","","","","","","0"
"674","Stanford","11/13/10","8","WHALEN","RYAN","","","","","","","","","","","","0","0","5","51","0","","","","","","","","","","","","","","","","","","","","","","","","","","","0"
"674","Stanford","11/20/10","8","WHALEN","RYAN","","","","","","","","","","","","0","0","3","34","0","","","","","","","","","","","","","","","","","","","","","","","","","","","0"
"674","Stanford","11/27/10","8","WHALEN","RYAN","","","","","","","","","","","","0","0","7","54","0","","","","","","","","","","","","","","","","","","","","","","","","","","","0"
"674","Stanford","01/03/11","8","WHALEN","RYAN","","","","","","","","","","","","0","0","2","24","0","","","","","","","","","","","","","","","","","","","","","","","","","","","0"
"674","Stanford","09/04/10","39","WHITAKER","NATE","","","","","","","","","","","","0","0","","","","","","","","","","","","","","","","","","","7","7","0","0","","","","","1","1","","10"
"674","Stanford","09/11/10","39","WHITAKER","NATE","","","","","","","","","","","","0","0","","","","","","","","","","","","","","","","","","","3","3","0","0","","","","","2","2","","9"
"674","Stanford","09/18/10","39","WHITAKER","NATE","","","","","","","","","","","","0","0","","","","","","","","","","","","","","","","","","","10","8","0","0","","","","","","","","8"
"674","Stanford","09/25/10","39","WHITAKER","NATE","","","","","","","","","","","","0","0","","","","","","","","","","","","","","","","","","","2","2","0","0","","","","","5","5","","17"
"674","Stanford","10/02/10","39","WHITAKER","NATE","","","","","","","","","","","","0","0","","","","","","","","","","","","","","","","","","","4","4","0","0","","","","","1","1","","7"
"674","Stanford","10/09/10","39","WHITAKER","NATE","","","","","","","","","","","","0","0","","","","","","","","","","","","","","","","","","","5","4","0","0","","","","","1","1","","7"
"674","Stanford","10/23/10","39","WHITAKER","NATE","","","","","","","","","","","","0","0","","","","","","","","","","","","","","","","","","","5","5","0","0","","","","","1","1","","8"
"674","Stanford","10/30/10","39","WHITAKER","NATE","","","","","","","","","","","","0","0","","","","","","","","","","","","","","","","","","","5","5","0","0","","","","","3","2","","11"
"674","Stanford","11/06/10","39","WHITAKER","NATE","","","","","","","","","","","","0","0","","","","","","","","","","","","","","","","","","","6","6","0","0","","","","","","","","6"
"674","Stanford","11/13/10","39","WHITAKER","NATE","","","","","","","","","","","","0","0","","","","","","","","","","","","","","","","","","","2","2","0","0","","","","","2","1","","5"
"674","Stanford","11/20/10","39","WHITAKER","NATE","","","","","","","","","","","","0","0","","","","","","","","","","","","","","","","","","","6","6","0","0","","","","","2","2","","12"
"674","Stanford","11/27/10","39","WHITAKER","NATE","","","","","","","","","","","","0","0","","","","","","","","","","","","","","","","","","","5","5","0","0","","","","","1","1","","8"
"674","Stanford","01/03/11","39","WHITAKER","NATE","","","","","","","","","","","","0","0","","","","","","","","","","","","","","","","","","","6","4","0","0","","","","","","","","4"
"674","Stanford","09/04/10","32","WILKERSON","ANTHONY","7","27","0","27","1","","","","","","","7","27","","","","","","","","","","","","","","","","","","1","","","","","","","","","","","","6"
"674","Stanford","09/11/10","32","WILKERSON","ANTHONY","3","12","0","12","0","","","","","","","3","12","","","","","","","","","","","","","","","","","","","","","","","","","","","","","","0"
"674","Stanford","09/18/10","32","WILKERSON","ANTHONY","6","18","2","16","0","","","","","","","6","16","","","","","","","","","","","","","","","","","","","","","","","","","","","","","","0"
"674","Stanford","09/25/10","32","WILKERSON","ANTHONY","1","0","0","0","0","","","","","","","1","0","","","","","","","","","","","","","","","","","","","","","","","","","","","","","","0"
"674","Stanford","10/02/10","32","WILKERSON","ANTHONY","2","13","0","13","0","","","","","","","2","13","","","","","","","","","","","","","","","","","","","","","","","","","","","","","","0"
"674","Stanford","10/09/10","32","WILKERSON","ANTHONY","3","15","0","15","1","","","","","","","3","15","1","25","0","","","","","","","","","","","","","","","1","","","","","","","","","","","","6"
"674","Stanford","10/23/10","32","WILKERSON","ANTHONY","9","55","0","55","0","","","","","","","9","55","","","","","","","","","","","","","","","","","","","","","","","","","","","","","","0"
"674","Stanford","10/30/10","32","WILKERSON","ANTHONY","5","32","3","29","0","","","","","","","5","29","","","","","","","","","","","","","","","","","","","","","","","","","","","","","","0"
"674","Stanford","11/06/10","32","WILKERSON","ANTHONY","10","84","3","81","0","","","","","","","10","81","","","","","","","","","","","","","","","","","","","","","","","","","","","","","","0"
"674","Stanford","11/13/10","32","WILKERSON","ANTHONY","10","65","0","65","0","","","","","","","10","65","1","-1","0","","","","","","","","","","","","","","","","","","","","","","","","","","","0"
"674","Stanford","11/20/10","32","WILKERSON","ANTHONY","18","68","1","67","1","","","","","","","18","67","","","","","","","","","","","","","","","","","","1","","","","","","","","","","","","6"
"674","Stanford","11/27/10","32","WILKERSON","ANTHONY","13","31","2","29","0","","","","","","","13","29","1","23","0","","","","","","","","","","","","","","","","","","","","","","","","","","","0"
"674","Stanford","01/03/11","32","WILKERSON","ANTHONY","2","1","2","-1","0","","","","","","","2","-1","","","","","","","","","","","","","","","","","","","","","","","","","","","","","","0"
"674","Stanford","09/11/10","23","YANCY","AUSTIN","","","","","","","","","","","","0","0","","","","0","1","0","","","","","","","","","","","","","","","","","","","","","","","","0"
"674","Stanford","09/18/10","23","YANCY","AUSTIN","","","","","","","","","","","","0","0","","","","1","36","0","","","","","","","","","","","","","","","","","","","","","","","","0"
"674","Stanford","11/27/10","23","YANCY","AUSTIN","","","","","","","","","","","","0","0","","","","","","","","","","","","1","5","0","","","","","","","","","","","","","","","","0"
"674","Stanford","09/04/10","36","ZYCHLINSKI","DANIEL","","","","","","","","","","","","0","0","","","","","","","","","","2","93","","","","","","","","","","","","","","","","","","","0"
"674","Stanford","09/11/10","36","ZYCHLINSKI","DANIEL","","","","","","","","","","","","0","0","","","","","","","","","","3","157","","","","","","","","","","","","","","","","","","","0"
"674","Stanford","09/18/10","36","ZYCHLINSKI","DANIEL","","","","","","","","","","","","0","0","","","","","","","","","","1","39","","","","","","","","","","","","","","","","","","","0"
"674","Stanford","09/25/10","36","ZYCHLINSKI","DANIEL","","","","","","","","","","","","0","0","","","","","","","","","","1","37","","","","","","","","","","","","","","","","","","","0"
"674","Stanford","10/02/10","36","ZYCHLINSKI","DANIEL","","","","","","","","","","","","0","0","","","","","","","","","","4","159","","","","","","","","","","","","","","","","","","","0"
"674","Stanford","10/09/10","36","ZYCHLINSKI","DANIEL","","","","","","","","","","","","0","0","","","","","","","","","","1","54","","","","","","","","","","","","","","","","","","","0"
"674","Stanford","10/23/10","36","ZYCHLINSKI","DANIEL","","","","","","","","","","","","0","0","","","","","","","","","","3","133","","","","","","","","","","","","","","","","","","","0"
"674","Stanford","10/30/10","36","ZYCHLINSKI","DANIEL","","","","","","","","","","","","0","0","","","","","","","","","","1","45","","","","","","","","","","","","","","","","","","","0"
"674","Stanford","11/06/10","36","ZYCHLINSKI","DANIEL","","","","","","","","","","","","0","0","","","","","","","","","","4","138","","","","","","","","","","","","","","","","","","","0"
"674","Stanford","11/13/10","36","ZYCHLINSKI","DANIEL","","","","","","","","","","","","0","0","","","","","","","","","","4","148","","","","","","","","","","","","","","","","","","","0"
"688","Syracuse","09/04/10","29","BAILEY","ANTWON","9","55","0","55","0","","","","","","","9","55","4","30","0","","","","","","","","","","","","","","","","","","","","","","","","","","","0"
"688","Syracuse","09/11/10","29","BAILEY","ANTWON","4","17","1","16","0","","","","","","","4","16","2","11","0","","","","","","","","","","","","","","","","","","","","","","","","","","","0"
"688","Syracuse","09/18/10","29","BAILEY","ANTWON","4","16","0","16","0","","","","","","","4","16","","","","","","","","","","","","","","","","","","","","","","","","","","","","","","0"
"688","Syracuse","09/25/10","29","BAILEY","ANTWON","7","31","4","27","0","","","","","","","7","27","2","68","1","","","","","","","","","","","","","","","1","","","","","","","","","","","","6"
"688","Syracuse","10/09/10","29","BAILEY","ANTWON","9","81","0","81","0","","","","","","","9","81","3","48","0","","","","","","","","","","","","","","","","","","","","","","","","","","","0"
"688","Syracuse","10/16/10","29","BAILEY","ANTWON","7","25","0","25","0","","","","","","","7","25","3","13","0","","","","","","","","","","","","","","","","","","","","","","","","","","","0"
"688","Syracuse","10/23/10","29","BAILEY","ANTWON","19","98","4","94","0","","","","","","","19","94","2","11","0","","","","","","","","","","","","","","","","","","","","","","","","","","","0"
"688","Syracuse","10/30/10","29","BAILEY","ANTWON","14","45","1","44","1","","","","","","","14","44","4","24","1","","","","","","","","","","","","","","","2","","","","","","","","","","","","12"
"688","Syracuse","11/06/10","29","BAILEY","ANTWON","6","22","0","22","0","","","","","","","6","22","2","5","0","","","","","","","","","","","","","","","","","","","","","","","","","","","0"
"688","Syracuse","11/13/10","29","BAILEY","ANTWON","9","50","0","50","0","","","","","","","9","50","3","18","1","","","","","","","","","","","","","","","1","","","","","","","","","","","","6"
"688","Syracuse","11/20/10","29","BAILEY","ANTWON","1","2","0","2","0","","","","","","","1","2","4","24","0","","","","","","","","","","","","","","","","","","","","","","","","","","","0"
"688","Syracuse","11/27/10","29","BAILEY","ANTWON","18","77","5","72","1","","","","","","","18","72","3","25","0","","","","","","","","","","","","","","","1","","","","","","","","","","","","6"
"688","Syracuse","12/30/10","29","BAILEY","ANTWON","7","50","0","50","0","1","0","0","0","0","","8","50","3","29","0","","","","","","","","","","","","","","","","","","","","","","","","","","","0"
"688","Syracuse","10/30/10","70","BARTHOLOMEW","RYAN","0","0","0","0","1","","","","","","","0","0","","","","","","","","","","","","","","","","","","1","","","","","","","","","","","","6"
"688","Syracuse","09/04/10","3","CARTER","DELONE","26","91","0","91","1","","","","","","","26","91","","","","","","","","","","","","","","","","","","1","","","","","","","","","","","","6"
"688","Syracuse","09/11/10","3","CARTER","DELONE","18","94","3","91","0","","","","","","","18","91","1","3","0","","","","","","","","","","","","","","","","","","","","","","","","","","","0"
"688","Syracuse","09/18/10","3","CARTER","DELONE","15","69","4","65","0","","","","","","","15","65","1","0","0","","","","","","","","","","","","","","","","","","","","","","","","","","","0"
"688","Syracuse","09/25/10","3","CARTER","DELONE","14","172","0","172","4","","","","","","","14","172","","","","","","","","","","","","","","","","","","4","","","","","","","","","","","","24"
"688","Syracuse","10/09/10","3","CARTER","DELONE","26","105","0","105","0","","","","","","","26","105","","","","","","","","","","","","","","","","","","","","","","","","","","","","","","0"
"688","Syracuse","10/16/10","3","CARTER","DELONE","13","43","5","38","1","","","","","","","13","38","","","","","","","","","","","","","","","","","","1","","","","","","","","","","","","6"
"688","Syracuse","10/23/10","3","CARTER","DELONE","9","77","2","75","0","","","","","","","9","75","","","","","","","","","","","","","","","","","","","","","","","","","","","","","","0"
"688","Syracuse","10/30/10","3","CARTER","DELONE","19","113","4","109","0","","","","","","","19","109","2","11","0","","","","","","","","","","","","","","","","","","","","","","","","","","","0"
"688","Syracuse","11/06/10","3","CARTER","DELONE","21","108","1","107","1","","","","","","","21","107","2","7","0","","","","","","","","","","","","","","","1","","","","","","","","","","","","6"
"688","Syracuse","11/13/10","3","CARTER","DELONE","18","88","3","85","0","","","","","","","18","85","","","","","","","","","","","","","","","","","","","","","","","","","","","","","","0"
"688","Syracuse","11/20/10","3","CARTER","DELONE","19","70","3","67","0","","","","","","","19","67","1","16","0","","","","","","","","","","","","","","","","","","","","","","","","","","","0"
"688","Syracuse","11/27/10","3","CARTER","DELONE","6","30","0","30","0","","","","","","","6","30","1","8","0","","","","","","","","","","","","","","","","","","","","","","","","","","","0"
"688","Syracuse","12/30/10","3","CARTER","DELONE","27","200","2","198","2","","","","","","","27","198","","","","","","","","","","","","","","","","","","2","","","","","","","","","","","","12"
"688","Syracuse","09/04/10","82","CHEW","VAN","","","","","","","","","","","","0","0","3","79","1","","","","","","","","","","","","","","","1","","","","","","","","","","","","6"
"688","Syracuse","09/11/10","82","CHEW","VAN","","","","","","","","","","","","0","0","6","83","0","","","","","","","","","","","","","","","","","","","","","","","","","","","0"
"688","Syracuse","09/18/10","82","CHEW","VAN","","","","","","","","","","","","0","0","7","113","1","","","","","","","","","","","","","","","1","","","","","","","","","","","","6"
"688","Syracuse","09/25/10","82","CHEW","VAN","","","","","","","","","","","","0","0","3","68","0","","","","","","","","","","","","","","","","","","","","","","","","","","","0"
"688","Syracuse","10/09/10","82","CHEW","VAN","","","","","","","","","","","","0","0","4","59","0","","","","","","","","","","","","","","","","","","","","","","","","","","","0"
"688","Syracuse","10/16/10","82","CHEW","VAN","","","","","","","","","","","","0","0","5","50","1","","","","","","","","","","","","","","","1","","","","","","","","","","","","6"
"688","Syracuse","10/23/10","82","CHEW","VAN","","","","","","","","","","","","0","0","2","46","1","","","","","","","","","","","","","","","1","","","","","","","","","","","","6"
"688","Syracuse","10/30/10","82","CHEW","VAN","","","","","","","","","","","","0","0","1","3","1","","","","","","","","","","","","","","","1","","","","","","","","","","","","6"
"688","Syracuse","11/06/10","82","CHEW","VAN","","","","","","","","","","","","0","0","2","18","0","","","","","","","","","","","","","","","","","","","","","","","","","","","0"
"688","Syracuse","11/13/10","82","CHEW","VAN","","","","","","","","","","","","0","0","3","44","0","","","","","","","","","","","","","","","","","","","","","","","","","","","0"
"688","Syracuse","11/20/10","82","CHEW","VAN","","","","","","","","","","","","0","0","3","29","0","","","","","","","","","","","","","","","","","","","","","","","","","","","0"
"688","Syracuse","11/27/10","82","CHEW","VAN","","","","","","","","","","","","0","0","2","19","0","","","","","","","","","","","","","","","","","","","","","","","","","","","0"
"688","Syracuse","09/04/10","85","CRUZ","JOSE","","","","","","","","","","","","0","0","1","3","0","","","","","","","","","","","","","","","","","","","","","","","","","","","0"
"688","Syracuse","09/11/10","85","CRUZ","JOSE","","","","","","","","","","","","0","0","1","16","0","","","","","","","","","","","","","","","","","","","","","","","","","","","0"
"688","Syracuse","09/18/10","85","CRUZ","JOSE","","","","","","","","","","","","0","0","1","4","1","","","","","","","","","","","","","","","1","","","","","","","","","","","","6"
"688","Syracuse","10/16/10","85","CRUZ","JOSE","","","","","","","","","","","","0","0","2","12","0","","","","","","","","","","","","","","","","","","","","","","","","","","","0"
"688","Syracuse","10/30/10","85","CRUZ","JOSE","","","","","","","","","","","","0","0","3","20","0","","","","","","","","","","","","","","","","","","","","","","","","","","","0"
"688","Syracuse","11/06/10","85","CRUZ","JOSE","","","","","","","","","","","","0","0","1","1","0","","","","","","","","","","","","","","","","","","","","","","","","","","","0"
"688","Syracuse","11/20/10","85","CRUZ","JOSE","","","","","","","","","","","","0","0","2","11","0","","","","","","","","","","","","","","","","","","","","","","","","","","","0"
"688","Syracuse","11/27/10","85","CRUZ","JOSE","","","","","","","","","","","","0","0","1","6","0","","","","","","","","","","","","","","","","","","","","","","","","","","","0"
"688","Syracuse","12/30/10","85","CRUZ","JOSE","","","","","","","","","","","","0","0","1","5","0","","","","","","","","","","","","","","","","","","","","","","","","","","","0"
"688","Syracuse","09/11/10","10","GRAHAM","DORIAN","","","","","","","","","","","","0","0","","","","","","","","","","","","","","","3","69","0","","","","","","","","","","","","","0"
"688","Syracuse","10/30/10","10","GRAHAM","DORIAN","","","","","","","","","","","","0","0","","","","","","","","","","","","","","","1","16","0","","","","","","","","","","","","","0"
"688","Syracuse","11/06/10","10","GRAHAM","DORIAN","","","","","","","","","","","","0","0","","","","","","","","","","","","","","","5","131","0","","","","","","","","","","","","","0"
"688","Syracuse","11/13/10","10","GRAHAM","DORIAN","","","","","","","","","","","","0","0","","","","","","","","","","","","","","","3","72","0","","","","","","","","","","","","","0"
"688","Syracuse","11/20/10","10","GRAHAM","DORIAN","1","11","0","11","0","","","","","","","1","11","","","","","","","","","","","","","","","4","104","0","","","","","","","","","","","","","0"
"688","Syracuse","09/04/10","23","GULLEY","PRINCE-TYSON","","","","","","","","","","","","0","0","","","","","","","","","","","","","","","1","22","0","","","","","","","","","","","","","0"
"688","Syracuse","09/11/10","23","GULLEY","PRINCE-TYSON","","","","","","","","","","","","0","0","","","","","","","","","","","","","","","5","138","0","","","","","","","","","","","","","0"
"688","Syracuse","09/18/10","23","GULLEY","PRINCE-TYSON","2","9","0","9","0","","","","","","","2","9","","","","","","","","","","","","","","","1","16","0","","","","","","","","","","","","","0"
"688","Syracuse","09/25/10","23","GULLEY","PRINCE-TYSON","4","41","0","41","1","","","","","","","4","41","","","","","","","","","","","","","","","2","35","0","1","","","","","","","","","","","","6"
"688","Syracuse","10/09/10","23","GULLEY","PRINCE-TYSON","1","5","0","5","0","","","","","","","1","5","","","","","","","","","","","","","","","3","70","0","","","","","","","","","","","","","0"
"688","Syracuse","10/16/10","23","GULLEY","PRINCE-TYSON","","","","","","","","","","","","0","0","","","","","","","","","","","","","","","8","186","0","","","","","","","","","","","","","0"
"688","Syracuse","10/23/10","23","GULLEY","PRINCE-TYSON","6","21","2","19","0","","","","","","","6","19","","","","","","","","","","","","","","","1","30","0","","","","","","","","","","","","","0"
"688","Syracuse","11/20/10","23","GULLEY","PRINCE-TYSON","","","","","","","","","","","","0","0","1","4","0","","","","","","","","","","","","","","","","","","","","","","","","","","","0"
"688","Syracuse","11/27/10","23","GULLEY","PRINCE-TYSON","","","","","","","","","","","","0","0","1","4","0","","","","","","","","","","","","4","68","0","","","","","","","","","","","","","0"
"688","Syracuse","12/30/10","23","GULLEY","PRINCE-TYSON","","","","","","","","","","","","0","0","","","","","","","","","","","","","","","4","68","0","","","","","","","","","","","","","0"
"688","Syracuse","09/04/10","49","HARRIS","ADAM","","","","","","","","","","","","0","0","1","5","0","","","","","","","","","","","","","","","","","","","","","","","","","","","0"
"688","Syracuse","09/25/10","49","HARRIS","ADAM","2","7","0","7","0","","","","","","","2","7","1","8","0","","","","","","","","","","","","","","","","","","","","","","","","","","","0"
"688","Syracuse","10/09/10","49","HARRIS","ADAM","2","6","0","6","0","","","","","","","2","6","","","","","","","","","","","","","","","","","","","","","","","","","","","","","","0"
"688","Syracuse","10/30/10","49","HARRIS","ADAM","3","7","0","7","0","","","","","","","3","7","","","","","","","","","","","","","","","","","","","","","","","","","","","","","","0"
"688","Syracuse","11/13/10","49","HARRIS","ADAM","","","","","","","","","","","","0","0","1","19","0","","","","","","","","","","","","","","","","","","","","","","","","","","","0"
"688","Syracuse","11/20/10","49","HARRIS","ADAM","1","1","0","1","0","","","","","","","1","1","","","","","","","","","","","","","","","","","","","","","","","","","","","","","","0"
"688","Syracuse","12/30/10","49","HARRIS","ADAM","","","","","","","","","","","","0","0","1","4","0","","","","","","","","","","","","","","","","","","","","","","","","","","","0"
"688","Syracuse","10/23/10","32","HOGUE","DOUG","","","","","","","","","","","","0","0","","","","2","58","0","","","","","","","","","","","","","","","","","","","","","","","","0"
"688","Syracuse","09/04/10","35","HOLMES","MIKE","","","","","","","","","","","","0","0","","","","","","","0","0","1","","","1","2","0","","","","1","","","","","","","","","","","","6"
"688","Syracuse","09/11/10","35","HOLMES","MIKE","","","","","","","","","","","","0","0","","","","","","","","","","","","4","56","0","","","","","","","","","","","","","","","","0"
"688","Syracuse","09/18/10","35","HOLMES","MIKE","","","","","","","","","","","","0","0","","","","","","","","","","","","2","66","0","","","","","","","","","","","","","","","","0"
"688","Syracuse","09/25/10","35","HOLMES","MIKE","","","","","","","","","","","","0","0","","","","1","42","0","","","","","","2","44","0","","","","","","","","","","","","","","","","0"
"688","Syracuse","10/16/10","35","HOLMES","MIKE","","","","","","","","","","","","0","0","","","","","","","","","","","","4","34","0","","","","","","","","","","","","","","","","0"
"688","Syracuse","10/23/10","35","HOLMES","MIKE","","","","","","","","","","","","0","0","","","","","","","","","","","","3","35","0","","","","","","","","","","","","","","","","0"
"688","Syracuse","10/30/10","35","HOLMES","MIKE","","","","","","","","","","","","0","0","","","","","","","","","","","","1","15","0","","","","","","","","","","","","","","","","0"
"688","Syracuse","11/06/10","35","HOLMES","MIKE","","","","","","","","","","","","0","0","","","","","","","","","","","","4","26","0","","","","","","","","","","","","","","","","0"
"688","Syracuse","11/13/10","35","HOLMES","MIKE","","","","","","","","","","","","0","0","","","","","","","","","","","","2","2","0","","","","","","","","","","","","","","","","0"
"688","Syracuse","11/20/10","35","HOLMES","MIKE","","","","","","","","","","","","0","0","","","","","","","","","","","","2","1","0","","","","","","","","","","","","","","","","0"
"688","Syracuse","11/27/10","35","HOLMES","MIKE","","","","","","","","","","","","0","0","","","","","","","","","","","","2","5","0","","","","","","","","","","","","","","","","0"
"688","Syracuse","12/30/10","35","HOLMES","MIKE","","","","","","","","","","","","0","0","","","","","","","","","","","","1","3","0","","","","","","","","","","","","","","","","0"
"688","Syracuse","09/04/10","37","KRAUTMAN","ROSS","","","","","","","","","","","","0","0","","","","","","","","","","","","","","","","","","","3","2","0","0","","","","","1","1","","5"
"688","Syracuse","09/11/10","37","KRAUTMAN","ROSS","","","","","","","","","","","","0","0","","","","","","","","","","","","","","","","","","","2","2","0","0","","","","","3","2","","8"
"688","Syracuse","09/18/10","37","KRAUTMAN","ROSS","","","","","","","","","","","","0","0","","","","","","","","","","","","","","","","","","","5","5","0","0","","","","","1","1","","8"
"688","Syracuse","09/25/10","37","KRAUTMAN","ROSS","","","","","","","","","","","","0","0","","","","","","","","","","","","","","","","","","","6","6","0","0","","","","","","","","6"
"688","Syracuse","10/09/10","37","KRAUTMAN","ROSS","","","","","","","","","","","","0","0","","","","","","","","","","","","","","","","","","","1","1","0","0","","","","","2","2","","7"
"688","Syracuse","10/16/10","37","KRAUTMAN","ROSS","","","","","","","","","","","","0","0","","","","","","","","","","","","","","","","","","","2","2","0","0","","","","","","","","2"
"688","Syracuse","10/23/10","37","KRAUTMAN","ROSS","","","","","","","","","","","","0","0","","","","","","","","","","","","","","","","","","","1","1","0","0","","","","","4","4","","13"
"688","Syracuse","10/30/10","37","KRAUTMAN","ROSS","","","","","","","","","","","","0","0","","","","","","","","","","","","","","","","","","","4","4","0","0","","","","","1","1","","7"
"688","Syracuse","11/06/10","37","KRAUTMAN","ROSS","","","","","","","","","","","","0","0","","","","","","","","","","","","","","","","","","","2","2","0","0","","","","","2","2","","8"
"688","Syracuse","11/13/10","37","KRAUTMAN","ROSS","","","","","","","","","","","","0","0","","","","","","","","","","","","","","","","","","","1","1","0","0","","","","","2","2","","7"
"688","Syracuse","11/20/10","37","KRAUTMAN","ROSS","","","","","","","","","","","","0","0","","","","","","","","","","","","","","","","","","","","","","","","","","","2","2","","6"
"688","Syracuse","11/27/10","37","KRAUTMAN","ROSS","","","","","","","","","","","","0","0","","","","","","","","","","","","","","","","","","","1","1","0","0","","","","","","","","1"
"688","Syracuse","12/30/10","37","KRAUTMAN","ROSS","","","","","","","","","","","","0","0","","","","","","","","","","","","","","","","","","","4","3","0","0","","","","","1","1","","6"
"688","Syracuse","09/04/10","15","LEMON","ALEC","","","","","","","","","","","","0","0","5","49","0","","","","","","","","","","","","","","","","","","","","","","","","","","","0"
"688","Syracuse","09/11/10","15","LEMON","ALEC","","","","","","","","","","","","0","0","2","34","1","","","","","","","","","","","","","","","1","","","","","","","","","","","","6"
"688","Syracuse","09/18/10","15","LEMON","ALEC","","","","","","","","","","","","0","0","5","58","2","","","","","","","","","","","","","","","2","","","","","","","","","","","","12"
"688","Syracuse","09/25/10","15","LEMON","ALEC","","","","","","","","","","","","0","0","1","10","0","","","","","","","","","","","","","","","","","","","","","","","","","","","0"
"688","Syracuse","10/09/10","15","LEMON","ALEC","","","","","","","","","","","","0","0","1","6","0","","","","","","","","","","","","","","","","","","","","","","","","","","","0"
"688","Syracuse","10/16/10","15","LEMON","ALEC","","","","","","","","","","","","0","0","8","108","0","","","","","","","","","","","","","","","","","","","","","","","","","","","0"
"688","Syracuse","10/30/10","15","LEMON","ALEC","1","0","2","-2","0","","","","","","","1","-2","2","27","0","","","","","","","","","","","","","","","","","","","","","","","","","","","0"
"688","Syracuse","11/06/10","15","LEMON","ALEC","","","","","","","","","","","","0","0","5","73","1","","","","","","","","","","","","","","","1","","","","","","","","","","","","6"
"688","Syracuse","11/20/10","15","LEMON","ALEC","","","","","","","","","","","","0","0","1","12","0","","","","","","","","","","","","","","","","","","","","","","","","","","","0"
"688","Syracuse","12/30/10","15","LEMON","ALEC","","","","","","","","","","","","0","0","2","20","0","","","","","","","","","","","","","","","","","","","","","","","","","","","0"
"688","Syracuse","12/30/10","19","LICHTENSTEIN","RYAN","","","","","","","","","","","","0","0","","","","","","","","","","2","62","","","","","","","","","","","","","","","","","","","0"
"688","Syracuse","09/11/10","17","LOEB","CHARLEY","1","0","8","-8","0","2","2","0","22","0","","3","14","","","","","","","","","","","","","","","","","","","","","","","","","","","","","","0"
"688","Syracuse","09/18/10","17","LOEB","CHARLEY","","","","","","1","0","0","0","0","","1","0","","","","","","","","","","","","","","","","","","","","","","","","","","","","","","0"
"688","Syracuse","09/25/10","17","LOEB","CHARLEY","","","","","","2","1","0","19","0","","2","19","","","","","","","","","","","","","","","","","","","","","","","","","","","","","","0"
"688","Syracuse","09/04/10","47","LONG","ROB","","","","","","","","","","","0","0","0","","","","","","","","","","5","224","","","","","","","","","","1","0","","","","","","","","0"
"688","Syracuse","09/11/10","47","LONG","ROB","","","","","","","","","","","","0","0","","","","","","","","","","6","258","","","","","","","","","","","","","","","","","","","0"
"688","Syracuse","09/18/10","47","LONG","ROB","","","","","","","","","","","","0","0","","","","","","","","","","5","222","","","","","","","","","","","","","","","","","","","0"
"688","Syracuse","09/25/10","47","LONG","ROB","","","","","","","","","","","","0","0","","","","","","","","","","2","93","","","","","","","","","","","","","","","","","","","0"
"688","Syracuse","10/09/10","47","LONG","ROB","","","","","","","","","","","","0","0","","","","","","","","","","6","243","","","","","","","","","","","","","","","","","","","0"
"688","Syracuse","10/16/10","47","LONG","ROB","","","","","","","","","","","","0","0","","","","","","","","","","6","269","","","","","","","","","","","","","","","","","","","0"
"688","Syracuse","10/23/10","47","LONG","ROB","","","","","","","","","","","","0","0","","","","","","","","","","6","310","","","","","","","","","","","","","","","","","","","0"
"688","Syracuse","10/30/10","47","LONG","ROB","","","","","","","","","","","","0","0","","","","","","","","","","4","167","","","","","","","","","","","","","","","","","","","0"
"688","Syracuse","11/06/10","47","LONG","ROB","","","","","","","","","","","","0","0","","","","","","","","","","6","261","","","","","","","","","","","","","","","","","","","0"
"688","Syracuse","11/13/10","47","LONG","ROB","","","","","","","","","","","","0","0","","","","","","","","","","5","220","","","","","","","","","","","","","","","","","","","0"
"688","Syracuse","11/20/10","47","LONG","ROB","","","","","","","","","","","","0","0","","","","","","","","","","6","267","","","","","","","","","","","","","","","","","","","0"
"688","Syracuse","11/27/10","47","LONG","ROB","","","","","","","","","","","","0","0","","","","","","","","","","7","272","","","","","","","","","","","","","","","","","","","0"
"688","Syracuse","09/25/10","6","MERKERSON","DA'MON","","","","","","","","","","","","0","0","","","","1","0","0","","","","","","","","","","","","","","","","","","","","","","","","0"
"688","Syracuse","10/09/10","6","MERKERSON","DA'MON","","","","","","","","","","","","0","0","","","","1","0","0","","","","","","","","","","","","","","","","","","","","","","","","0"
"688","Syracuse","09/04/10","12","NASSIB","RYAN","9","70","12","58","0","27","17","1","229","2","","36","287","","","","","","","","","","","","","","","","","","","","","","","","","","","","","","0"
"688","Syracuse","09/11/10","12","NASSIB","RYAN","7","39","19","20","1","35","17","1","202","1","","42","222","","","","","","","","","","","","","","","","","","1","","","","","","","","","","","","6"
"688","Syracuse","09/18/10","12","NASSIB","RYAN","4","3","13","-10","0","28","19","0","260","5","","32","250","","","","","","","","","","","","","","","","","","","","","","","","","","","","","","0"
"688","Syracuse","09/25/10","12","NASSIB","RYAN","2","9","7","2","0","15","8","0","169","1","","17","171","","","","","","","","","","","","","","","","","","","","","","","","","","","","","","0"
"688","Syracuse","10/09/10","12","NASSIB","RYAN","5","11","30","-19","0","22","12","0","129","1","","27","110","","","","","","","","","","","","","","","","","","","","","","","","","","","","","","0"
"688","Syracuse","10/16/10","12","NASSIB","RYAN","4","23","9","14","0","46","25","2","231","1","","50","245","","","","","","","","","","","","","","","","","","","","","","","","","","","","","","0"
"688","Syracuse","10/23/10","12","NASSIB","RYAN","2","0","1","-1","0","15","5","0","63","1","","17","62","","","","","","","","","","","","","","","","","","","","","","","","","","","","","","0"
"688","Syracuse","10/30/10","12","NASSIB","RYAN","5","3","28","-25","0","26","16","1","125","2","","31","100","","","","","","","","","","","","","","","","","","","","","","","","","","","","","","0"
"688","Syracuse","11/06/10","12","NASSIB","RYAN","4","2","30","-28","0","32","19","0","155","1","","36","127","","","","","","","","","","","","","","","","","","","","","","","","","","","","","","0"
"688","Syracuse","11/13/10","12","NASSIB","RYAN","9","5","46","-41","0","31","16","1","214","1","","40","173","","","","","","","","","","","","","","","","","","","","","","","","","","","","","","0"
"688","Syracuse","11/20/10","12","NASSIB","RYAN","7","18","35","-17","0","36","20","1","171","0","","43","154","1","-4","0","","","","","","","","","","","","","","","","","","","","","","","","","","","0"
"688","Syracuse","11/27/10","12","NASSIB","RYAN","2","0","8","-8","0","24","15","1","147","0","","26","139","","","","","","","","","","","","","","","","","","","","","","","","","","","","","","0"
"688","Syracuse","12/30/10","12","NASSIB","RYAN","6","33","17","16","0","21","13","0","239","3","0","27","255","","","","","","","","","","","","","","","","","","","","","1","0","","","","","","","","0"
"688","Syracuse","10/30/10","46","NIEVES","ROBERT","2","4","0","4","0","","","","","","","2","4","","","","","","","","","","","","","","","","","","","","","","","","","","","","","","0"
"688","Syracuse","09/04/10","80","PROVO","NICK","","","","","","","","","","","","0","0","1","33","0","","","","","","","","","","","","","","","","","","","","","","","","","","","0"
"688","Syracuse","09/11/10","80","PROVO","NICK","","","","","","","","","","","","0","0","3","19","0","","","","","","","","","","","","","","","","","","","","","","","","","","","0"
"688","Syracuse","09/18/10","80","PROVO","NICK","","","","","","","","","","","","0","0","5","85","1","","","","","","","","","","","","","","","1","","","","","","","","","","","","6"
"688","Syracuse","09/25/10","80","PROVO","NICK","","","","","","","","","","","","0","0","1","15","0","","","","","","","","","","","","","","","","","","","","","","","","","","","0"
"688","Syracuse","10/09/10","80","PROVO","NICK","","","","","","","","","","","","0","0","2","10","0","","","","","","","","","","","","","","","","","","","","","","","","","","","0"
"688","Syracuse","10/16/10","80","PROVO","NICK","","","","","","","","","","","","0","0","3","12","0","","","","","","","","","","","","","","","","","","","","","","","","","","","0"
"688","Syracuse","10/23/10","80","PROVO","NICK","","","","","","","","","","","","0","0","1","6","0","","","","","","","","","","","","","","","","","","","","","","","","","","","0"
"688","Syracuse","10/30/10","80","PROVO","NICK","","","","","","","","","","","","0","0","4","40","0","","","","","","","","","","","","","","","","","","","","","","","","","","","0"
"688","Syracuse","11/06/10","80","PROVO","NICK","","","","","","","","","","","","0","0","5","42","0","","","","","","","","","","","","","","","","","","","","","","","","","","","0"
"688","Syracuse","11/13/10","80","PROVO","NICK","","","","","","","","","","","","0","0","4","60","0","","","","","","","","","","","","","","","","","","","","","","","","","","","0"
"688","Syracuse","11/20/10","80","PROVO","NICK","","","","","","","","","","","","0","0","1","22","0","","","","","","","","","","","","","","","","","","","","","","","","","","","0"
"688","Syracuse","11/27/10","80","PROVO","NICK","","","","","","","","","","","","0","0","2","12","0","","","","","","","","","","","","","","","","","","","","","","","","","","","0"
"688","Syracuse","12/30/10","80","PROVO","NICK","","","","","","","","","","","","0","0","1","9","0","","","","","","","","","","","","","","","","","","","","","","","","","","","0"
"688","Syracuse","09/18/10","30","RENE","STEVE","","","","","","","","","","","","0","0","","","","","","","","","","","","3","6","0","","","","","","","","","","","","","","","","0"
"688","Syracuse","10/09/10","5","SALES","MARCUS","","","","","","","","","","","","0","0","1","3","1","","","","","","","","","","","","","","","1","","","","","","","","","","","","6"
"688","Syracuse","10/16/10","5","SALES","MARCUS","","","","","","","","","","","","0","0","4","36","0","","","","","","","","","","","","","","","","","","","","","","","","","","","0"
"688","Syracuse","11/13/10","5","SALES","MARCUS","","","","","","","","","","","","0","0","5","73","0","","","","","","","","","","","","","","","","","","","","","","","","","","","0"
"688","Syracuse","11/20/10","5","SALES","MARCUS","","","","","","","","","","","","0","0","6","57","0","","","","","","","","","","","","","","","","","","","","","","","","","","","0"
"688","Syracuse","11/27/10","5","SALES","MARCUS","","","","","","","","","","","","0","0","5","73","0","","","","","","","","","","","","","","","","","","","","","","","","","","","0"
"688","Syracuse","12/30/10","5","SALES","MARCUS","","","","","","","","","","","","0","0","5","172","3","","","","","","","","","","","","","","","3","","","","","","","","","","","","18"
"688","Syracuse","11/27/10","26","SCOTT","KEVYN","","","","","","","","","","","","0","0","","","","1","0","0","","","","","","","","","","","","","","","","","","","","","","","","0"
"688","Syracuse","10/30/10","25","SMITH","DERRELL","","","","","","","","","","","","0","0","","","","1","60","0","","","","","","","","","","","","","","","","","","","","","","","","0"
"688","Syracuse","09/04/10","24","SUTER","MAX","","","","","","","","","","","","0","0","","","","","","","","","","","","","","","1","7","0","","","","","","","","","","","","","0"
"688","Syracuse","09/18/10","24","SUTER","MAX","","","","","","","","","","","","0","0","","","","","","","","","","","","","","","1","20","0","","","","","","","","","","","","","0"
"688","Syracuse","10/23/10","24","SUTER","MAX","","","","","","","","","","","","0","0","","","","","","","","","","","","","","","1","27","0","","","","","","","","","","","","","0"
"688","Syracuse","10/23/10","1","THOMAS","PHILLIP","","","","","","","","","","","","0","0","","","","1","27","0","","","","","","","","","","","","","","","","","","","","","","","","0"
"688","Syracuse","10/30/10","1","THOMAS","PHILLIP","","","","","","","","","","","","0","0","","","","","","","1","21","0","","","","","","","","","","","","","","","","","","","","","0"
"688","Syracuse","09/11/10","21","THOMAS","SHAMARKO","","","","","","","","","","","","0","0","","","","","","","1","3","0","","","","","","","","","","","","","","","","","","","","","0"
"688","Syracuse","09/25/10","97","WALES","BECKETT","","","","","","","","","","","","0","0","1","19","0","","","","","","","","","","","","","","","","","","","","","","","","","","","0"
"688","Syracuse","10/09/10","97","WALES","BECKETT","","","","","","","","","","","","0","0","1","3","0","","","","","","","","","","","","","","","","","","","","","","","","","","","0"
"688","Syracuse","11/06/10","97","WALES","BECKETT","","","","","","","","","","","","0","0","2","9","0","","","","","","","","","","","","","","","","","","","","","","","","","","","0"
"688","Syracuse","09/04/10","87","WEAVER","AARON","","","","","","","","","","","","0","0","2","30","1","","","","","","","","","","","","","","","1","","","","","","","","","","","","6"
"688","Syracuse","09/11/10","87","WEAVER","AARON","1","0","7","-7","0","","","","","","","1","-7","4","58","0","","","","","","","","","","","","","","","","","","","","","","","","","","","0"
"688","Syracuse","10/09/10","28","WILKES","JEREMI","","","","","","","","","","","","0","0","","","","1","24","0","","","","","","","","","","","","","","","","","","","","","","","","0"
"698","TCU","09/11/10","81","ADAMS","ALONZO","","","","","","","","","","","","0","0","1","11","0","","","","","","","","","","","","","","","","","","","","","","","","","","","0"
"698","TCU","09/04/10","82","BOYCE","JOSH","","","","","","","","","","","","0","0","1","5","0","","","","","","","","","","","","","","","","","","","","","","","","","","","0"
"698","TCU","09/11/10","82","BOYCE","JOSH","","","","","","","","","","","","0","0","3","70","1","","","","","","","","","","","","","","","1","","","","","","","","","","","","6"
"698","TCU","09/18/10","82","BOYCE","JOSH","","","","","","","","","","","","0","0","3","28","0","","","","","","","","","","","","","","","","","","","","","","","","","","","0"
"698","TCU","09/24/10","82","BOYCE","JOSH","","","","","","","","","","","","0","0","1","8","0","","","","","","","","","","","","","","","","","","","","","","","","","","","0"
"698","TCU","10/02/10","82","BOYCE","JOSH","","","","","","","","","","","","0","0","4","44","0","","","","","","","","","","","","","","","","","","","","","","","","","","","0"
"698","TCU","10/16/10","82","BOYCE","JOSH","","","","","","","","","","","","0","0","8","127","2","","","","","","","","","","","","","","","2","","","","","","","","","","","","12"
"698","TCU","10/23/10","82","BOYCE","JOSH","","","","","","","","","","","","0","0","3","49","0","","","","","","","","","","","","","","","","","","","","","","","","","","","0"
"698","TCU","10/30/10","82","BOYCE","JOSH","","","","","","","","","","","","0","0","2","64","1","","","","","","","","","","","","","","","1","","","","","","","","","","","","6"
"698","TCU","11/06/10","82","BOYCE","JOSH","","","","","","","","","","","","0","0","3","126","2","","","","","","","","","","","","","","","2","","","","","","","","","","","","12"
"698","TCU","11/13/10","82","BOYCE","JOSH","","","","","","","","","","","","0","0","2","31","0","","","","","","","","","","","","","","","","","","","","","","","","","","","0"
"698","TCU","11/27/10","82","BOYCE","JOSH","","","","","","","","","","","","0","0","3","50","0","","","","","","","","","","","","","","","","","","","","","","","","","","","0"
"698","TCU","01/01/11","82","BOYCE","JOSH","","","","","","","","","","","","0","0","1","44","0","","","","","","","","","","","","","","","","","","","","","","","","","","","0"
"698","TCU","09/18/10","80","BROCK","LOGAN","","","","","","","","","","","","0","0","1","29","0","","","","","","","","","","","","","","","","","","","","","","","","","","","0"
"698","TCU","10/09/10","80","BROCK","LOGAN","","","","","","","","","","","","0","0","2","22","0","","","","","","","","","","","","","","","","","","","","","","","","","","","0"
"698","TCU","11/06/10","80","BROCK","LOGAN","","","","","","","","","","","","0","0","1","23","0","","","","","","","","","","","","","","","","","","","","","","","","","","","0"
"698","TCU","11/13/10","80","BROCK","LOGAN","","","","","","","","","","","","0","0","1","15","1","","","","","","","","","","","","","","","1","","","","","","","","","","","","6"
"698","TCU","11/27/10","80","BROCK","LOGAN","","","","","","","","","","","","0","0","1","21","1","","","","","","","","","","","","","","","1","","","","","","","","","","","","6"
"698","TCU","11/06/10","35","BROCK","TANNER","","","","","","","","","","","","0","0","","","","1","57","0","","","","","","","","","","","","","","","","","","","","","","","","0"
"698","TCU","10/16/10","43","CARDER","TANK","","","","","","","","","","","","0","0","","","","1","0","0","","","","","","","","","","","","","","","","","","","","","","","","0"
"698","TCU","11/27/10","43","CARDER","TANK","","","","","","","","","","","","0","0","","","","","","","1","7","0","","","","","","","","","","","","","","","","","","","","","0"
"698","TCU","09/04/10","2","CLAY","CURTIS","","","","","","","","","","","","0","0","1","13","0","","","","","","","","","","","","","","","","","","","","","","","","","","","0"
"698","TCU","09/11/10","2","CLAY","CURTIS","","","","","","","","","","","","0","0","2","12","0","","","","","","","","","","","","","","","","","","","","","","","","","","","0"
"698","TCU","09/18/10","2","CLAY","CURTIS","","","","","","","","","","","","0","0","1","11","0","","","","","","","","","","","","","","","","","","","","","","","","","","","0"
"698","TCU","09/24/10","2","CLAY","CURTIS","","","","","","","","","","","","0","0","1","8","0","","","","","","","","","","","","","","","","","","","","","","","","","","","0"
"698","TCU","11/13/10","2","CLAY","CURTIS","","","","","","","","","","","","0","0","","","","","","","","","","","","1","33","0","","","","","","","","","","","","","","","","0"
"698","TCU","11/27/10","2","CLAY","CURTIS","","","","","","","","","","","","0","0","","","","","","","","","","","","4","87","0","","","","","","","","","","","","","","","","0"
"698","TCU","09/04/10","14","DALTON","ANDY","15","70","6","64","2","27","17","2","175","1","","42","239","","","","","","","","","","","","","","","","","","2","","","","","","","","","","","","12"
"698","TCU","09/11/10","14","DALTON","ANDY","5","28","5","23","1","21","15","0","182","1","","26","205","","","","","","","","","","","","","","","","","","1","","","","","","","","","","","","6"
"698","TCU","09/18/10","14","DALTON","ANDY","4","26","0","26","0","23","21","0","267","2","","27","293","","","","","","","","","","","","","","","","","","","","","","","","","","","","","","0"
"698","TCU","09/24/10","14","DALTON","ANDY","7","50","7","43","0","26","14","2","174","1","","33","217","","","","","","","","","","","","","","","","","","","","","","","","","","","","","","0"
"698","TCU","10/02/10","14","DALTON","ANDY","10","78","11","67","0","24","11","0","109","1","","34","176","","","","","","","","","","1","21","","","","","","","","","","","","","","","","","","","0"
"698","TCU","10/09/10","14","DALTON","ANDY","4","42","0","42","0","17","14","0","270","3","","21","312","","","","","","","","","","","","","","","","","","","","","","","","","","","","","","0"
"698","TCU","10/16/10","14","DALTON","ANDY","7","30","14","16","0","36","24","0","273","4","","43","289","","","","","","","","","","","","","","","","","","","","","","","","","","","","","","0"
"698","TCU","10/23/10","14","DALTON","ANDY","7","93","0","93","1","20","11","1","185","1","","27","278","","","","","","","","","","","","","","","","","","1","","","","","","","","","","","","6"
"698","TCU","10/30/10","14","DALTON","ANDY","6","35","5","30","1","23","16","0","252","2","","29","282","","","","","","","","","","","","","","","","","","1","","","","","","","","","","","","6"
"698","TCU","11/06/10","14","DALTON","ANDY","5","15","1","14","0","26","21","0","355","3","","31","369","","","","","","","","","","","","","","","","","","","","","","","","","","","","","","0"
"698","TCU","11/13/10","14","DALTON","ANDY","6","14","17","-3","0","36","21","1","240","4","","42","237","","","","","","","","","","","","","","","","","","","","","","","","","","","","","","0"
"698","TCU","11/27/10","14","DALTON","ANDY","1","0","8","-8","0","14","9","0","156","3","","15","148","","","","","","","","","","","","","","","","","","","","","","","","","","","","","","0"
"698","TCU","01/01/11","14","DALTON","ANDY","9","31","3","28","1","23","15","0","219","1","","32","247","","","","","","","","","","","","","","","","","","1","","","","","","","","","","","","6"
"698","TCU","09/04/10","11","DAWSON","SKYE","1","5","0","5","0","","","","","","","1","5","4","69","0","","","","","","","","","","","","","","","","","","","","","","","","","","","0"
"698","TCU","09/11/10","11","DAWSON","SKYE","1","4","0","4","0","","","","","","","1","4","","","","","","","","","","","","","","","","","","","","","","","","","","","","","","0"
"698","TCU","09/18/10","11","DAWSON","SKYE","1","0","0","0","0","","","","","","","1","0","1","8","0","","","","","","","","","","","","","","","","","","","","","","","","","","","0"
"698","TCU","09/24/10","11","DAWSON","SKYE","","","","","","","","","","","","0","0","1","10","0","","","","","","","","","","","","","","","","","","","","","","","","","","","0"
"698","TCU","10/02/10","11","DAWSON","SKYE","","","","","","","","","","","","0","0","1","5","0","","","","","","","","","","","","","","","","","","","","","","","","","","","0"
"698","TCU","10/09/10","11","DAWSON","SKYE","","","","","","","","","","","","0","0","1","43","0","","","","","","","","","","","","","","","","","","","","","","","","","","","0"
"698","TCU","10/30/10","11","DAWSON","SKYE","","","","","","","","","","","","0","0","1","5","0","","","","","","","","","","","","","","","","","","","","","","","","","","","0"
"698","TCU","11/06/10","11","DAWSON","SKYE","","","","","","","","","","","","0","0","1","24","0","","","","","","","","","","","","","","","","","","","","","","","","","","","0"
"698","TCU","11/13/10","11","DAWSON","SKYE","","","","","","","","","","","","0","0","1","7","0","","","","","","","","","","","","3","87","0","","","","","","","","","","","","","0"
"698","TCU","11/27/10","11","DAWSON","SKYE","","","","","","","","","","","","0","0","1","-1","0","","","","","","","","","1","25","0","","","","","","","","","","","","","","","","0"
"698","TCU","09/11/10","30","DEAN","AUNDRE","5","25","2","23","0","","","","","","","5","23","","","","","","","","","","","","","","","","","","","","","","","","","","","","","","0"
"698","TCU","09/18/10","30","DEAN","AUNDRE","1","3","0","3","0","","","","","","","1","3","","","","","","","","","","","","","","","","","","","","","","","","","","","","","","0"
"698","TCU","10/02/10","30","DEAN","AUNDRE","2","25","0","25","0","","","","","","","2","25","","","","","","","","","","","","","","","","","","","","","","","","","","","","","","0"
"698","TCU","10/09/10","30","DEAN","AUNDRE","6","39","0","39","0","","","","","","","6","39","","","","","","","","","","","","","","","","","","","","","","","","","","","","","","0"
"698","TCU","10/16/10","30","DEAN","AUNDRE","2","9","0","9","0","","","","","","","2","9","","","","","","","","","","","","","","","","","","","","","","","","","","","","","","0"
"698","TCU","10/30/10","30","DEAN","AUNDRE","5","47","0","47","0","","","","","","","5","47","","","","","","","","","","","","","","","","","","","","","","","","","","","","","","0"
"698","TCU","11/06/10","30","DEAN","AUNDRE","4","22","0","22","0","","","","","","","4","22","","","","","","","","","","","","","","","","","","","","","","","","","","","","","","0"
"698","TCU","11/27/10","30","DEAN","AUNDRE","7","55","0","55","1","","","","","","","7","55","","","","","","","","","","","","","","","","","","1","","","","","","","","","","","","6"
"698","TCU","09/04/10","37","EVANS","ROSS","","","","","","","","","","","","0","0","","","","","","","","","","","","","","","","","","","4","4","0","0","","","","","","","","4"
"698","TCU","09/11/10","37","EVANS","ROSS","","","","","","","","","","","","0","0","","","","","","","","","","","","","","","","","","","9","8","0","0","","","","","","","","8"
"698","TCU","09/18/10","37","EVANS","ROSS","","","","","","","","","","","","0","0","","","","","","","","","","","","","","","","","","","6","6","0","0","","","","","1","1","","9"
"698","TCU","09/24/10","37","EVANS","ROSS","","","","","","","","","","","","0","0","","","","","","","","","","","","","","","","","","","6","5","0","0","","","","","","","","5"
"698","TCU","10/02/10","37","EVANS","ROSS","","","","","","","","","","","","0","0","","","","","","","","","","","","","","","","","","","3","3","0","0","","","","","2","2","","9"
"698","TCU","10/09/10","37","EVANS","ROSS","","","","","","","","","","","","0","0","","","","","","","","","","","","","","","","","","","6","6","0","0","","","","","1","1","","9"
"698","TCU","10/16/10","37","EVANS","ROSS","","","","","","","","","","","","0","0","","","","","","","","","","","","","","","","","","","4","4","0","0","","","","","1","1","","7"
"698","TCU","10/23/10","37","EVANS","ROSS","","","","","","","","","","","","0","0","","","","","","","","","","","","","","","","","","","5","5","0","0","","","","","1","1","","8"
"698","TCU","10/30/10","37","EVANS","ROSS","","","","","","","","","","","","0","0","","","","","","","","","","","","","","","","","","","7","6","0","0","","","","","","","","6"
"698","TCU","11/06/10","37","EVANS","ROSS","","","","","","","","","","","","0","0","","","","","","","","","","","","","","","","","","","6","5","0","0","","","","","2","2","","11"
"698","TCU","11/13/10","37","EVANS","ROSS","","","","","","","","","","","","0","0","","","","","","","","","","","","","","","","","","","5","4","0","0","","","","","4","2","","10"
"698","TCU","11/27/10","37","EVANS","ROSS","","","","","","","","","","","","0","0","","","","","","","","","","","","","","","","","","","9","9","0","0","","","","","1","1","","12"
"698","TCU","01/01/11","37","EVANS","ROSS","","","","","","","","","","","","0","0","","","","","","","","","","","","","","","","","","","3","3","0","0","","","","","","","","3"
"698","TCU","10/02/10","22","FORT","JERCELL","1","2","0","2","0","","","","","","","1","2","","","","","","","","","","","","","","","","","","","","","","","","","","","","","","0"
"698","TCU","10/09/10","22","FORT","JERCELL","2","8","0","8","0","","","","","","","2","8","","","","","","","","","","","","","","","","","","","","","","","","","","","","","","0"
"698","TCU","10/23/10","22","FORT","JERCELL","1","2","0","2","0","","","","","","","1","2","","","","","","","","","","","","","","","","","","","","","","","","","","","","","","0"
"698","TCU","10/30/10","22","FORT","JERCELL","4","26","0","26","0","","","","","","","4","26","","","","","","","","","","","","","","","","","","","","","","","","","","","","","","0"
"698","TCU","11/27/10","22","FORT","JERCELL","6","26","0","26","0","","","","","","","6","26","","","","","","","","","","","","","","","","","","","","","","","","","","","","","","0"
"698","TCU","09/18/10","84","FROSCH","EVAN","","","","","","","","","","","","0","0","1","11","0","","","","","","","","","","","","","","","","","","","","","","","","","","","0"
"698","TCU","09/24/10","84","FROSCH","EVAN","","","","","","","","","","","","0","0","1","31","0","","","","","","","","","","","","","","","","","","","","","","","","","","","0"
"698","TCU","10/02/10","86","FULLER","COREY","","","","","","","","","","","","0","0","1","19","0","","","","","","","","","","","","","","","","","","","","","","","","","","","0"
"698","TCU","10/09/10","86","FULLER","COREY","","","","","","","","","","","","0","0","1","11","0","","","","","","","","","","","","","","","","","","","","","","","","","","","0"
"698","TCU","10/09/10","12","GALLEGOS","YOGI","2","8","0","8","0","1","1","0","11","0","","3","19","","","","","","","","","","","","","","","","","","","","","","","","","","","","","","0"
"698","TCU","11/27/10","12","GALLEGOS","YOGI","","","","","","3","0","0","0","0","","3","0","","","","","","","","","","","","","","","","","","","","","","","","","","","","","","0"
"698","TCU","09/04/10","13","HICKS","ANTOINE","","","","","","","","","","","","0","0","1","12","0","","","","","","","","","","","","","","","","","","","","","","","","","","","0"
"698","TCU","09/18/10","13","HICKS","ANTOINE","","","","","","","","","","","","0","0","1","9","0","","","","","","","","","","","","","","","","","","","","","","","","","","","0"
"698","TCU","09/24/10","13","HICKS","ANTOINE","","","","","","","","","","","","0","0","1","41","0","","","","","","","","","","","","","","","","","","","","","","","","","","","0"
"698","TCU","10/09/10","13","HICKS","ANTOINE","1","2","0","2","1","","","","","","","1","2","1","4","1","","","","","","","","","","","","","","","2","","","","","","","","","","","","12"
"698","TCU","10/16/10","13","HICKS","ANTOINE","","","","","","","","","","","","0","0","2","20","0","","","","","","","","","","","","","","","","","","","","","","","","","","","0"
"698","TCU","10/23/10","13","HICKS","ANTOINE","","","","","","","","","","","","0","0","2","47","0","","","","","","","","","","","","","","","","","","","","","","","","","","","0"
"698","TCU","10/30/10","13","HICKS","ANTOINE","1","0","0","0","0","","","","","","","1","0","1","5","0","","","","","","","","","","","","","","","","","","","","","","","","","","","0"
"698","TCU","11/06/10","13","HICKS","ANTOINE","","","","","","","","","","","","0","0","1","7","0","","","","","","","","","","","","","","","","","","","","","","","","","","","0"
"698","TCU","11/27/10","13","HICKS","ANTOINE","1","1","0","1","0","","","","","","","1","1","2","26","1","","","","","","","","","","","","","","","1","","","","","","","","","","","","6"
"698","TCU","01/01/11","13","HICKS","ANTOINE","","","","","","","","","","","","0","0","1","4","0","","","","","","","","","","","","","","","","","","","","","","","","","","","0"
"698","TCU","09/11/10","25","HIGHTOWER","RYAN","1","16","0","16","1","","","","","","","1","16","","","","","","","","","","","","","","","","","","1","","","","","","","","","","","","6"
"698","TCU","11/06/10","9","IBILOYE","ALEX","","","","","","","","","","","","0","0","","","","","","","1","3","0","","","","","","","","","","","","","","","","","","","","","0"
"698","TCU","09/11/10","32","JAMES","WAYMON","5","35","1","34","1","","","","","","","5","34","","","","","","","","","","","","","","","","","","1","","","","","","","","","","","","6"
"698","TCU","09/18/10","32","JAMES","WAYMON","3","13","0","13","0","","","","","","","3","13","","","","","","","","","","","","","","","","","","","","","","","","","","","","","","0"
"698","TCU","09/24/10","32","JAMES","WAYMON","8","41","0","41","2","","","","","","","8","41","1","7","0","","","","","","","","","","","","","","","2","","","","","","","","","","","","12"
"698","TCU","10/02/10","32","JAMES","WAYMON","6","55","0","55","0","","","","","","","6","55","","","","","","","","","","","","","","","","","","","","","","","","","","","","","","0"
"698","TCU","10/09/10","32","JAMES","WAYMON","6","43","0","43","0","","","","","","","6","43","1","34","0","","","","","","","","","","","","","","","","","","","","","","","","","","","0"
"698","TCU","10/16/10","32","JAMES","WAYMON","5","21","0","21","0","","","","","","","5","21","","","","","","","","","","","","","","","","","","","","","","","","","","","","","","0"
"698","TCU","10/30/10","32","JAMES","WAYMON","9","62","1","61","0","","","","","","","9","61","","","","","","","","","","","","","","","","","","","","","","","","","","","","","","0"
"698","TCU","11/06/10","32","JAMES","WAYMON","11","64","0","64","1","","","","","","","11","64","","","","","","","","","","","","","","","","","","1","","","","","","","","","","","","6"
"698","TCU","11/13/10","32","JAMES","WAYMON","23","111","9","102","1","","","","","","","23","102","1","4","0","","","","","","","","","","","","","","","1","","","","","","","","","","","","6"
"698","TCU","11/27/10","32","JAMES","WAYMON","7","55","0","55","0","","","","","","","7","55","2","46","1","","","","","","","","","","","","","","","1","","","","","","","","","","","","6"
"698","TCU","01/01/11","32","JAMES","WAYMON","4","24","0","24","0","","","","","","","4","24","","","","","","","","","","","","","","","","","","","","","","","","","","","","","","0"
"698","TCU","09/04/10","6","JOHNSON","BART","","","","","","","","","","","","0","0","3","26","0","","","","","","","","","","","","","","","","","","","","","","","","","","","0"
"698","TCU","09/11/10","6","JOHNSON","BART","","","","","","","","","","","","0","0","7","56","0","","","","","","","","","","","","","","","","","","","","","","","","","","","0"
"698","TCU","09/18/10","6","JOHNSON","BART","","","","","","","","","","","","0","0","3","43","0","","","","","","","","","","","","","","","","","","","","","","","","","","","0"
"698","TCU","09/24/10","6","JOHNSON","BART","","","","","","","","","","","","0","0","3","29","1","","","","","","","","","","","","","","","1","","","","","","","","","","","","6"
"698","TCU","10/02/10","6","JOHNSON","BART","","","","","","","","","","","","0","0","1","7","0","","","","","","","","","","","","","","","","","","","","","","","","","","","0"
"698","TCU","10/09/10","6","JOHNSON","BART","","","","","","","","","","","","0","0","1","31","1","","","","","","","","","","","","","","","1","","","","","","","","","","","","6"
"698","TCU","10/16/10","6","JOHNSON","BART","","","","","","","","","","","","0","0","3","59","0","","","","","","","","","","","","","","","","","","","","","","","","","","","0"
"698","TCU","10/23/10","6","JOHNSON","BART","","","","","","","","","","","","0","0","1","25","0","","","","","","","","","","","","","","","","","","","","","","","","","","","0"
"698","TCU","10/30/10","6","JOHNSON","BART","","","","","","","","","","","","0","0","1","29","0","","","","","","","","","","","","","","","","","","","","","","","","","","","0"
"698","TCU","11/06/10","6","JOHNSON","BART","","","","","","","","","","","","0","0","2","33","1","","","","","","","","","","","","","","","1","","","","","","","","","","","","6"
"698","TCU","11/13/10","6","JOHNSON","BART","","","","","","","","","","","","0","0","4","54","0","","","","","","","","","","","","","","","","","","","","","","","","","","","0"
"698","TCU","11/27/10","6","JOHNSON","BART","","","","","","","","","","","","0","0","1","4","0","","","","","","","","","","","","","","","","","","","","","","","","","","","0"
"698","TCU","01/01/11","6","JOHNSON","BART","","","","","","","","","","","","0","0","1","23","1","","","","","","","","","","","","","","","1","","","","","","","","","","","","6"
"698","TCU","09/24/10","3","JOHNSON","TEJAY","","","","","","","","","","","","0","0","","","","1","19","1","","","","","","","","","","","","1","","","","","","","","","","","","6"
"698","TCU","10/16/10","3","JOHNSON","TEJAY","","","","","","","","","","","","0","0","","","","1","2","0","","","","","","","","","","","","","","","","","","","","","","","","0"
"698","TCU","11/13/10","3","JOHNSON","TEJAY","","","","","","","","","","","","0","0","","","","1","29","0","","","","","","","","","","","","","","","","","","","","","","","","0"
"698","TCU","10/30/10","28","JONES","COLIN","","","","","","","","","","","","0","0","","","","1","30","1","","","","","","","","","","","","1","","","","","","","","","","","","6"
"698","TCU","09/04/10","47","KELTON","ANSON","","","","","","","","","","","","0","0","","","","","","","","","","4","169","","","","","","","","","","","","","","","","","","","0"
"698","TCU","09/11/10","47","KELTON","ANSON","","","","","","","","","","","","0","0","","","","","","","","","","3","127","","","","","","","","","","","","","","","","","","","0"
"698","TCU","09/18/10","47","KELTON","ANSON","","","","","","","","","","","","0","0","","","","","","","","","","3","138","","","","","","","","","","","","","","","","","","","0"
"698","TCU","09/24/10","47","KELTON","ANSON","","","","","","","","","","","","0","0","","","","","","","","","","3","110","","","","","","","","","","","","","","","","","","","0"
"698","TCU","10/02/10","47","KELTON","ANSON","","","","","","","","","","","","0","0","","","","","","","","","","4","167","","","","","","","","","","","","","","","","","","","0"
"698","TCU","10/09/10","47","KELTON","ANSON","","","","","","","","","","","","0","0","","","","","","","","","","2","91","","","","","","","","","","","","","","","","","","","0"
"698","TCU","10/16/10","47","KELTON","ANSON","","","","","","","","","","","","0","0","","","","","","","","","","6","248","","","","","","","","","","","","","","","","","","","0"
"698","TCU","10/30/10","47","KELTON","ANSON","","","","","","","","","","","","0","0","","","","","","","","","","1","36","","","","","","","","","","","","","","","","","","","0"
"698","TCU","11/06/10","47","KELTON","ANSON","","","","","","","","","","","","0","0","","","","","","","","","","3","128","","","","","","","","","","","","","","","","","","","0"
"698","TCU","11/13/10","47","KELTON","ANSON","","","","","","","","","","","","0","0","","","","","","","","","","5","199","","","","","","","","","","","","","","","","","","","0"
"698","TCU","11/27/10","47","KELTON","ANSON","","","","","","","","","","","","0","0","","","","","","","","","","4","189","","","","","","","","","","","","","","","","","","","0"
"698","TCU","01/01/11","47","KELTON","ANSON","","","","","","","","","","","","0","0","","","","","","","","","","4","146","","","","","","","","","","","","","","","","","","","0"
"698","TCU","09/04/10","85","KERLEY","JEREMY","","","","","","","","","","","","0","0","6","49","1","","","","","","","","","3","42","0","5","105","0","1","","","","","","","","","","","","6"
"698","TCU","09/11/10","85","KERLEY","JEREMY","1","5","0","5","1","","","","","","","1","5","1","16","0","","","","","","","","","1","12","0","1","20","0","1","","","","","","","","","","","","6"
"698","TCU","09/18/10","85","KERLEY","JEREMY","4","49","0","49","0","","","","","","","4","49","6","69","2","","","","","","","","","4","84","0","","","","2","","","","","","","","","","","","12"
"698","TCU","09/24/10","85","KERLEY","JEREMY","1","6","0","6","0","1","1","0","11","0","","2","17","4","33","0","","","","","","","","","2","23","0","5","172","0","","","","","","","","","","","","","0"
"698","TCU","10/02/10","85","KERLEY","JEREMY","4","20","0","20","0","","","","","","","4","20","3","5","0","","","","","","","","","3","35","0","","","","","","","","","","","","","","","","0"
"698","TCU","10/09/10","85","KERLEY","JEREMY","1","3","0","3","0","","","","","","","1","3","3","65","1","","","","","","","","","3","48","0","1","26","0","1","","","","","","","","","","","","6"
"698","TCU","10/16/10","85","KERLEY","JEREMY","","","","","","","","","","","","0","0","5","25","1","","","","","","","","","4","56","0","2","81","0","1","","","","","","","","","","","","6"
"698","TCU","10/23/10","85","KERLEY","JEREMY","2","11","0","11","0","","","","","","","2","11","2","20","1","","","","","","","","","","","","2","46","0","1","","","","","","","","","","","","6"
"698","TCU","10/30/10","85","KERLEY","JEREMY","1","5","0","5","1","","","","","","","1","5","5","82","1","","","","","","","","","2","-3","0","","","","2","","","","","","","","","","","","12"
"698","TCU","11/06/10","85","KERLEY","JEREMY","1","0","5","-5","0","1","1","0","26","1","","2","21","7","68","0","","","","","","","","","1","4","0","","","","","","","","","","","","","","","","0"
"698","TCU","11/13/10","85","KERLEY","JEREMY","1","0","2","-2","0","","","","","","","1","-2","8","85","3","","","","","","","","","5","59","0","1","26","0","3","","","","","","","","","","","","18"
"698","TCU","11/27/10","85","KERLEY","JEREMY","","","","","","","","","","","","0","0","","","","","","","","","","","","2","28","0","","","","","","","","","","","","","","","","0"
"698","TCU","01/01/11","85","KERLEY","JEREMY","2","5","0","5","0","","","","","","","2","5","6","58","0","","","","","","","","","","","","2","51","0","","","","","","","","","","","","","0"
"698","TCU","10/09/10","17","LUTTRELL","TYLER","","","","","","","","","","","","0","0","","","","1","0","0","","","","","","","","","","","","","","","","","","","","","","","","0"
"698","TCU","09/11/10","7","MCCOY","GREG","","","","","","","","","","","","0","0","","","","","","","","","","","","","","","1","27","0","","","","","","","","","","","","","0"
"698","TCU","09/18/10","7","MCCOY","GREG","","","","","","","","","","","","0","0","","","","","","","","","","","","","","","1","31","0","","","","","","","","","","","","","0"
"698","TCU","10/30/10","7","MCCOY","GREG","","","","","","","","","","","","0","0","","","","","","","","","","","","","","","1","26","0","","","","","","","","","","","","","0"
"698","TCU","11/13/10","7","MCCOY","GREG","","","","","","","","","","","","0","0","","","","1","0","0","","","","","","","","","","","","","","","","","","","","","","","","0"
"698","TCU","11/27/10","7","MCCOY","GREG","","","","","","","","","","","","0","0","","","","","","","","","","","","","","","2","83","0","","","","","","","","","","","","","0"
"698","TCU","09/11/10","4","PACHALL","CASEY","2","28","0","28","0","","","","","","","2","28","","","","","","","","","","","","","","","","","","","","","","","","","","","","","","0"
"698","TCU","09/18/10","4","PACHALL","CASEY","1","3","0","3","0","","","","","","","1","3","","","","","","","","","","","","","","","","","","","","","","","","","","","","","","0"
"698","TCU","10/02/10","4","PACHALL","CASEY","1","12","0","12","0","1","1","0","19","0","","2","31","","","","","","","","","","","","","","","","","","","","","","","","","","","","","","0"
"698","TCU","10/16/10","4","PACHALL","CASEY","1","2","0","2","0","","","","","","","1","2","","","","","","","","","","","","","","","","","","","","","","","","","","","","","","0"
"698","TCU","10/30/10","4","PACHALL","CASEY","2","18","0","18","1","2","1","0","5","0","","4","23","","","","","","","","","","","","","","","","","","1","","","","","","","","","","","","6"
"698","TCU","11/06/10","4","PACHALL","CASEY","3","4","4","0","0","","","","","","","3","0","","","","","","","","","","","","","","","","","","","","","","","","","","","","","","0"
"698","TCU","11/27/10","4","PACHALL","CASEY","5","40","9","31","1","6","4","0","54","1","","11","85","","","","","","","","","","","","","","","","","","1","","","","","","","","","","","","6"
"698","TCU","09/04/10","48","SHIVERS","LUKE","1","1","0","1","0","","","","","","","1","1","","","","","","","","","","","","","","","","","","","","","","","","","","","","","","0"
"698","TCU","09/18/10","48","SHIVERS","LUKE","1","2","0","2","1","","","","","","","1","2","","","","","","","","","","","","","","","1","8","0","1","","","","","","","","","","","","6"
"698","TCU","09/24/10","48","SHIVERS","LUKE","1","4","0","4","1","","","","","","","1","4","1","9","0","","","","","","","","","","","","","","","1","","","","","","","","","","","","6"
"698","TCU","10/02/10","48","SHIVERS","LUKE","1","2","0","2","0","","","","","","","1","2","","","","","","","","","","","","","","","","","","","","","","","","","","","","","","0"
"698","TCU","10/09/10","48","SHIVERS","LUKE","","","","","","","","","","","","0","0","1","10","0","","","","","","","","","","","","","","","","","","","","","","","","","","","0"
"698","TCU","10/16/10","48","SHIVERS","LUKE","1","1","0","1","0","","","","","","","1","1","","","","","","","","","","","","","","","","","","","","","","","","","","","","","","0"
"698","TCU","10/23/10","48","SHIVERS","LUKE","","","","","","","","","","","","0","0","1","6","0","","","","","","","","","","","","","","","","","","","","","","","","","","","0"
"698","TCU","10/30/10","48","SHIVERS","LUKE","","","","","","","","","","","","0","0","","","","","","","","","","","","","","","1","2","0","","","","","","","","","","","","","0"
"698","TCU","11/27/10","48","SHIVERS","LUKE","3","3","0","3","2","","","","","","","3","3","","","","","","","","","","","","","","","1","7","0","2","","","","","","","","","","","","12"
"698","TCU","01/01/11","48","SHIVERS","LUKE","1","1","0","1","1","","","","","","","1","1","","","","","","","","","","","","","","","1","5","0","1","","","","","","","","","","","","6"
"698","TCU","09/11/10","27","TEAGUE","JASON","","","","","","","","","","","","0","0","","","","1","29","1","","","","","","","","","","","","1","","","","","","","","","","","","6"
"698","TCU","10/30/10","27","TEAGUE","JASON","","","","","","","","","","","","0","0","","","","1","0","0","","","","","","","","","","","","","","","","","","","","","","","","0"
"698","TCU","11/27/10","16","THOMPSON","JURELL","","","","","","","","","","","","0","0","","","","1","0","0","","","","","","","","","","","","","","","","","","","","","","","","0"
"698","TCU","09/04/10","29","TUCKER","MATTHEW","20","75","1","74","0","","","","","","","20","74","","","","","","","","","","","","","","","","","","","","","","","","","","","","","","0"
"698","TCU","09/11/10","29","TUCKER","MATTHEW","9","53","0","53","2","","","","","","","9","53","","","","","","","","","","","","","","","","","","2","","","","","","","","","","","","12"
"698","TCU","09/18/10","29","TUCKER","MATTHEW","12","36","2","34","1","","","","","","","12","34","1","6","0","","","","","","","","","","","","","","","1","","","","","","","","","","","","6"
"698","TCU","09/24/10","29","TUCKER","MATTHEW","19","74","11","63","1","","","","","","","19","63","","","","","","","","","","","","","","","","","","1","","","","","","","","","","","","6"
"698","TCU","10/02/10","29","TUCKER","MATTHEW","8","87","0","87","0","","","","","","","8","87","","","","","","","","","","","","","","","","","","","","","","","","","","","","","","0"
"698","TCU","10/09/10","29","TUCKER","MATTHEW","7","45","0","45","1","","","","","","","7","45","3","53","0","","","","","","","","","","","","","","","1","","","","","","","","","","","","6"
"698","TCU","10/16/10","29","TUCKER","MATTHEW","10","33","2","31","0","","","","","","","10","31","1","6","0","","","","","","","","","","","","","","","","","","","","","","","","","","","0"
"698","TCU","10/23/10","29","TUCKER","MATTHEW","12","65","2","63","1","","","","","","","12","63","","","","","","","","","","","","","","","","","","1","","","","","","","","","","","","6"
"698","TCU","10/30/10","29","TUCKER","MATTHEW","7","28","0","28","0","","","","","","","7","28","2","21","0","","","","","","","","","","","","","","","","","","","","","","","","","","","0"
"698","TCU","11/06/10","29","TUCKER","MATTHEW","9","36","4","32","0","","","","","","","9","32","1","11","0","","","","","","","","","","","","","","","","","","","","","","","","","","","0"
"698","TCU","11/13/10","29","TUCKER","MATTHEW","22","133","2","131","0","","","","","","","22","131","","","","","","","","","","","","","","","","","","","","","","","","","","","","","","0"
"698","TCU","11/27/10","29","TUCKER","MATTHEW","9","54","1","53","1","","","","","","","9","53","","","","","","","","","","","","","","","","","","1","","","","","","","","","","","","6"
"698","TCU","01/01/11","29","TUCKER","MATTHEW","4","15","0","15","0","","","","","","","4","15","","","","","","","","","","","","","","","","","","","","","","","","","","","","","","0"
"698","TCU","09/04/10","34","WESLEY","ED","17","134","0","134","1","","","","","","","17","134","1","1","0","","","","","","","","","","","","","","","1","","","","","","","","","","","","6"
"698","TCU","09/11/10","34","WESLEY","ED","11","88","3","85","1","","","","","","","11","85","","","","","","","","","","","","","","","","","","1","","","","","","","","","","","","6"
"698","TCU","09/18/10","34","WESLEY","ED","19","165","0","165","2","","","","","","","19","165","","","","","","","","","","","","","","","","","","2","","","","","","","","","","","","12"
"698","TCU","09/24/10","34","WESLEY","ED","8","37","2","35","0","","","","","","","8","35","","","","","","","","","","","","","","","","","","","","","","","","","","","","","","0"
"698","TCU","10/02/10","34","WESLEY","ED","15","80","2","78","2","","","","","","","15","78","1","9","0","","","","","","","","","","","","","","","2","","","","","","","","","","","","12"
"698","TCU","10/09/10","34","WESLEY","ED","17","118","3","115","1","","","","","","","17","115","","","","","","","","","","","","","","","","","","1","","","","","","","","","","","","6"
"698","TCU","10/16/10","34","WESLEY","ED","10","53","0","53","0","","","","","","","10","53","2","-4","0","","","","","","","","","","","","","","","","","","","","","","","","","","","0"
"698","TCU","10/23/10","34","WESLEY","ED","28","209","0","209","2","","","","","","","28","209","","","","","","","","","","","","","","","","","","2","","","","","","","","","","","","12"
"698","TCU","10/30/10","34","WESLEY","ED","13","64","0","64","1","","","","","","","13","64","1","8","0","","","","","","","","","","","","","","","1","","","","","","","","","","","","6"
"698","TCU","11/06/10","34","WESLEY","ED","12","51","1","50","1","","","","","","","12","50","1","5","0","","","","","","","","","","","","","","","1","","","","","","","","","","","","6"
"698","TCU","11/13/10","34","WESLEY","ED","1","0","0","0","0","","","","","","","1","0","","","","","","","","","","","","","","","","","","","","","","","","","","","","","","0"
"698","TCU","11/27/10","34","WESLEY","ED","11","81","4","77","0","","","","","","","11","77","1","10","0","","","","","","","","","","","","","","","","","","","","","","","","","","","0"
"698","TCU","01/01/11","34","WESLEY","ED","4","13","0","13","0","","","","","","","4","13","1","33","0","","","","","","","","","","","","","","","","","","","","","","","","","","","0"
"698","TCU","09/11/10","88","YOUNG","JIMMY","","","","","","","","","","","","0","0","1","17","0","","","","","","","","","","","","","","","","","","","","","","","","","","","0"
"698","TCU","09/18/10","88","YOUNG","JIMMY","","","","","","","","","","","","0","0","3","53","0","","","","","","","","","","","","","","","","","","","","","","","","","","","0"
"698","TCU","09/24/10","88","YOUNG","JIMMY","","","","","","","","","","","","0","0","1","9","0","","","","","","","","","","","","","","","","","","","","","","","","","","","0"
"698","TCU","10/02/10","88","YOUNG","JIMMY","","","","","","","","","","","","0","0","1","39","1","","","","","","","","","","","","","","","1","","","","","","","","","","","","6"
"698","TCU","10/09/10","88","YOUNG","JIMMY","","","","","","","","","","","","0","0","1","8","0","","","","","","","","","","","","","","","","","","","","","","","","","","","0"
"698","TCU","10/16/10","88","YOUNG","JIMMY","","","","","","","","","","","","0","0","3","40","1","","","","","","","","","","","","","","","1","","","","","","","","","","","","6"
"698","TCU","10/23/10","88","YOUNG","JIMMY","","","","","","","","","","","","0","0","2","38","0","","","","","","","","","","","","","","","","","","","","","","","","","","","0"
"698","TCU","10/30/10","88","YOUNG","JIMMY","","","","","","","","","","","","0","0","4","43","0","","","","","","","","","","","","","","","","","","","","","","","","","","","0"
"698","TCU","11/06/10","88","YOUNG","JIMMY","","","","","","","","","","","","0","0","5","84","1","","","","","","","","","","","","","","","1","","","","","","","","","","","","6"
"698","TCU","11/13/10","88","YOUNG","JIMMY","","","","","","","","","","","","0","0","4","44","0","","","","","","","","","","","","","","","","","","","","","","","","","","","0"
"698","TCU","11/27/10","88","YOUNG","JIMMY","","","","","","","","","","","","0","0","2","54","1","","","","","","","","","","","","","","","1","","","","","","","","","","","","6"
"698","TCU","01/01/11","88","YOUNG","JIMMY","","","","","","","","","","","","0","0","5","57","0","","","","","","","","","","","","","","","","","","","","","","","","","","","0"
"690","Temple","09/03/10","87","ALDERMAN","RYAN","","","","","","","","","","","","0","0","","","","","","","","","","","","1","28","0","","","","","","","","","","","","","","","","0"
"690","Temple","09/25/10","87","ALDERMAN","RYAN","","","","","","","","","","","","0","0","","","","","","","","","","","","1","0","0","","","","","","","","","","","","","","","","0"
"690","Temple","10/23/10","87","ALDERMAN","RYAN","","","","","","","","","","","","0","0","","","","","","","","","","","","2","5","0","","","","","","","","","","","","","","","","0"
"690","Temple","11/06/10","87","ALDERMAN","RYAN","","","","","","","","","","","","0","0","2","40","0","","","","","","","","","","","","","","","","","","","","","","","","","","","0"
"690","Temple","11/16/10","87","ALDERMAN","RYAN","","","","","","","","","","","","0","0","5","73","0","","","","","","","","","","","","","","","","","","","","","","","","","","","0"
"690","Temple","11/23/10","87","ALDERMAN","RYAN","","","","","","","","","","","","0","0","3","41","0","","","","","","","","","","","","","","","","","","","","","","","","","","","0"
"690","Temple","09/09/10","89","BALASAVAGE","MATT","","","","","","","","","","","","0","0","1","8","0","","","","","","","","","","","","","","","","","","","","","","","","","","","0"
"690","Temple","10/30/10","89","BALASAVAGE","MATT","","","","","","","","","","","","0","0","1","13","0","","","","","","","","","","","","","","","","","","","","","","","","","","","0"
"690","Temple","11/23/10","44","BENSON","WYATT","","","","","","","","","","","","0","0","","","","","","","","","","","","","","","1","29","0","","","","","","","","","","","","","0"
"690","Temple","09/03/10","22","BROWN","MATT","10","57","3","54","1","","","","","","","10","54","1","5","0","","","","","","","","","","","","2","38","0","1","","","","","","","","","","","","6"
"690","Temple","09/09/10","22","BROWN","MATT","16","58","10","48","0","","","","","","","16","48","4","17","0","","","","","","","","","","","","","","","","","","","","","","","","","","","0"
"690","Temple","09/18/10","22","BROWN","MATT","2","8","0","8","0","","","","","","","2","8","1","6","0","","","","","","","","","","","","2","45","0","","","","","","","","","","","","","0"
"690","Temple","09/25/10","22","BROWN","MATT","12","53","5","48","0","","","","","","","12","48","1","9","0","","","","","","","","","","","","1","20","0","","","","","","","","","","","","","0"
"690","Temple","10/02/10","22","BROWN","MATT","28","237","11","226","4","","","","","","","28","226","","","","","","","","","","","","","","","","","","4","","","","","","","","","","","","24"
"690","Temple","10/09/10","22","BROWN","MATT","13","93","0","93","1","","","","","","","13","93","2","-1","0","","","","","","","","","","","","1","55","0","1","","","","","","","","","","","","6"
"690","Temple","10/16/10","22","BROWN","MATT","10","38","11","27","0","","","","","","","10","27","","","","","","","","","","","","","","","1","14","0","","","","","","","","","","","","","0"
"690","Temple","10/23/10","22","BROWN","MATT","20","111","2","109","0","","","","","","","20","109","","","","","","","","","","","","","","","","","","","","","","","","","","","","","","0"
"690","Temple","10/30/10","22","BROWN","MATT","13","70","1","69","0","","","","","","","13","69","1","3","0","","","","","","","","","","","","","","","","","","","","","","","","","","","0"
"690","Temple","11/06/10","22","BROWN","MATT","4","20","0","20","0","","","","","","","4","20","1","1","0","","","","","","","","","","","","","","","","","","","","","","","","","","","0"
"690","Temple","11/16/10","22","BROWN","MATT","20","78","6","72","1","","","","","","","20","72","4","20","0","","","","","","","","","","","","1","18","0","1","","","","","","","","","","","","6"
"690","Temple","11/23/10","22","BROWN","MATT","14","63","7","56","0","","","","","","","14","56","1","10","0","","","","","","","","","","","","","","","","","","","","","","","","","","","0"
"690","Temple","09/09/10","85","BROWN","MORKEITH","","","","","","","","","","","","0","0","1","9","0","","","","","","","","","","","","","","","","","","","","","","","","","","","0"
"690","Temple","09/18/10","85","BROWN","MORKEITH","","","","","","","","","","","","0","0","1","7","0","","","","","","","","","","","","","","","","","","","","","","","","","","","0"
"690","Temple","09/25/10","85","BROWN","MORKEITH","","","","","","","","","","","","0","0","1","1","0","","","","","","","","","","","","","","","","","","","","","","","","","","","0"
"690","Temple","10/02/10","21","BURRELL","CHRIS","1","1","0","1","0","","","","","","","1","1","","","","","","","","","","","","","","","","","","","","","","","","","","","","","","0"
"690","Temple","10/09/10","21","BURRELL","CHRIS","1","0","0","0","0","","","","","","","1","0","","","","","","","","","","","","","","","","","","","","","","","","","","","","","","0"
"690","Temple","10/23/10","21","BURRELL","CHRIS","6","11","5","6","0","","","","","","","6","6","","","","","","","","","","","","","","","","","","","","","","","","","","","","","","0"
"690","Temple","11/06/10","21","BURRELL","CHRIS","2","2","6","-4","0","","","","","","","2","-4","","","","","","","","","","","","","","","","","","","","","","","","","","","","","","0"
"690","Temple","11/16/10","21","BURRELL","CHRIS","","","","","","","","","","","","0","0","","","","","","","","","","","","","","","2","20","0","","","","","","","","","","","","","0"
"690","Temple","09/03/10","84","CAMPBELL","MICHAEL","","","","","","","","","","","","0","0","8","127","1","","","","","","","","","","","","","","","1","","","","","","","","","","","","6"
"690","Temple","09/09/10","84","CAMPBELL","MICHAEL","","","","","","","","","","","","0","0","1","9","0","","","","","","","","","","","","","","","","","","","","","","","","","","","0"
"690","Temple","09/18/10","84","CAMPBELL","MICHAEL","","","","","","","","","","","","0","0","1","6","0","","","","","","","","","","","","","","","","","","","","","","","","","","","0"
"690","Temple","10/02/10","84","CAMPBELL","MICHAEL","","","","","","","","","","","","0","0","5","124","2","","","","","","","","","","","","","","","2","","","","","","","","","","","","12"
"690","Temple","10/09/10","84","CAMPBELL","MICHAEL","","","","","","","","","","","","0","0","2","22","0","","","","","","","","","","","","","","","","","","","","","","","","","","","0"
"690","Temple","10/16/10","84","CAMPBELL","MICHAEL","","","","","","","","","","","","0","0","3","24","0","","","","","","","","","","","","","","","","","","","","","","","","","","","0"
"690","Temple","10/23/10","84","CAMPBELL","MICHAEL","","","","","","","","","","","","0","0","3","24","1","","","","","","","","","","","","","","","1","","","","","","","","","","","","6"
"690","Temple","10/30/10","84","CAMPBELL","MICHAEL","","","","","","","","","","","","0","0","3","96","0","","","","","","","","","","","","","","","","","","","","","","","","","","","0"
"690","Temple","11/06/10","84","CAMPBELL","MICHAEL","","","","","","","","","","","","0","0","5","137","0","","","","","","","","","","","","","","","","","","","","","","","","","","","0"
"690","Temple","11/16/10","84","CAMPBELL","MICHAEL","","","","","","","","","","","","0","0","11","131","2","","","","","","","","","","","","","","","2","","","","","","","","","","","","12"
"690","Temple","11/23/10","84","CAMPBELL","MICHAEL","","","","","","","","","","","","0","0","3","24","0","","","","","","","","","","","","","","","","","","","","","","","","","","","0"
"690","Temple","09/09/10","3","CHARLTON","VAUGHN","","","","","","","","","","","","0","0","2","10","0","","","","","","","","","","","","","","","","","","","","","","","","","","","0"
"690","Temple","09/25/10","3","CHARLTON","VAUGHN","","","","","","","","","","","0","0","0","","","","","","","","","","","","","","","","","","","","","1","0","","","","","","","","0"
"690","Temple","10/16/10","3","CHARLTON","VAUGHN","","","","","","","","","","","","0","0","1","5","0","","","","","","","","","","","","","","","","","","","","","","","","","","","0"
"690","Temple","11/23/10","3","CHARLTON","VAUGHN","","","","","","1","0","0","0","0","","1","0","","","","","","","","","","","","","","","","","","","","","","","","","","","","","","0"
"690","Temple","10/23/10","11","COYER","CHRIS","2","9","0","9","0","","","","","","","2","9","","","","","","","","","","","","","","","","","","","","","","","","","","","","","","0"
"690","Temple","11/16/10","11","COYER","CHRIS","1","3","0","3","0","1","1","0","10","0","","2","13","","","","","","","","","","","","","","","","","","","","","","","","","","","","","","0"
"690","Temple","11/23/10","11","COYER","CHRIS","2","5","0","5","0","1","1","0","37","0","","3","42","","","","","","","","","","","","","","","","","","","","","","","","","","","","","","0"
"690","Temple","10/16/10","4D","GERARDI","MIKE","1","1","0","1","0","15","9","0","163","2","","16","164","","","","","","","","","","","","","","","","","","","","","","","","","","","","","","0"
"690","Temple","10/23/10","4D","GERARDI","MIKE","1","7","0","7","0","15","9","2","131","3","","16","138","","","","","","","","","","","","","","","","","","","","","","","","","","","","","","0"
"690","Temple","10/30/10","4D","GERARDI","MIKE","2","2","5","-3","0","22","15","0","209","1","","24","206","","","","","","","","","","","","","","","","","","","","","","","","","","","","","","0"
"690","Temple","11/06/10","4D","GERARDI","MIKE","8","27","27","0","1","29","21","2","368","2","","37","368","","","","","","","","","","","","","","","","","","1","","","","","","","","","","","","6"
"690","Temple","11/16/10","4D","GERARDI","MIKE","","","","","","48","28","2","311","2","","48","311","","","","","","","","","","","","","","","","","","","","","","","","","","","","","","0"
"690","Temple","11/23/10","4D","GERARDI","MIKE","9","11","35","-24","0","27","11","2","108","0","","36","84","","","","","","","","","","","","","","","","","","","","","","","","","","","","","","0"
"690","Temple","09/03/10","29","GILDEA","JUSTIN","","","","","","","","","","","","0","0","","","","","","","1","26","1","","","","","","","","","1","","","","","","","","","","","","6"
"690","Temple","09/03/10","10","GREEN","DELANO","","","","","","","","","","","","0","0","","","","","","","","","","","","2","6","0","","","","","","","","","","","","","","","","0"
"690","Temple","09/09/10","10","GREEN","DELANO","1","2","0","2","0","","","","","","","1","2","1","9","0","","","","","","","","","2","22","0","","","","","","","","","","","","","","","","0"
"690","Temple","09/18/10","10","GREEN","DELANO","2","1","4","-3","0","","","","","","","2","-3","","","","","","","","","","","","4","42","0","","","","","","","","","","","","","","","","0"
"690","Temple","10/02/10","10","GREEN","DELANO","","","","","","","","","","","","0","0","","","","","","","","","","","","1","3","0","","","","","","","","","","","","","","","","0"
"690","Temple","10/09/10","10","GREEN","DELANO","","","","","","","","","","","","0","0","","","","","","","","","","","","2","47","0","","","","","","","","","","","","","","","","0"
"690","Temple","10/23/10","10","GREEN","DELANO","","","","","","","","","","","","0","0","","","","","","","","","","","","3","3","0","","","","","","","","","","","","","","","","0"
"690","Temple","10/30/10","10","GREEN","DELANO","","","","","","","","","","","","0","0","","","","","","","","","","","","3","44","0","","","","","","","","","","","","","","","","0"
"690","Temple","11/06/10","10","GREEN","DELANO","","","","","","1","0","0","0","0","","1","0","","","","","","","","","","","","2","2","0","","","","","","","","","","","","","","","","0"
"690","Temple","11/23/10","10","GREEN","DELANO","","","","","","","","","","","","0","0","","","","","","","","","","","","2","3","0","","","","","","","","","","","","","","","","0"
"690","Temple","09/09/10","20","GRIFFIN","KEE-AYRE","","","","","","","","","","","","0","0","","","","1","0","0","","","","","","","","","","","","","","","","","","","","","","","","0"
"690","Temple","11/06/10","13","HUTCHISON","JOSH","","","","","","","","","","","","0","0","1","5","0","","","","","","","","","","","","","","","","","","","","","","","","","","","0"
"690","Temple","09/03/10","98","JACKSON","ALEX","","","","","","","","","","","","0","0","1","8","0","","","","","","","","","","","","","","","","","","","","","","","","","","","0"
"690","Temple","09/09/10","98","JACKSON","ALEX","","","","","","","","","","","","0","0","1","1","0","","","","","","","","","","","","","","","","","","","","","","","","","","","0"
"690","Temple","10/30/10","98","JACKSON","ALEX","","","","","","","","","","","","0","0","3","38","1","","","","","","","","","","","","","","","1","","","","","","","","","","","","6"
"690","Temple","11/06/10","98","JACKSON","ALEX","","","","","","","","","","","","0","0","1","49","1","","","","","","","","","","","","","","","1","","","","","","","","","","","","6"
"690","Temple","11/16/10","98","JACKSON","ALEX","","","","","","","","","","","","0","0","1","28","0","","","","","","","","","","","","","","","","","","","","","","","","","","","0"
"690","Temple","11/23/10","98","JACKSON","ALEX","","","","","","","","","","","","0","0","1","3","0","","","","","","","","","","","","","","","","","","","","","","","","","","","0"
"690","Temple","09/09/10","5","JARRETT","JAIQUAWN","","","","","","","","","","","","0","0","","","","","","","1","28","0","","","","","","","","","","","","","","","","","","","","","0"
"690","Temple","10/23/10","5","JARRETT","JAIQUAWN","","","","","","","","","","","","0","0","","","","1","1","0","","","","","","","","","","","","","","","","","","","","","","","","0"
"690","Temple","11/16/10","5","JARRETT","JAIQUAWN","","","","","","","","","","","","0","0","","","","1","29","0","","","","","","","","","","","","","","","","","","","","","","","","0"
"690","Temple","09/09/10","53","JOHNSON","STEPHEN","","","","","","","","","","","","0","0","","","","1","0","0","","","","","","","","","","","","","","","","","","","","","","","","0"
"690","Temple","11/23/10","53","JOHNSON","STEPHEN","","","","","","","","","","","","0","0","","","","","","","","","","","","","","","1","7","0","","","","","","","","","","","","","0"
"690","Temple","09/09/10","26","JONES","JOE","","","","","","","","","","","","0","0","1","9","0","","","","","","","","","","","","","","","","","","","","","","","","","","","0"
"690","Temple","09/18/10","26","JONES","JOE","","","","","","","","","","","","0","0","4","73","0","","","","","","","","","","","","","","","","","","","","","","","","","","","0"
"690","Temple","09/25/10","26","JONES","JOE","","","","","","","","","","","","0","0","3","27","0","","","","","","","","","","","","","","","","","","","","","","","","","","","0"
"690","Temple","10/02/10","26","JONES","JOE","","","","","","1","1","0","24","1","","1","24","","","","","","","","","","","","","","","","","","","","","","","","","","","","","","0"
"690","Temple","10/09/10","26","JONES","JOE","","","","","","","","","","","","0","0","3","60","0","","","","","","","","","","","","","","","","","","","","","","","","","","","0"
"690","Temple","10/23/10","16","JONES","MAURICE","","","","","","","","","","","","0","0","","","","1","1","0","","","","","","","","","","","","","","","","","","","","","","","","0"
"690","Temple","10/23/10","58","JOSEPH","ELIJAH","","","","","","","","","","","","0","0","","","","1","42","0","","","","","","","","","","","","","","","","","","","","","","","","0"
"690","Temple","10/30/10","37","KROBOTH","KEVIN","","","","","","","","","","","","0","0","","","","1","4","0","","","","","","","","","","","","","","","","","","","","","","","","0"
"690","Temple","11/23/10","37","KROBOTH","KEVIN","","","","","","","","","","","","0","0","","","","","","","","","","","","","","","3","63","0","","","","","","","","","","","","","0"
"690","Temple","09/03/10","28","LIVERPOOL","MARQUISE","","","","","","","","","","","","0","0","","","","1","4","0","","","","","","","","","","","","","","","","","","","","","","","","0"
"690","Temple","09/03/10","19","MCMANUS","BRANDON","","","","","","","","","","","","0","0","","","","","","","","","","","","","","","","","","","1","1","0","0","","","","","5","4","","13"
"690","Temple","09/09/10","19","MCMANUS","BRANDON","","","","","","","","","","","","0","0","","","","","","","","","","","","","","","","","","","1","1","0","0","","","","","4","2","","7"
"690","Temple","09/18/10","19","MCMANUS","BRANDON","","","","","","","","","","","","0","0","","","","","","","","","","2","91","","","","","","","","3","3","0","0","","","","","1","1","","6"
"690","Temple","09/25/10","19","MCMANUS","BRANDON","","","","","","","","","","","","0","0","","","","","","","","","","","","","","","","","","","1","1","0","0","","","","","","","","1"
"690","Temple","10/02/10","19","MCMANUS","BRANDON","","","","","","","","","","","","0","0","","","","","","","","","","","","","","","","","","","4","4","0","0","","","","","","","","4"
"690","Temple","10/09/10","19","MCMANUS","BRANDON","","","","","","","","","","","","0","0","","","","","","","","","","","","","","","","","","","2","2","0","0","","","","","2","1","","5"
"690","Temple","10/16/10","19","MCMANUS","BRANDON","","","","","","","","","","","","0","0","","","","","","","","","","","","","","","","","","","4","4","0","0","","","","","","","","4"
"690","Temple","10/23/10","19","MCMANUS","BRANDON","","","","","","","","","","","","0","0","","","","","","","","","","2","78","","","","","","","","6","6","0","0","","","","","1","0","","6"
"690","Temple","10/30/10","19","MCMANUS","BRANDON","","","","","","","","","","","","0","0","","","","","","","","","","","","","","","","","","","3","3","0","0","","","","","3","3","","12"
"690","Temple","11/06/10","19","MCMANUS","BRANDON","","","","","","","","","","","","0","0","","","","","","","","","","","","","","","","","","","4","4","0","0","","","","","","","","4"
"690","Temple","11/16/10","19","MCMANUS","BRANDON","","","","","","","","","","","","0","0","","","","","","","","","","","","","","","","","","","3","2","0","0","","","","","2","1","","5"
"690","Temple","11/23/10","19","MCMANUS","BRANDON","","","","","","","","","","","","0","0","","","","","","","","","","","","","","","","","","","","","","","","","","","2","1","","3"
"690","Temple","10/09/10","86","MILLER","DEON","","","","","","","","","","","","0","0","1","4","0","","","","","","","","","","","","","","","","","","","","","","","","","","","0"
"690","Temple","10/23/10","86","MILLER","DEON","","","","","","","","","","","","0","0","1","19","0","","","","","","","","","","","","","","","","","","","","","","","","","","","0"
"690","Temple","11/06/10","86","MILLER","DEON","","","","","","","","","","","","0","0","2","25","0","","","","","","","","","","","","","","","","","","","","","","","","","","","0"
"690","Temple","11/16/10","86","MILLER","DEON","","","","","","","","","","","","0","0","1","9","0","","","","","","","","","","","","","","","","","","","","","","","","","","","0"
"690","Temple","11/23/10","86","MILLER","DEON","","","","","","","","","","","","0","0","1","8","0","","","","","","","","","","","","","","","","","","","","","","","","","","","0"
"690","Temple","09/03/10","23","NIXON","JAMES","","","","","","","","","","","","0","0","","","","","","","","","","","","","","","3","68","0","","","","","","","","","","","","","0"
"690","Temple","09/09/10","23","NIXON","JAMES","1","11","0","11","0","","","","","","","1","11","","","","","","","","","","","","","","","1","27","0","","","","","","","","","","","","","0"
"690","Temple","09/18/10","23","NIXON","JAMES","","","","","","","","","","","","0","0","","","","","","","","","","","","","","","3","66","0","","","","","","","","","","","","","0"
"690","Temple","09/25/10","23","NIXON","JAMES","2","64","0","64","0","","","","","","","2","64","","","","","","","","","","","","","","","3","67","0","","","","","","","","","","","","","0"
"690","Temple","10/02/10","23","NIXON","JAMES","2","10","0","10","0","","","","","","","2","10","","","","","","","","","","","","","","","5","132","0","","","","","","","","","","","","","0"
"690","Temple","10/09/10","23","NIXON","JAMES","1","12","0","12","0","","","","","","","1","12","","","","","","","","","","","","","","","1","18","0","","","","","","","","","","","","","0"
"690","Temple","10/16/10","23","NIXON","JAMES","","","","","","","","","","","","0","0","","","","","","","","","","","","","","","2","52","0","","","","","","","","","","","","","0"
"690","Temple","10/23/10","23","NIXON","JAMES","2","12","0","12","0","","","","","","","2","12","","","","","","","","","","","","","","","1","9","0","","","","","","","","","","","","","0"
"690","Temple","11/06/10","23","NIXON","JAMES","","","","","","","","","","","","0","0","","","","","","","","","","","","","","","2","30","0","","","","","","","","","","","","","0"
"690","Temple","11/16/10","23","NIXON","JAMES","","","","","","","","","","","","0","0","","","","","","","","","","","","","","","3","92","0","","","","","","","","","","","","","0"
"690","Temple","09/03/10","30","PIERCE","BERNARD","20","79","4","75","0","","","","","","","20","75","","","","","","","","","","","","","","","","","","","","","","","","","","","","","","0"
"690","Temple","09/09/10","30","PIERCE","BERNARD","10","57","0","57","1","","","","","","","10","57","2","15","0","","","","","","","","","","","","","","","1","","","","","","","","","","","","6"
"690","Temple","09/18/10","30","PIERCE","BERNARD","26","172","3","169","2","","","","","","","26","169","1","27","1","","","","","","","","","","","","","","","3","","","","","","","","","","","","18"
"690","Temple","09/25/10","30","PIERCE","BERNARD","10","43","1","42","2","","","","","","","10","42","1","2","0","","","","","","","","","","","","","","","2","","","","","","","","","","","","12"
"690","Temple","10/09/10","30","PIERCE","BERNARD","3","6","0","6","0","","","","","","","3","6","","","","","","","","","","","","","","","","","","","","","","","","","","","","","","0"
"690","Temple","10/16/10","30","PIERCE","BERNARD","15","106","0","106","1","","","","","","","15","106","1","11","0","","","","","","","","","","","","","","","1","","","","","","","","","","","","6"
"690","Temple","10/23/10","30","PIERCE","BERNARD","23","111","5","106","2","","","","","","","23","106","","","","","","","","","","","","","","","","","","2","","","","","","","","","","","","12"
"690","Temple","10/30/10","30","PIERCE","BERNARD","19","86","3","83","1","","","","","","","19","83","2","24","0","","","","","","","","","","","","","","","1","","","","","","","","","","","","6"
"690","Temple","11/06/10","30","PIERCE","BERNARD","28","99","15","84","1","","","","","","","28","84","1","8","0","","","","","","","","","","","","","","","1","","","","","","","","","","","","6"
"690","Temple","09/18/10","43","ROBINSON","ADRIAN","","","","","","","","","","","","0","0","","","","","","","1","24","1","","","","","","","","","1","","","","","","","","","","","","6"
"690","Temple","09/03/10","88","RODRIGUEZ","EVAN","","","","","","","","","","","","0","0","2","14","0","","","","","","","","","","","","","","","","","","","","","","","","","","","0"
"690","Temple","09/18/10","88","RODRIGUEZ","EVAN","","","","","","","","","","","","0","0","2","27","0","","","","","","","","","","","","","","","","","","","","","","","","","","","0"
"690","Temple","09/25/10","88","RODRIGUEZ","EVAN","1","1","0","1","0","","","","","","","1","1","2","7","0","","","","","","","","","","","","","","","","","","","","","","","","","","","0"
"690","Temple","10/02/10","88","RODRIGUEZ","EVAN","","","","","","","","","","","","0","0","2","17","0","","","","","","","","","","","","","","","","","","","","","","","","","","","0"
"690","Temple","10/09/10","88","RODRIGUEZ","EVAN","","","","","","","","","","","","0","0","3","43","1","","","","","","","","","","","","","","","1","","","","","","","","","","","","6"
"690","Temple","10/16/10","88","RODRIGUEZ","EVAN","","","","","","","","","","","","0","0","1","46","1","","","","","","","","","","","","","","","1","","","","","","","","","","","","6"
"690","Temple","10/23/10","88","RODRIGUEZ","EVAN","","","","","","","","","","","","0","0","3","41","0","","","","","","","","","","","","","","","","","","","","","","","","","","","0"
"690","Temple","11/06/10","88","RODRIGUEZ","EVAN","","","","","","","","","","","","0","0","3","28","0","","","","","","","","","","","","","","","","","","","","","","","","","","","0"
"690","Temple","11/16/10","88","RODRIGUEZ","EVAN","","","","","","","","","","","","0","0","2","8","0","","","","","","","","","","","","","","","","","","","","","","","","","","","0"
"690","Temple","11/23/10","88","RODRIGUEZ","EVAN","","","","","","","","","","","","0","0","1","16","0","","","","","","","","","","","","","","","","","","","","","","","","","","","0"
"690","Temple","09/09/10","24","SMITH","AHKEEM","1","3","0","3","0","","","","","","","1","3","","","","","","","","","","","","","","","","","","","","","","","","","","","","","","0"
"690","Temple","10/09/10","24","SMITH","AHKEEM","","","","","","","","","","","","0","0","2","20","0","","","","","","","","","","","","","","","","","","","","","","","","","","","0"
"690","Temple","10/23/10","24","SMITH","AHKEEM","7","23","4","19","1","","","","","","","7","19","","","","","","","","","","","","","","","","","","1","","","","","","","","","","","","6"
"690","Temple","11/06/10","24","SMITH","AHKEEM","3","5","7","-2","0","","","","","","","3","-2","","","","","","","","","","","","","","","","","","","","","","","","","","","","","","0"
"690","Temple","11/16/10","24","SMITH","AHKEEM","1","6","0","6","0","","","","","","","1","6","","","","","","","","","","","","","","","","","","","","","","","","","","","","","","0"
"690","Temple","09/03/10","7","STEWART","CHESTER","7","18","25","-7","0","27","16","0","200","1","0","34","193","","","","","","","","","","","","","","","","","","","","","1","0","","","","","","","","0"
"690","Temple","09/09/10","7","STEWART","CHESTER","7","20","27","-7","0","22","16","0","151","0","","29","144","","","","","","","","","","","","","","","","","","","","","","","","","","","","","","0"
"690","Temple","09/18/10","7","STEWART","CHESTER","6","37","17","20","0","21","11","0","159","1","0","27","179","","","","","","","","","","","","","","","","","","","","","1","0","","","","","","","","0"
"690","Temple","09/25/10","7","STEWART","CHESTER","5","9","5","4","0","19","8","3","46","0","","24","50","","","","","","","","","","","","","","","","","","","","","","","","","","","","","","0"
"690","Temple","10/02/10","7","STEWART","CHESTER","5","22","3","19","0","16","7","0","127","1","1","21","146","","","","","","","","","","","","","","","","","","","","","1","1","","","","","","","","2"
"690","Temple","10/09/10","7","STEWART","CHESTER","7","28","17","11","0","27","13","1","148","1","","34","159","","","","","","","","","","","","","","","","","","","","","","","","","","","","","","0"
"690","Temple","10/16/10","7","STEWART","CHESTER","","","","","","3","1","1","11","0","","3","11","","","","","","","","","","","","","","","","","","","","","","","","","","","","","","0"
"690","Temple","09/03/10","18","STREATER","ROD","","","","","","","","","","","","0","0","4","46","0","","","","","","","","","","","","","","","","","","","","","","","","","","","0"
"690","Temple","09/09/10","18","STREATER","ROD","","","","","","","","","","","","0","0","2","64","0","","","","","","","","","","","","","","","","","","","","","","","","","","","0"
"690","Temple","09/18/10","18","STREATER","ROD","","","","","","","","","","","","0","0","1","13","0","","","","","","","","","","","","","","","","","","","","","","","","","","","0"
"690","Temple","10/02/10","18","STREATER","ROD","","","","","","","","","","","","0","0","1","10","0","","","","","","","","","","","","","","","","","","","","","","","","","","","0"
"690","Temple","10/09/10","18","STREATER","ROD","1","4","0","4","0","","","","","","","1","4","","","","","","","","","","","","","","","","","","","","","","","","","","","","","","0"
"690","Temple","10/16/10","18","STREATER","ROD","","","","","","","","","","","","0","0","4","88","1","","","","","","","","","","","","","","","1","","","","","","","","","","","","6"
"690","Temple","10/23/10","18","STREATER","ROD","","","","","","","","","","","","0","0","2","47","2","","","","","","","","","","","","","","","2","","","","","","","","","","","","12"
"690","Temple","10/30/10","18","STREATER","ROD","3","46","0","46","1","","","","","","","3","46","5","35","0","","","","","","","","","","","","","","","1","","","","","","","","","","","","6"
"690","Temple","11/06/10","18","STREATER","ROD","","","","","","","","","","","","0","0","5","75","1","","","","","","","","","","","","","","","1","","","","","","","","","","","","6"
"690","Temple","11/16/10","18","STREATER","ROD","","","","","","","","","","","","0","0","4","60","0","","","","","","","","","","","","","","","","","","","","","","","","","","","0"
"690","Temple","11/23/10","18","STREATER","ROD","3","33","0","33","0","","","","","","","3","33","2","43","0","","","","","","","","","","","","","","","","","","","","","","","","","","","0"
"690","Temple","09/03/10","49","WATHNE","JEFF","","","","","","","","","","","","0","0","","","","","","","","","","3","104","","","","","","","","","","","","","","","","","","","0"
"690","Temple","09/09/10","49","WATHNE","JEFF","","","","","","","","","","","","0","0","","","","","","","","","","4","159","","","","","","","","","","","","","","","","","","","0"
"690","Temple","09/18/10","49","WATHNE","JEFF","","","","","","1","1","0","3","0","","1","3","","","","","","","","","","6","242","","","","","","","","","","","","","","","","","","","0"
"690","Temple","09/25/10","49","WATHNE","JEFF","","","","","","","","","","","","0","0","","","","","","","","","","7","313","","","","","","","","","","","","","","","","","","","0"
"690","Temple","10/02/10","49","WATHNE","JEFF","","","","","","","","","","","","0","0","","","","","","","","","","3","117","","","","","","","","","","","","","","","","","","","0"
"690","Temple","10/09/10","49","WATHNE","JEFF","","","","","","","","","","","","0","0","","","","","","","","","","2","96","","","","","","","","","","","","","","","","","","","0"
"690","Temple","10/16/10","49","WATHNE","JEFF","","","","","","","","","","","","0","0","","","","","","","","","","7","221","","","","","","","","","","","","","","","","","","","0"
"690","Temple","10/23/10","49","WATHNE","JEFF","","","","","","","","","","","","0","0","","","","","","","","","","2","64","","","","","","","","","","","","","","","","","","","0"
"690","Temple","10/30/10","49","WATHNE","JEFF","","","","","","","","","","","","0","0","","","","","","","","","","4","154","","","","","","","","","","","","","","","","","","","0"
"690","Temple","11/06/10","49","WATHNE","JEFF","","","","","","","","","","","","0","0","","","","","","","","","","3","124","","","","","","","","","","","","","","","","","","","0"
"690","Temple","11/16/10","49","WATHNE","JEFF","","","","","","","","","","","","0","0","","","","","","","","","","3","127","","","","","","","","","","","","","","","","","","","0"
"690","Temple","11/23/10","49","WATHNE","JEFF","","","","","","","","","","","","0","0","","","","","","","","","","6","228","","","","","","","","","","","","","","","","","","","0"
"690","Temple","10/16/10","32","WHITE, JR.","QUINTEN","","","","","","","","","","","","0","0","","","","","","","0","0","1","","","","","","","","","1","","","","","","","","","","","","6"
"690","Temple","11/23/10","2","WHITEHEAD","TAHIR","","","","","","","","","","","","0","0","","","","1","6","0","","","","","","","","","","","","","","","","","","","","","","","","0"
"690","Temple","09/18/10","9","WILKERSON","MUHAMMAD","","","","","","","","","","","","0","0","1","3","0","","","","","","","","","","","","","","","","","","","","","","","","","","","0"
"694","Tennessee","11/13/10","36","ANDERSON","ANTHONY","","","","","","","","","","","","0","0","","","","1","17","0","","","","","","","","","","","","","","","","","","","","","","","","0"
"694","Tennessee","11/20/10","36","ANDERSON","ANTHONY","","","","","","","","","","","","0","0","","","","","","","","","","","","2","1","0","","","","","","","","","","","","","","","","0"
"694","Tennessee","12/30/10","36","ANDERSON","ANTHONY","","","","","","","","","","","","0","0","","","","","","","","","","","","1","11","0","","","","","","","","","","","","","","","","0"
"694","Tennessee","09/04/10","8","BRAY","TYLER","1","0","1","-1","0","6","3","1","24","0","","7","23","","","","","","","","","","","","","","","","","","","","","","","","","","","","","","0"
"694","Tennessee","10/09/10","8","BRAY","TYLER","","","","","","12","8","0","81","0","","12","81","","","","","","","","","","","","","","","","","","","","","","","","","","","","","","0"
"694","Tennessee","10/23/10","8","BRAY","TYLER","3","9","14","-5","0","14","5","1","39","0","","17","34","","","","","","","","","","","","","","","","","","","","","","","","","","","","","","0"
"694","Tennessee","10/30/10","8","BRAY","TYLER","3","0","24","-24","0","15","9","1","159","2","","18","135","","","","","","","","","","","","","","","","","","","","","","","","","","","","","","0"
"694","Tennessee","11/06/10","8","BRAY","TYLER","","","","","","33","19","0","325","5","","33","325","","","","","","","","","","","","","","","","","","","","","","","","","","","","","","0"
"694","Tennessee","11/13/10","8","BRAY","TYLER","4","2","18","-16","0","34","18","0","323","3","","38","307","","","","","","","","","","","","","","","","","","","","","","","","","","","","","","0"
"694","Tennessee","11/20/10","8","BRAY","TYLER","2","1","8","-7","0","27","16","2","232","2","","29","225","","","","","","","","","","","","","","","","","","","","","","","","","","","","","","0"
"694","Tennessee","11/27/10","8","BRAY","TYLER","2","0","20","-20","0","38","20","2","354","2","","40","334","","","","","","","","","","","","","","","","","","","","","","","","","","","","","","0"
"694","Tennessee","12/30/10","8","BRAY","TYLER","5","3","33","-30","0","45","27","3","312","4","","50","282","","","","","","","","","","","","","","","","","","","","","","","","","","","","","","0"
"694","Tennessee","09/04/10","45","COOPER","KEVIN","","","","","","","","","","","","0","0","2","13","0","","","","","","","","","","","","","","","","","","","","","","","","","","","0"
"694","Tennessee","09/11/10","45","COOPER","KEVIN","","","","","","","","","","","","0","0","2","14","0","","","","","","","","","","","","","","","","","","","","","","","","","","","0"
"694","Tennessee","09/18/10","45","COOPER","KEVIN","","","","","","","","","","","","0","0","2","12","0","","","","","","","","","","","","","","","","","","","","","","","","","","","0"
"694","Tennessee","11/20/10","45","COOPER","KEVIN","","","","","","","","","","","","0","0","1","4","0","","","","","","","","","","","","","","","","","","","","","","","","","","","0"
"694","Tennessee","09/04/10","96","CUNNINGHAM","CHAD","","","","","","","","","","","","0","0","","","","","","","","","","4","163","","","","","","","","","","","","","","","","","","","0"
"694","Tennessee","09/11/10","96","CUNNINGHAM","CHAD","","","","","","","","","","","","0","0","","","","","","","","","","8","331","","","","","","","","","","","","","","","","","","","0"
"694","Tennessee","09/18/10","96","CUNNINGHAM","CHAD","","","","","","","","","","","","0","0","","","","","","","","","","5","222","","","","","","","","","","","","","","","","","","","0"
"694","Tennessee","09/25/10","96","CUNNINGHAM","CHAD","","","","","","","","","","","","0","0","","","","","","","","","","9","379","","","","","","","","","","","","","","","","","","","0"
"694","Tennessee","10/02/10","96","CUNNINGHAM","CHAD","","","","","","","","","","","","0","0","","","","","","","","","","4","190","","","","","","","","","","","","","","","","","","","0"
"694","Tennessee","10/09/10","96","CUNNINGHAM","CHAD","","","","","","","","","","","","0","0","","","","","","","","","","5","220","","","","","","","","","","","","","","","","","","","0"
"694","Tennessee","10/23/10","96","CUNNINGHAM","CHAD","","","","","","","","","","","","0","0","","","","","","","","","","6","289","","","","","","","","","","","","","","","","","","","0"
"694","Tennessee","10/30/10","96","CUNNINGHAM","CHAD","1","25","0","25","0","","","","","","","1","25","","","","","","","","","","2","97","","","","","","","","","","","","","","","","","","","0"
"694","Tennessee","11/06/10","96","CUNNINGHAM","CHAD","","","","","","","","","","","","0","0","","","","","","","","","","2","69","","","","","","","","","","","","","","","","","","","0"
"694","Tennessee","11/13/10","96","CUNNINGHAM","CHAD","","","","","","","","","","","","0","0","","","","","","","","","","8","297","","","","","","","","","","","","","","","","","","","0"
"694","Tennessee","11/20/10","96","CUNNINGHAM","CHAD","","","","","","","","","","","","0","0","","","","","","","","","","5","186","","","","","","","","","","","","","","","","","","","0"
"694","Tennessee","12/30/10","96","CUNNINGHAM","CHAD","","","","","","","","","","","","0","0","","","","","","","","","","8","348","","","","","","","","","","","","","","","","","","","0"
"694","Tennessee","09/25/10","46","FUGATE","CHANNING","","","","","","","","","","","","0","0","","","","","","","","","","","","","","","1","8","0","","","","","","","","","","","","","0"
"694","Tennessee","10/30/10","46","FUGATE","CHANNING","","","","","","","","","","","","0","0","1","4","0","","","","","","","","","","","","","","","","","","","","","","","","","","","0"
"694","Tennessee","11/27/10","46","FUGATE","CHANNING","","","","","","","","","","","","0","0","1","17","0","","","","","","","","","","","","","","","","","","","","","","","","","","","0"
"694","Tennessee","09/11/10","24","GORDON","ERIC","","","","","","","","","","","","0","0","","","","","","","","","","","","1","0","0","1","21","0","","","","","","","","","","","","","0"
"694","Tennessee","09/18/10","24","GORDON","ERIC","","","","","","","","","","","","0","0","","","","","","","","","","","","1","2","0","","","","","","","","","","","","","","","","0"
"694","Tennessee","09/25/10","24","GORDON","ERIC","","","","","","","","","","","","0","0","","","","","","","","","","","","1","14","0","","","","","","","","","","","","","","","","0"
"694","Tennessee","10/02/10","24","GORDON","ERIC","","","","","","","","","","","","0","0","","","","","","","","","","","","1","21","0","2","60","0","","","","","","","","","","","","","0"
"694","Tennessee","10/09/10","24","GORDON","ERIC","","","","","","","","","","","","0","0","","","","","","","","","","","","1","0","0","4","95","0","","","","","","","","","","","","","0"
"694","Tennessee","10/23/10","24","GORDON","ERIC","","","","","","","","","","","","0","0","","","","","","","","","","","","","","","4","87","0","","","","","","","","","","","","","0"
"694","Tennessee","10/30/10","24","GORDON","ERIC","","","","","","","","","","","","0","0","","","","","","","","","","","","1","2","0","3","61","0","","","","","","","","","","","","","0"
"694","Tennessee","11/06/10","24","GORDON","ERIC","","","","","","","","","","","","0","0","","","","1","0","0","","","","","","","","","","","","","","","","","","","","","","","","0"
"694","Tennessee","11/13/10","24","GORDON","ERIC","","","","","","","","","","","","0","0","","","","1","46","1","","","","","","","","","","","","1","","","","","","","","","","","","6"
"694","Tennessee","09/11/10","11","HUNTER","JUSTIN","","","","","","","","","","","","0","0","1","31","0","","","","","","","","","","","","","","","","","","","","","","","","","","","0"
"694","Tennessee","09/18/10","11","HUNTER","JUSTIN","","","","","","","","","","","","0","0","3","60","1","","","","","","","","","","","","","","","1","","","","","","","","","","","","6"
"694","Tennessee","09/25/10","11","HUNTER","JUSTIN","","","","","","","","","","","","0","0","1","-2","0","","","","","","","","","2","16","0","","","","","","","","","","","","","","","","0"
"694","Tennessee","10/02/10","11","HUNTER","JUSTIN","","","","","","","","","","","","0","0","1","37","0","","","","","","","","","","","","","","","","","","","","","","","","","","","0"
"694","Tennessee","10/09/10","11","HUNTER","JUSTIN","","","","","","","","","","","","0","0","4","110","1","","","","","","","","","","","","","","","1","","","","","","","","","","","","6"
"694","Tennessee","11/06/10","11","HUNTER","JUSTIN","","","","","","","","","","","","0","0","1","42","1","","","","","","","","","","","","","","","1","","","","","","","","","","","","6"
"694","Tennessee","11/13/10","11","HUNTER","JUSTIN","","","","","","","","","","","","0","0","3","114","2","","","","","","","","","","","","","","","2","","","","","","","","","","","","12"
"694","Tennessee","11/20/10","11","HUNTER","JUSTIN","","","","","","","","","","","","0","0","1","15","1","","","","","","","","","","","","","","","1","","","","","","","","","","","","6"
"694","Tennessee","12/30/10","11","HUNTER","JUSTIN","","","","","","","","","","","","0","0","1","8","1","","","","","","","","","","","","","","","1","","","","","","","","","","","","6"
"694","Tennessee","10/02/10","15","JACKSON","JANZEN","","","","","","","","","","","","0","0","","","","1","14","0","","","","","","","","","","","","","","","","","","","","","","","","0"
"694","Tennessee","11/06/10","15","JACKSON","JANZEN","","","","","","","","","","","","0","0","","","","1","35","0","","","","","","2","26","0","","","","","","","","","","","","","","","","0"
"694","Tennessee","11/13/10","15","JACKSON","JANZEN","","","","","","","","","","","","0","0","","","","1","22","0","","","","","","3","-12","0","1","55","0","","","","","","","","","","","","","0"
"694","Tennessee","11/20/10","15","JACKSON","JANZEN","","","","","","","","","","","","0","0","","","","1","43","0","","","","","","","","","","","","","","","","","","","","","","","","0"
"694","Tennessee","12/30/10","15","JACKSON","JANZEN","","","","","","","","","","","","0","0","","","","1","0","0","","","","","","","","","","","","","","","","","","","","","","","","0"
"694","Tennessee","11/06/10","97","JACKSON","MALIK","","","","","","","","","","","","0","0","","","","1","44","0","","","","","","","","","","","","","","","","","","","","","","","","0"
"694","Tennessee","09/04/10","40","JOHNSON","AUSTIN","","","","","","","","","","","","0","0","","","","1","0","0","","","","","","","","","","","","","","","","","","","","","","","","0"
"694","Tennessee","09/04/10","4","JONES","GERALD","","","","","","","","","","","","0","0","6","86","0","","","","","","","","","2","-8","0","","","","","","","","","","","","","","","","0"
"694","Tennessee","10/02/10","4","JONES","GERALD","","","","","","","","","","","","0","0","5","46","0","","","","","","","","","","","","","","","","","","","","","","","","","","","0"
"694","Tennessee","10/09/10","4","JONES","GERALD","1","0","1","-1","0","","","","","","","1","-1","1","3","0","","","","","","","","","","","","","","","","","","","","","","","","","","","0"
"694","Tennessee","10/23/10","4","JONES","GERALD","2","3","5","-2","0","","","","","","","2","-2","7","52","0","","","","","","","","","","","","","","","","","","","","","","","","","","","0"
"694","Tennessee","10/30/10","4","JONES","GERALD","","","","","","","","","","","","0","0","6","49","1","","","","","","","","","","","","","","","1","","","","","","","","","","","","6"
"694","Tennessee","11/06/10","4","JONES","GERALD","","","","","","","","","","","","0","0","5","66","1","","","","","","","","","","","","","","","1","","","","","","","","","","","","6"
"694","Tennessee","11/13/10","4","JONES","GERALD","","","","","","","","","","","","0","0","4","48","0","","","","","","","","","","","","","","","","","","","","","","","","","","","0"
"694","Tennessee","11/20/10","4","JONES","GERALD","2","19","0","19","0","","","","","","","2","19","6","80","0","","","","","","","","","","","","","","","","","","","","","","","","","","","0"
"694","Tennessee","11/27/10","4","JONES","GERALD","","","","","","","","","","","","0","0","6","77","1","","","","","","","","","","","","","","","1","","","","","","","","","","","","6"
"694","Tennessee","12/30/10","4","JONES","GERALD","1","0","3","-3","0","","","","","","","1","-3","9","89","1","","","","","","","","","","","","","","","1","","","","","","","","","","","","6"
"694","Tennessee","09/04/10","26","LINCOLN","DANIEL","","","","","","","","","","","","0","0","","","","","","","","","","","","","","","","","","","6","6","0","0","","","","","2","2","","12"
"694","Tennessee","09/11/10","26","LINCOLN","DANIEL","","","","","","","","","","","","0","0","","","","","","","","","","","","","","","","","","","1","1","0","0","","","","","2","2","","7"
"694","Tennessee","09/18/10","26","LINCOLN","DANIEL","","","","","","","","","","","","0","0","","","","","","","","","","","","","","","","","","","2","2","0","0","","","","","1","1","","5"
"694","Tennessee","09/25/10","26","LINCOLN","DANIEL","","","","","","","","","","","","0","0","","","","","","","","","","","","","","","","","","","3","2","0","0","","","","","2","2","","8"
"694","Tennessee","11/13/10","26","LINCOLN","DANIEL","","","","","","","","","","","","0","0","","","","","","","","","","","","","","","","","","","7","7","0","0","","","","","1","1","","10"
"694","Tennessee","11/20/10","26","LINCOLN","DANIEL","","","","","","","","","","","","0","0","","","","","","","","","","","","","","","","","","","3","3","0","0","","","","","1","1","","6"
"694","Tennessee","11/27/10","26","LINCOLN","DANIEL","","","","","","","","","","","","0","0","","","","","","","","","","","","","","","","","","","3","3","0","0","","","","","2","1","","6"
"694","Tennessee","12/30/10","26","LINCOLN","DANIEL","","","","","","","","","","","","0","0","","","","","","","","","","","","","","","","","","","4","3","0","0","","","","","","","","3"
"694","Tennessee","09/04/10","6","MOORE","DENARIUS","1","58","0","58","1","","","","","","","1","58","4","66","1","","","","","","","","","","","","","","","2","","","","","","","","","","","","12"
"694","Tennessee","09/11/10","6","MOORE","DENARIUS","","","","","","","","","","","","0","0","4","37","0","","","","","","","","","","","","2","35","0","","","","","","","","","","","","","0"
"694","Tennessee","09/18/10","6","MOORE","DENARIUS","","","","","","","","","","","","0","0","1","49","1","","","","","","","","","","","","2","30","0","1","","","","","","","","","","","","6"
"694","Tennessee","09/25/10","6","MOORE","DENARIUS","","","","","","","","","","","","0","0","5","68","2","","","","","","","","","","","","","","","2","","","","","","","","","","","","12"
"694","Tennessee","10/02/10","6","MOORE","DENARIUS","2","16","0","16","0","","","","","","","2","16","2","19","0","","","","","","","","","","","","1","19","0","","","","","","","","","","","","","0"
"694","Tennessee","10/09/10","6","MOORE","DENARIUS","1","0","0","0","0","","","","","","","1","0","2","18","0","","","","","","","","","","","","","","","","","","","","","","","","","","","0"
"694","Tennessee","10/23/10","6","MOORE","DENARIUS","1","2","0","2","0","","","","","","","1","2","","","","","","","","","","","","","","","","","","","","","","","","","","","","","","0"
"694","Tennessee","10/30/10","6","MOORE","DENARIUS","","","","","","","","","","","","0","0","6","228","1","","","","","","","","","","","","","","","1","","","","","","","","","","","","6"
"694","Tennessee","11/06/10","6","MOORE","DENARIUS","","","","","","","","","","","","0","0","6","103","1","","","","","","","","","","","","","","","1","","","","","","","","","","","","6"
"694","Tennessee","11/13/10","6","MOORE","DENARIUS","","","","","","","","","","","","0","0","4","88","1","","","","","","","","","","","","","","","1","","","","","","","","","","","","6"
"694","Tennessee","11/20/10","6","MOORE","DENARIUS","1","1","0","1","0","","","","","","","1","1","2","31","1","","","","","","","","","","","","","","","1","","","","","","","","","","","","6"
"694","Tennessee","11/27/10","6","MOORE","DENARIUS","1","5","0","5","0","","","","","","","1","5","7","205","1","","","","","","","","","","","","","","","1","","","","","","","","","","","","6"
"694","Tennessee","12/30/10","6","MOORE","DENARIUS","","","","","","","","","","","","0","0","4","69","0","","","","","","","","","","","","","","","","","","","","","","","","","","","0"
"694","Tennessee","09/04/10","20","NEAL","RAJION","9","83","4","79","0","","","","","","","9","79","","","","","","","","","","","","","","","","","","","","","","","","","","","","","","0"
"694","Tennessee","09/11/10","20","NEAL","RAJION","2","2","0","2","0","","","","","","","2","2","","","","","","","","","","","","","","","","","","","","","","","","","","","","","","0"
"694","Tennessee","09/25/10","20","NEAL","RAJION","4","20","0","20","0","","","","","","","4","20","","","","","","","","","","","","","","","","","","","","","","","","","","","","","","0"
"694","Tennessee","10/09/10","20","NEAL","RAJION","2","3","0","3","0","","","","","","","2","3","3","70","0","","","","","","","","","","","","1","15","0","","","","","","","","","","","","","0"
"694","Tennessee","10/23/10","20","NEAL","RAJION","6","36","0","36","0","","","","","","","6","36","2","29","0","","","","","","","","","","","","2","38","0","","","","","","","","","","","","","0"
"694","Tennessee","10/30/10","20","NEAL","RAJION","6","16","0","16","0","","","","","","","6","16","1","-6","0","","","","","","","","","","","","","","","","","","","","","","","","","","","0"
"694","Tennessee","11/06/10","20","NEAL","RAJION","4","16","2","14","0","","","","","","","4","14","","","","","","","","","","","","","","","","","","","","","","","","","","","","","","0"
"694","Tennessee","11/13/10","20","NEAL","RAJION","4","4","5","-1","0","","","","","","","4","-1","","","","","","","","","","","","","","","","","","","","","","","","","","","","","","0"
"694","Tennessee","12/30/10","20","NEAL","RAJION","9","31","3","28","0","","","","","","","9","28","1","7","0","","","","","","","","","","","","","","","","","","","","","","","","","","","0"
"694","Tennessee","09/04/10","27","OKU","DAVID","6","77","0","77","1","","","","","","","6","77","","","","","","","","","","","","","","","1","12","0","1","","","","","","","","","","","","6"
"694","Tennessee","09/11/10","27","OKU","DAVID","7","12","4","8","0","","","","","","","7","8","1","5","0","","","","","","","","","","","","5","101","0","","","","","","","","","","","","","0"
"694","Tennessee","09/18/10","27","OKU","DAVID","5","24","0","24","0","","","","","","","5","24","1","6","0","","","","","","","","","","","","4","84","0","","","","","","","","","","","","","0"
"694","Tennessee","09/25/10","27","OKU","DAVID","8","35","2","33","0","","","","","","","8","33","3","23","0","","","","","","","","","","","","3","56","0","","","","","","","","","","","","","0"
"694","Tennessee","10/02/10","27","OKU","DAVID","1","3","0","3","0","","","","","","","1","3","","","","","","","","","","","","","","","","","","","","","","","","","","","","","","0"
"694","Tennessee","10/23/10","27","OKU","DAVID","","","","","","","","","","","","0","0","","","","","","","","","","","","","","","1","19","0","","","","","","","","","","","","","0"
"694","Tennessee","10/30/10","27","OKU","DAVID","","","","","","","","","","","","0","0","","","","","","","","","","","","","","","1","20","0","","","","","","","","","","","","","0"
"694","Tennessee","11/06/10","27","OKU","DAVID","6","13","1","12","0","","","","","","","6","12","1","11","0","","","","","","","","","","","","","","","","","","","","","","","","","","","0"
"694","Tennessee","11/13/10","27","OKU","DAVID","3","3","2","1","0","","","","","","","3","1","","","","","","","","","","","","","","","","","","","","","","","","","","","","","","0"
"694","Tennessee","11/20/10","27","OKU","DAVID","6","17","1","16","0","","","","","","","6","16","1","34","0","","","","","","","","","","","","","","","","","","","","","","","","","","","0"
"694","Tennessee","12/30/10","27","OKU","DAVID","","","","","","","","","","","","0","0","","","","","","","","","","","","","","","1","20","0","","","","","","","","","","","","","0"
"694","Tennessee","10/02/10","1","PALARDY","MICHAEL","","","","","","","","","","","","0","0","","","","","","","","","","1","51","","","","","","","","2","2","0","0","","","","","1","0","","2"
"694","Tennessee","10/09/10","1","PALARDY","MICHAEL","","","","","","","","","","","","0","0","","","","","","","","","","","","","","","","","","","2","2","0","0","","","","","","","","2"
"694","Tennessee","10/23/10","1","PALARDY","MICHAEL","","","","","","","","","","","","0","0","","","","","","","","","","","","","","","","","","","1","1","0","0","","","","","2","1","","4"
"694","Tennessee","10/30/10","1","PALARDY","MICHAEL","","","","","","","","","","","","0","0","","","","","","","","","","","","","","","","","","","3","3","0","0","","","","","1","1","","6"
"694","Tennessee","11/06/10","1","PALARDY","MICHAEL","","","","","","","","","","","","0","0","","","","","","","","","","","","","","","","","","","6","5","0","0","","","","","3","3","","14"
"694","Tennessee","11/27/10","1","PALARDY","MICHAEL","1","16","0","16","0","","","","","","","1","16","","","","","","","","","","3","106","","","","","","","","","","","","","","","","","","","0"
"694","Tennessee","09/04/10","28","POOLE","TAUREN","17","112","2","110","2","","","","","","","17","110","","","","","","","","","","","","","","","","","","2","","","","","","","","","","","","12"
"694","Tennessee","09/11/10","28","POOLE","TAUREN","23","164","2","162","1","","","","","","","23","162","3","17","0","","","","","","","","","","","","","","","1","","","","","","","","","","","","6"
"694","Tennessee","09/18/10","28","POOLE","TAUREN","10","27","4","23","0","","","","","","","10","23","3","38","0","","","","","","","","","","","","","","","","","","","","","","","","","","","0"
"694","Tennessee","09/25/10","28","POOLE","TAUREN","6","25","2","23","0","","","","","","","6","23","","","","","","","","","","","","","","","","","","","","","","","","","","","","","","0"
"694","Tennessee","10/02/10","28","POOLE","TAUREN","24","110","1","109","1","","","","","","","24","109","1","-2","0","","","","","","","","","","","","","","","1","","","","","","","","","","","","6"
"694","Tennessee","10/09/10","28","POOLE","TAUREN","15","53","2","51","1","","","","","","","15","51","2","14","0","","","","","","","","","","","","","","","1","","","","","","","","","","","","6"
"694","Tennessee","10/23/10","28","POOLE","TAUREN","14","122","5","117","1","","","","","","","14","117","1","8","0","","","","","","","","","","","","","","","1","","","","","","","","","","","","6"
"694","Tennessee","10/30/10","28","POOLE","TAUREN","16","40","7","33","0","","","","","","","16","33","3","21","0","","","","","","","","","","","","","","","","","","","","","","","","","","","0"
"694","Tennessee","11/06/10","28","POOLE","TAUREN","16","104","3","101","1","","","","","","","16","101","2","50","1","","","","","","","","","","","","","","","2","","","","","","","","","","","","12"
"694","Tennessee","11/13/10","28","POOLE","TAUREN","12","113","6","107","2","","","","","","","12","107","1","-2","0","","","","","","","","","","","","","","","2","","","","","","","","","","","","12"
"694","Tennessee","11/20/10","28","POOLE","TAUREN","23","107","8","99","1","","","","","","","23","99","1","11","0","","","","","","","","","","","","","","","1","","","","","","","","","","","","6"
"694","Tennessee","11/27/10","28","POOLE","TAUREN","17","67","8","59","1","","","","","","","17","59","1","0","0","","","","","","","","","","","","","","","1","","","","","","","","","","","","6"
"694","Tennessee","12/30/10","28","POOLE","TAUREN","11","41","1","40","0","","","","","","","11","40","4","16","0","","","","","","","","","","","","","","","","","","","","","","","","","","","0"
"694","Tennessee","10/02/10","56","REVEIZ","NICK","","","","","","","","","","","","0","0","","","","1","0","0","","","","","","","","","","","","","","","","","","","","","","","","0"
"694","Tennessee","10/30/10","56","REVEIZ","NICK","","","","","","","","","","","","0","0","","","","1","0","0","","","","","","","","","","","","","","","","","","","","","","","","0"
"694","Tennessee","09/04/10","81","RIVERA","MYCHAL","","","","","","","","","","","","0","0","1","7","0","","","","","","","","","","","","1","7","0","","","","","","","","","","","","","0"
"694","Tennessee","09/25/10","81","RIVERA","MYCHAL","","","","","","","","","","","","0","0","2","6","0","","","","","","","","","","","","","","","","","","","","","","","","","","","0"
"694","Tennessee","10/09/10","81","RIVERA","MYCHAL","","","","","","","","","","","","0","0","1","4","0","","","","","","","","","","","","","","","","","","","","","","","","","","","0"
"694","Tennessee","10/23/10","81","RIVERA","MYCHAL","","","","","","","","","","","","0","0","1","16","0","","","","","","","","","","","","","","","","","","","","","","","","","","","0"
"694","Tennessee","11/06/10","81","RIVERA","MYCHAL","","","","","","","","","","","","0","0","3","29","0","","","","","","","","","","","","","","","","","","","","","","","","","","","0"
"694","Tennessee","11/13/10","81","RIVERA","MYCHAL","","","","","","","","","","","","0","0","2","35","0","","","","","","","","","","","","","","","","","","","","","","","","","","","0"
"694","Tennessee","12/30/10","81","RIVERA","MYCHAL","","","","","","","","","","","","0","0","1","15","0","","","","","","","","","","","","","","","","","","","","","","","","","","","0"
"694","Tennessee","09/04/10","21","ROGERS","DA'RICK","","","","","","","","","","","","0","0","1","9","0","","","","","","","","","","","","","","","","","","","","","","","","","","","0"
"694","Tennessee","09/11/10","21","ROGERS","DA'RICK","1","21","0","21","0","","","","","","","1","21","","","","","","","","","","","","","","","","","","","","","","","","","","","","","","0"
"694","Tennessee","09/25/10","21","ROGERS","DA'RICK","1","0","8","-8","0","","","","","","","1","-8","2","16","0","","","","","","","","","","","","","","","","","","","","","","","","","","","0"
"694","Tennessee","10/23/10","21","ROGERS","DA'RICK","1","3","0","3","0","","","","","","","1","3","2","19","0","","","","","","","","","","","","","","","","","","","","","","","","","","","0"
"694","Tennessee","10/30/10","21","ROGERS","DA'RICK","5","50","1","49","0","","","","","","","5","49","","","","","","","","","","","","","","","2","30","0","","","","","","","","","","","","","0"
"694","Tennessee","11/06/10","21","ROGERS","DA'RICK","1","1","0","1","0","","","","","","","1","1","1","22","1","","","","","","","","","","","","3","66","0","1","","","","","","","","","","","","6"
"694","Tennessee","11/13/10","21","ROGERS","DA'RICK","2","28","0","28","0","","","","","","","2","28","","","","","","","","","","","","","","","","","","","","","","","","","","","","","","0"
"694","Tennessee","11/20/10","21","ROGERS","DA'RICK","","","","","","","","","","","","0","0","3","59","0","","","","","","","","","","","","1","23","0","","","","","","","","","","","","","0"
"694","Tennessee","11/27/10","21","ROGERS","DA'RICK","3","30","0","30","0","","","","","","","3","30","","","","","","","","","","","","","","","3","114","0","","","","","","","","","","","","","0"
"694","Tennessee","12/30/10","21","ROGERS","DA'RICK","2","0","7","-7","0","","","","","","","2","-7","1","45","1","","","","","","","","","","","","3","65","0","1","","","","","","","","","","","","6"
"694","Tennessee","09/04/10","83","ROGERS","ZACH","","","","","","","","","","","","0","0","1","7","0","","","","","","","","","","","","","","","","","","","","","","","","","","","0"
"694","Tennessee","09/11/10","83","ROGERS","ZACH","","","","","","","","","","","","0","0","3","45","0","","","","","","","","","","","","","","","","","","","","","","","","","","","0"
"694","Tennessee","09/18/10","83","ROGERS","ZACH","","","","","","","","","","","","0","0","4","53","0","","","","","","","","","","","","","","","","","","","","","","","","","","","0"
"694","Tennessee","09/25/10","83","ROGERS","ZACH","","","","","","","","","","","","0","0","2","78","1","","","","","","","","","","","","","","","1","","","","","","","","","","","","6"
"694","Tennessee","10/02/10","83","ROGERS","ZACH","","","","","","","","","","","","0","0","1","5","0","","","","","","","","","","","","","","","","","","","","","","","","","","","0"
"694","Tennessee","10/09/10","83","ROGERS","ZACH","","","","","","","","","","","","0","0","1","8","0","","","","","","","","","","","","","","","","","","","","","","","","","","","0"
"694","Tennessee","10/23/10","83","ROGERS","ZACH","","","","","","","","","","","","0","0","1","6","0","","","","","","","","","","","","","","","","","","","","","","","","","","","0"
"694","Tennessee","10/30/10","83","ROGERS","ZACH","1","9","0","9","0","","","","","","","1","9","","","","","","","","","","","","","","","","","","","","","","","","","","","","","","0"
"694","Tennessee","11/06/10","83","ROGERS","ZACH","1","1","0","1","0","","","","","","","1","1","","","","","","","","","","","","","","","","","","","","","","","","","","","","","","0"
"694","Tennessee","11/13/10","83","ROGERS","ZACH","1","4","0","4","0","","","","","","","1","4","","","","","","","","","","","","","","","","","","","","","","","","","","","","","","0"
"694","Tennessee","12/30/10","83","ROGERS","ZACH","","","","","","","","","","","","0","0","1","5","0","","","","","","","","","","","","","","","","","","","","","","","","","","","0"
"694","Tennessee","09/04/10","2","SIMMS","MATT","3","7","0","7","0","24","14","0","181","1","","27","188","","","","","","","","","","","","","","","","","","","","","","","","","","","","","","0"
"694","Tennessee","09/11/10","2","SIMMS","MATT","3","2","13","-11","0","29","15","1","151","0","","32","140","","","","","","","","","","","","","","","","","","","","","","","","","","","","","","0"
"694","Tennessee","09/18/10","2","SIMMS","MATT","8","16","34","-18","0","31","19","2","259","2","","39","241","","","","","","","","","","","","","","","","","","","","","","","","","","","","","","0"
"694","Tennessee","09/25/10","2","SIMMS","MATT","8","13","39","-26","0","34","19","0","245","3","","42","219","","","","","","","","","","","","","","","","","","","","","","","","","","","","","","0"
"694","Tennessee","10/02/10","2","SIMMS","MATT","10","9","41","-32","1","23","12","0","121","0","","33","89","","","","","","","","","","","","","","","","","","1","","","","","","","","","","","","6"
"694","Tennessee","10/09/10","2","SIMMS","MATT","6","6","27","-21","0","13","9","1","179","1","","19","158","","","","","","","","","","","","","","","","","","","","","","","","","","","","","","0"
"694","Tennessee","10/23/10","2","SIMMS","MATT","3","9","1","8","0","22","12","1","117","0","","25","125","","","","","","","","","","","","","","","","","","","","","","","","","","","","","","0"
"694","Tennessee","10/30/10","2","SIMMS","MATT","4","1","16","-15","0","13","10","0","153","1","","17","138","","","","","","","","","","","","","","","","","","","","","","","","","","","","","","0"
"694","Tennessee","11/06/10","2","SIMMS","MATT","","","","","","5","3","0","54","0","","5","54","","","","","","","","","","","","","","","","","","","","","","","","","","","","","","0"
"694","Tennessee","11/13/10","2","SIMMS","MATT","","","","","","1","0","0","0","0","","1","0","","","","","","","","","","","","","","","","","","","","","","","","","","","","","","0"
"694","Tennessee","09/04/10","88","STOCKER","LUKE","","","","","","","","","","","","0","0","2","17","0","","","","","","","","","","","","","","","","","","","","","","","","","","","0"
"694","Tennessee","09/11/10","88","STOCKER","LUKE","","","","","","","","","","","","0","0","1","2","0","","","","","","","","","","","","","","","","","","","","","","","","","","","0"
"694","Tennessee","09/18/10","88","STOCKER","LUKE","","","","","","","","","","","","0","0","5","41","0","","","","","","","","","","","","","","","","","","","","","","","","","","","0"
"694","Tennessee","09/25/10","88","STOCKER","LUKE","","","","","","","","","","","","0","0","4","56","0","","","","","","","","","","","","","","","","","","","","","","","","","","","0"
"694","Tennessee","10/02/10","88","STOCKER","LUKE","","","","","","","","","","","","0","0","2","16","0","","","","","","","","","","","","","","","","","","","","","","","","","","","0"
"694","Tennessee","10/09/10","88","STOCKER","LUKE","","","","","","","","","","","","0","0","2","36","0","","","","","","","","","","","","","","","","","","","","","","","","","","","0"
"694","Tennessee","10/23/10","88","STOCKER","LUKE","","","","","","","","","","","","0","0","3","26","0","","","","","","","","","","","","","","","","","","","","","","","","","","","0"
"694","Tennessee","10/30/10","88","STOCKER","LUKE","","","","","","","","","","","","0","0","2","16","1","","","","","","","","","","","","","","","1","","","","","","","","","","","","6"
"694","Tennessee","11/06/10","88","STOCKER","LUKE","","","","","","","","","","","","0","0","3","56","0","","","","","","","","","","","","","","","","","","","","","","","","","","","0"
"694","Tennessee","11/13/10","88","STOCKER","LUKE","","","","","","","","","","","","0","0","4","40","0","","","","","","","","","","","","","","","","","","","","","","","","","","","0"
"694","Tennessee","11/27/10","88","STOCKER","LUKE","","","","","","","","","","","","0","0","5","55","0","","","","","","","","","","","","","","","","","","","","","","","","","","","0"
"694","Tennessee","12/30/10","88","STOCKER","LUKE","","","","","","","","","","","","0","0","5","58","1","","","","","","","","","","","","","","","1","","","","","","","","","","","","6"
"694","Tennessee","10/02/10","42","THOMPSON","LAMARCUS","","","","","","","","","","","","0","0","","","","1","0","0","","","","","","","","","","","","","","","","","","","","","","","","0"
"694","Tennessee","09/04/10","23","WAGGNER","PRENTISS","","","","","","","","","","","","0","0","","","","1","54","1","","","","","","","","","","","","1","","","","","","","","","","","","6"
"694","Tennessee","09/25/10","23","WAGGNER","PRENTISS","","","","","","","","","","","","0","0","","","","1","9","1","","","","","","","","","","","","1","","","","","","","","","","","","6"
"694","Tennessee","11/06/10","23","WAGGNER","PRENTISS","","","","","","","","","","","","0","0","","","","","","","2","45","0","","","","","","","","","","","","","","","","","","","","","0"
"694","Tennessee","11/13/10","23","WAGGNER","PRENTISS","","","","","","","","","","","","0","0","","","","1","10","1","","","","","","","","","","","","1","","","","","","","","","","","","6"
"694","Tennessee","11/20/10","23","WAGGNER","PRENTISS","","","","","","","","","","","","0","0","","","","1","0","0","","","","","","","","","","","","","","","","","","","","","","","","0"
"694","Tennessee","11/27/10","23","WAGGNER","PRENTISS","","","","","","","","","","","","0","0","","","","1","0","0","","","","","","","","","","","","","","","","","","","","","","","","0"
"694","Tennessee","09/04/10","33","WILLIAMS","TONEY","3","9","1","8","0","","","","","","","3","8","","","","","","","","","","","","","","","","","","","","","","","","","","","","","","0"
"694","Tennessee","11/06/10","33","WILLIAMS","TONEY","2","4","1","3","0","","","","","","","2","3","","","","","","","","","","","","","","","","","","","","","","","","","","","","","","0"
"703","Texas","09/25/10","18","ACHO","EMMANUEL","","","","","","","","","","","","0","0","","","","","","","1","2","0","","","","","","","","","","","","","","","","","","","","","0"
"703","Texas","11/20/10","18","ACHO","EMMANUEL","","","","","","","","","","","","0","0","","","","1","57","1","","","","","","","","","","","","1","","","","","","","","","","","","6"
"703","Texas","09/04/10","3A","BROWN","CURTIS","","","","","","","","","","","","0","0","","","","","","","","","","","","1","17","0","","","","","","","","","","","","","","","","0"
"703","Texas","09/11/10","3A","BROWN","CURTIS","","","","","","","","","","","","0","0","","","","","","","","","","","","2","35","0","","","","","","","","","","","","","","","","0"
"703","Texas","09/18/10","3A","BROWN","CURTIS","","","","","","","","","","","","0","0","","","","1","74","0","","","","","","3","35","0","","","","","","","","","","","","","","","","0"
"703","Texas","09/25/10","3A","BROWN","CURTIS","","","","","","","","","","","","0","0","","","","","","","","","","","","1","0","0","","","","","","","","","","","","","","","","0"
"703","Texas","10/16/10","3A","BROWN","CURTIS","","","","","","","","","","","","0","0","","","","","","","","","","","","2","35","0","","","","","","","","","","","","","","","","0"
"703","Texas","10/23/10","3A","BROWN","CURTIS","","","","","","","","","","","","0","0","","","","","","","","","","","","2","48","0","","","","","","","","","","","","","","","","0"
"703","Texas","10/30/10","3A","BROWN","CURTIS","","","","","","","","","","","","0","0","","","","","","","","","","","","2","24","0","","","","","","","","","","","","","","","","0"
"703","Texas","11/25/10","2","BYNDOM","CARRINGTON","","","","","","","","","","","","0","0","","","","","","","","","","","","1","13","0","","","","","","","","","","","","","","","","0"
"703","Texas","09/04/10","5","CHILES","JOHN","","","","","","","","","","","","0","0","1","31","0","","","","","","","","","","","","","","","","","","","","","","","","","","","0"
"703","Texas","09/11/10","5","CHILES","JOHN","","","","","","","","","","","","0","0","4","37","0","","","","","","","","","","","","","","","","","","","","","","","","","","","0"
"703","Texas","09/25/10","5","CHILES","JOHN","","","","","","","","","","","","0","0","3","55","0","","","","","","","","","","","","","","","","","","","","","","","","","","","0"
"703","Texas","10/23/10","5","CHILES","JOHN","","","","","","","","","","","","0","0","5","117","1","","","","","","","","","","","","","","","1","","","","","","","","","","","","6"
"703","Texas","10/30/10","5","CHILES","JOHN","1","5","0","5","0","","","","","","","1","5","3","32","0","","","","","","","","","","","","","","","","","","","","","","","","","","","0"
"703","Texas","11/06/10","5","CHILES","JOHN","","","","","","","","","","","","0","0","4","29","0","","","","","","","","","","","","","","","","","","","","","","","","","","","0"
"703","Texas","11/13/10","5","CHILES","JOHN","","","","","","","","","","","","0","0","2","19","0","","","","","","","","","","","","","","","","","","","","","","","","","","","0"
"703","Texas","11/20/10","5","CHILES","JOHN","1","13","0","13","0","","","","","","","1","13","5","65","0","","","","","","","","","","","","","","","","","","","","","","","","","","","0"
"703","Texas","11/25/10","5","CHILES","JOHN","","","","","","","","","","","","0","0","2","33","0","","","","","","","","","","","","","","","","","","","","","","","","","","","0"
"703","Texas","09/11/10","1","DAVIS","MIKE","","","","","","","","","","","","0","0","7","104","1","","","","","","","","","","","","","","","1","","","","","","","","","","","","6"
"703","Texas","09/18/10","1","DAVIS","MIKE","","","","","","","","","","","","0","0","6","45","1","","","","","","","","","","","","","","","1","","","","","","","","","","","","6"
"703","Texas","09/25/10","1","DAVIS","MIKE","","","","","","","","","","","","0","0","3","34","0","","","","","","","","","","","","","","","","","","","","","","","","","","","0"
"703","Texas","10/23/10","1","DAVIS","MIKE","","","","","","","","","","","","0","0","8","50","0","","","","","","","","","","","","","","","","","","","","","","","","","","","0"
"703","Texas","10/30/10","1","DAVIS","MIKE","1","3","0","3","0","","","","","","","1","3","3","38","0","","","","","","","","","","","","","","","","","","","","","","","","","","","0"
"703","Texas","11/06/10","1","DAVIS","MIKE","","","","","","","","","","","","0","0","11","109","0","","","","","","","","","","","","","","","","","","","","","","","","","","","0"
"703","Texas","11/13/10","1","DAVIS","MIKE","1","0","0","0","0","","","","","","","1","0","5","70","0","","","","","","","","","","","","2","46","0","","","","","","","","","","","","","0"
"703","Texas","11/20/10","1","DAVIS","MIKE","1","0","9","-9","0","","","","","","","1","-9","2","14","0","","","","","","","","","","","","","","","","","","","","","","","","","","","0"
"703","Texas","11/25/10","1","DAVIS","MIKE","","","","","","","","","","","","0","0","2","14","0","","","","","","","","","","","","","","","","","","","","","","","","","","","0"
"703","Texas","09/18/10","2B","GIDEON","BLAKE","","","","","","","","","","","","0","0","","","","1","22","0","","","","","","","","","","","","","","","","","","","","","","","","0"
"703","Texas","11/20/10","2B","GIDEON","BLAKE","","","","","","","","","","","","0","0","","","","1","0","0","","","","","","","","","","","","","","","","","","","","","","","","0"
"703","Texas","09/04/10","7","GILBERT","GARRETT","2","11","0","11","0","23","14","0","172","0","","25","183","","","","","","","","","","","","","","","","","","","","","","","","","","","","","","0"
"703","Texas","09/11/10","7","GILBERT","GARRETT","3","15","0","15","0","35","22","0","222","1","","38","237","","","","","","","","","","","","","","","","","","","","","","","","","","","","","","0"
"703","Texas","09/18/10","7","GILBERT","GARRETT","5","6","19","-13","0","36","21","3","227","2","","41","214","","","","","","","","","","","","","","","","","","","","","","","","","","","","","","0"
"703","Texas","09/25/10","7","GILBERT","GARRETT","9","34","15","19","0","45","30","1","264","1","0","54","283","","","","","","","","","","1","38","","","","","","","","","","1","0","","","","","","","","0"
"703","Texas","10/02/10","7","GILBERT","GARRETT","5","9","27","-18","0","41","27","1","266","0","","46","248","","","","","","","","","","","","","","","","","","","","","","","","","","","","","","0"
"703","Texas","10/16/10","7","GILBERT","GARRETT","11","71","0","71","2","16","4","0","62","0","","27","133","","","","","","","","","","","","","","","","","","2","","","","","","","","","","","","12"
"703","Texas","10/23/10","7","GILBERT","GARRETT","10","36","24","12","0","57","34","3","344","2","","67","356","","","","","","","","","","","","","","","","","","","","","1","1","","","","","","","","2"
"703","Texas","10/30/10","7","GILBERT","GARRETT","8","83","4","79","1","39","22","1","231","0","","47","310","","","","","","","","","","","","","","","","","","1","","","","","","","","","","","","6"
"703","Texas","11/06/10","7","GILBERT","GARRETT","9","98","5","93","0","59","32","5","272","1","","68","365","","","","","","","","","","","","","","","","","","","","","","","","","","","","","","0"
"703","Texas","11/13/10","7","GILBERT","GARRETT","12","70","15","55","0","32","19","1","202","0","","44","257","","","","","","","","","","","","","","","","","","","","","1","0","","","","","","","","0"
"703","Texas","11/20/10","7","GILBERT","GARRETT","14","66","6","60","1","21","15","0","263","2","","35","323","","","","","","","","","","","","","","","","","","1","","","","","","","","","","","","6"
"703","Texas","11/25/10","7","GILBERT","GARRETT","12","31","35","-4","1","37","20","2","219","1","","49","215","","","","","","","","","","","","","","","","","","1","","","","","","","","","","","","6"
"703","Texas","09/04/10","47","GOLD","JOHN","","","","","","","","","","","","0","0","","","","","","","","","","2","84","","","","","","","","","","","","","","","","","","","0"
"703","Texas","09/11/10","47","GOLD","JOHN","","","","","","","","","","","","0","0","","","","","","","","","","4","142","","","","","","","","","","","","","","","","","","","0"
"703","Texas","09/18/10","47","GOLD","JOHN","","","","","","","","","","","","0","0","","","","","","","","","","1","55","","","","","","","","","","","","","","","","","","","0"
"703","Texas","09/25/10","47","GOLD","JOHN","","","","","","","","","","","","0","0","","","","","","","","","","1","62","","","","","","","","","","","","","","","","","","","0"
"703","Texas","10/02/10","47","GOLD","JOHN","","","","","","","","","","","","0","0","","","","","","","","","","5","214","","","","","","","","","","","","","","","","","","","0"
"703","Texas","10/16/10","47","GOLD","JOHN","","","","","","","","","","","","0","0","","","","","","","","","","3","138","","","","","","","","","","","","","","","","","","","0"
"703","Texas","10/23/10","47","GOLD","JOHN","","","","","","","","","","","","0","0","","","","","","","","","","2","95","","","","","","","","","","","","","","","","","","","0"
"703","Texas","11/06/10","47","GOLD","JOHN","","","","","","","","","","","","0","0","","","","","","","","","","3","128","","","","","","","","","","","","","","","","","","","0"
"703","Texas","11/13/10","47","GOLD","JOHN","","","","","","","","","","","","0","0","","","","","","","","","","3","129","","","","","","","","","","","","","","","","","","","0"
"703","Texas","09/04/10","84","GOODWIN","MARQUISE","2","19","4","15","0","","","","","","","2","15","4","50","0","","","","","","","","","","","","","","","","","","","","","","","","","","","0"
"703","Texas","09/11/10","84","GOODWIN","MARQUISE","1","9","0","9","0","","","","","","","1","9","","","","","","","","","","","","","","","1","26","0","","","","","","","","","","","","","0"
"703","Texas","09/18/10","84","GOODWIN","MARQUISE","","","","","","","","","","","","0","0","4","25","0","","","","","","","","","","","","1","13","0","","","","","","","","","","","","","0"
"703","Texas","09/25/10","84","GOODWIN","MARQUISE","1","1","0","1","0","","","","","","","1","1","6","62","0","","","","","","","","","","","","","","","","","","","","","","","","","","","0"
"703","Texas","10/02/10","84","GOODWIN","MARQUISE","1","0","1","-1","0","","","","","","","1","-1","3","34","0","","","","","","","","","","","","1","12","0","","","","","","","","","","","","","0"
"703","Texas","10/16/10","84","GOODWIN","MARQUISE","1","1","0","1","0","","","","","","","1","1","","","","","","","","","","","","","","","","","","","","","","","","","","","","","","0"
"703","Texas","10/23/10","84","GOODWIN","MARQUISE","1","5","0","5","0","","","","","","","1","5","7","54","0","","","","","","","","","","","","","","","","","","","","","","","","","","","0"
"703","Texas","10/30/10","84","GOODWIN","MARQUISE","","","","","","","","","","","","0","0","4","71","0","","","","","","","","","","","","","","","","","","","","","","","","","","","0"
"703","Texas","11/06/10","84","GOODWIN","MARQUISE","","","","","","","","","","","","0","0","","","","","","","","","","","","","","","1","11","0","","","","","","","","","","","","","0"
"703","Texas","11/20/10","84","GOODWIN","MARQUISE","1","7","0","7","0","","","","","","","1","7","1","-4","0","","","","","","","","","","","","","","","","","","","","","","","","","","","0"
"703","Texas","11/25/10","84","GOODWIN","MARQUISE","1","0","0","0","0","","","","","","","1","0","2","32","1","","","","","","","","","","","","","","","1","","","","","","","","","","","","6"
"703","Texas","09/11/10","3","HALES","DESEAN","","","","","","","","","","","","0","0","1","5","0","","","","","","","","","","","","","","","","","","","","","","","","","","","0"
"703","Texas","10/23/10","3","HALES","DESEAN","","","","","","","","","","","","0","0","3","27","0","","","","","","","","","","","","","","","","","","","","","","","","","","","0"
"703","Texas","11/06/10","3","HALES","DESEAN","","","","","","","","","","","","0","0","5","41","0","","","","","","","","","","","","","","","","","","","","","","","","","","","0"
"703","Texas","11/13/10","3","HALES","DESEAN","","","","","","","","","","","","0","0","1","2","0","","","","","","","","","","","","","","","","","","","","","","","","","","","0"
"703","Texas","09/04/10","31","JOHNSON","CODY","15","63","4","59","0","","","","","","","15","59","1","2","0","","","","","","","","","","","","","","","","","","","","","","","","","","","0"
"703","Texas","09/11/10","31","JOHNSON","CODY","9","46","0","46","2","","","","","","","9","46","","","","","","","","","","","","","","","","","","2","","","","","","","","","","","","12"
"703","Texas","09/18/10","31","JOHNSON","CODY","17","35","0","35","0","","","","","","","17","35","","","","","","","","","","","","","","","","","","","","","","","","","","","","","","0"
"703","Texas","10/02/10","31","JOHNSON","CODY","2","6","0","6","1","","","","","","","2","6","1","33","0","","","","","","","","","","","","","","","1","","","","","","","","","","","","6"
"703","Texas","10/16/10","31","JOHNSON","CODY","11","73","0","73","0","","","","","","","11","73","","","","","","","","","","","","","","","","","","","","","","","","","","","","","","0"
"703","Texas","10/23/10","31","JOHNSON","CODY","7","24","0","24","0","","","","","","","7","24","","","","","","","","","","","","","","","","","","","","","","","","","","","","","","0"
"703","Texas","10/30/10","31","JOHNSON","CODY","10","39","0","39","0","","","","","","","10","39","","","","","","","","","","","","","","","","","","","","","","","","","","","","","","0"
"703","Texas","11/06/10","31","JOHNSON","CODY","5","11","0","11","1","","","","","","","5","11","","","","","","","","","","","","","","","","","","1","","","","","","","","","","","","6"
"703","Texas","11/13/10","31","JOHNSON","CODY","16","71","3","68","1","","","","","","","16","68","2","14","0","","","","","","","","","","","","","","","1","","","","","","","","","","","","6"
"703","Texas","11/20/10","31","JOHNSON","CODY","28","127","3","124","1","","","","","","","28","124","","","","","","","","","","","","","","","","","","1","","","","","","","","","","","","6"
"703","Texas","11/25/10","31","JOHNSON","CODY","14","107","0","107","0","","","","","","","14","107","","","","","","","","","","","","","","","","","","","","","","","","","","","","","","0"
"703","Texas","09/04/10","32","JONES","EDDIE","","","","","","","","","","","","0","0","","","","","","","","","","","","","","","3","41","0","","","","","","","","","","","","","0"
"703","Texas","10/30/10","32","JONES","EDDIE","","","","","","","","","","","","0","0","","","","","","","","","","","","","","","1","6","0","","","","","","","","","","","","","0"
"703","Texas","11/06/10","8B","JONES","","","","","","","","","","","","","0","0","1","1","1","","","","","","","","","","","","","","","1","","","","","","","","","","","","6"
"703","Texas","11/20/10","8B","JONES","","","","","","","","","","","","","0","0","1","13","0","","","","","","","","","","","","","","","","","","","","","","","","","","","0"
"703","Texas","09/04/10","11","KIRKENDOLL","JAMES","","","","","","","","","","","","0","0","1","5","0","","","","","","","","","","","","","","","","","","","","","","","","","","","0"
"703","Texas","09/11/10","11","KIRKENDOLL","JAMES","","","","","","","","","","","","0","0","2","32","0","","","","","","","","","","","","","","","","","","","","","","","","","","","0"
"703","Texas","09/18/10","11","KIRKENDOLL","JAMES","2","0","10","-10","0","","","","","","","2","-10","6","122","0","","","","","","","","","","","","","","","","","","","","","","","","","","","0"
"703","Texas","09/25/10","11","KIRKENDOLL","JAMES","","","","","","","","","","","","0","0","6","42","1","","","","","","","","","","","","","","","1","","","","","","","","","","","","6"
"703","Texas","10/02/10","11","KIRKENDOLL","JAMES","","","","","","","","","","","","0","0","8","87","0","","","","","","","","","","","","","","","","","","","","","","","","","","","0"
"703","Texas","10/23/10","11","KIRKENDOLL","JAMES","","","","","","","","","","","","0","0","5","44","0","","","","","","","","","","","","","","","","","","","","","","","","","","","0"
"703","Texas","10/30/10","11","KIRKENDOLL","JAMES","","","","","","","","","","","","0","0","3","57","0","","","","","","","","","","","","","","","","","","","","","","","","","","","0"
"703","Texas","11/06/10","11","KIRKENDOLL","JAMES","","","","","","","","","","","","0","0","6","72","0","","","","","","","","","","","","","","","","","","","","","","","","","","","0"
"703","Texas","11/13/10","11","KIRKENDOLL","JAMES","","","","","","","","","","","","0","0","4","71","0","","","","","","","","","","","","","","","","","","","","","","","","","","","0"
"703","Texas","11/20/10","11","KIRKENDOLL","JAMES","","","","","","","","","","","","0","0","4","123","1","","","","","","","","","","","","","","","1","","","","","","","","","","","","6"
"703","Texas","11/25/10","11","KIRKENDOLL","JAMES","","","","","","","","","","","","0","0","7","52","0","","","","","","","","","","","","","","","","","","","","","","","","","","","0"
"703","Texas","09/11/10","89","MATTHEWS","BARRETT","","","","","","","","","","","","0","0","1","19","0","","","","","","","","","","","","","","","","","","","","","","","","","","","0"
"703","Texas","09/18/10","89","MATTHEWS","BARRETT","","","","","","","","","","","","0","0","1","1","1","","","","","","","","","","","","","","","1","","","","","","","","","","","","6"
"703","Texas","09/25/10","89","MATTHEWS","BARRETT","","","","","","","","","","","","0","0","2","5","0","","","","","","","","","","","","","","","","","","","","","","","","","","","0"
"703","Texas","10/02/10","89","MATTHEWS","BARRETT","","","","","","","","","","","","0","0","4","13","0","","","","","","","","","","","","","","","","","","","","","","","","","","","0"
"703","Texas","10/30/10","89","MATTHEWS","BARRETT","","","","","","","","","","","","0","0","1","3","0","","","","","","","","","","","","","","","","","","","","","","","","","","","0"
"703","Texas","11/13/10","89","MATTHEWS","BARRETT","","","","","","","","","","","","0","0","1","6","0","","","","","","","","","","","","","","","","","","","","","","","","","","","0"
"703","Texas","09/04/10","6","MCCOY","","","","","","","1","0","0","0","0","","1","0","","","","","","","","","","","","","","","","","","","","","","","","","","","","","","0"
"703","Texas","11/20/10","6","MCCOY","","1","0","0","0","0","","","","","","","1","0","","","","","","","","","","","","","","","","","","","","","","","","","","","","","","0"
"703","Texas","09/11/10","26","MONROE","D.J.","","","","","","","","","","","","0","0","","","","","","","","","","","","","","","1","27","0","","","","","","","","","","","","","0"
"703","Texas","09/18/10","26","MONROE","D.J.","1","14","0","14","0","","","","","","","1","14","","","","","","","","","","","","","","","","","","","","","","","","","","","","","","0"
"703","Texas","09/25/10","26","MONROE","D.J.","6","51","0","51","0","","","","","","","6","51","","","","","","","","","","","","","","","5","123","0","","","","","","","","","","","","","0"
"703","Texas","10/02/10","26","MONROE","D.J.","4","68","3","65","1","","","","","","","4","65","","","","","","","","","","","","","","","3","49","0","1","","","","","","","","","","","","6"
"703","Texas","10/16/10","26","MONROE","D.J.","","","","","","","","","","","","0","0","","","","","","","","","","","","","","","1","16","0","","","","","","","","","","","","","0"
"703","Texas","10/23/10","26","MONROE","D.J.","1","10","0","10","0","","","","","","","1","10","","","","","","","","","","","","","","","2","58","0","","","","","","","","","","","","","0"
"703","Texas","10/30/10","26","MONROE","D.J.","4","10","0","10","0","","","","","","","4","10","","","","","","","","","","","","","","","2","24","0","","","","","","","","","","","","","0"
"703","Texas","11/06/10","26","MONROE","D.J.","","","","","","","","","","","","0","0","","","","","","","","","","","","","","","3","50","0","","","","","","","","","","","","","0"
"703","Texas","11/13/10","26","MONROE","D.J.","","","","","","","","","","","","0","0","","","","","","","","","","","","","","","1","23","0","","","","","","","","","","","","","0"
"703","Texas","11/20/10","26","MONROE","D.J.","6","43","0","43","0","","","","","","","6","43","","","","","","","","","","","","","","","2","40","0","","","","","","","","","","","","","0"
"703","Texas","11/25/10","26","MONROE","D.J.","1","2","0","2","0","","","","","","","1","2","","","","","","","","","","","","","","","1","20","0","","","","","","","","","","","","","0"
"703","Texas","09/04/10","23","NEWTON","TRE'","18","61","0","61","3","","","","","","","18","61","1","1","0","","","","","","","","","","","","","","","3","","","","","","","","","","","","18"
"703","Texas","09/11/10","23","NEWTON","TRE'","8","25","2","23","0","","","","","","","8","23","2","1","0","","","","","","","","","","","","","","","","","","","","","","","","","","","0"
"703","Texas","09/18/10","23","NEWTON","TRE'","1","13","0","13","0","","","","","","","1","13","","","","","","","","","","","","","","","","","","","","","","","","","","","","","","0"
"703","Texas","10/16/10","23","NEWTON","TRE'","10","41","0","41","0","","","","","","","10","41","2","16","0","","","","","","","","","","","","","","","","","","","","","","","","","","","0"
"703","Texas","10/23/10","23","NEWTON","TRE'","9","43","0","43","0","","","","","","","9","43","1","21","0","","","","","","","","","","","","","","","","","","","","","","","","","","","0"
"703","Texas","10/30/10","23","NEWTON","TRE'","13","36","1","35","0","","","","","","","13","35","3","17","0","","","","","","","","","","","","","","","","","","","","","","","","","","","0"
"703","Texas","11/06/10","23","NEWTON","TRE'","5","13","0","13","0","","","","","","","5","13","","","","","","","","","","","","","","","","","","","","","","","","","","","","","","0"
"703","Texas","11/20/10","1G","PHILLIPS","","","","","","","","","","","","","0","0","","","","","","","","","","","","1","9","0","","","","","","","","","","","","","","","","0"
"703","Texas","09/04/10","1A","ROBINSON","KEENAN","","","","","","","","","","","","0","0","","","","1","0","0","1","10","1","","","","","","","","","1","","","","","","","","","","","","6"
"703","Texas","10/23/10","1A","ROBINSON","KEENAN","","","","","","","","","","","","0","0","","","","1","0","0","","","","","","","","","","","","","","","","","","","","","","","","0"
"703","Texas","09/04/10","30","ROBINSON","","","","","","","","","","","","","0","0","","","","","","","","","","","","","","","1","10","0","","","","","","","","","","","","","0"
"703","Texas","09/18/10","30","ROBINSON","","1","2","0","2","0","","","","","","","1","2","","","","","","","","","","","","","","","","","","","","","","","","","","","","","","0"
"703","Texas","10/02/10","30","ROBINSON","","1","3","0","3","0","","","","","","","1","3","","","","","","","","","","","","","","","","","","","","","","","","","","","","","","0"
"703","Texas","11/13/10","30","ROBINSON","","1","1","0","1","1","","","","","","","1","1","","","","","","","","","","","","","","","","","","1","","","","","","","","","","","","6"
"703","Texas","11/20/10","30","ROBINSON","","4","23","0","23","1","","","","","","","4","23","","","","","","","","","","","","","","","","","","1","","","","","","","","","","","","6"
"703","Texas","09/04/10","83","SMITH","GREG","","","","","","","","","","","","0","0","1","3","0","","","","","","","","","","","","","","","","","","","","","","","","","","","0"
"703","Texas","09/18/10","83","SMITH","GREG","","","","","","","","","","","","0","0","1","5","0","","","","","","","","","","","","","","","","","","","","","","","","","","","0"
"703","Texas","09/25/10","83","SMITH","GREG","","","","","","","","","","","","0","0","1","2","0","","","","","","","","","","","","","","","","","","","","","","","","","","","0"
"703","Texas","10/02/10","83","SMITH","GREG","","","","","","","","","","","","0","0","2","16","0","","","","","","","","","","","","","","","","","","","","","","","","","","","0"
"703","Texas","10/30/10","83","SMITH","GREG","","","","","","","","","","","","0","0","3","28","0","","","","","","","","","","","","","","","","","","","","","","","","","","","0"
"703","Texas","11/25/10","83","SMITH","GREG","","","","","","","","","","","","0","0","1","6","0","","","","","","","","","","","","","","","","","","","","","","","","","","","0"
"703","Texas","11/20/10","2D","SUMMERVILLE","MICHAEL","","","","","","","","","","","","0","0","","","","","","","","","","","","","","","","","","","1","1","0","0","","","","","","","","1"
"703","Texas","09/04/10","19","TUCKER","JUSTIN","","","","","","","","","","","","0","0","","","","","","","","","","","","","","","","","","","4","4","0","0","","","","","4","2","","10"
"703","Texas","09/11/10","19","TUCKER","JUSTIN","","","","","","","","","","","","0","0","","","","","","","","","","1","17","","","","","","","","4","4","0","0","","","","","2","2","","10"
"703","Texas","09/18/10","19","TUCKER","JUSTIN","","","","","","","","","","","","0","0","","","","","","","","","","5","199","","","","","","","","3","3","0","0","","","","","1","1","","6"
"703","Texas","09/25/10","19","TUCKER","JUSTIN","","","","","","","","","","","","0","0","","","","","","","","","","1","40","","","","","","","","","","","","","","","","2","2","","6"
"703","Texas","10/02/10","19","TUCKER","JUSTIN","","","","","","","","","","","","0","0","","","","","","","","","","3","127","","","","","","","","2","2","0","0","","","","","2","2","","8"
"703","Texas","10/16/10","19","TUCKER","JUSTIN","","","","","","","","","","","","0","0","","","","","","","","","","4","189","","","","","","","","2","2","0","0","","","","","2","2","","8"
"703","Texas","10/23/10","19","TUCKER","JUSTIN","","","","","","","","","","","","0","0","","","","","","","","","","2","106","","","","","","","","1","1","0","0","","","","","3","2","","7"
"703","Texas","10/30/10","19","TUCKER","JUSTIN","","","","","","","","","","","","0","0","","","","","","","","","","3","127","","","","","","","","1","1","0","0","","","","","6","5","","16"
"703","Texas","11/06/10","19","TUCKER","JUSTIN","1","6","0","6","0","","","","","","","1","6","","","","","","","","","","2","83","","","","","","","","2","2","0","0","","","","","","","","2"
"703","Texas","11/13/10","19","TUCKER","JUSTIN","","","","","","","","","","","","0","0","","","","","","","","","","3","130","","","","","","","","1","1","0","0","","","","","1","1","","4"
"703","Texas","11/20/10","19","TUCKER","JUSTIN","","","","","","","","","","","","0","0","","","","","","","","","","2","70","","","","","","","","5","5","0","0","","","","","3","3","","14"
"703","Texas","11/25/10","19","TUCKER","JUSTIN","","","","","","","","","","","","0","0","","","","","","","","","","9","354","","","","","","","","2","2","0","0","","","","","1","1","","5"
"703","Texas","11/13/10","1F","VACCARO","KENNY","","","","","","","","","","","","0","0","","","","1","0","0","","","","","","","","","","","","","","","","","","","","","","","","0"
"703","Texas","11/20/10","4","WHITE","","","","","","","","","","","","","0","0","1","5","0","","","","","","","","","","","","","","","","","","","","","","","","","","","0"
"703","Texas","11/25/10","4","WHITE","","","","","","","","","","","","","0","0","","","","","","","","","","","","","","","2","48","0","","","","","","","","","","","","","0"
"703","Texas","09/04/10","28","WHITTAKER","FOSWHITT","9","51","0","51","0","","","","","","","9","51","1","3","0","","","","","","","","","","","","","","","","","","","","","","","","","","","0"
"703","Texas","09/11/10","28","WHITTAKER","FOSWHITT","7","62","0","62","1","","","","","","","7","62","3","10","0","","","","","","","","","","","","","","","1","","","","","","","","","","","","6"
"703","Texas","09/18/10","28","WHITTAKER","FOSWHITT","15","61","6","55","1","","","","","","","15","55","1","4","0","","","","","","","","","","","","","","","1","","","","","","","","","","","","6"
"703","Texas","09/25/10","28","WHITTAKER","FOSWHITT","7","15","1","14","0","","","","","","","7","14","6","34","0","","","","","","","","","","","","","","","","","","","","","","","","","","","0"
"703","Texas","10/02/10","28","WHITTAKER","FOSWHITT","9","53","1","52","0","","","","","","","9","52","6","25","0","","","","","","","","","","","","","","","","","","","","","","","","","","","0"
"703","Texas","10/16/10","28","WHITTAKER","FOSWHITT","11","29","1","28","0","","","","","","","11","28","1","41","0","","","","","","","","","","","","","","","","","","","","","","","","","","","0"
"703","Texas","10/23/10","28","WHITTAKER","FOSWHITT","1","2","0","2","0","","","","","","","1","2","3","8","0","","","","","","","","","","","","","","","","","","","","","","","","","","","0"
"703","Texas","10/30/10","28","WHITTAKER","FOSWHITT","","","","","","1","1","0","26","0","","1","26","1","6","0","","","","","","","","","","","","","","","","","","","","","","","","","","","0"
"703","Texas","11/06/10","28","WHITTAKER","FOSWHITT","5","35","0","35","0","","","","","","","5","35","4","11","0","","","","","","","","","","","","","","","","","","","","","","","","","","","0"
"703","Texas","11/13/10","28","WHITTAKER","FOSWHITT","6","17","0","17","0","1","1","0","14","0","","7","31","3","16","0","","","","","","","","","","","","","","","","","","","","","","","","","","","0"
"703","Texas","11/25/10","28","WHITTAKER","FOSWHITT","10","35","0","35","0","","","","","","","10","35","5","59","0","","","","","","","","","","","","","","","","","","","","","","","","","","","0"
"703","Texas","09/04/10","4A","WILLIAMS","AARON","","","","","","","","","","","","0","0","","","","","","","","","","","","3","25","0","","","","","","","","","","","","","","","","0"
"703","Texas","09/11/10","4A","WILLIAMS","AARON","","","","","","","","","","","","0","0","","","","","","","","","","","","2","31","0","","","","","","","","","","","","","","","","0"
"703","Texas","09/18/10","4A","WILLIAMS","AARON","","","","","","","","","","","","0","0","","","","","","","","","","","","1","0","0","","","","","","","","","","","","","","","","0"
"703","Texas","10/02/10","4A","WILLIAMS","AARON","","","","","","","","","","","","0","0","","","","","","","","","","","","3","13","0","","","","","","","","","","","","","","","","0"
"703","Texas","10/16/10","4A","WILLIAMS","AARON","","","","","","","","","","","","0","0","","","","","","","","","","","","1","17","0","","","","","","","","","","","","","","","","0"
"703","Texas","10/23/10","4A","WILLIAMS","AARON","","","","","","","","","","","","0","0","","","","","","","","","","","","1","0","0","","","","","","","","","","","","","","","","0"
"703","Texas","09/04/10","9","WILLIAMS","MALCOLM","","","","","","","","","","","","0","0","4","77","0","","","","","","","","","","","","","","","","","","","","","","","","","","","0"
"703","Texas","09/11/10","9","WILLIAMS","MALCOLM","1","12","0","12","0","","","","","","","1","12","2","14","0","","","","","","","","","","","","","","","","","","","","","","","","","","","0"
"703","Texas","09/18/10","9","WILLIAMS","MALCOLM","1","0","3","-3","0","","","","","","","1","-3","2","25","0","","","","","","","","","","","","","","","","","","","","","","","","","","","0"
"703","Texas","09/25/10","9","WILLIAMS","MALCOLM","","","","","","","","","","","","0","0","3","30","0","","","","","","","","","","","","","","","","","","","","","","","","","","","0"
"703","Texas","10/02/10","9","WILLIAMS","MALCOLM","","","","","","","","","","","","0","0","3","58","0","","","","","","","","","","","","1","23","0","","","","","","","","","","","","","0"
"703","Texas","10/16/10","9","WILLIAMS","MALCOLM","","","","","","","","","","","","0","0","1","5","0","","","","","","","","","","","","","","","","","","","","","","","","","","","0"
"703","Texas","10/23/10","9","WILLIAMS","MALCOLM","","","","","","","","","","","","0","0","2","23","1","","","","","","","","","","","","","","","1","","","","","","","","","","","","6"
"703","Texas","10/30/10","9","WILLIAMS","MALCOLM","","","","","","","","","","","","0","0","2","5","0","","","","","","","","","","","","2","18","0","","","","","","","","","","","","","0"
"703","Texas","11/06/10","9","WILLIAMS","MALCOLM","","","","","","","","","","","","0","0","1","9","0","","","","","","","","","","","","","","","","","","","","","","","","","","","0"
"703","Texas","11/13/10","9","WILLIAMS","MALCOLM","1","1","0","1","0","","","","","","","1","1","2","18","0","","","","","","","","","","","","1","14","0","","","","","","","","","","","","","0"
"703","Texas","11/20/10","9","WILLIAMS","MALCOLM","","","","","","","","","","","","0","0","1","47","1","","","","","","","","","","","","1","22","0","1","","","","","","","","","","","","6"
"703","Texas","11/25/10","9","WILLIAMS","MALCOLM","","","","","","","","","","","","0","0","1","23","0","","","","","","","","","","","","","","","","","","","","","","","","","","","0"
"697","Texas A&M","09/11/10","9","ASKEW","","","","","","","","","","","","","0","0","","","","","","","","","","","","1","23","0","","","","","","","","","","","","","","","","0"
"697","Texas A&M","09/04/10","28","BULLOCK","RANDY","","","","","","","","","","","","0","0","","","","","","","","","","","","","","","","","","","6","6","0","0","","","","","3","2","","12"
"697","Texas A&M","09/11/10","28","BULLOCK","RANDY","","","","","","","","","","","","0","0","","","","","","","","","","","","","","","","","","","6","6","0","0","","","","","3","2","","12"
"697","Texas A&M","09/18/10","28","BULLOCK","RANDY","","","","","","","","","","","","0","0","","","","","","","","","","","","","","","","","","","3","3","0","0","","","","","2","2","","9"
"697","Texas A&M","09/30/10","28","BULLOCK","RANDY","","","","","","","","","","","","0","0","","","","","","","","","","","","","","","","","","","5","5","0","0","","","","","","","","5"
"697","Texas A&M","10/09/10","28","BULLOCK","RANDY","","","","","","","","","","","","0","0","","","","","","","","","","","","","","","","","","","2","2","0","0","","","","","1","1","","5"
"697","Texas A&M","10/16/10","28","BULLOCK","RANDY","","","","","","","","","","","","0","0","","","","","","","","","","","","","","","","","","","","","","","","","","","1","1","","3"
"697","Texas A&M","10/23/10","28","BULLOCK","RANDY","","","","","","","","","","","","0","0","","","","","","","","","","","","","","","","","","","6","6","0","0","","","","","1","1","","9"
"697","Texas A&M","10/30/10","28","BULLOCK","RANDY","","","","","","","","","","","","0","0","","","","","","","","","","","","","","","","","","","6","6","0","0","","","","","2","1","","9"
"697","Texas A&M","11/06/10","28","BULLOCK","RANDY","","","","","","","","","","","","0","0","","","","","","","","","","","","","","","","","","","4","4","0","0","","","","","1","1","","7"
"697","Texas A&M","11/13/10","28","BULLOCK","RANDY","","","","","","","","","","","","0","0","","","","","","","","","","","","","","","","","","","6","6","0","0","","","","","","","","6"
"697","Texas A&M","11/20/10","28","BULLOCK","RANDY","","","","","","","","","","","","0","0","","","","","","","","","","","","","","","","","","","","","","","","","","","3","3","","9"
"697","Texas A&M","11/25/10","28","BULLOCK","RANDY","","","","","","","","","","","","0","0","","","","","","","","","","","","","","","","","","","3","3","0","0","","","","","2","1","","6"
"697","Texas A&M","01/07/11","28","BULLOCK","RANDY","","","","","","","","","","","","0","0","","","","","","","","","","","","","","","","","","","3","3","0","0","","","","","2","1","","6"
"697","Texas A&M","09/18/10","48","EPPERSON","RYAN","","","","","","","","","","","","0","0","","","","","","","","","","4","139","","","","","","","","","","","","","","","","","","","0"
"697","Texas A&M","09/30/10","48","EPPERSON","RYAN","","","","","","","","","","","","0","0","","","","","","","","","","4","167","","","","","","","","","","","","","","","","","","","0"
"697","Texas A&M","10/09/10","48","EPPERSON","RYAN","","","","","","","","","","","","0","0","","","","","","","","","","9","348","","","","","","","","","","","","","","","","","","","0"
"697","Texas A&M","10/16/10","48","EPPERSON","RYAN","","","","","","","","","","","","0","0","","","","","","","","","","7","268","","","","","","","","","","","","","","","","","","","0"
"697","Texas A&M","10/23/10","48","EPPERSON","RYAN","","","","","","","","","","","","0","0","","","","","","","","","","4","130","","","","","","","","","","","","","","","","","","","0"
"697","Texas A&M","10/30/10","48","EPPERSON","RYAN","","","","","","","","","","","","0","0","","","","","","","","","","2","94","","","","","","","","","","","","","","","","","","","0"
"697","Texas A&M","11/06/10","48","EPPERSON","RYAN","","","","","","","","","","","","0","0","","","","","","","","","","6","233","","","","","","","","","","","","","","","","","","","0"
"697","Texas A&M","11/13/10","48","EPPERSON","RYAN","","","","","","","","","","","","0","0","","","","","","","","","","4","118","","","","","","","","","","","","","","","","","","","0"
"697","Texas A&M","11/20/10","48","EPPERSON","RYAN","","","","","","","","","","","","0","0","","","","","","","","","","1","44","","","","","","","","","","","","","","","","","","","0"
"697","Texas A&M","10/09/10","7X","FREDERICK","TERRENCE","","","","","","","","","","","","0","0","","","","1","34","0","","","","","","","","","","","","","","","","","","","","","","","","0"
"697","Texas A&M","09/04/10","8","FULLER","JEFF","","","","","","","","","","","","0","0","4","47","2","","","","","","","","","","","","","","","2","","","","","","","","","","","","12"
"697","Texas A&M","09/11/10","8","FULLER","JEFF","","","","","","","","","","","","0","0","10","160","1","","","","","","","","","","","","","","","1","","","","","","","","","","","","6"
"697","Texas A&M","09/18/10","8","FULLER","JEFF","","","","","","","","","","","","0","0","4","73","0","","","","","","","","","","","","","","","","","","","","","","","","","","","0"
"697","Texas A&M","09/30/10","8","FULLER","JEFF","","","","","","","","","","","","0","0","8","69","2","","","","","","","","","","","","","","","2","","","","","","","","","","","","12"
"697","Texas A&M","10/09/10","8","FULLER","JEFF","","","","","","","","","","","","0","0","8","154","1","","","","","","","","","","","","","","","1","","","","","","","","","","","","6"
"697","Texas A&M","10/16/10","8","FULLER","JEFF","","","","","","","","","","","","0","0","5","63","1","","","","","","","","","","","","","","","1","","","","","","","","","","","","6"
"697","Texas A&M","10/23/10","8","FULLER","JEFF","","","","","","","","","","","","0","0","5","121","2","","","","","","","","","","","","","","","2","","","","","","","","","","","","12"
"697","Texas A&M","10/30/10","8","FULLER","JEFF","","","","","","","","","","","","0","0","11","171","2","","","","","","","","","","","","","","","2","","","","","","","","","","","","12"
"697","Texas A&M","11/06/10","8","FULLER","JEFF","","","","","","","","","","","","0","0","3","28","0","","","","","","","","","","","","","","","","","","","","","","","","","","","0"
"697","Texas A&M","11/13/10","8","FULLER","JEFF","","","","","","","","","","","","0","0","3","37","0","","","","","","","","","","","","","","","","","","","","","","","","","","","0"
"697","Texas A&M","11/20/10","8","FULLER","JEFF","","","","","","","","","","","","0","0","1","36","0","","","","","","","","","","","","","","","","","","","","","","","","","","","0"
"697","Texas A&M","11/25/10","8","FULLER","JEFF","","","","","","","","","","","","0","0","3","24","1","","","","","","","","","","","","","","","1","","","","","","","","","","","","6"
"697","Texas A&M","01/07/11","8","FULLER","JEFF","","","","","","","","","","","","0","0","7","83","0","","","","","","","","","","","","","","","","","","","","","","","","","","","0"
"697","Texas A&M","09/04/10","32","GRAY","CYRUS","16","66","5","61","0","","","","","","","16","61","4","54","0","","","","","","","","","","","","","","","","","","","","","","","","","","","0"
"697","Texas A&M","09/11/10","32","GRAY","CYRUS","13","43","1","42","1","","","","","","","13","42","1","7","0","","","","","","","","","","","","3","86","0","1","","","","","","","","","","","","6"
"697","Texas A&M","09/18/10","32","GRAY","CYRUS","9","85","0","85","1","","","","","","","9","85","1","17","0","","","","","","","","","","","","4","85","0","1","","","","","","","","","","","","6"
"697","Texas A&M","09/30/10","32","GRAY","CYRUS","5","4","7","-3","0","","","","","","","5","-3","2","5","1","","","","","","","","","","","","1","47","0","1","","","","","","","","","","","","6"
"697","Texas A&M","10/09/10","32","GRAY","CYRUS","5","16","9","7","0","","","","","","","5","7","2","17","0","","","","","","","","","","","","3","84","0","","","","","","","","","","","","","0"
"697","Texas A&M","10/16/10","32","GRAY","CYRUS","1","3","0","3","0","","","","","","","1","3","4","25","0","","","","","","","","","","","","3","61","0","","","","","","","","","","","","","0"
"697","Texas A&M","10/23/10","32","GRAY","CYRUS","13","117","0","117","1","","","","","","","13","117","","","","","","","","","","","","","","","2","45","0","1","","","","","","","","","","","","6"
"697","Texas A&M","10/30/10","32","GRAY","CYRUS","16","105","3","102","2","","","","","","","16","102","4","11","0","","","","","","","","","","","","1","14","0","2","","","","","","","","","","","","12"
"697","Texas A&M","11/06/10","32","GRAY","CYRUS","21","122","0","122","1","","","","","","","21","122","2","13","0","","","","","","","","","","","","","","","1","","","","","","","","","","","","6"
"697","Texas A&M","11/13/10","32","GRAY","CYRUS","28","146","9","137","4","","","","","","","28","137","3","24","0","","","","","","","","","","","","","","","4","","","","","","","","","","","","24"
"697","Texas A&M","11/20/10","32","GRAY","CYRUS","26","137","0","137","0","","","","","","","26","137","9","65","0","","","","","","","","","","","","","","","","","","","","","","","","","","","0"
"697","Texas A&M","11/25/10","32","GRAY","CYRUS","27","234","11","223","2","","","","","","","27","223","1","4","0","","","","","","","","","","","","","","","2","","","","","","","","","","","","12"
"697","Texas A&M","01/07/11","32","GRAY","CYRUS","20","102","2","100","0","1","1","0","14","1","","21","114","1","9","0","","","","","","","","","","","","","","","","","","","","","","","","","","","0"
"697","Texas A&M","09/04/10","22","HARRIS","DUSTIN","","","","","","","","","","","","0","0","","","","1","38","1","","","","","","","","","","","","1","","","","","","","","","","","","6"
"697","Texas A&M","09/11/10","22","HARRIS","DUSTIN","","","","","","","","","","","","0","0","","","","","","","","","","","","2","54","1","","","","1","","","","","","","","","","","","6"
"697","Texas A&M","09/18/10","22","HARRIS","DUSTIN","","","","","","","","","","","","0","0","","","","","","","","","","","","4","23","0","","","","","","","","","","","","","","","","0"
"697","Texas A&M","09/30/10","22","HARRIS","DUSTIN","","","","","","","","","","","","0","0","","","","1","0","0","","","","","","","","","","","","","","","","","","","","","","","","0"
"697","Texas A&M","10/23/10","22","HARRIS","DUSTIN","","","","","","","","","","","","0","0","","","","1","83","0","","","","","","1","12","0","","","","","","","","","","","","","","","","0"
"697","Texas A&M","11/25/10","22","HARRIS","DUSTIN","","","","","","","","","","","","0","0","","","","1","-4","0","","","","","","1","3","0","","","","","","","","","","","","","","","","0"
"697","Texas A&M","09/04/10","87","HICKS","","","","","","","","","","","","","0","0","3","38","0","","","","","","","","","","","","","","","","","","","","","","","","","","","0"
"697","Texas A&M","09/11/10","87","HICKS","","","","","","","","","","","","","0","0","1","28","0","","","","","","","","","","","","","","","","","","","","","","","","","","","0"
"697","Texas A&M","09/30/10","87","HICKS","","","","","","","","","","","","","0","0","3","47","0","","","","","","","","","","","","","","","","","","","","","","","","","","","0"
"697","Texas A&M","10/16/10","87","HICKS","","","","","","","","","","","","","0","0","1","6","0","","","","","","","","","","","","1","2","0","","","","","","","","","","","","","0"
"697","Texas A&M","10/30/10","87","HICKS","","","","","","","","","","","","","0","0","1","14","0","","","","","","","","","","","","","","","","","","","","","","","","","","","0"
"697","Texas A&M","11/13/10","87","HICKS","","","","","","","","","","","","","0","0","1","5","0","","","","","","","","","","","","","","","","","","","","","","","","","","","0"
"697","Texas A&M","11/20/10","87","HICKS","","","","","","","","","","","","","0","0","1","3","0","","","","","","","","","","","","","","","","","","","","","","","","","","","0"
"697","Texas A&M","01/07/11","87","HICKS","","","","","","","","","","","","","0","0","","","","","","","","","","","","","","","1","4","0","","","","","","","","","","","","","0"
"697","Texas A&M","09/11/10","37","HODGES","MICHAEL","","","","","","","","","","","","0","0","","","","1","0","0","","","","","","","","","","","","","","","","","","","","","","","","0"
"697","Texas A&M","09/30/10","37","HODGES","MICHAEL","","","","","","","","","","","","0","0","","","","1","3","0","","","","","","","","","","","","","","","","","","","","","","","","0"
"697","Texas A&M","11/20/10","1X","HUNTER","TRENT","","","","","","","","","","","","0","0","","","","2","0","0","","","","","","","","","","","","","","","","","","","","","","","","0"
"697","Texas A&M","10/16/10","4","JACKSON","","","","","","","","","","","","","0","0","1","28","0","","","","","","","","","","","","","","","","","","","","","","","","","","","0"
"697","Texas A&M","10/23/10","4","JACKSON","","","","","","","","","","","","","0","0","3","45","0","","","","","","","","","","","","","","","","","","","","","","","","","","","0"
"697","Texas A&M","10/30/10","4","JACKSON","","","","","","","","","","","","","0","0","1","11","0","","","","","","","","","","","","1","18","0","","","","","","","","","","","","","0"
"697","Texas A&M","11/20/10","4","JACKSON","","","","","","","","","","","","","0","0","1","8","0","","","","","","","","","","","","","","","","","","","","","","","","","","","0"
"697","Texas A&M","01/07/11","4","JACKSON","","","","","","","","","","","","","0","0","2","20","0","","","","","","","","","","","","","","","","","","","","","","","","","","","0"
"697","Texas A&M","09/04/10","39","JAROSZEWSKI","","","","","","","","","","","","","0","0","","","","","","","","","","3","112","","","","","","","","","","","","","","","","","","","0"
"697","Texas A&M","09/11/10","39","JAROSZEWSKI","","","","","","","","","","","","","0","0","","","","","","","","","","4","159","","","","","","","","","","","","","","","","","","","0"
"697","Texas A&M","09/18/10","39","JAROSZEWSKI","","","","","","","","","","","","","0","0","","","","","","","","","","2","84","","","","","","","","","","","","","","","","","","","0"
"697","Texas A&M","09/04/10","1","JOHNSON","JERROD","9","20","14","6","1","40","28","0","322","2","","49","328","","","","","","","","","","","","","","","","","","1","","","","","","","","","","","","6"
"697","Texas A&M","09/11/10","1","JOHNSON","JERROD","8","61","11","50","0","38","25","0","349","4","","46","399","","","","","","","","","","","","","","","","","","","","","","","","","","","","","","0"
"697","Texas A&M","09/18/10","1","JOHNSON","JERROD","13","39","35","4","0","31","11","4","194","1","","44","198","","","","","","","","","","","","","","","","","","","","","","","","","","","","","","0"
"697","Texas A&M","09/30/10","1","JOHNSON","JERROD","13","44","31","13","0","62","40","4","409","5","","75","422","","","","","","","","","","","","","","","","","","","","","","","","","","","","","","0"
"697","Texas A&M","10/09/10","1","JOHNSON","JERROD","8","52","12","40","0","40","15","1","212","1","","48","252","","","","","","","","","","","","","","","","","","","","","","","","","","","","","","0"
"697","Texas A&M","10/16/10","1","JOHNSON","JERROD","17","58","53","5","0","48","27","0","322","1","0","65","327","","","","","","","","","","","","","","","","","","","","","1","0","","","","","","","","0"
"697","Texas A&M","10/23/10","1","JOHNSON","JERROD","11","49","21","28","1","20","12","0","139","0","","31","167","","","","","","","","","","","","","","","","","","1","","","","","","","","","","","","6"
"697","Texas A&M","09/11/10","5X","JUDIE","CORYELL","","","","","","","","","","","","0","0","","","","1","0","0","","","","","","","","","","","","","","","","","","","","","","","","0"
"697","Texas A&M","10/30/10","5X","JUDIE","CORYELL","","","","","","","","","","","","0","0","","","","1","35","0","","","","","","","","","","","","","","","","","","","","","","","","0"
"697","Texas A&M","11/06/10","5X","JUDIE","CORYELL","","","","","","","","","","","","0","0","","","","1","0","0","","","","","","","","","3","129","1","1","","","","","","","","","","","","6"
"697","Texas A&M","11/13/10","5X","JUDIE","CORYELL","","","","","","","","","","","","0","0","","","","","","","","","","","","","","","4","150","1","1","","","","","","","","","","","","6"
"697","Texas A&M","11/20/10","5X","JUDIE","CORYELL","","","","","","","","","","","","0","0","","","","","","","","","","","","","","","2","36","0","","","","","","","","","","","","","0"
"697","Texas A&M","11/25/10","5X","JUDIE","CORYELL","","","","","","","","","","","","0","0","","","","","","","","","","","","","","","4","93","0","","","","","","","","","","","","","0"
"697","Texas A&M","01/07/11","5X","JUDIE","CORYELL","","","","","","","","","","","","0","0","","","","1","-4","0","","","","","","","","","7","197","0","","","","","","","","","","","","","0"
"697","Texas A&M","10/23/10","19","LAMOTHE","MICHAEL","","","","","","","","","","","","0","0","1","11","0","","","","","","","","","","","","1","11","0","","","","","","","","","","","","","0"
"697","Texas A&M","10/30/10","19","LAMOTHE","MICHAEL","","","","","","","","","","","","0","0","2","4","2","","","","","","","","","","","","","","","2","","","","","","","","","","","","12"
"697","Texas A&M","11/06/10","19","LAMOTHE","MICHAEL","","","","","","","","","","","","0","0","1","5","0","","","","","","","","","","","","","","","","","","","","","","","","","","","0"
"697","Texas A&M","11/13/10","19","LAMOTHE","MICHAEL","","","","","","","","","","","","0","0","1","12","0","","","","","","","","","","","","","","","","","","","","","","","","","","","0"
"697","Texas A&M","01/07/11","19","LAMOTHE","MICHAEL","","","","","","","","","","","","0","0","1","10","0","","","","","","","","","","","","","","","","","","","","","","","","","","","0"
"697","Texas A&M","11/06/10","23","MALENA","","","","","","","","","","","","","0","0","","","","","","","","","","","","","","","1","11","0","","","","","","","","","","","","","0"
"697","Texas A&M","11/13/10","23","MALENA","","","","","","","","","","","","","0","0","","","","","","","","","","","","","","","2","35","0","","","","","","","","","","","","","0"
"697","Texas A&M","09/11/10","11","MCCOY","TERRENCE","","","","","","","","","","","","0","0","1","12","0","","","","","","","","","","","","","","","","","","","","","","","","","","","0"
"697","Texas A&M","09/18/10","11","MCCOY","TERRENCE","","","","","","","","","","","","0","0","1","33","1","","","","","","","","","","","","","","","1","","","","","","","","","","","","6"
"697","Texas A&M","09/30/10","11","MCCOY","TERRENCE","","","","","","","","","","","","0","0","4","35","0","","","","","","","","","","","","","","","","","","","","","","","","","","","0"
"697","Texas A&M","10/16/10","11","MCCOY","TERRENCE","","","","","","","","","","","","0","0","1","9","0","","","","","","","","","","","","","","","","","","","","","","","","","","","0"
"697","Texas A&M","10/30/10","11","MCCOY","TERRENCE","","","","","","","","","","","","0","0","2","21","0","","","","","","","","","","","","","","","","","","","","","","","","","","","0"
"697","Texas A&M","09/04/10","5","MCNEAL","KENRIC","","","","","","","","","","","","0","0","2","17","0","","","","","","","","","5","41","0","","","","","","","","","","","","","","","","0"
"697","Texas A&M","09/30/10","5","MCNEAL","KENRIC","","","","","","","","","","","","0","0","3","26","1","","","","","","","","","4","32","0","","","","1","","","","","","","","","","","","6"
"697","Texas A&M","10/09/10","5","MCNEAL","KENRIC","","","","","","","","","","","","0","0","","","","","","","","","","","","3","1","0","","","","","","","","","","","","","","","","0"
"697","Texas A&M","10/16/10","5","MCNEAL","KENRIC","","","","","","","","","","","","0","0","3","20","0","","","","","","","","","3","6","0","","","","","","","","","","","","","","","","0"
"697","Texas A&M","10/23/10","5","MCNEAL","KENRIC","","","","","","","","","","","","0","0","2","8","0","","","","","","","","","3","24","0","","","","","","","","","","","","","","","","0"
"697","Texas A&M","10/30/10","5","MCNEAL","KENRIC","","","","","","","","","","","","0","0","","","","","","","","","","","","1","0","0","","","","","","","","","","","","","","","","0"
"697","Texas A&M","11/06/10","5","MCNEAL","KENRIC","","","","","","","","","","","","0","0","1","4","0","","","","","","","","","1","2","0","","","","","","","","","","","","","","","","0"
"697","Texas A&M","11/13/10","5","MCNEAL","KENRIC","","","","","","","","","","","","0","0","4","50","0","","","","","","","","","","","","","","","","","","","","","","","","","","","0"
"697","Texas A&M","11/25/10","5","MCNEAL","KENRIC","","","","","","","","","","","","0","0","6","64","0","","","","","","","","","4","32","0","","","","","","","","","","","","","","","","0"
"697","Texas A&M","01/07/11","5","MCNEAL","KENRIC","","","","","","","","","","","","0","0","2","13","1","","","","","","","","","","","","","","","1","","","","","","","","","","","","6"
"697","Texas A&M","09/04/10","33","MICHAEL","CHRISTINE","22","105","0","105","2","","","","","","","22","105","1","46","0","","","","","","","","","","","","","","","2","","","","","","","","","","","","12"
"697","Texas A&M","09/11/10","33","MICHAEL","CHRISTINE","14","109","2","107","0","","","","","","","14","107","1","-3","0","","","","","","","","","","","","","","","","","","","","","","","","","","","0"
"697","Texas A&M","09/18/10","33","MICHAEL","CHRISTINE","21","132","13","119","1","","","","","","","21","119","1","6","0","","","","","","","","","","","","","","","1","","","","","","","","","","","","6"
"697","Texas A&M","09/30/10","33","MICHAEL","CHRISTINE","24","98","1","97","0","","","","","","","24","97","3","12","0","","","","","","","","","","","","","","","","","","","","","","","","","","","0"
"697","Texas A&M","10/09/10","33","MICHAEL","CHRISTINE","18","79","0","79","1","","","","","","","18","79","1","-2","0","","","","","","","","","","","","","","","1","","","","","","","","","","","","6"
"697","Texas A&M","10/16/10","33","MICHAEL","CHRISTINE","14","58","6","52","0","","","","","","","14","52","4","94","0","","","","","","","","","","","","","","","","","","","","","","","","","","","0"
"697","Texas A&M","10/23/10","33","MICHAEL","CHRISTINE","6","33","0","33","0","","","","","","","6","33","","","","","","","","","","","","","","","","","","","","","","","","","","","","","","0"
"697","Texas A&M","10/30/10","33","MICHAEL","CHRISTINE","7","39","0","39","0","","","","","","","7","39","2","21","0","","","","","","","","","","","","1","16","0","","","","","","","","","","","","","0"
"697","Texas A&M","09/30/10","40","MILLER","VON","","","","","","","","","","","","0","0","","","","","","","1","0","0","","","","","","","","","","","","","","","","","","","","","0"
"697","Texas A&M","11/25/10","40","MILLER","VON","","","","","","","","","","","","0","0","","","","1","3","0","","","","","","","","","","","","","","","","","","","","","","","","0"
"697","Texas A&M","10/23/10","94","MOORE","DAMONTRE","","","","","","","","","","","","0","0","","","","1","8","0","","","","","","","","","","","","","","","","","","","","","","","","0"
"697","Texas A&M","09/04/10","7","NWACHUKWU","UZOMA","1","3","0","3","0","","","","","","","1","3","2","11","0","","","","","","","","","","","","","","","","","","","","","","","","","","","0"
"697","Texas A&M","09/11/10","7","NWACHUKWU","UZOMA","1","5","0","5","0","","","","","","","1","5","2","45","2","","","","","","","","","","","","","","","2","","","","","","","","","","","","12"
"697","Texas A&M","09/18/10","7","NWACHUKWU","UZOMA","","","","","","","","","","","","0","0","1","19","0","","","","","","","","","","","","","","","","","","","","","","","","","","","0"
"697","Texas A&M","09/30/10","7","NWACHUKWU","UZOMA","","","","","","","","","","","","0","0","5","60","0","","","","","","","","","","","","","","","","","","","","","","","","","","","0"
"697","Texas A&M","10/09/10","7","NWACHUKWU","UZOMA","","","","","","","","","","","","0","0","1","17","0","","","","","","","","","","","","","","","","","","","","","","","","","","","0"
"697","Texas A&M","10/16/10","7","NWACHUKWU","UZOMA","","","","","","","","","","","","0","0","1","7","0","","","","","","","","","","","","","","","","","","","","","","","","","","","0"
"697","Texas A&M","10/23/10","7","NWACHUKWU","UZOMA","","","","","","","","","","","","0","0","4","39","0","","","","","","","","","","","","","","","","","","","","","","","","","","","0"
"697","Texas A&M","10/30/10","7","NWACHUKWU","UZOMA","","","","","","","","","","","","0","0","5","69","0","","","","","","","","","","","","","","","","","","","","","","","","","","","0"
"697","Texas A&M","11/06/10","7","NWACHUKWU","UZOMA","","","","","","","","","","","","0","0","1","14","0","","","","","","","","","","","","","","","","","","","","","","","","","","","0"
"697","Texas A&M","11/13/10","7","NWACHUKWU","UZOMA","1","4","0","4","0","","","","","","","1","4","8","73","0","","","","","","","","","","","","","","","","","","","","","","","","","","","0"
"697","Texas A&M","11/20/10","7","NWACHUKWU","UZOMA","","","","","","","","","","","","0","0","1","4","0","","","","","","","","","","","","","","","","","","","","","","","","","","","0"
"697","Texas A&M","11/25/10","7","NWACHUKWU","UZOMA","","","","","","","","","","","","0","0","1","11","0","","","","","","","","","","","","","","","","","","","","","","","","","","","0"
"697","Texas A&M","01/07/11","7","NWACHUKWU","UZOMA","","","","","","","","","","","","0","0","4","38","2","","","","","","","","","","","","","","","2","","","","","","","","","","","","12"
"697","Texas A&M","09/11/10","80","PRIOLEAU","HUTSON","","","","","","","","","","","","0","0","1","18","0","","","","","","","","","","","","","","","","","","","","","","","","","","","0"
"697","Texas A&M","09/30/10","80","PRIOLEAU","HUTSON","","","","","","","","","","","","0","0","2","10","0","","","","","","","","","","","","","","","","","","","","","","","","","","","0"
"697","Texas A&M","11/06/10","80","PRIOLEAU","HUTSON","1","1","0","1","0","","","","","","","1","1","2","14","1","","","","","","","","","","","","","","","1","","","","","","","","","","","","6"
"697","Texas A&M","11/13/10","80","PRIOLEAU","HUTSON","","","","","","","","","","","","0","0","1","7","0","","","","","","","","","","","","","","","","","","","","","","","","","","","0"
"697","Texas A&M","11/20/10","80","PRIOLEAU","HUTSON","","","","","","","","","","","","0","0","1","4","0","","","","","","","","","","","","","","","","","","","","","","","","","","","0"
"697","Texas A&M","11/25/10","80","PRIOLEAU","HUTSON","","","","","","","","","","","","0","0","1","5","0","","","","","","","","","","","","","","","","","","","","","","","","","","","0"
"697","Texas A&M","01/07/11","80","PRIOLEAU","HUTSON","","","","","","","","","","","","0","0","1","0","0","","","","","","","","","","","","","","","","","","","","","","","","","","","0"
"697","Texas A&M","09/18/10","3","SMITH","LIONEL","","","","","","","","","","","","0","0","","","","1","13","0","","","","","","","","","","","","","","","","","","","","","","","","0"
"697","Texas A&M","09/04/10","20","STEPHENS","BRADLEY","7","17","0","17","0","","","","","","","7","17","1","19","0","","","","","","","","","","","","","","","","","","","","","","","","","","","0"
"697","Texas A&M","09/11/10","20","STEPHENS","BRADLEY","4","14","0","14","0","","","","","","","4","14","","","","","","","","","","","","","","","","","","","","","","","","","","","","","","0"
"697","Texas A&M","10/23/10","20","STEPHENS","BRADLEY","8","40","2","38","0","","","","","","","8","38","","","","","","","","","","","","","","","","","","","","","","","","","","","","","","0"
"697","Texas A&M","10/30/10","20","STEPHENS","BRADLEY","9","46","0","46","0","","","","","","","9","46","1","22","0","","","","","","","","","","","","","","","","","","","","","","","","","","","0"
"697","Texas A&M","11/06/10","20","STEPHENS","BRADLEY","1","0","0","0","0","","","","","","","1","0","1","11","0","","","","","","","","","","","","","","","","","","","","","","","","","","","0"
"697","Texas A&M","11/13/10","20","STEPHENS","BRADLEY","","","","","","","","","","","","0","0","2","16","0","","","","","","","","","","","","","","","","","","","","","","","","","","","0"
"697","Texas A&M","11/20/10","20","STEPHENS","BRADLEY","1","1","0","1","0","","","","","","","1","1","1","3","0","","","","","","","","","","","","","","","","","","","","","","","","","","","0"
"697","Texas A&M","01/07/11","20","STEPHENS","BRADLEY","2","12","0","12","0","","","","","","","2","12","","","","","","","","","","","","","","","","","","","","","","","","","","","","","","0"
"697","Texas A&M","09/04/10","25","SWOPE","RYAN","","","","","","","","","","","","0","0","13","106","0","","","","","","","","","","","","2","28","0","","","","","","","","","","","","","0"
"697","Texas A&M","09/11/10","25","SWOPE","RYAN","","","","","","","","","","","","0","0","5","50","0","","","","","","","","","","","","1","24","0","","","","","","","","","","","","","0"
"697","Texas A&M","09/18/10","25","SWOPE","RYAN","","","","","","","","","","","","0","0","3","46","0","","","","","","","","","","","","","","","","","","","","","","","","","","","0"
"697","Texas A&M","09/30/10","25","SWOPE","RYAN","2","19","0","19","0","","","","","","","2","19","6","80","1","","","","","","","","","","","","","","","1","","","","","","","","","","","","6"
"697","Texas A&M","10/09/10","25","SWOPE","RYAN","1","0","2","-2","0","","","","","","","1","-2","2","12","0","","","","","","","","","","","","1","22","0","","","","","","","","","","","","","0"
"697","Texas A&M","10/16/10","25","SWOPE","RYAN","","","","","","","","","","","","0","0","4","50","0","","","","","","","","","","","","1","13","0","","","","","","","","","","","","","0"
"697","Texas A&M","10/23/10","25","SWOPE","RYAN","","","","","","","","","","","","0","0","9","70","1","","","","","","","","","","","","","","","1","","","","","","","","","","","","6"
"697","Texas A&M","10/30/10","25","SWOPE","RYAN","","","","","","","","","","","","0","0","7","105","0","","","","","","","","","","","","","","","","","","","","","","","","","","","0"
"697","Texas A&M","11/06/10","25","SWOPE","RYAN","1","12","0","12","0","","","","","","","1","12","8","136","1","","","","","","","","","","","","","","","1","","","","","","","","","","","","6"
"697","Texas A&M","11/13/10","25","SWOPE","RYAN","1","3","0","3","0","","","","","","","1","3","4","56","1","","","","","","","","","","","","","","","1","","","","","","","","","","","","6"
"697","Texas A&M","11/20/10","25","SWOPE","RYAN","2","11","1","10","0","","","","","","","2","10","4","49","0","","","","","","","","","","","","","","","","","","","","","","","","","","","0"
"697","Texas A&M","11/25/10","25","SWOPE","RYAN","4","21","5","16","0","","","","","","","4","16","2","20","0","","","","","","","","","","","","","","","","","","","","","","","","","","","0"
"697","Texas A&M","01/07/11","25","SWOPE","RYAN","","","","","","","","","","","","0","0","5","45","0","","","","","","","","","","","","","","","","","","","","","","","","","","","0"
"697","Texas A&M","09/04/10","17","TANNEHILL","RYAN","","","","","","4","3","0","25","0","","4","25","1","9","0","","","","","","","","","","","","","","","","","","","","","","","","","","","0"
"697","Texas A&M","09/11/10","17","TANNEHILL","RYAN","","","","","","","","","","","","0","0","3","32","1","","","","","","","","","","","","","","","1","","","","","","","","","","","","6"
"697","Texas A&M","09/30/10","17","TANNEHILL","RYAN","","","","","","","","","","","","0","0","3","68","0","","","","","","","","","","","","","","","","","","","","","","","","","","","0"
"697","Texas A&M","10/09/10","17","TANNEHILL","RYAN","","","","","","","","","","","","0","0","1","14","0","","","","","","","","","","","","","","","","","","","","","","","","","","","0"
"697","Texas A&M","10/16/10","17","TANNEHILL","RYAN","","","","","","","","","","","","0","0","3","20","0","","","","","","","","","","","","","","","","","","","","","","","","","","","0"
"697","Texas A&M","10/23/10","17","TANNEHILL","RYAN","5","14","1","13","1","16","12","0","155","3","","21","168","","","","","","","","","","","","","","","","","","1","","","","","","","","","","","","6"
"697","Texas A&M","10/30/10","17","TANNEHILL","RYAN","9","19","19","0","0","50","36","1","449","4","","59","449","","","","","","","","","","1","33","","","","","","","","","","","","","","","","","","","0"
"697","Texas A&M","11/06/10","17","TANNEHILL","RYAN","12","57","33","24","0","32","19","2","225","2","","44","249","","","","","","","","","","","","","","","","","","","","","","","","","","","","","","0"
"697","Texas A&M","11/13/10","17","TANNEHILL","RYAN","3","10","5","5","0","38","27","0","280","1","","41","285","","","","","","","","","","","","","","","","","","","","","","","","","","","","","","0"
"697","Texas A&M","11/20/10","17","TANNEHILL","RYAN","10","20","28","-8","0","29","19","0","172","0","","39","164","","","","","","","","","","2","42","","","","","","","","","","","","","","","","","","","0"
"697","Texas A&M","11/25/10","17","TANNEHILL","RYAN","5","20","21","-1","0","30","14","0","128","1","","35","127","","","","","","","","","","","","","","","","","","","","","","","","","","","","","","0"
"697","Texas A&M","01/07/11","17","TANNEHILL","RYAN","7","62","19","43","0","35","22","3","204","2","","42","247","","","","","","","","","","","","","","","","","","","","","","","","","","","","","","0"
"697","Texas A&M","11/20/10","26","WOOD","KEN","","","","","","","","","","","","0","0","","","","","","","","","","4","134","","","","","","","","","","","","","","","","","","","0"
"697","Texas A&M","11/25/10","26","WOOD","KEN","","","","","","","","","","","","0","0","","","","","","","","","","8","300","","","","","","","","","","","","","","","","","","","0"
"697","Texas A&M","01/07/11","26","WOOD","KEN","","","","","","","","","","","","0","0","","","","","","","","","","2","56","","","","","","","","","","","","","","","","","","","0"
"700","Texas Tech","10/30/10","29","AGUILAR","MICHAEL","","","","","","","","","","","","0","0","","","","","","","","","","","","","","","1","13","0","","","","","","","","","","","","","0"
"700","Texas Tech","09/05/10","25","BATCH","BARON","15","56","4","52","0","","","","","","","15","52","2","10","0","","","","","","","","","","","","","","","","","","","","","","","","","","","0"
"700","Texas Tech","09/11/10","25","BATCH","BARON","10","32","0","32","2","","","","","","","10","32","","","","","","","","","","","","","","","","","","2","","","","","","","","","","","","12"
"700","Texas Tech","09/18/10","25","BATCH","BARON","7","39","2","37","0","","","","","","","7","37","","","","","","","","","","","","","","","","","","","","","","","","","","","","","","0"
"700","Texas Tech","10/02/10","25","BATCH","BARON","12","61","3","58","0","","","","","","","12","58","6","52","0","","","","","","","","","","","","","","","","","","","","","","","","","","","0"
"700","Texas Tech","10/09/10","25","BATCH","BARON","17","97","0","97","1","","","","","","","17","97","4","26","1","","","","","","","","","","","","","","","2","","","","","","","","","","","","12"
"700","Texas Tech","10/16/10","25","BATCH","BARON","19","83","0","83","1","","","","","","","19","83","3","10","0","","","","","","","","","","","","","","","1","","","","","","","","","","","","6"
"700","Texas Tech","10/23/10","25","BATCH","BARON","13","60","0","60","0","","","","","","","13","60","","","","","","","","","","","","","","","","","","","","","","","","","","","","","","0"
"700","Texas Tech","10/30/10","25","BATCH","BARON","10","30","0","30","0","","","","","","","10","30","3","12","0","","","","","","","","","","","","","","","","","","","","","","","","","","","0"
"700","Texas Tech","11/06/10","25","BATCH","BARON","28","134","0","134","0","","","","","","","28","134","2","14","0","","","","","","","","","","","","","","","","","","","","","","","","","","","0"
"700","Texas Tech","11/13/10","25","BATCH","BARON","11","93","2","91","0","","","","","","","11","91","3","-2","0","","","","","","","","","","","","","","","","","","","","","","","","","","","0"
"700","Texas Tech","11/20/10","25","BATCH","BARON","11","71","0","71","1","","","","","","","11","71","2","48","1","","","","","","","","","","","","","","","2","","","","","","","","","","","","12"
"700","Texas Tech","11/27/10","25","BATCH","BARON","19","61","1","60","0","","","","","","","19","60","6","50","1","","","","","","","","","","","","","","","1","","","","","","","","","","","","6"
"700","Texas Tech","01/01/11","25","BATCH","BARON","5","13","2","11","0","","","","","","","5","11","1","6","0","","","","","","","","","","","","","","","","","","","","","","","","","","","0"
"700","Texas Tech","10/16/10","20","BIRD","BRONT","","","","","","","","","","","","0","0","","","","1","16","0","","","","","","","","","","","","","","","","","","","","","","","","0"
"700","Texas Tech","10/30/10","20","BIRD","BRONT","","","","","","","","","","","","0","0","","","","1","14","0","","","","","","","","","","","","","","","","","","","","","","","","0"
"700","Texas Tech","11/27/10","20","BIRD","BRONT","","","","","","","","","","","","0","0","","","","1","3","0","","","","","","","","","","","","","","","","","","","","","","","","0"
"700","Texas Tech","09/11/10","56","BRYDON","JONATHAN","","","","","","","","","","","","0","0","","","","","","","","","","","","1","15","0","","","","","","","","","","","","","","","","0"
"700","Texas Tech","09/05/10","49","CARONA","DONNIE","","","","","","","","","","","","0","0","","","","","","","","","","","","","","","","","","","","","","","","","","","1","0","","0"
"700","Texas Tech","10/02/10","49","CARONA","DONNIE","","","","","","","","","","","","0","0","","","","","","","","","","1","38","","","","","","","","","","","","","","","","","","","0"
"700","Texas Tech","10/09/10","49","CARONA","DONNIE","","","","","","","","","","","","0","0","","","","","","","","","","","","","","","","","","","","","","","","","","","1","0","","0"
"700","Texas Tech","10/23/10","49","CARONA","DONNIE","","","","","","","","","","","","0","0","","","","","","","","","","1","57","","","","","","","","","","","","","","","","","","","0"
"700","Texas Tech","11/06/10","49","CARONA","DONNIE","","","","","","","","","","","","0","0","","","","","","","","","","","","","","","","","","","","","","","","","","","1","0","","0"
"700","Texas Tech","11/13/10","49","CARONA","DONNIE","","","","","","","","","","","","0","0","","","","","","","","","","3","129","","","","","","","","","","","","","","","","","","","0"
"700","Texas Tech","11/20/10","49","CARONA","DONNIE","","","","","","","","","","","","0","0","","","","","","","","","","","","","","","","","","","","","","","","","","","1","1","","3"
"700","Texas Tech","11/27/10","49","CARONA","DONNIE","","","","","","","","","","","","0","0","","","","","","","","","","4","218","","","","","","","","","","","","","","","","","","","0"
"700","Texas Tech","01/01/11","49","CARONA","DONNIE","","","","","","","","","","","","0","0","","","","","","","","","","1","33","","","","","","","","","","","","","","","","","","","0"
"700","Texas Tech","09/05/10","32","CRAWFORD","AARON","1","3","0","3","0","","","","","","","1","3","","","","","","","","","","","","","","","","","","","","","","","","","","","","","","0"
"700","Texas Tech","09/11/10","32","CRAWFORD","AARON","3","12","0","12","0","","","","","","","3","12","1","6","0","","","","","","","","","1","39","0","","","","","","","","","","","","","","","","0"
"700","Texas Tech","10/23/10","32","CRAWFORD","AARON","1","1","0","1","1","","","","","","","1","1","","","","","","","","","","","","","","","","","","1","","","","","","","","","","","","6"
"700","Texas Tech","10/30/10","32","CRAWFORD","AARON","1","25","0","25","0","","","","","","","1","25","2","18","0","","","","","","","","","","","","","","","","","","","","","","","","","","","0"
"700","Texas Tech","11/06/10","32","CRAWFORD","AARON","6","39","0","39","0","","","","","","","6","39","","","","","","","","","","","","","","","","","","","","","","","","","","","","","","0"
"700","Texas Tech","11/13/10","32","CRAWFORD","AARON","3","21","1","20","0","","","","","","","3","20","","","","","","","","","","","","","","","","","","","","","","","","","","","","","","0"
"700","Texas Tech","11/20/10","32","CRAWFORD","AARON","3","11","0","11","0","","","","","","","3","11","1","15","1","","","","","","","","","","","","","","","1","","","","","","","","","","","","6"
"700","Texas Tech","01/01/11","32","CRAWFORD","AARON","1","0","1","-1","0","","","","","","","1","-1","","","","","","","","","","","","","","","","","","","","","","","","","","","","","","0"
"700","Texas Tech","10/30/10","16","DAVIS","CODY","","","","","","","","","","","","0","0","","","","","","","1","4","0","","","","","","","","","","","","","","","","","","","","","0"
"700","Texas Tech","11/27/10","16","DAVIS","CODY","","","","","","","","","","","","0","0","","","","1","0","0","","","","","","","","","","","","","","","","","","","","","","","","0"
"700","Texas Tech","11/20/10","7A","DOEGE","SETH","","","","","","4","3","0","58","0","","4","58","","","","","","","","","","","","","","","","","","","","","","","","","","","","","","0"
"700","Texas Tech","09/05/10","2","DOUGLAS","CORNELIUS","","","","","","","","","","","","0","0","3","49","0","","","","","","","","","","","","","","","","","","","","","","","","","","","0"
"700","Texas Tech","09/18/10","2","DOUGLAS","CORNELIUS","","","","","","","","","","","","0","0","2","8","0","","","","","","","","","","","","","","","","","","","","","","","","","","","0"
"700","Texas Tech","10/16/10","2","DOUGLAS","CORNELIUS","","","","","","","","","","","","0","0","4","53","1","","","","","","","","","","","","","","","1","","","","","","","","","","","","6"
"700","Texas Tech","10/30/10","2","DOUGLAS","CORNELIUS","","","","","","","","","","","","0","0","1","11","0","","","","","","","","","","","","","","","","","","","","","","","","","","","0"
"700","Texas Tech","11/06/10","2","DOUGLAS","CORNELIUS","","","","","","1","0","0","0","0","","1","0","1","5","0","","","","","","","","","","","","","","","","","","","","","","","","","","","0"
"700","Texas Tech","11/20/10","2","DOUGLAS","CORNELIUS","1","3","0","3","0","","","","","","","1","3","2","32","0","","","","","","","","","","","","","","","","","","","","","","","","","","","0"
"700","Texas Tech","11/27/10","2","DOUGLAS","CORNELIUS","","","","","","","","","","","","0","0","2","29","0","","","","","","","","","","","","","","","","","","","","","","","","","","","0"
"700","Texas Tech","01/01/11","2","DOUGLAS","CORNELIUS","","","","","","","","","","","","0","0","4","29","0","","","","","","","","","","","","","","","","","","","","","","","","","","","0"
"700","Texas Tech","11/27/10","87","FISHER","AARON","","","","","","","","","","","","0","0","1","9","0","","","","","","","","","","","","","","","","","","","","","","","","","","","0"
"700","Texas Tech","09/11/10","7","FORD","WILL","","","","","","","","","","","","0","0","","","","1","27","0","","","","","","","","","","","","","","","","","","","","","","","","0"
"700","Texas Tech","09/05/10","8","FRANKS","JACOBY","","","","","","","","","","","","0","0","6","31","0","","","","","","","","","","","","","","","","","","","","","","","","","","","0"
"700","Texas Tech","09/11/10","8","FRANKS","JACOBY","1","0","2","-2","0","","","","","","","1","-2","5","58","0","","","","","","","","","","","","","","","","","","","","","","","","","","","0"
"700","Texas Tech","09/18/10","8","FRANKS","JACOBY","","","","","","","","","","","","0","0","3","39","0","","","","","","","","","","","","","","","","","","","","","","","","","","","0"
"700","Texas Tech","10/02/10","8","FRANKS","JACOBY","","","","","","","","","","","","0","0","4","46","0","","","","","","","","","","","","","","","","","","","","","","","","","","","0"
"700","Texas Tech","10/09/10","8","FRANKS","JACOBY","","","","","","","","","","","","0","0","3","46","0","","","","","","","","","","","","","","","","","","","","","","","","","","","0"
"700","Texas Tech","10/16/10","8","FRANKS","JACOBY","","","","","","","","","","","","0","0","4","34","0","","","","","","","","","","","","","","","","","","","","","","","","","","","0"
"700","Texas Tech","10/30/10","51","HUBERT","CQULIN","","","","","","","","","","","","0","0","","","","","","","","","","","","","","","1","18","0","","","","","","","","","","","","","0"
"700","Texas Tech","10/30/10","82","JAMES","ADAM","","","","","","","","","","","","0","0","1","12","0","","","","","","","","","","","","","","","","","","","","","","","","","","","0"
"700","Texas Tech","11/06/10","82","JAMES","ADAM","","","","","","","","","","","","0","0","1","14","0","","","","","","","","","","","","","","","","","","","","","","","","","","","0"
"700","Texas Tech","09/11/10","10","JEFFERS","HARRISON","7","44","0","44","0","","","","","","","7","44","","","","","","","","","","","","","","","","","","","","","","","","","","","","","","0"
"700","Texas Tech","10/23/10","10","JEFFERS","HARRISON","1","0","4","-4","0","","","","","","","1","-4","","","","","","","","","","","","","","","1","13","0","","","","","","","","","","","","","0"
"700","Texas Tech","11/06/10","10","JEFFERS","HARRISON","2","7","0","7","0","","","","","","","2","7","","","","","","","","","","","","","","","1","18","0","","","","","","","","","","","","","0"
"700","Texas Tech","11/13/10","10","JEFFERS","HARRISON","1","0","0","0","0","","","","","","","1","0","","","","","","","","","","","","","","","3","58","0","","","","","","","","","","","","","0"
"700","Texas Tech","11/20/10","10","JEFFERS","HARRISON","6","36","0","36","0","","","","","","","6","36","2","16","0","","","","","","","","","","","","","","","","","","","","","","","","","","","0"
"700","Texas Tech","01/01/11","10","JEFFERS","HARRISON","1","16","0","16","0","","","","","","","1","16","","","","","","","","","","","","","","","1","12","0","","","","","","","","","","","","","0"
"700","Texas Tech","09/05/10","1B","JOHNSON","D.J.","","","","","","","","","","","","0","0","","","","1","11","0","","","","","","","","","","","","","","","","","","","","","","","","0"
"700","Texas Tech","10/16/10","1B","JOHNSON","D.J.","","","","","","","","","","","","0","0","","","","1","0","0","","","","","","","","","","","","","","","","","","","","","","","","0"
"700","Texas Tech","11/27/10","1B","JOHNSON","D.J.","","","","","","","","","","","","0","0","","","","1","33","0","","","","","","","","","","","","","","","","","","","","","","","","0"
"700","Texas Tech","11/20/10","3A","KARAM","JACOB","","","","","","1","0","0","0","0","","1","0","","","","","","","","","","","","","","","","","","","","","","","","","","","","","","0"
"700","Texas Tech","09/05/10","9","LACOUR","JONATHAN","","","","","","","","","","","","0","0","","","","","","","","","","4","193","","","","","","","","","","","","","","","","","","","0"
"700","Texas Tech","09/11/10","9","LACOUR","JONATHAN","","","","","","","","","","","","0","0","","","","","","","","","","2","95","","","","","","","","","","","","","","","","","","","0"
"700","Texas Tech","09/18/10","9","LACOUR","JONATHAN","","","","","","","","","","","","0","0","","","","","","","","","","8","346","","","","","","","","","","","","","","","","","","","0"
"700","Texas Tech","10/02/10","9","LACOUR","JONATHAN","","","","","","","","","","","","0","0","","","","","","","","","","4","153","","","","","","","","","","","","","","","","","","","0"
"700","Texas Tech","10/09/10","9","LACOUR","JONATHAN","","","","","","","","","","","","0","0","","","","","","","","","","4","167","","","","","","","","","","","","","","","","","","","0"
"700","Texas Tech","10/16/10","9","LACOUR","JONATHAN","","","","","","","","","","","","0","0","","","","","","","","","","7","263","","","","","","","","","","","","","","","","","","","0"
"700","Texas Tech","10/23/10","9","LACOUR","JONATHAN","","","","","","","","","","","","0","0","","","","","","","","","","4","174","","","","","","","","","","","","","","","","","","","0"
"700","Texas Tech","10/30/10","9","LACOUR","JONATHAN","","","","","","","","","","","","0","0","","","","","","","","","","6","230","","","","","","","","","","","","","","","","","","","0"
"700","Texas Tech","11/06/10","9","LACOUR","JONATHAN","","","","","","","","","","","","0","0","","","","","","","","","","7","250","","","","","","","","","","","","","","","","","","","0"
"700","Texas Tech","11/13/10","9","LACOUR","JONATHAN","","","","","","","","","","","","0","0","","","","","","","","","","5","171","","","","","","","","","","","","","","","","","","","0"
"700","Texas Tech","11/20/10","9","LACOUR","JONATHAN","","","","","","","","","","","","0","0","","","","","","","","","","1","49","","","","","","","","","","","","","","","","","","","0"
"700","Texas Tech","11/27/10","9","LACOUR","JONATHAN","","","","","","","","","","","","0","0","","","","","","","","","","2","58","","","","","","","","","","","","","","","","","","","0"
"700","Texas Tech","01/01/11","9","LACOUR","JONATHAN","","","","","","","","","","","","0","0","","","","","","","","","","3","91","","","","","","","","","","","","","","","","","","","0"
"700","Texas Tech","09/05/10","19","LEONG","LYLE","","","","","","","","","","","","0","0","11","142","3","","","","","","","","","","","","","","","3","","","","","","","","","","","","18"
"700","Texas Tech","09/11/10","19","LEONG","LYLE","","","","","","","","","","","","0","0","5","75","2","","","","","","","","","","","","","","","2","","","","","","","","","","","","12"
"700","Texas Tech","09/18/10","19","LEONG","LYLE","","","","","","","","","","","","0","0","4","34","1","","","","","","","","","","","","","","","1","","","","","","","","","","","","6"
"700","Texas Tech","10/02/10","19","LEONG","LYLE","","","","","","","","","","","","0","0","9","125","3","","","","","","","","","","","","","","","3","","","","","","","","","","","","18"
"700","Texas Tech","10/09/10","19","LEONG","LYLE","","","","","","","","","","","","0","0","5","85","0","","","","","","","","","","","","","","","","","","","","","","","","","","","0"
"700","Texas Tech","10/16/10","19","LEONG","LYLE","","","","","","","","","","","","0","0","3","28","0","","","","","","","","","","","","","","","","","","","","","","","","","","","0"
"700","Texas Tech","10/23/10","19","LEONG","LYLE","","","","","","","","","","","","0","0","5","32","1","","","","","","","","","","","","","","","1","","","","","","","","","","","","6"
"700","Texas Tech","10/30/10","19","LEONG","LYLE","","","","","","","","","","","","0","0","5","67","3","","","","","","","","","","","","","","","3","","","","","","","","","","","","18"
"700","Texas Tech","11/06/10","19","LEONG","LYLE","","","","","","","","","","","","0","0","9","123","2","","","","","","","","","","","","","","","2","","","","","","","","","","","","12"
"700","Texas Tech","11/13/10","19","LEONG","LYLE","","","","","","","","","","","","0","0","2","14","0","","","","","","","","","","","","","","","","","","","","","","","","","","","0"
"700","Texas Tech","11/20/10","19","LEONG","LYLE","","","","","","","","","","","","0","0","3","37","1","","","","","","","","","","","","","","","1","","","","","","","","","","","","6"
"700","Texas Tech","11/27/10","19","LEONG","LYLE","","","","","","","","","","","","0","0","3","46","1","","","","","","","","","","","","","","","1","","","","","","","","","","","","6"
"700","Texas Tech","01/01/11","19","LEONG","LYLE","","","","","","","","","","","","0","0","10","118","2","","","","","","","","","","","","","","","2","","","","","","","","","","","","12"
"700","Texas Tech","09/05/10","17","LEWIS","DETRON","","","","","","","","","","","","0","0","6","79","1","","","","","","","","","2","12","0","","","","1","","","","","","","","","","","","6"
"700","Texas Tech","09/11/10","17","LEWIS","DETRON","","","","","","","","","","","","0","0","3","44","0","","","","","","","","","","","","","","","","","","","","","","","","","","","0"
"700","Texas Tech","09/18/10","17","LEWIS","DETRON","","","","","","","","","","","","0","0","6","42","0","","","","","","","","","","","","","","","","","","","","","","","","","","","0"
"700","Texas Tech","10/02/10","17","LEWIS","DETRON","1","5","0","5","0","","","","","","","1","5","4","12","0","","","","","","","","","","","","","","","","","","","","","","","","","","","0"
"700","Texas Tech","10/09/10","17","LEWIS","DETRON","","","","","","","","","","","","0","0","11","95","1","","","","","","","","","","","","","","","1","","","","","","","","","","","","6"
"700","Texas Tech","10/16/10","17","LEWIS","DETRON","1","3","0","3","0","","","","","","","1","3","5","28","0","","","","","","","","","2","15","0","","","","","","","","","","","","","","","","0"
"700","Texas Tech","10/23/10","17","LEWIS","DETRON","","","","","","","","","","","","0","0","6","84","0","","","","","","","","","2","9","0","","","","","","","","","","","","","","","","0"
"700","Texas Tech","10/30/10","17","LEWIS","DETRON","","","","","","","","","","","","0","0","8","111","0","","","","","","","","","1","-2","0","","","","","","","","","","","","","","","","0"
"700","Texas Tech","11/06/10","17","LEWIS","DETRON","2","7","0","7","0","","","","","","","2","7","8","64","1","","","","","","","","","2","26","0","","","","1","","","","","","","","","","","","6"
"700","Texas Tech","11/13/10","17","LEWIS","DETRON","","","","","","1","1","0","3","1","","1","3","7","59","0","","","","","","","","","1","2","0","","","","","","","","","","","","","","","","0"
"700","Texas Tech","11/20/10","17","LEWIS","DETRON","","","","","","","","","","","","0","0","4","50","1","","","","","","","","","","","","","","","1","","","","","","","","","","","","6"
"700","Texas Tech","11/27/10","17","LEWIS","DETRON","","","","","","","","","","","","0","0","11","135","2","","","","","","","","","","","","","","","2","","","","","","","","","","","","12"
"700","Texas Tech","01/01/11","17","LEWIS","DETRON","5","8","1","7","0","","","","","","","5","7","8","49","0","","","","","","","","","","","","","","","","","","","","","","","","","","","0"
"700","Texas Tech","09/05/10","34","MCROY","BEN","1","8","0","8","0","","","","","","","1","8","","","","","","","","","","","","","","","","","","","","","","","","","","","","","","0"
"700","Texas Tech","09/11/10","34","MCROY","BEN","1","4","0","4","0","","","","","","","1","4","","","","","","","","","","","","","","","","","","","","","","","","","","","","","","0"
"700","Texas Tech","10/09/10","34","MCROY","BEN","1","3","0","3","0","","","","","","","1","3","","","","","","","","","","","","","","","","","","","","","","","","","","","","","","0"
"700","Texas Tech","10/23/10","34","MCROY","BEN","2","13","0","13","0","","","","","","","2","13","","","","","","","","","","","","","","","","","","","","","","","","","","","","","","0"
"700","Texas Tech","10/30/10","34","MCROY","BEN","","","","","","","","","","","","0","0","","","","","","","","","","","","","","","1","11","0","","","","","","","","","","","","","0"
"700","Texas Tech","11/06/10","34","MCROY","BEN","1","9","0","9","0","","","","","","","1","9","","","","","","","","","","","","","","","","","","","","","","","","","","","","","","0"
"700","Texas Tech","11/13/10","34","MCROY","BEN","7","38","7","31","0","","","","","","","7","31","","","","","","","","","","","","","","","","","","","","","","","","","","","","","","0"
"700","Texas Tech","11/20/10","34","MCROY","BEN","8","81","5","76","2","","","","","","","8","76","1","1","0","","","","","","","","","","","","1","18","0","2","","","","","","","","","","","","12"
"700","Texas Tech","01/01/11","34","MCROY","BEN","1","5","0","5","0","","","","","","","1","5","1","6","0","","","","","","","","","","","","2","49","0","","","","","","","","","","","","","0"
"700","Texas Tech","09/11/10","14","MOORE","DARRIN","","","","","","","","","","","","0","0","2","10","0","","","","","","","","","","","","","","","","","","","","","","","","","","","0"
"700","Texas Tech","10/02/10","14","MOORE","DARRIN","","","","","","","","","","","","0","0","1","2","0","","","","","","","","","","","","","","","","","","","","","","","","","","","0"
"700","Texas Tech","10/23/10","14","MOORE","DARRIN","","","","","","","","","","","","0","0","1","1","0","","","","","","","","","","","","","","","","","","","","","","","","","","","0"
"700","Texas Tech","10/30/10","14","MOORE","DARRIN","","","","","","","","","","","","0","0","2","26","0","","","","","","","","","","","","","","","","","","","","","","","","","","","0"
"700","Texas Tech","11/06/10","14","MOORE","DARRIN","","","","","","","","","","","","0","0","1","7","0","","","","","","","","","","","","","","","","","","","","","","","","","","","0"
"700","Texas Tech","11/13/10","14","MOORE","DARRIN","","","","","","","","","","","","0","0","2","8","1","","","","","","","","","","","","","","","1","","","","","","","","","","","","6"
"700","Texas Tech","11/20/10","14","MOORE","DARRIN","","","","","","","","","","","","0","0","4","51","0","","","","","","","","","","","","","","","","","","","","","","","","","","","0"
"700","Texas Tech","01/01/11","14","MOORE","DARRIN","","","","","","","","","","","","0","0","2","12","0","","","","","","","","","","","","","","","","","","","","","","","","","","","0"
"700","Texas Tech","01/01/11","28","MOORE","LARON","","","","","","","","","","","","0","0","","","","1","19","0","","","","","","","","","","","","","","","","","","","","","","","","0"
"700","Texas Tech","09/05/10","21","PHILLIPS","JARVIS","","","","","","","","","","","","0","0","","","","1","0","0","","","","","","","","","","","","","","","","","","","","","","","","0"
"700","Texas Tech","09/11/10","21","PHILLIPS","JARVIS","","","","","","","","","","","","0","0","","","","1","27","0","","","","","","","","","","","","","","","","","","","","","","","","0"
"700","Texas Tech","09/18/10","21","PHILLIPS","JARVIS","","","","","","","","","","","","0","0","","","","2","87","1","","","","","","","","","","","","1","","","","","","","","","","","","6"
"700","Texas Tech","09/05/10","5","PORTER","TRE'","","","","","","","","","","","","0","0","","","","1","13","0","","","","","","","","","","","","","","","","","","","","","","","","0"
"700","Texas Tech","09/05/10","12","POTTS","TAYLOR","3","0","20","-20","0","53","34","0","359","4","","56","339","","","","","","","","","","","","","","","","","","","","","","","","","","","","","","0"
"700","Texas Tech","09/11/10","12","POTTS","TAYLOR","2","11","10","1","0","34","22","0","293","3","","36","294","","","","","","","","","","","","","","","","","","","","","","","","","","","","","","0"
"700","Texas Tech","09/18/10","12","POTTS","TAYLOR","3","0","29","-29","0","35","21","2","158","1","","38","129","","","","","","","","","","","","","","","","","","","","","","","","","","","","","","0"
"700","Texas Tech","10/02/10","12","POTTS","TAYLOR","1","9","0","9","0","62","42","1","377","5","","63","386","","","","","","","","","","","","","","","","","","","","","","","","","","","","","","0"
"700","Texas Tech","10/09/10","12","POTTS","TAYLOR","4","43","22","21","0","59","42","1","462","4","","63","483","","","","","","","","","","","","","","","","","","","","","","","","","","","","","","0"
"700","Texas Tech","10/16/10","12","POTTS","TAYLOR","3","4","14","-10","0","43","28","0","226","1","","46","216","","","","","","","","","","","","","","","","","","","","","","","","","","","","","","0"
"700","Texas Tech","10/23/10","12","POTTS","TAYLOR","2","0","12","-12","0","38","24","1","286","2","","40","274","","","","","","","","","","","","","","","","","","","","","","","","","","","","","","0"
"700","Texas Tech","10/30/10","12","POTTS","TAYLOR","1","0","10","-10","0","37","23","0","227","1","","38","217","","","","","","","","","","","","","","","","","","","","","","","","","","","","","","0"
"700","Texas Tech","11/06/10","12","POTTS","TAYLOR","2","4","11","-7","0","28","19","1","188","3","","30","181","","","","","","","","","","","","","","","","","","","","","","","","","","","","","","0"
"700","Texas Tech","11/13/10","12","POTTS","TAYLOR","5","19","19","0","0","36","18","2","136","0","","41","136","","","","","","","","","","","","","","","","","","","","","","","","","","","","","","0"
"700","Texas Tech","11/20/10","12","POTTS","TAYLOR","1","2","0","2","1","24","21","0","272","3","","25","274","","","","","","","","","","","","","","","","","","1","","","","","","","","","","","","6"
"700","Texas Tech","11/27/10","12","POTTS","TAYLOR","4","42","2","40","0","46","32","1","373","4","","50","413","","","","","","","","","","","","","","","","","","","","","","","","","","","","","","0"
"700","Texas Tech","01/01/11","12","POTTS","TAYLOR","2","19","0","19","1","56","43","1","369","4","","58","388","","","","","","","","","","","","","","","","","","1","","","","","","","","","","","","6"
"700","Texas Tech","09/11/10","1A","SHEFFIELD","STEVEN","2","15","0","15","1","7","2","0","17","0","","9","32","","","","","","","","","","","","","","","","","","1","","","","","","","","","","","","6"
"700","Texas Tech","09/18/10","1A","SHEFFIELD","STEVEN","2","5","13","-8","0","1","0","0","0","0","","3","-8","","","","","","","","","","","","","","","","","","","","","","","","","","","","","","0"
"700","Texas Tech","10/02/10","1A","SHEFFIELD","STEVEN","1","2","0","2","0","","","","","","","1","2","","","","","","","","","","","","","","","","","","","","","","","","","","","","","","0"
"700","Texas Tech","10/30/10","1A","SHEFFIELD","STEVEN","4","15","11","4","0","14","11","1","129","2","0","18","133","","","","","","","","","","","","","","","","","","","","","1","0","","","","","","","","0"
"700","Texas Tech","11/06/10","1A","SHEFFIELD","STEVEN","6","13","10","3","0","20","11","0","99","0","","26","102","","","","","","","","","","","","","","","","","","","","","","","","","","","","","","0"
"700","Texas Tech","11/13/10","1A","SHEFFIELD","STEVEN","","","","","","4","1","0","5","0","","4","5","","","","","","","","","","","","","","","","","","","","","","","","","","","","","","0"
"700","Texas Tech","11/20/10","1A","SHEFFIELD","STEVEN","3","11","11","0","0","12","8","0","109","1","","15","109","","","","","","","","","","","","","","","","","","","","","","","","","","","","","","0"
"700","Texas Tech","09/18/10","94","SMITH","SCOTT","","","","","","","","","","","","0","0","","","","1","0","0","","","","","","","","","","","","","","","","","","","","","","","","0"
"700","Texas Tech","09/05/10","24","STEPHENS","ERIC","9","35","0","35","1","","","","","","","9","35","","","","","","","","","","","","","","","5","122","0","1","","","","","","","","","","","","6"
"700","Texas Tech","09/11/10","24","STEPHENS","ERIC","10","46","0","46","1","","","","","","","10","46","3","43","0","","","","","","","","","","","","4","175","0","1","","","","","","","","","","","","6"
"700","Texas Tech","09/18/10","24","STEPHENS","ERIC","4","7","0","7","0","","","","","","","4","7","2","12","0","","","","","","","","","","","","4","74","0","","","","","","","","","","","","","0"
"700","Texas Tech","10/02/10","24","STEPHENS","ERIC","10","59","2","57","0","","","","","","","10","57","4","27","2","","","","","","","","","","","","5","111","0","2","","","","","","","","","","","","12"
"700","Texas Tech","10/09/10","24","STEPHENS","ERIC","14","53","1","52","1","","","","","","","14","52","7","54","0","","","","","","","","","","","","2","37","0","1","","","","","","","","","","","","6"
"700","Texas Tech","10/16/10","24","STEPHENS","ERIC","15","99","0","99","0","","","","","","","15","99","4","24","0","","","","","","","","","","","","3","77","0","","","","","","","","","","","","","0"
"700","Texas Tech","10/23/10","24","STEPHENS","ERIC","15","98","4","94","0","","","","","","","15","94","","","","","","","","","","","","","","","3","50","0","","","","","","","","","","","","","0"
"700","Texas Tech","10/30/10","24","STEPHENS","ERIC","10","47","0","47","1","","","","","","","10","47","4","22","0","","","","","","","","","","","","3","94","0","1","","","","","","","","","","","","6"
"700","Texas Tech","11/06/10","24","STEPHENS","ERIC","2","11","0","11","0","","","","","","","2","11","1","2","0","","","","","","","","","","","","3","85","0","","","","","","","","","","","","","0"
"700","Texas Tech","11/13/10","24","STEPHENS","ERIC","11","40","0","40","0","","","","","","","11","40","1","5","0","","","","","","","","","","","","4","65","0","","","","","","","","","","","","","0"
"700","Texas Tech","11/20/10","24","STEPHENS","ERIC","7","31","0","31","0","","","","","","","7","31","","","","","","","","","","","","","","","1","25","0","","","","","","","","","","","","","0"
"700","Texas Tech","11/27/10","24","STEPHENS","ERIC","6","29","6","23","1","","","","","","","6","23","2","4","0","","","","","","","","","","","","3","74","0","1","","","","","","","","","","","","6"
"700","Texas Tech","01/01/11","24","STEPHENS","ERIC","14","128","2","126","1","","","","","","","14","126","5","19","0","","","","","","","","","","","","4","82","0","1","","","","","","","","","","","","6"
"700","Texas Tech","09/05/10","11","SWINDALL","TRAMAIN","","","","","","","","","","","","0","0","5","42","0","","","","","","","","","","","","","","","","","","","","","","","","","","","0"
"700","Texas Tech","09/11/10","11","SWINDALL","TRAMAIN","","","","","","","","","","","","0","0","2","12","0","","","","","","","","","","","","","","","","","","","","","","","","","","","0"
"700","Texas Tech","10/02/10","11","SWINDALL","TRAMAIN","","","","","","","","","","","","0","0","5","42","0","","","","","","","","","","","","","","","","","","","","","","","","","","","0"
"700","Texas Tech","10/09/10","11","SWINDALL","TRAMAIN","","","","","","","","","","","","0","0","1","6","0","","","","","","","","","","","","","","","","","","","","","","","","","","","0"
"700","Texas Tech","10/16/10","11","SWINDALL","TRAMAIN","","","","","","","","","","","","0","0","1","5","0","","","","","","","","","","","","","","","","","","","","","","","","","","","0"
"700","Texas Tech","10/23/10","11","SWINDALL","TRAMAIN","","","","","","","","","","","","0","0","3","17","0","","","","","","","","","","","","","","","","","","","","","","","","","","","0"
"700","Texas Tech","10/30/10","11","SWINDALL","TRAMAIN","","","","","","","","","","","","0","0","2","8","0","","","","","","","","","","","","","","","","","","","","","","","","","","","0"
"700","Texas Tech","11/06/10","11","SWINDALL","TRAMAIN","","","","","","","","","","","","0","0","2","10","0","","","","","","","","","","","","","","","","","","","","","","","","","","","0"
"700","Texas Tech","11/13/10","11","SWINDALL","TRAMAIN","","","","","","","","","","","","0","0","2","8","0","","","","","","","","","","","","","","","","","","","","","","","","","","","0"
"700","Texas Tech","11/20/10","11","SWINDALL","TRAMAIN","","","","","","","","","","","","0","0","3","32","0","","","","","","","","","","","","","","","","","","","","","","","","","","","0"
"700","Texas Tech","11/27/10","11","SWINDALL","TRAMAIN","","","","","","","","","","","","0","0","4","58","0","","","","","","","","","","","","","","","","","","","","","","","","","","","0"
"700","Texas Tech","01/01/11","11","SWINDALL","TRAMAIN","","","","","","","","","","","","0","0","3","31","1","","","","","","","","","","","","","","","1","","","","","","","","","","","","6"
"700","Texas Tech","09/11/10","86","TORRES","ALEX","","","","","","","","","","","","0","0","2","7","0","","","","","","","","","","","","","","","","","","","","","","","","","","","0"
"700","Texas Tech","09/18/10","86","TORRES","ALEX","","","","","","","","","","","","0","0","3","17","0","","","","","","","","","","","","","","","","","","","","","","","","","","","0"
"700","Texas Tech","10/02/10","86","TORRES","ALEX","","","","","","","","","","","","0","0","5","43","0","","","","","","","","","","","","","","","","","","","","","","","","","","","0"
"700","Texas Tech","10/09/10","86","TORRES","ALEX","","","","","","","","","","","","0","0","7","82","2","","","","","","","","","","","","","","","2","","","","","","","","","","","","12"
"700","Texas Tech","10/16/10","86","TORRES","ALEX","","","","","","","","","","","","0","0","4","44","0","","","","","","","","","","","","","","","","","","","","","","","","","","","0"
"700","Texas Tech","10/23/10","86","TORRES","ALEX","","","","","","","","","","","","0","0","6","133","1","","","","","","","","","","","","","","","1","","","","","","","","","","","","6"
"700","Texas Tech","10/30/10","86","TORRES","ALEX","","","","","","","","","","","","0","0","5","66","0","","","","","","","","","","","","","","","","","","","","","","","","","","","0"
"700","Texas Tech","11/13/10","86","TORRES","ALEX","","","","","","","","","","","","0","0","2","17","0","","","","","","","","","","","","","","","","","","","","","","","","","","","0"
"700","Texas Tech","11/20/10","86","TORRES","ALEX","","","","","","","","","","","","0","0","2","30","0","","","","","","","","","","","","","","","","","","","","","","","","","","","0"
"700","Texas Tech","01/01/11","86","TORRES","ALEX","","","","","","","","","","","","0","0","3","42","0","","","","","","","","","","","","","","","","","","","","","","","","","","","0"
"700","Texas Tech","09/05/10","18","WARD","ERIC","","","","","","","","","","","","0","0","1","6","0","","","","","","","","","","","","","","","","","","","","","","","","","","","0"
"700","Texas Tech","11/06/10","18","WARD","ERIC","","","","","","","","","","","","0","0","2","23","0","","","","","","","","","","","","","","","","","","","","","","","","","","","0"
"700","Texas Tech","11/20/10","18","WARD","ERIC","","","","","","","","","","","","0","0","2","27","0","","","","","","","","","","","","","","","","","","","","","","","","","","","0"
"700","Texas Tech","01/01/11","18","WARD","ERIC","","","","","","","","","","","","0","0","1","7","0","","","","","","","","","","","","","","","","","","","","","","","","","","","0"
"700","Texas Tech","09/05/10","85","WILLIAMS","MATT","","","","","","","","","","","","0","0","","","","","","","","","","","","","","","","","","","5","5","0","0","","","","","1","0","","5"
"700","Texas Tech","09/11/10","85","WILLIAMS","MATT","","","","","","","","","","","","0","0","","","","","","","","","","","","","","","","","","","7","7","0","0","","","","","1","1","","10"
"700","Texas Tech","09/18/10","85","WILLIAMS","MATT","","","","","","","","","","","","0","0","","","","","","","","","","","","","","","","","","","2","2","0","0","","","","","","","","2"
"700","Texas Tech","10/02/10","85","WILLIAMS","MATT","","","","","","","","","","","","0","0","","","","","","","","","","","","","","","","","","","5","5","0","0","","","","","2","1","","8"
"700","Texas Tech","10/09/10","85","WILLIAMS","MATT","","","","","","","","","","","","0","0","","","","","","","","","","","","","","","","","","","6","6","0","0","","","","","1","1","","9"
"700","Texas Tech","10/16/10","85","WILLIAMS","MATT","","","","","","","","","","","","0","0","","","","","","","","","","","","","","","","","","","2","2","0","0","","","","","1","1","","5"
"700","Texas Tech","10/23/10","85","WILLIAMS","MATT","","","","","","","","","","","","0","0","","","","","","","","","","","","","","","","","","","3","3","0","0","","","","","2","2","","9"
"700","Texas Tech","10/30/10","85","WILLIAMS","MATT","","","","","","","","","","","","0","0","","","","","","","","","","","","","","","","","","","3","3","0","0","","","","","","","","3"
"700","Texas Tech","11/06/10","85","WILLIAMS","MATT","","","","","","","","","","","","0","0","","","","","","","","","","","","","","","","","","","3","3","0","0","","","","","1","1","","6"
"700","Texas Tech","11/13/10","85","WILLIAMS","MATT","","","","","","","","","","","","0","0","","","","","","","","","","","","","","","","","","","1","1","0","0","","","","","","","","1"
"700","Texas Tech","11/20/10","85","WILLIAMS","MATT","","","","","","","","","","","","0","0","","","","","","","","","","","","","","","","","","","8","8","0","0","","","","","1","1","","11"
"700","Texas Tech","11/27/10","85","WILLIAMS","MATT","","","","","","","","","","","","0","0","","","","","","","","","","","","","","","","","","","5","5","0","0","","","","","","","","5"
"700","Texas Tech","01/01/11","85","WILLIAMS","MATT","","","","","","","","","","","","0","0","","","","","","","","","","","","","","","","","","","6","6","0","0","","","","","1","1","","9"
"700","Texas Tech","09/11/10","6","ZOUZALIK","AUSTIN","","","","","","","","","","","","0","0","1","55","1","","","","","","","","","2","-15","0","","","","1","","","","","","","","","","","","6"
"700","Texas Tech","09/18/10","6","ZOUZALIK","AUSTIN","","","","","","","","","","","","0","0","1","6","0","","","","","","","","","1","16","0","","","","","","","","","","","","","","","","0"
"700","Texas Tech","10/02/10","6","ZOUZALIK","AUSTIN","","","","","","","","","","","","0","0","3","29","0","","","","","","","","","1","-1","0","","","","","","","","","","","","","","","","0"
"700","Texas Tech","10/09/10","6","ZOUZALIK","AUSTIN","","","","","","","","","","","","0","0","4","68","0","","","","","","","","","1","0","0","3","38","0","","","","","","","","","","","","","0"
"700","Texas Tech","10/23/10","6","ZOUZALIK","AUSTIN","","","","","","","","","","","","0","0","3","19","0","","","","","","","","","","","","","","","","","","","","","","","","","","","0"
"700","Texas Tech","10/30/10","6","ZOUZALIK","AUSTIN","","","","","","","","","","","","0","0","1","3","0","","","","","","","","","","","","","","","","","","","","","","","","","","","0"
"700","Texas Tech","11/06/10","6","ZOUZALIK","AUSTIN","","","","","","1","0","0","0","0","","1","0","3","25","0","","","","","","","","","1","5","0","","","","","","","","","","","","","","","","0"
"700","Texas Tech","11/13/10","6","ZOUZALIK","AUSTIN","","","","","","","","","","","","0","0","1","35","0","","","","","","","","","","","","","","","","","","","","","","","","","","","0"
"700","Texas Tech","11/20/10","6","ZOUZALIK","AUSTIN","","","","","","","","","","","","0","0","6","100","0","","","","","","","","","","","","","","","","","","","","","","","","","","","0"
"700","Texas Tech","11/27/10","6","ZOUZALIK","AUSTIN","","","","","","","","","","","","0","0","3","42","0","","","","","","","","","","","","","","","","","","","","","","","","","","","0"
"700","Texas Tech","01/01/11","6","ZOUZALIK","AUSTIN","","","","","","","","","","","","0","0","5","50","1","","","","","","","","","","","","","","","1","","","","","","","","","","","","6"
"709","Toledo","09/11/10","45","BALLARD","ISAIAH","","","","","","","","","","","","0","0","","","","","","","","","","","","","","","2","66","0","","","","","","","","","","","","","0"
"709","Toledo","09/18/10","45","BALLARD","ISAIAH","","","","","","","","","","","","0","0","","","","","","","","","","","","","","","1","22","0","","","","","","","","","","","","","0"
"709","Toledo","10/02/10","45","BALLARD","ISAIAH","","","","","","","","","","","","0","0","","","","","","","","","","","","1","0","0","1","19","0","","","","","","","","","","","","","0"
"709","Toledo","10/09/10","45","BALLARD","ISAIAH","","","","","","","","","","","","0","0","","","","","","","","","","","","","","","5","119","0","","","","","","","","","","","","","0"
"709","Toledo","10/16/10","45","BALLARD","ISAIAH","","","","","","","","","","","","0","0","","","","1","0","0","","","","","","","","","2","23","0","","","","","","","","","","","","","0"
"709","Toledo","10/23/10","45","BALLARD","ISAIAH","","","","","","","","","","","","0","0","","","","1","1","0","","","","","","","","","3","103","0","","","","","","","","","","","","","0"
"709","Toledo","11/09/10","45","BALLARD","ISAIAH","","","","","","","","","","","","0","0","","","","","","","","","","","","","","","1","15","0","","","","","","","","","","","","","0"
"709","Toledo","12/26/10","45","BALLARD","ISAIAH","","","","","","","","","","","","0","0","","","","","","","","","","","","","","","1","16","0","","","","","","","","","","","","","0"
"709","Toledo","09/03/10","83","BELLINGER","JULIAN","1","1","0","1","0","","","","","","","1","1","2","22","0","","","","","","","","","","","","2","18","0","","","","","","","","","","","","","0"
"709","Toledo","09/11/10","83","BELLINGER","JULIAN","1","0","2","-2","0","","","","","","","1","-2","","","","","","","","","","","","1","0","0","","","","","","","","","","","","","","","","0"
"709","Toledo","09/18/10","83","BELLINGER","JULIAN","","","","","","","","","","","","0","0","","","","","","","","","","","","1","17","0","","","","","","","","","","","","","","","","0"
"709","Toledo","09/25/10","83","BELLINGER","JULIAN","","","","","","","","","","","","0","0","2","14","0","","","","","","","","","","","","","","","","","","","","","","","","","","","0"
"709","Toledo","10/16/10","83","BELLINGER","JULIAN","","","","","","","","","","","","0","0","2","10","0","","","","","","","","","","","","","","","","","","","","","","","","","","","0"
"709","Toledo","10/30/10","83","BELLINGER","JULIAN","","","","","","","","","","","","0","0","","","","","","","","","","","","1","10","0","","","","","","","","","","","","","","","","0"
"709","Toledo","10/30/10","9A","BUSH","JOHNNIE","3","9","0","9","0","","","","","","","3","9","","","","","","","","","","","","","","","","","","","","","","","","","","","","","","0"
"709","Toledo","09/11/10","4A","CASANO","RYAN","","","","","","","","","","","","0","0","","","","","","","","","","","","","","","","","","","2","2","0","0","","","","","4","0","","2"
"709","Toledo","09/18/10","4A","CASANO","RYAN","","","","","","","","","","","","0","0","","","","","","","","","","","","","","","","","","","5","4","0","0","","","","","1","1","","7"
"709","Toledo","09/25/10","4A","CASANO","RYAN","","","","","","","","","","","","0","0","","","","","","","","","","","","","","","","","","","4","4","0","0","","","","","2","1","","7"
"709","Toledo","09/03/10","2P","CLAUS","BILL","","","","","","","","","","","","0","0","","","","","","","","","","3","107","","","","","","","","","","","","","","","","","","","0"
"709","Toledo","09/11/10","2P","CLAUS","BILL","","","","","","","","","","","","0","0","","","","","","","","","","4","140","","","","","","","","","","","","","","","","","","","0"
"709","Toledo","09/25/10","2P","CLAUS","BILL","","","","","","","","","","","","0","0","","","","","","","","","","3","133","","","","","","","","","","","","","","","","","","","0"
"709","Toledo","10/02/10","2P","CLAUS","BILL","","","","","","","","","","","","0","0","","","","","","","","","","","","","","","","","","","1","1","0","0","","","","","1","0","","1"
"709","Toledo","10/09/10","2P","CLAUS","BILL","","","","","","","","","","","","0","0","","","","","","","","","","","","","","","","","","","2","2","0","0","","","","","1","0","","2"
"709","Toledo","10/16/10","2P","CLAUS","BILL","","","","","","","","","","","","0","0","","","","","","","","","","","","","","","","","","","4","4","0","0","","","","","2","2","","10"
"709","Toledo","10/23/10","2P","CLAUS","BILL","","","","","","","","","","","","0","0","","","","","","","","","","","","","","","","","","","4","4","0","0","","","","","1","1","","7"
"709","Toledo","10/30/10","2P","CLAUS","BILL","","","","","","","","","","","","0","0","","","","","","","","","","","","","","","","","","","5","4","0","0","","","","","","","","4"
"709","Toledo","11/09/10","2P","CLAUS","BILL","","","","","","","","","","","","0","0","","","","","","","","","","","","","","","","","","","4","4","0","0","","","","","1","0","","4"
"709","Toledo","11/17/10","2P","CLAUS","BILL","","","","","","","","","","","","0","0","","","","","","","","","","","","","","","","","","","4","3","0","0","","","","","","","","3"
"709","Toledo","11/26/10","2P","CLAUS","BILL","","","","","","","","","","","","0","0","","","","","","","","","","","","","","","","","","","6","6","0","0","","","","","","","","6"
"709","Toledo","12/26/10","2P","CLAUS","BILL","","","","","","","","","","","","0","0","","","","","","","","","","1","46","","","","","","","","3","3","0","0","","","","","1","1","","6"
"709","Toledo","10/16/10","80","CORTAZZO","TIM","","","","","","","","","","","","0","0","2","16","0","","","","","","","","","","","","","","","","","","","","","","","","","","","0"
"709","Toledo","10/23/10","80","CORTAZZO","TIM","","","","","","","","","","","","0","0","1","22","0","","","","","","","","","","","","","","","","","","","","","","","","","","","0"
"709","Toledo","10/30/10","80","CORTAZZO","TIM","","","","","","","","","","","","0","0","1","4","0","","","","","","","","","","","","","","","","","","","","","","","","","","","0"
"709","Toledo","11/17/10","80","CORTAZZO","TIM","","","","","","","","","","","","0","0","1","35","1","","","","","","","","","","","","","","","1","","","","","","","","","","","","6"
"709","Toledo","11/26/10","80","CORTAZZO","TIM","","","","","","","","","","","","0","0","1","4","0","","","","","","","","","","","","","","","","","","","","","","","","","","","0"
"709","Toledo","12/26/10","80","CORTAZZO","TIM","","","","","","","","","","","","0","0","4","55","0","","","","","","","","","","","","","","","","","","","","","","","","","","","0"
"709","Toledo","09/03/10","4","DANTIN","AUSTIN","6","23","16","7","0","23","14","1","103","0","","29","110","","","","","","","","","","","","","","","","","","","","","","","","","","","","","","0"
"709","Toledo","09/11/10","4","DANTIN","AUSTIN","13","34","13","21","1","15","12","2","102","1","","28","123","","","","","","","","","","","","","","","","","","1","","","","","","","","","","","","6"
"709","Toledo","09/18/10","4","DANTIN","AUSTIN","18","68","23","45","1","18","11","1","173","2","","36","218","","","","","","","","","","","","","","","","","","1","","","","","","","","","","","","6"
"709","Toledo","09/25/10","4","DANTIN","AUSTIN","17","96","32","64","2","31","24","0","209","2","","48","273","","","","","","","","","","","","","","","","","","2","","","","","","","","","","","","12"
"709","Toledo","10/02/10","4","DANTIN","AUSTIN","10","45","25","20","0","20","8","0","76","0","","30","96","","","","","","","","","","","","","","","","","","","","","","","","","","","","","","0"
"709","Toledo","10/09/10","4","DANTIN","AUSTIN","11","21","14","7","1","18","13","2","167","0","","29","174","","","","","","","","","","","","","","","","","","1","","","","","","","","","","","","6"
"709","Toledo","10/16/10","4","DANTIN","AUSTIN","11","93","21","72","1","47","30","0","229","1","","58","301","","","","","","","","","","","","","","","","","","1","","","","","","","","","","","","6"
"709","Toledo","10/23/10","4","DANTIN","AUSTIN","15","58","0","58","2","18","14","2","197","1","","33","255","","","","","","","","","","","","","","","","","","2","","","","","","","","","","","","12"
"709","Toledo","10/30/10","4","DANTIN","AUSTIN","2","4","6","-2","0","2","1","0","-2","0","","4","-4","","","","","","","","","","","","","","","","","","","","","","","","","","","","","","0"
"709","Toledo","09/11/10","42","DONALD","ARCHIE","","","","","","","","","","","","0","0","","","","1","20","0","","","","","","","","","","","","","","","","","","","","","","","","0"
"709","Toledo","09/25/10","42","DONALD","ARCHIE","","","","","","","","","","","","0","0","","","","1","51","0","","","","","","","","","","","","","","","","","","","","","","","","0"
"709","Toledo","11/26/10","42","DONALD","ARCHIE","","","","","","","","","","","","0","0","","","","1","3","0","","","","","","","","","","","","","","","","","","","","","","","","0"
"709","Toledo","09/03/10","33","FLUELLEN","DAVID","1","1","0","1","0","","","","","","","1","1","1","5","0","","","","","","","","","","","","","","","","","","","","","","","","","","","0"
"709","Toledo","09/11/10","33","FLUELLEN","DAVID","3","27","0","27","0","","","","","","","3","27","","","","","","","","","","","","","","","","","","","","","","","","","","","","","","0"
"709","Toledo","09/18/10","33","FLUELLEN","DAVID","14","56","4","52","0","","","","","","","14","52","2","17","0","","","","","","","","","","","","","","","","","","","","","","","","","","","0"
"709","Toledo","09/25/10","33","FLUELLEN","DAVID","1","3","0","3","0","","","","","","","1","3","","","","","","","","","","","","","","","","","","","","","","","","","","","","","","0"
"709","Toledo","10/02/10","33","FLUELLEN","DAVID","6","56","3","53","1","","","","","","","6","53","1","10","0","","","","","","","","","","","","","","","1","","","","","","","","","","","","6"
"709","Toledo","10/09/10","33","FLUELLEN","DAVID","1","0","0","0","0","","","","","","","1","0","1","7","0","","","","","","","","","","","","","","","","","","","","","","","","","","","0"
"709","Toledo","11/17/10","33","FLUELLEN","DAVID","2","19","1","18","0","","","","","","","2","18","","","","","","","","","","","","","","","","","","","","","","","","","","","","","","0"
"709","Toledo","11/26/10","33","FLUELLEN","DAVID","3","14","0","14","0","","","","","","","3","14","","","","","","","","","","","","","","","","","","","","","","","","","","","","","","0"
"709","Toledo","12/26/10","33","FLUELLEN","DAVID","7","57","1","56","0","","","","","","","7","56","","","","","","","","","","","","","","","","","","","","","","","","","","","","","","0"
"709","Toledo","09/18/10","8","GREEN","JAMES","","","","","","","","","","","","0","0","2","8","0","","","","","","","","","","","","","","","","","","","","","","","","","","","0"
"709","Toledo","09/25/10","8","GREEN","JAMES","","","","","","","","","","","","0","0","1","12","0","","","","","","","","","","","","","","","","","","","","","","","","","","","0"
"709","Toledo","10/02/10","8","GREEN","JAMES","","","","","","","","","","","","0","0","2","10","0","","","","","","","","","","","","","","","","","","","","","","","","","","","0"
"709","Toledo","10/09/10","8","GREEN","JAMES","","","","","","","","","","","","0","0","2","13","0","","","","","","","","","","","","","","","","","","","","","","","","","","","0"
"709","Toledo","11/09/10","8","GREEN","JAMES","","","","","","","","","","","","0","0","1","10","0","","","","","","","","","","","","","","","","","","","","","","","","","","","0"
"709","Toledo","11/26/10","8","GREEN","JAMES","","","","","","","","","","","","0","0","1","17","0","","","","","","","","","","","","","","","","","","","","","","","","","","","0"
"709","Toledo","10/02/10","88","JONES","JEROME","","","","","","","","","","","","0","0","","","","","","","","","","","","","","","1","0","0","","","","","","","","","","","","","0"
"709","Toledo","10/16/10","88","JONES","JEROME","","","","","","","","","","","","0","0","2","18","0","","","","","","","","","","","","","","","","","","","","","","","","","","","0"
"709","Toledo","11/09/10","88","JONES","JEROME","","","","","","","","","","","","0","0","1","5","1","","","","","","","","","","","","","","","1","","","","","","","","","","","","6"
"709","Toledo","09/18/10","3","MARROW","DESMOND","","","","","","","","","","","","0","0","","","","2","27","1","","","","","","","","","","","","1","","","","","","","","","","","","6"
"709","Toledo","10/23/10","3","MARROW","DESMOND","","","","","","","","","","","","0","0","","","","1","0","0","","","","","","","","","","","","","","","","","","","","","","","","0"
"709","Toledo","09/11/10","32","MOLLS","DAN","","","","","","","","","","","","0","0","","","","2","28","0","","","","","","","","","","","","","","","","","","","","","","","","0"
"709","Toledo","09/18/10","32","MOLLS","DAN","","","","","","","","","","","","0","0","","","","1","30","0","","","","","","","","","","","","","","","","","","","","","","","","0"
"709","Toledo","09/03/10","5","MORROW","DIAUNTAE","","","","","","","","","","","","0","0","","","","1","0","0","","","","","","","","","","","","","","","","","","","","","","","","0"
"709","Toledo","09/18/10","5","MORROW","DIAUNTAE","","","","","","","","","","","","0","0","","","","1","18","0","","","","","","","","","","","","","","","","","","","","","","","","0"
"709","Toledo","09/11/10","9","NOBLE","DANNY","","","","","","","","","","","","0","0","1","10","0","","","","","","","","","","","","","","","","","","1","0","","","","","","","","0"
"709","Toledo","09/18/10","9","NOBLE","DANNY","","","","","","","","","","","","0","0","1","0","0","","","","","","","","","","","","","","","","","","","","","","","","","","","0"
"709","Toledo","09/25/10","9","NOBLE","DANNY","","","","","","","","","","","","0","0","6","47","1","","","","","","","","","","","","","","","1","","","","","","","","","","","","6"
"709","Toledo","10/02/10","9","NOBLE","DANNY","0","9","0","9","0","","","","","","","0","9","","","","","","","","","","","","","","","","","","","","","","","","","","","","","","0"
"709","Toledo","10/09/10","9","NOBLE","DANNY","","","","","","","","","","","","0","0","2","28","1","","","","","","","","","","","","","","","1","","","","","","","","","","","","6"
"709","Toledo","10/16/10","9","NOBLE","DANNY","","","","","","","","","","","","0","0","1","9","0","","","","","","","","","","","","","","","","","","","","","","","","","","","0"
"709","Toledo","10/30/10","9","NOBLE","DANNY","","","","","","","","","","","","0","0","2","80","2","","","","","","","","","","","","","","","2","","","","","","","","","","","","12"
"709","Toledo","11/26/10","9","NOBLE","DANNY","","","","","","","","","","","","0","0","3","24","0","","","","","","","","","","","","","","","","","","","","","","","","","","","0"
"709","Toledo","12/26/10","9","NOBLE","DANNY","","","","","","","","","","","","0","0","2","25","1","","","","","","","","","","","","","","","1","","","","","","","","","","","","6"
"709","Toledo","10/02/10","2A","OWENS","TERRANCE","2","9","0","9","0","15","6","0","108","0","0","17","117","","","","","","","","","","","","","","","","","","","","","1","0","","","","","","","","0"
"709","Toledo","10/09/10","2A","OWENS","TERRANCE","4","4","13","-9","0","11","8","0","55","1","","15","46","","","","","","","","","","","","","","","","","","","","","","","","","","","","","","0"
"709","Toledo","10/30/10","2A","OWENS","TERRANCE","3","19","0","19","0","15","10","0","234","4","","18","253","","","","","","","","","","","","","","","","","","","","","","","","","","","","","","0"
"709","Toledo","11/09/10","2A","OWENS","TERRANCE","9","45","20","25","0","38","18","1","186","2","","47","211","","","","","","","","","","","","","","","","","","","","","","","","","","","","","","0"
"709","Toledo","11/17/10","2A","OWENS","TERRANCE","4","28","0","28","0","25","16","1","225","2","","29","253","","","","","","","","","","","","","","","","","","","","","","","","","","","","","","0"
"709","Toledo","11/26/10","2A","OWENS","TERRANCE","6","18","12","6","0","32","24","0","304","3","","38","310","1","28","1","","","","","","","","","","","","","","","1","","","","","","","","","","","","6"
"709","Toledo","12/26/10","2A","OWENS","TERRANCE","10","72","7","65","1","27","15","3","132","1","1","37","197","","","","","","","","","","","","","","","","","","1","","","1","1","","","","","","","","8"
"709","Toledo","09/03/10","12","PAGE","ERIC","","","","","","","","","","","","0","0","4","43","0","","","","","","","","","3","-10","0","2","26","0","","","","","","","","","","","","","0"
"709","Toledo","09/11/10","12","PAGE","ERIC","1","0","1","-1","0","","","","","","","1","-1","7","54","0","","","","","","","","","","","","1","42","0","","","","","","","","","","","","","0"
"709","Toledo","09/18/10","12","PAGE","ERIC","","","","","","1","0","1","0","0","","1","0","2","59","1","","","","","","","","","1","13","0","3","125","1","2","","","","","","","","","","","","12"
"709","Toledo","09/25/10","12","PAGE","ERIC","","","","","","","","","","","","0","0","10","94","1","","","","","","","","","","","","3","96","0","1","","","","","","","","","","","","6"
"709","Toledo","10/02/10","12","PAGE","ERIC","","","","","","","","","","","","0","0","6","101","0","","","","","","","","","","","","1","28","0","","","","","","","","","","","","","0"
"709","Toledo","10/09/10","12","PAGE","ERIC","","","","","","","","","","","","0","0","11","120","0","","","","","","","","","1","4","0","2","50","0","","","","","","","","","","","","","0"
"709","Toledo","10/16/10","12","PAGE","ERIC","","","","","","","","","","","","0","0","14","109","0","","","","","","","","","3","4","0","2","12","0","","","","","","","","","","","","","0"
"709","Toledo","10/23/10","12","PAGE","ERIC","","","","","","","","","","","","0","0","7","110","1","","","","","","","","","2","16","0","1","16","0","1","","","","","","","","","","","","6"
"709","Toledo","10/30/10","12","PAGE","ERIC","","","","","","1","1","0","5","1","","1","5","5","86","1","","","","","","","","","3","-1","0","","","","1","","","","","","","","","","","","6"
"709","Toledo","11/09/10","12","PAGE","ERIC","","","","","","","","","","","","0","0","7","67","1","","","","","","","","","","","","5","160","0","1","","","","","","","","","","","","6"
"709","Toledo","11/17/10","12","PAGE","ERIC","","","","","","1","1","0","35","1","","1","35","9","111","1","","","","","","","","","2","3","0","2","24","0","1","","","","","","","","","","","","6"
"709","Toledo","11/26/10","12","PAGE","ERIC","","","","","","1","1","0","28","1","","1","28","12","127","2","","","","","","","","","1","2","0","3","215","2","4","","","","","","","","","","","","24"
"709","Toledo","12/26/10","12","PAGE","ERIC","1","0","12","-12","0","0","0","0","0","0","","1","-12","5","24","0","","","","","","","","","3","41","0","3","77","0","","","","0","0","","","","","","","","0"
"709","Toledo","11/17/10","2","PAIGE","TAIKWON","","","","","","","","","","","","0","0","","","","1","0","0","","","","","","","","","","","","","","","","","","","","","","","","0"
"709","Toledo","09/11/10","10","PASQUALE","DAVID","5","9","0","9","1","1","0","0","0","0","","6","9","","","","","","","","","","","","","","","","","","1","","","","","","","","","","","","6"
"709","Toledo","09/25/10","10","PASQUALE","DAVID","2","8","0","8","0","","","","","","","2","8","","","","","","","","","","","","","","","","","","","","","","","","","","","","","","0"
"709","Toledo","10/09/10","10","PASQUALE","DAVID","2","9","0","9","0","","","","","","","2","9","","","","","","","","","","","","","","","","","","","","","","","","","","","","","","0"
"709","Toledo","10/16/10","10","PASQUALE","DAVID","3","4","2","2","0","","","","","","","3","2","","","","","","","","","","","","","","","","","","","","","","","","","","","","","","0"
"709","Toledo","10/30/10","10","PASQUALE","DAVID","8","78","0","78","0","","","","","","","8","78","1","5","1","","","","","","","","","","","","","","","1","","","1","1","","","","","","","","8"
"709","Toledo","11/09/10","10","PASQUALE","DAVID","1","3","0","3","0","","","","","","","1","3","1","4","0","","","","","","","","","","","","","","","","","","","","","","","","","","","0"
"709","Toledo","11/17/10","10","PASQUALE","DAVID","5","17","3","14","0","","","","","","0","5","14","","","","","","","","","","","","","","","","","","","","","1","0","","","","","","","","0"
"709","Toledo","11/26/10","10","PASQUALE","DAVID","1","1","4","-3","0","","","","","","","1","-3","","","","","","","","","","","","","","","","","","","","","","","","","","","","","","0"
"709","Toledo","09/03/10","35","PENZA","JOHN","","","","","","","","","","","","0","0","","","","","","","","","","5","242","","","","","","","","","","","","","","","","","","","0"
"709","Toledo","09/11/10","35","PENZA","JOHN","","","","","","","","","","","","0","0","","","","","","","","","","1","16","","","","","","","","","","","","","","","","","","","0"
"709","Toledo","09/18/10","35","PENZA","JOHN","","","","","","","","","","","","0","0","","","","","","","","","","7","268","","","","","","","","","","","","","","","","","","","0"
"709","Toledo","09/25/10","35","PENZA","JOHN","","","","","","","","","","","","0","0","","","","","","","","","","1","50","","","","","","","","","","","","","","","","","","","0"
"709","Toledo","10/02/10","35","PENZA","JOHN","","","","","","","","","","","","0","0","","","","","","","","","","7","261","","","","","","","","","","","","","","","","","","","0"
"709","Toledo","10/09/10","35","PENZA","JOHN","","","","","","","","","","","","0","0","","","","","","","","","","3","116","","","","","","","","","","","","","","","","","","","0"
"709","Toledo","10/16/10","35","PENZA","JOHN","","","","","","","","","","","","0","0","","","","","","","","","","7","288","","","","","","","","","","","","","","","","","","","0"
"709","Toledo","10/23/10","35","PENZA","JOHN","","","","","","","","","","","","0","0","","","","","","","","","","4","157","","","","","","","","","","","","","","","","","","","0"
"709","Toledo","10/30/10","35","PENZA","JOHN","","","","","","","","","","","","0","0","","","","","","","","","","5","203","","","","","","","","","","","","","","","","","","","0"
"709","Toledo","11/09/10","35","PENZA","JOHN","","","","","","","","","","","","0","0","","","","","","","","","","6","280","","","","","","","","","","","","","","","","","","","0"
"709","Toledo","11/17/10","35","PENZA","JOHN","","","","","","","","","","","","0","0","","","","","","","","","","5","192","","","","","","","","","","","","","","","","","","","0"
"709","Toledo","11/26/10","35","PENZA","JOHN","","","","","","","","","","","","0","0","","","","","","","","","","3","97","","","","","","","","","","","","","","","","","","","0"
"709","Toledo","12/26/10","35","PENZA","JOHN","","","","","","","","","","","","0","0","","","","","","","","","","2","57","","","","","","","","","","","","","","","","","","","0"
"709","Toledo","09/11/10","14","PETTEE","ALEX","1","0","0","0","0","4","1","0","8","0","","5","8","","","","","","","","","","","","","","","","","","","","","","","","","","","","","","0"
"709","Toledo","10/30/10","14","PETTEE","ALEX","2","4","3","1","1","1","0","0","0","0","","3","1","","","","","","","","","","","","","","","","","","1","","","","","","","","","","","","6"
"709","Toledo","10/30/10","19","PREE","DREY'LON","","","","","","","","","","","","0","0","","","","1","21","0","","","","","","","","","","","","","","","","","","","","","","","","0"
"709","Toledo","11/17/10","1A","RANCIFER","CHARLES","","","","","","","","","","","","0","0","","","","1","0","0","","","","","","","","","","","","","","","","","","","","","","","","0"
"709","Toledo","09/03/10","11","REEDY","BERNARD","","","","","","","","","","","","0","0","1","4","0","","","","","","","","","","","","","","","","","","","","","","","","","","","0"
"709","Toledo","10/09/10","11","REEDY","BERNARD","","","","","","","","","","","","0","0","1","3","0","","","","","","","","","","","","","","","","","","","","","","","","","","","0"
"709","Toledo","10/16/10","11","REEDY","BERNARD","1","11","0","11","1","","","","","","","1","11","","","","","","","","","","","","","","","","","","1","","","","","","","","","","","","6"
"709","Toledo","10/23/10","11","REEDY","BERNARD","2","4","0","4","0","","","","","","","2","4","","","","","","","","","","","","","","","","","","","","","","","","","","","","","","0"
"709","Toledo","10/30/10","11","REEDY","BERNARD","","","","","","","","","","","","0","0","1","-2","0","","","","","","","","","","","","2","66","0","","","","","","","","","","","","","0"
"709","Toledo","11/09/10","11","REEDY","BERNARD","","","","","","","","","","","","0","0","2","27","0","","","","","","","","","","","","3","51","0","","","","","","","","","","","","","0"
"709","Toledo","11/17/10","11","REEDY","BERNARD","3","24","0","24","1","","","","","","","3","24","","","","","","","","","","","","","","","","","","1","","","","","","","","","","","","6"
"709","Toledo","11/26/10","11","REEDY","BERNARD","","","","","","","","","","","","0","0","","","","","","","","","","","","","","","1","10","0","","","","","","","","","","","","","0"
"709","Toledo","10/30/10","27","REEVES","DARIUS","2","4","0","4","0","","","","","","","2","4","","","","","","","","","","","","","","","","","","","","","","","","","","","","","","0"
"709","Toledo","09/18/10","29","ROBINSON","JERMAINE","","","","","","","","","","","","0","0","","","","","","","1","0","0","","","","","","","","","","","","","","","","","","","","","0"
"709","Toledo","10/30/10","29","ROBINSON","JERMAINE","","","","","","","","","","","","0","0","","","","1","4","0","","","","","","","","","","","","","","","","","","","","","","","","0"
"709","Toledo","10/02/10","43","SINGER","MARK","","","","","","","","","","","","0","0","","","","1","3","0","","","","","","","","","","","","","","","","","","","","","","","","0"
"709","Toledo","10/23/10","43","SINGER","MARK","","","","","","","","","","","","0","0","","","","1","14","0","","","","","","","","","","","","","","","","","","","","","","","","0"
"709","Toledo","09/03/10","7","STAFFORD","KENNY","","","","","","","","","","","","0","0","1","12","0","","","","","","","","","","","","","","","","","","","","","","","","","","","0"
"709","Toledo","09/11/10","7","STAFFORD","KENNY","","","","","","","","","","","","0","0","3","40","1","","","","","","","","","","","","","","","1","","","","","","","","","","","","6"
"709","Toledo","09/18/10","7","STAFFORD","KENNY","","","","","","","","","","","","0","0","2","84","1","","","","","","","","","","","","","","","1","","","","","","","","","","","","6"
"709","Toledo","09/25/10","7","STAFFORD","KENNY","","","","","","","","","","","","0","0","2","13","0","","","","","","","","","","","","","","","","","","","","","","","","","","","0"
"709","Toledo","10/02/10","7","STAFFORD","KENNY","","","","","","","","","","","","0","0","3","31","0","","","","","","","","","","","","","","","","","","","","","","","","","","","0"
"709","Toledo","10/23/10","7","STAFFORD","KENNY","","","","","","","","","","","","0","0","1","12","0","","","","","","","","","","","","","","","","","","","","","","","","","","","0"
"709","Toledo","11/17/10","7","STAFFORD","KENNY","","","","","","","","","","","","0","0","2","42","1","","","","","","","","","","","","","","","1","","","","","","","","","","","","6"
"709","Toledo","11/26/10","7","STAFFORD","KENNY","","","","","","","","","","","","0","0","2","79","1","","","","","","","","","","","","","","","1","","","","","","","","","","","","6"
"709","Toledo","12/26/10","7","STAFFORD","KENNY","","","","","","","","","","","","0","0","2","24","0","","","","","","","","","","","","","","","","","","","","","","","","","","","0"
"709","Toledo","10/02/10","95","STRAIT","JARED","","","","","","","","","","","","0","0","","","","","","","","","","","","","","","1","10","0","","","","","","","","","","","","","0"
"709","Toledo","11/26/10","95","STRAIT","JARED","","","","","","","","","","","","0","0","","","","","","","","","","","","","","","1","10","0","","","","","","","","","","","","","0"
"709","Toledo","09/03/10","24","THOMAS","ADONIS","10","52","0","52","0","","","","","","","10","52","2","10","0","","","","","","","","","","","","","","","","","","","","","","","","","","","0"
"709","Toledo","09/11/10","24","THOMAS","ADONIS","17","53","0","53","0","","","","","","","17","53","1","0","0","","","","","","","","","","","","","","","","","","","","","","","","","","","0"
"709","Toledo","09/18/10","24","THOMAS","ADONIS","3","4","0","4","0","","","","","","","3","4","","","","","","","","","","","","","","","","","","","","","","","","","","","","","","0"
"709","Toledo","09/25/10","24","THOMAS","ADONIS","13","80","1","79","0","","","","","","","13","79","2","24","0","","","","","","","","","","","","","","","","","","","","","","","","","","","0"
"709","Toledo","10/02/10","24","THOMAS","ADONIS","16","94","0","94","1","","","","","","","16","94","2","32","0","","","","","","","","","","","","","","","1","","","","","","","","","","","","6"
"709","Toledo","10/09/10","24","THOMAS","ADONIS","3","6","0","6","0","","","","","","","3","6","2","22","0","","","","","","","","","","","","","","","","","","","","","","","","","","","0"
"709","Toledo","10/16/10","24","THOMAS","ADONIS","9","51","4","47","1","","","","","","","9","47","5","54","1","","","","","","","","","","","","","","","2","","","","","","","","","","","","12"
"709","Toledo","10/23/10","24","THOMAS","ADONIS","19","135","5","130","1","","","","","","","19","130","1","1","0","","","","","","","","","","","","","","","1","","","","","","","","","","","","6"
"709","Toledo","10/30/10","24","THOMAS","ADONIS","8","54","2","52","0","","","","","","","8","52","1","68","1","","","","","","","","","","","","","","","1","","","","","","","","","","","","6"
"709","Toledo","11/09/10","24","THOMAS","ADONIS","10","158","6","152","2","","","","","","","10","152","3","32","0","","","","","","","","","","","","","","","2","","","","","","","","","","","","12"
"709","Toledo","11/17/10","24","THOMAS","ADONIS","24","173","10","163","1","","","","","","","24","163","5","72","0","","","","","","","","","","","","","","","1","","","","","","","","","","","","6"
"709","Toledo","11/26/10","24","THOMAS","ADONIS","19","77","4","73","0","","","","","","","19","73","5","53","0","","","","","","","","","","","","","","","","","","","","","","","","","","","0"
"709","Toledo","12/26/10","24","THOMAS","ADONIS","24","196","3","193","2","","","","","","","24","193","2","4","0","","","","","","","","","","","","","","","2","","","","","","","","","","","","12"
"709","Toledo","12/26/10","47","VEASLEY-PETTIS","MYSHAN","","","","","","","","","","","","0","0","","","","1","6","0","","","","","","","","","","","","","","","","","","","","","","","","0"
"709","Toledo","09/03/10","23","WILLIAMS","MORGAN","9","24","3","21","0","","","","","","","9","21","2","10","0","","","","","","","","","","","","3","52","0","","","","","","","","","","","","","0"
"709","Toledo","09/11/10","23","WILLIAMS","MORGAN","6","11","3","8","0","","","","","","","6","8","1","6","0","","","","","","","","","","","","","","","","","","","","","","","","","","","0"
"709","Toledo","09/18/10","23","WILLIAMS","MORGAN","1","2","0","2","0","","","","","","","1","2","2","5","0","","","","","","","","","","","","","","","","","","","","","","","","","","","0"
"709","Toledo","09/25/10","23","WILLIAMS","MORGAN","3","17","0","17","0","","","","","","","3","17","1","5","0","","","","","","","","","","","","","","","","","","","","","","","","","","","0"
"709","Toledo","10/02/10","23","WILLIAMS","MORGAN","3","6","1","5","0","","","","","","","3","5","","","","","","","","","","","","","","","","","","","","","","","","","","","","","","0"
"709","Toledo","10/09/10","23","WILLIAMS","MORGAN","10","52","0","52","0","","","","","","","10","52","2","29","0","","","","","","","","","","","","","","","","","","","","","","","","","","","0"
"709","Toledo","10/16/10","23","WILLIAMS","MORGAN","10","44","7","37","0","","","","","","","10","37","4","13","0","","","","","","","","","","","","","","","","","","","","","","","","","","","0"
"709","Toledo","10/23/10","23","WILLIAMS","MORGAN","14","57","0","57","0","","","","","","","14","57","4","52","0","","","","","","","","","","","","","","","","","","","","","","","","","","","0"
"709","Toledo","10/30/10","23","WILLIAMS","MORGAN","9","41","1","40","0","","","","","","","9","40","1","-4","0","","","","","","","","","","","","","","","","","","","","","","","","","","","0"
"709","Toledo","11/09/10","23","WILLIAMS","MORGAN","6","14","0","14","0","","","","","","","6","14","3","41","0","","","","","","","","","","","","","","","","","","","","","","","","","","","0"
"709","Toledo","11/17/10","23","WILLIAMS","MORGAN","8","32","0","32","0","","","","","","","8","32","","","","","","","","","","","","","","","","","","","","","","","","","","","","","","0"
"709","Toledo","11/26/10","23","WILLIAMS","MORGAN","1","0","0","0","0","","","","","","","1","0","","","","","","","","","","","","","","","","","","","","","","","","","","","","","","0"
"709","Toledo","12/26/10","23","WILLIAMS","MORGAN","1","2","0","2","0","","","","","","","1","2","","","","","","","","","","","","","","","","","","","","","","","","","","","","","","0"
"716","Troy","09/18/10","7","ADDISON","MARIO","","","","","","","","","","","","0","0","","","","","","","1","13","0","","","","","","","","","","","","","","","","","","","","","0"
"716","Troy","09/04/10","4","ANDERSON","CHRIS","7","27","0","27","0","","","","","","","7","27","1","16","0","","","","","","","","","","","","1","15","0","","","","","","","","","","","","","0"
"716","Troy","09/11/10","4","ANDERSON","CHRIS","3","6","0","6","0","","","","","","","3","6","2","13","0","","","","","","","","","","","","","","","","","","","","","","","","","","","0"
"716","Troy","09/18/10","4","ANDERSON","CHRIS","10","50","7","43","0","","","","","","","10","43","1","5","0","","","","","","","","","","","","","","","","","","","","","","","","","","","0"
"716","Troy","09/25/10","4","ANDERSON","CHRIS","15","78","4","74","1","","","","","","","15","74","1","10","0","","","","","","","","","","","","","","","1","","","","","","","","","","","","6"
"716","Troy","10/05/10","4","ANDERSON","CHRIS","6","57","3","54","0","","","","","","","6","54","1","3","0","","","","","","","","","","","","","","","","","","","","","","","","","","","0"
"716","Troy","10/16/10","4","ANDERSON","CHRIS","11","57","8","49","0","","","","","","","11","49","4","8","0","","","","","","","","","","","","","","","","","","","","","","","","","","","0"
"716","Troy","10/30/10","4","ANDERSON","CHRIS","7","14","4","10","0","","","","","","","7","10","1","11","0","","","","","","","","","","","","","","","","","","","","","","","","","","","0"
"716","Troy","11/06/10","4","ANDERSON","CHRIS","10","14","5","9","0","","","","","","","10","9","3","21","0","","","","","","","","","","","","","","","","","","","","","","","","","","","0"
"716","Troy","11/13/10","4","ANDERSON","CHRIS","3","5","11","-6","0","","","","","","","3","-6","1","9","0","","","","","","","","","","","","1","2","0","","","","","","","","","","","","","0"
"716","Troy","11/20/10","4","ANDERSON","CHRIS","6","35","0","35","1","","","","","","","6","35","2","20","1","","","","","","","","","","","","","","","2","","","","","","","","","","","","12"
"716","Troy","11/27/10","4","ANDERSON","CHRIS","7","60","1","59","1","","","","","","","7","59","1","-3","0","","","","","","","","","","","","","","","1","","","","","","","","","","","","6"
"716","Troy","12/04/10","4","ANDERSON","CHRIS","7","19","1","18","0","","","","","","","7","18","1","6","0","","","","","","","","","","","","","","","","","","","","","","","","","","","0"
"716","Troy","12/18/10","4","ANDERSON","CHRIS","2","10","0","10","0","","","","","","","2","10","","","","","","","","","","","","","","","","","","","","","","","","","","","","","","0"
"716","Troy","09/18/10","19","ANDERSON","JIMMIE","","","","","","","","","","","","0","0","","","","1","0","0","","","","","","","","","","","","","","","","","","","","","","","","0"
"716","Troy","11/27/10","19","ANDERSON","JIMMIE","","","","","","","","","","","","0","0","","","","1","0","0","","","","","","","","","","","","","","","","","","","","","","","","0"
"716","Troy","12/18/10","19","ANDERSON","JIMMIE","","","","","","","","","","","","0","0","","","","1","0","0","","","","","","","","","","","","","","","","","","","","","","","","0"
"716","Troy","09/04/10","9","BRUCE","JASON","","","","","","","","","","","","0","0","2","44","1","","","","","","","","","","","","","","","1","","","","","","","","","","","","6"
"716","Troy","09/11/10","9","BRUCE","JASON","2","28","0","28","0","","","","","","","2","28","4","82","1","","","","","","","","","","","","","","","1","","","","","","","","","","","","6"
"716","Troy","09/18/10","9","BRUCE","JASON","","","","","","","","","","","","0","0","4","62","1","","","","","","","","","","","","","","","1","","","","","","","","","","","","6"
"716","Troy","09/25/10","9","BRUCE","JASON","","","","","","","","","","","","0","0","1","10","0","","","","","","","","","","","","","","","","","","","","","","","","","","","0"
"716","Troy","10/05/10","9","BRUCE","JASON","","","","","","","","","","","","0","0","7","62","0","","","","","","","","","","","","","","","","","","","","","","","","","","","0"
"716","Troy","10/16/10","9","BRUCE","JASON","","","","","","","","","","","","0","0","4","63","1","","","","","","","","","","","","","","","1","","","","","","","","","","","","6"
"716","Troy","10/30/10","9","BRUCE","JASON","1","3","0","3","0","","","","","","","1","3","3","33","0","","","","","","","","","","","","","","","","","","","","","","","","","","","0"
"716","Troy","11/06/10","9","BRUCE","JASON","","","","","","","","","","","","0","0","3","52","1","","","","","","","","","","","","","","","1","","","","","","","","","","","","6"
"716","Troy","11/13/10","9","BRUCE","JASON","","","","","","1","0","0","0","0","","1","0","5","54","0","","","","","","","","","","","","","","","","","","","","","","","","","","","0"
"716","Troy","11/20/10","9","BRUCE","JASON","1","4","0","4","0","1","1","0","25","1","","2","29","3","35","0","","","","","","","","","","","","","","","","","","","","","","","","","","","0"
"716","Troy","11/27/10","9","BRUCE","JASON","","","","","","","","","","","","0","0","6","44","0","","","","","","","","","","","","","","","","","","","","","","","","","","","0"
"716","Troy","12/04/10","9","BRUCE","JASON","","","","","","","","","","","","0","0","1","13","0","","","","","","","","","","","","","","","","","","","","","","","","","","","0"
"716","Troy","12/18/10","9","BRUCE","JASON","","","","","","","","","","","","0","0","4","59","0","","","","","","","","","","","","","","","","","","","","","","","","","","","0"
"716","Troy","09/18/10","42","BRYAN","BRANNON","","","","","","","","","","","","0","0","","","","","","","","","","","","","","","1","5","0","","","","","","","","","","","","","0"
"716","Troy","12/18/10","42","BRYAN","BRANNON","","","","","","","","","","","","0","0","","","","1","0","0","","","","","","","","","","","","","","","","","","","","","","","","0"
"716","Troy","09/04/10","16","CHANDLER","JONATHAN","","","","","","","","","","","","0","0","1","12","0","","","","","","","","","","","","","","","","","","","","","","","","","","","0"
"716","Troy","09/18/10","16","CHANDLER","JONATHAN","","","","","","","","","","","","0","0","1","19","0","","","","","","","","","","","","","","","","","","","","","","","","","","","0"
"716","Troy","10/16/10","16","CHANDLER","JONATHAN","4","12","0","12","0","1","1","0","34","1","","5","46","","","","","","","","","","","","","","","","","","","","","","","","","","","","","","0"
"716","Troy","10/30/10","16","CHANDLER","JONATHAN","1","3","0","3","0","","","","","","","1","3","","","","","","","","","","","","","","","","","","","","","","","","","","","","","","0"
"716","Troy","11/06/10","16","CHANDLER","JONATHAN","3","3","0","3","0","1","1","0","6","0","","4","9","","","","","","","","","","","","","","","","","","","","","","","","","","","","","","0"
"716","Troy","11/13/10","16","CHANDLER","JONATHAN","","","","","","1","1","0","4","0","","1","4","","","","","","","","","","","","","","","","","","","","","","","","","","","","","","0"
"716","Troy","11/20/10","16","CHANDLER","JONATHAN","","","","","","","","","","","","0","0","2","17","0","","","","","","","","","","","","","","","","","","","","","","","","","","","0"
"716","Troy","11/27/10","16","CHANDLER","JONATHAN","","","","","","1","0","0","0","0","","1","0","","","","","","","","","","","","","","","","","","","","","","","","","","","","","","0"
"716","Troy","12/04/10","16","CHANDLER","JONATHAN","","","","","","","","","","","","0","0","1","18","0","","","","","","","","","","","","","","","","","","","","","","","","","","","0"
"716","Troy","12/18/10","16","CHANDLER","JONATHAN","","","","","","1","1","0","-5","0","","1","-5","1","12","0","","","","","","","","","","","","","","","","","","","","","","","","","","","0"
"716","Troy","09/18/10","87","CROSBY","DONNIE","","","","","","","","","","","","0","0","","","","","","","","","","","","","","","1","3","0","","","","","","","","","","","","","0"
"716","Troy","10/05/10","87","CROSBY","DONNIE","","","","","","","","","","","","0","0","1","24","0","","","","","","","","","","","","","","","","","","","","","","","","","","","0"
"716","Troy","10/16/10","87","CROSBY","DONNIE","","","","","","","","","","","","0","0","","","","","","","","","","","","","","","2","17","0","","","","","","","","","","","","","0"
"716","Troy","10/30/10","87","CROSBY","DONNIE","","","","","","","","","","","","0","0","1","5","0","","","","","","","","","","","","2","10","0","","","","","","","","","","","","","0"
"716","Troy","11/06/10","87","CROSBY","DONNIE","","","","","","","","","","","","0","0","1","19","1","","","","","","","","","","","","","","","1","","","","","","","","","","","","6"
"716","Troy","11/13/10","87","CROSBY","DONNIE","","","","","","","","","","","","0","0","","","","","","","","","","","","","","","3","33","0","","","","","","","","","","","","","0"
"716","Troy","09/04/10","49","DAVIS","TONY","","","","","","","","","","","","0","0","","","","1","0","0","","","","","","","","","","","","","","","","","","","","","","","","0"
"716","Troy","12/18/10","15","FRANKLIN","KHARY","","","","","","","","","","","","0","0","","","","","","","","","","","","","","","1","18","0","","","","","","","","","","","","","0"
"716","Troy","09/04/10","10","GILL","TEBIARUS","","","","","","","","","","","","0","0","6","68","0","","","","","","","","","","","","","","","","","","","","","","","","","","","0"
"716","Troy","09/11/10","10","GILL","TEBIARUS","","","","","","","","","","","","0","0","4","44","0","","","","","","","","","","","","","","","","","","","","","","","","","","","0"
"716","Troy","09/18/10","10","GILL","TEBIARUS","","","","","","","","","","","","0","0","3","45","0","","","","","","","","","","","","","","","","","","","","","","","","","","","0"
"716","Troy","09/25/10","10","GILL","TEBIARUS","","","","","","","","","","","","0","0","2","13","1","","","","","","","","","","","","","","","1","","","","","","","","","","","","6"
"716","Troy","10/05/10","10","GILL","TEBIARUS","","","","","","","","","","","","0","0","5","31","2","","","","","","","","","2","4","0","","","","2","","","","","","","","","","","","12"
"716","Troy","10/16/10","10","GILL","TEBIARUS","","","","","","","","","","","","0","0","4","55","0","","","","","","","","","1","-1","0","","","","","","","","","","","","","","","","0"
"716","Troy","10/30/10","10","GILL","TEBIARUS","","","","","","","","","","","","0","0","3","21","0","","","","","","","","","","","","","","","","","","","","","","","","","","","0"
"716","Troy","11/06/10","10","GILL","TEBIARUS","","","","","","","","","","","","0","0","5","52","0","","","","","","","","","","","","","","","","","","","","","","","","","","","0"
"716","Troy","11/13/10","10","GILL","TEBIARUS","","","","","","","","","","","","0","0","3","36","0","","","","","","","","","","","","","","","","","","","","","","","","","","","0"
"716","Troy","11/20/10","10","GILL","TEBIARUS","","","","","","","","","","","","0","0","4","46","0","","","","","","","","","","","","","","","","","","","","","","","","","","","0"
"716","Troy","11/27/10","10","GILL","TEBIARUS","","","","","","","","","","","","0","0","5","40","0","","","","","","","","","","","","","","","","","","","","","","","","","","","0"
"716","Troy","12/04/10","10","GILL","TEBIARUS","","","","","","","","","","","","0","0","4","47","0","","","","","","","","","","","","","","","","","","","","","","","","","","","0"
"716","Troy","12/18/10","10","GILL","TEBIARUS","","","","","","","","","","","","0","0","4","80","3","","","","","","","","","","","","","","","3","","","","","","","","","","","","18"
"716","Troy","09/04/10","47","GOGGANS","WILL","","","","","","","","","","","","0","0","","","","","","","","","","4","168","","","","","","","","","","","","","","","","","","","0"
"716","Troy","09/11/10","47","GOGGANS","WILL","","","","","","","","","","","","0","0","","","","","","","","","","6","250","","","","","","","","","","","","","","","","","","","0"
"716","Troy","09/18/10","47","GOGGANS","WILL","","","","","","","","","","","","0","0","","","","","","","","","","4","168","","","","","","","","","","","","","","","","","","","0"
"716","Troy","09/25/10","47","GOGGANS","WILL","","","","","","","","","","","","0","0","","","","","","","","","","5","233","","","","","","","","","","","","","","","","","","","0"
"716","Troy","10/05/10","47","GOGGANS","WILL","","","","","","","","","","","","0","0","","","","","","","","","","7","320","","","","","","","","","","","","","","","","","","","0"
"716","Troy","10/16/10","47","GOGGANS","WILL","","","","","","","","","","","","0","0","","","","","","","","","","4","156","","","","","","","","","","","","","","","","","","","0"
"716","Troy","10/30/10","47","GOGGANS","WILL","","","","","","","","","","","","0","0","","","","","","","","","","8","369","","","","","","","","","","","","","","","","","","","0"
"716","Troy","11/06/10","47","GOGGANS","WILL","","","","","","","","","","","","0","0","","","","","","","","","","3","154","","","","","","","","","","","","","","","","","","","0"
"716","Troy","11/13/10","47","GOGGANS","WILL","","","","","","","","","","","","0","0","","","","","","","","","","7","251","","","","","","","","","","","","","","","","","","","0"
"716","Troy","11/20/10","47","GOGGANS","WILL","1","0","12","-12","0","","","","","","","1","-12","","","","","","","","","","5","200","","","","","","","","","","","","","","","","","","","0"
"716","Troy","11/27/10","47","GOGGANS","WILL","","","","","","","","","","","","0","0","","","","","","","","","","4","144","","","","","","","","","","","","","","","","","","","0"
"716","Troy","12/04/10","47","GOGGANS","WILL","","","","","","","","","","","","0","0","","","","","","","","","","5","206","","","","","","","","","","","","","","","","","","","0"
"716","Troy","12/18/10","47","GOGGANS","WILL","","","","","","","","","","","","0","0","","","","","","","","","","2","83","","","","","","","","","","","","","","","","","","","0"
"716","Troy","09/11/10","40","GOLDEN","DONNELL","","","","","","","","","","","","0","0","","","","1","0","0","","","","","","","","","","","","","","","","","","","","","","","","0"
"716","Troy","12/18/10","3G","GRIDER","CORDARELL","1","2","","2","","","","","","","","1","2","","","","","","","","","","","","","","","","","","","","","","","","","","","","","",""
"716","Troy","09/04/10","7H","HAMPTON","JAMIE","6","25","0","25","0","2","2","0","12","0","","8","37","","","","","","","","","","","","","","","","","","","","","","","","","","","","","","0"
"716","Troy","09/11/10","7H","HAMPTON","JAMIE","3","4","0","4","0","2","1","0","-2","0","","5","2","","","","","","","","","","","","","","","","","","","","","1","1","","","","","","","","2"
"716","Troy","09/18/10","7H","HAMPTON","JAMIE","2","4","0","4","0","2","2","0","12","0","","4","16","","","","","","","","","","","","","","","","","","","","","","","","","","","","","","0"
"716","Troy","09/25/10","7H","HAMPTON","JAMIE","4","25","0","25","0","1","1","0","3","1","1","5","28","","","","","","","","","","","","","","","","","","","","","1","1","","","","","","","","2"
"716","Troy","10/05/10","7H","HAMPTON","JAMIE","2","9","0","9","0","1","1","0","3","1","","3","12","","","","","","","","","","","","","","","","","","","","","","","","","","","","","","0"
"716","Troy","09/04/10","32","HARRIS","DUJUAN","5","29","0","29","0","","","","","","","5","29","2","7","0","","","","","","","","","","","","2","29","0","","","","","","","","","","","","","0"
"716","Troy","09/11/10","32","HARRIS","DUJUAN","8","40","0","40","0","","","","","","","8","40","","","","","","","","","","","","","","","","","","","","","","","","","","","","","","0"
"716","Troy","09/18/10","32","HARRIS","DUJUAN","11","94","0","94","2","","","","","","","11","94","","","","","","","","","","","","","","","","","","2","","","","","","","","","","","","12"
"716","Troy","09/25/10","32","HARRIS","DUJUAN","6","26","0","26","0","","","","","","","6","26","","","","","","","","","","","","","","","","","","","","","","","","","","","","","","0"
"716","Troy","10/05/10","32","HARRIS","DUJUAN","11","80","0","80","1","","","","","","","11","80","","","","","","","","","","","","","","","","","","1","","","","","","","","","","","","6"
"716","Troy","10/16/10","32","HARRIS","DUJUAN","3","31","0","31","0","","","","","","","3","31","","","","","","","","","","","","","","","","","","","","","","","","","","","","","","0"
"716","Troy","11/06/10","32","HARRIS","DUJUAN","7","46","0","46","0","","","","","","","7","46","1","1","0","","","","","","","","","","","","","","","","","","","","","","","","","","","0"
"716","Troy","11/13/10","32","HARRIS","DUJUAN","11","67","3","64","1","1","1","0","0","0","","12","64","1","7","0","","","","","","","","","","","","1","49","0","1","","","","","","","","","","","","6"
"716","Troy","11/20/10","32","HARRIS","DUJUAN","5","13","2","11","0","","","","","","","5","11","1","7","0","","","","","","","","","","","","2","25","0","","","","","","","","","","","","","0"
"716","Troy","11/27/10","32","HARRIS","DUJUAN","5","2","7","-5","0","","","","","","","5","-5","1","7","0","","","","","","","","","","","","","","","","","","","","","","","","","","","0"
"716","Troy","12/04/10","32","HARRIS","DUJUAN","11","82","0","82","1","","","","","","","11","82","1","7","0","","","","","","","","","","","","","","","1","","","","","","","","","","","","6"
"716","Troy","12/18/10","32","HARRIS","DUJUAN","14","105","0","105","1","","","","","","","14","105","4","30","0","","","","","","","","","","","","","","","1","","","","","","","","","","","","6"
"716","Troy","09/04/10","3","JERNIGAN","JERREL","5","59","1","58","1","1","1","0","4","0","","6","62","6","40","0","","","","","","","","","3","34","0","2","61","0","1","","","","","","","","","","","","6"
"716","Troy","09/11/10","3","JERNIGAN","JERREL","2","8","0","8","0","","","","","","","2","8","10","87","1","","","","","","","","","1","11","0","3","171","1","2","","","","","","","","","","","","12"
"716","Troy","09/18/10","3","JERNIGAN","JERREL","1","2","0","2","0","","","","","","","1","2","5","48","0","","","","","","","","","","","","","","","","","","","","","","","","","","","0"
"716","Troy","09/25/10","3","JERNIGAN","JERREL","5","31","0","31","0","","","","","","","5","31","10","209","1","","","","","","","","","1","10","0","3","61","0","1","","","0","0","","","","","","","","6"
"716","Troy","10/05/10","3","JERNIGAN","JERREL","3","17","0","17","0","2","2","0","19","0","","5","36","4","40","1","","","","","","","","","1","2","0","","","","1","","","","","","","","","","","","6"
"716","Troy","10/16/10","3","JERNIGAN","JERREL","3","6","7","-1","0","1","1","0","0","0","","4","-1","6","77","1","","","","","","","","","2","87","1","1","17","0","2","","","","","","","","","","","","12"
"716","Troy","10/30/10","3","JERNIGAN","JERREL","5","35","0","35","1","1","0","0","0","0","","6","35","3","27","0","","","","","","","","","2","-4","0","2","34","0","1","","","","","","","","","","","","6"
"716","Troy","11/06/10","3","JERNIGAN","JERREL","6","89","0","89","0","2","2","0","18","1","","8","107","4","57","0","","","","","","","","","3","28","0","2","66","0","","","","","","","","","","","","","0"
"716","Troy","11/13/10","3","JERNIGAN","JERREL","3","19","0","19","0","","","","","","","3","19","10","32","0","","","","","","","","","3","32","0","4","81","0","","","","","","","","","","","","","0"
"716","Troy","11/20/10","3","JERNIGAN","JERREL","1","0","1","-1","0","","","","","","","1","-1","6","30","1","","","","","","","","","3","42","0","4","72","0","1","","","","","","","","","","","","6"
"716","Troy","11/27/10","3","JERNIGAN","JERREL","6","49","0","49","0","","","","","","1","6","49","6","89","0","","","","","","","","","1","7","0","1","7","0","","","","1","1","","","","","","","","2"
"716","Troy","12/04/10","3","JERNIGAN","JERREL","2","1","1","0","0","","","","","","","2","0","7","38","0","","","","","","","","","2","52","0","1","30","0","","","","","","","","","","","","","0"
"716","Troy","12/18/10","3","JERNIGAN","JERREL","3","19","3","16","1","","","","","","","3","16","7","48","1","","","","","","","","","1","5","0","2","30","0","2","","","","","","","","","","","","12"
"716","Troy","09/04/10","14","JOHNSON","JAMEL","","","","","","","","","","","","0","0","1","6","0","","","","","","","","","","","","","","","","","","","","","","","","","","","0"
"716","Troy","09/11/10","14","JOHNSON","JAMEL","","","","","","","","","","","","0","0","1","5","0","","","","","","","","","","","","","","","","","","","","","","","","","","","0"
"716","Troy","09/18/10","14","JOHNSON","JAMEL","","","","","","","","","","","","0","0","3","13","0","","","","","","","","","","","","","","","","","","","","","","","","","","","0"
"716","Troy","09/25/10","14","JOHNSON","JAMEL","","","","","","","","","","","","0","0","2","39","0","","","","","","","","","","","","","","","","","","","","","","","","","","","0"
"716","Troy","10/05/10","14","JOHNSON","JAMEL","","","","","","","","","","","","0","0","2","23","1","","","","","","","","","","","","","","","1","","","","","","","","","","","","6"
"716","Troy","10/30/10","14","JOHNSON","JAMEL","","","","","","","","","","","","0","0","1","28","1","","","","","","","","","","","","","","","1","","","","","","","","","","","","6"
"716","Troy","11/06/10","14","JOHNSON","JAMEL","","","","","","","","","","","","0","0","4","30","0","","","","","","","","","","","","","","","","","","","","","","","","","","","0"
"716","Troy","11/13/10","14","JOHNSON","JAMEL","","","","","","","","","","","","0","0","4","63","1","","","","","","","","","","","","","","","1","","","","","","","","","","","","6"
"716","Troy","11/20/10","14","JOHNSON","JAMEL","","","","","","","","","","","","0","0","1","11","0","","","","","","","","","","","","","","","","","","","","","","","","","","","0"
"716","Troy","12/04/10","14","JOHNSON","JAMEL","","","","","","","","","","","","0","0","1","4","0","","","","","","","","","","","","","","","","","","","","","","","","","","","0"
"716","Troy","12/18/10","14","JOHNSON","JAMEL","","","","","","","","","","","","0","0","3","36","0","","","","","","","","","","","","","","","","","","","","","","","","","","","0"
"716","Troy","09/18/10","30","MADDEN","LADARRIUS","","","","","","","","","","","","0","0","","","","1","10","0","","","","","","","","","","","","","","","","","","","","","","","","0"
"716","Troy","09/25/10","30","MADDEN","LADARRIUS","","","","","","","","","","","","0","0","","","","1","13","0","","","","","","","","","","","","","","","","","","","","","","","","0"
"716","Troy","11/13/10","30","MADDEN","LADARRIUS","","","","","","","","","","","","0","0","","","","1","16","0","","","","","","","","","","","","","","","","","","","","","","","","0"
"716","Troy","12/04/10","30","MADDEN","LADARRIUS","","","","","","","","","","","","0","0","","","","","","","2","85","0","","","","","","","","","","","","","","","","","","","","","0"
"716","Troy","12/04/10","43","MASSEY","CALEB","","","","","","","","","","","","0","0","","","","1","30","0","","","","","","","","","","","","","","","","","","","","","","","","0"
"716","Troy","10/05/10","24","MITCHELL","T.J.","2","47","0","47","0","","","","","","","2","47","","","","","","","","","","","","","","","","","","","","","","","","","","","","","","0"
"716","Troy","11/06/10","24","MITCHELL","T.J.","","","","","","","","","","","","0","0","1","3","0","","","","","","","","","","","","","","","","","","","","","","","","","","","0"
"716","Troy","11/20/10","24","MITCHELL","T.J.","5","16","1","15","0","","","","","","","5","15","","","","","","","","","","","","","","","","","","","","","","","","","","","","","","0"
"716","Troy","12/04/10","24","MITCHELL","T.J.","8","17","8","9","0","","","","","","","8","9","","","","","","","","","","","","","","","","","","","","","","","","","","","","","","0"
"716","Troy","12/18/10","24","MITCHELL","T.J.","1","3","0","3","0","","","","","","","1","3","","","","","","","","","","","","","","","","","","","","","","","","","","","","","","0"
"716","Troy","09/04/10","1","MONCRIEF","BRETT","","","","","","","","","","","","0","0","3","29","0","","","","","","","","","","","","","","","","","","","","","","","","","","","0"
"716","Troy","09/11/10","1","MONCRIEF","BRETT","","","","","","","","","","","","0","0","2","18","1","","","","","","","","","","","","","","","1","","","","","","","","","","","","6"
"716","Troy","09/18/10","1","MONCRIEF","BRETT","","","","","","","","","","","","0","0","1","8","0","","","","","","","","","","","","","","","","","","","","","","","","","","","0"
"716","Troy","10/05/10","1","MONCRIEF","BRETT","","","","","","","","","","","","0","0","1","28","0","","","","","","","","","","","","","","","","","","","","","","","","","","","0"
"716","Troy","10/16/10","1","MONCRIEF","BRETT","","","","","","","","","","","","0","0","1","4","0","","","","","","","","","","","","","","","","","","","","","","","","","","","0"
"716","Troy","10/30/10","1","MONCRIEF","BRETT","","","","","","","","","","","","0","0","2","18","0","","","","","","","","","","","","","","","","","","","","","","","","","","","0"
"716","Troy","11/06/10","1","MONCRIEF","BRETT","","","","","","","","","","","","0","0","1","15","0","","","","","","","","","","","","","","","","","","","","","","","","","","","0"
"716","Troy","11/27/10","1","MONCRIEF","BRETT","","","","","","","","","","","","0","0","2","13","0","","","","","","","","","","","","","","","","","","","","","","","","","","","0"
"716","Troy","12/04/10","1","MONCRIEF","BRETT","","","","","","","","","","","","0","0","1","38","1","","","","","","","","","","","","","","","1","","","","","","","","","","","","6"
"716","Troy","12/18/10","1","MONCRIEF","BRETT","","","","","","","","","","","","0","0","2","43","0","","","","","","","","","","","","","","","","","","","","","","","","","","","0"
"716","Troy","09/04/10","8","REEVES","CHIP","","","","","","","","","","","","0","0","2","16","0","","","","","","","","","","","","","","","","","","","","","","","","","","","0"
"716","Troy","09/11/10","8","REEVES","CHIP","","","","","","","","","","","","0","0","3","19","0","","","","","","","","","","","","","","","","","","","","","","","","","","","0"
"716","Troy","09/18/10","8","REEVES","CHIP","","","","","","","","","","","","0","0","3","90","1","","","","","","","","","","","","2","5","0","1","","","","","","","","","","","","6"
"716","Troy","10/05/10","8","REEVES","CHIP","","","","","","","","","","","","0","0","1","16","0","","","","","","","","","","","","","","","","","","","","","","","","","","","0"
"716","Troy","10/16/10","8","REEVES","CHIP","","","","","","","","","","","","0","0","3","38","0","","","","","","","","","","","","","","","","","","","","","","","","","","","0"
"716","Troy","10/30/10","8","REEVES","CHIP","","","","","","","","","","","","0","0","","","","","","","","","","","","","","","1","27","0","","","","","","","","","","","","","0"
"716","Troy","11/06/10","8","REEVES","CHIP","","","","","","","","","","","","0","0","3","91","1","","","","","","","","","","","","","","","1","","","","","","","","","","","","6"
"716","Troy","11/13/10","8","REEVES","CHIP","1","5","0","5","0","","","","","","","1","5","3","29","0","","","","","","","","","","","","","","","","","","","","","","","","","","","0"
"716","Troy","11/20/10","8","REEVES","CHIP","","","","","","","","","","","","0","0","2","12","0","","","","","","","","","","","","","","","","","","","","","","","","","","","0"
"716","Troy","11/27/10","8","REEVES","CHIP","","","","","","","","","","","","0","0","4","96","2","","","","","","","","","","","","","","","2","","","","","","","","","","","","12"
"716","Troy","12/04/10","8","REEVES","CHIP","","","","","","","","","","","","0","0","2","77","1","","","","","","","","","","","","","","","1","","","","","","","","","","","","6"
"716","Troy","12/18/10","8","REEVES","CHIP","","","","","","","","","","","","0","0","4","31","0","","","","","","","","","","","","","","","","","","","","","","","","","","","0"
"716","Troy","09/04/10","6","ROBINSON","COREY","7","16","18","-2","0","38","25","2","252","1","","45","250","","","","","","","","","","","","","","","","","","","","","","","","","","","","","","0"
"716","Troy","09/11/10","6","ROBINSON","COREY","8","6","27","-21","0","38","28","0","272","3","","46","251","","","","","","","","","","","","","","","","","","","","","","","","","","","","","","0"
"716","Troy","09/18/10","6","ROBINSON","COREY","3","0","23","-23","0","44","26","0","404","2","","47","381","","","","","","","","","","","","","","","","","","","","","","","","","","","","","","0"
"716","Troy","09/25/10","6","ROBINSON","COREY","1","0","3","-3","0","38","18","1","316","2","","39","313","","","","","","","","","","","","","","","","","","","","","","","","","","","","","","0"
"716","Troy","10/05/10","6","ROBINSON","COREY","2","0","13","-13","0","37","26","0","259","3","","39","246","","","","","","","","","","","","","","","","","","","","","","","","","","","","","","0"
"716","Troy","10/16/10","6","ROBINSON","COREY","5","6","27","-21","0","33","23","3","237","1","","38","216","","","","","","","","","","","","","","","","","","","","","","","","","","","","","","0"
"716","Troy","10/30/10","6","ROBINSON","COREY","4","16","15","1","0","38","16","2","167","1","","42","168","","","","","","","","","","","","","","","","","","","","","","","","","","","","","","0"
"716","Troy","11/06/10","6","ROBINSON","COREY","3","6","14","-8","0","39","26","2","347","3","","42","339","","","","","","","","","","","","","","","","","","","","","","","","","","","","","","0"
"716","Troy","11/13/10","6","ROBINSON","COREY","7","22","28","-6","0","47","28","2","299","2","","54","293","","","","","","","","","","","","","","","","","","","","","","","","","","","","","","0"
"716","Troy","11/20/10","6","ROBINSON","COREY","2","0","20","-20","0","38","22","2","158","1","","40","138","","","","","","","","","","","","","","","","","","","","","","","","","","","","","","0"
"716","Troy","11/27/10","6","ROBINSON","COREY","3","25","0","25","0","39","26","1","304","2","","42","329","","","","","","","","","","","","","","","","","","","","","","","","","","","","","","0"
"716","Troy","12/04/10","6","ROBINSON","COREY","2","0","14","-14","0","34","25","0","324","3","","36","310","","","","","","","","","","","","","","","","","","","","","","","","","","","","","","0"
"716","Troy","12/18/10","6","ROBINSON","COREY","1","5","0","5","0","42","32","0","387","4","","43","392","","","","","","","","","","","","","","","","","","","","","","","","","","","","","","0"
"716","Troy","10/16/10","39","SHEFFIELD","DANIEL","","","","","","","","","","","","0","0","","","","1","0","0","","","","","","","","","","","","","","","","","","","","","","","","0"
"716","Troy","09/04/10","21","SILVOY","AUSTIN","","","","","","","","","","","","0","0","2","26","0","","","","","","","","","","","","","","","","","","","","","","","","","","","0"
"716","Troy","09/18/10","21","SILVOY","AUSTIN","","","","","","","","","","","","0","0","3","42","0","","","","","","","","","","","","","","","","","","","","","","","","","","","0"
"716","Troy","09/25/10","21","SILVOY","AUSTIN","","","","","","","","","","","","0","0","1","17","0","","","","","","","","","","","","","","","","","","","","","","","","","","","0"
"716","Troy","10/05/10","21","SILVOY","AUSTIN","","","","","","","","","","","","0","0","1","5","0","","","","","","","","","","","","","","","","","","","","","","","","","","","0"
"716","Troy","10/16/10","21","SILVOY","AUSTIN","","","","","","","","","","","","0","0","1","21","0","","","","","","","","","","","","","","","","","","","","","","","","","","","0"
"716","Troy","10/30/10","21","SILVOY","AUSTIN","","","","","","","","","","","","0","0","1","4","0","","","","","","","","","","","","","","","","","","","","","","","","","","","0"
"716","Troy","09/04/10","20","SOUTHWARD","SHAWN","13","70","0","70","1","","","","","","","13","70","1","4","0","","","","","","","","","","","","","","","1","","","","","","","","","","","","6"
"716","Troy","09/11/10","20","SOUTHWARD","SHAWN","10","37","1","36","0","","","","","","","10","36","1","2","0","","","","","","","","","","","","","","","","","","","","","","","","","","","0"
"716","Troy","09/18/10","20","SOUTHWARD","SHAWN","7","36","6","30","0","","","","","","","7","30","2","26","0","","","","","","","","","","","","","","","","","","","","","","","","","","","0"
"716","Troy","09/25/10","20","SOUTHWARD","SHAWN","10","33","0","33","0","","","","","","","10","33","1","17","1","","","","","","","","","","","","1","20","0","1","","","","","","","","","","","","6"
"716","Troy","10/05/10","20","SOUTHWARD","SHAWN","11","49","0","49","0","","","","","","","11","49","3","27","0","","","","","","","","","","","","2","7","0","","","","","","","","","","","","","0"
"716","Troy","10/16/10","20","SOUTHWARD","SHAWN","9","40","1","39","1","","","","","","","9","39","1","0","0","","","","","","","","","","","","","","","1","","","","","","","","","","","","6"
"716","Troy","10/30/10","20","SOUTHWARD","SHAWN","11","66","3","63","0","","","","","","","11","63","","","","","","","","","","","","","","","","","","","","","","","","","","","","","","0"
"716","Troy","11/06/10","20","SOUTHWARD","SHAWN","4","19","0","19","0","","","","","","","4","19","1","12","0","","","","","","","","","","","","","","","","","","","","","","","","","","","0"
"716","Troy","11/13/10","20","SOUTHWARD","SHAWN","3","34","2","32","2","","","","","","","3","32","2","57","1","","","","","","","","","","","","","","","3","","","","","","","","","","","","18"
"716","Troy","11/20/10","20","SOUTHWARD","SHAWN","5","40","0","40","0","","","","","","","5","40","2","5","0","","","","","","","","","","","","","","","","","","","","","","","","","","","0"
"716","Troy","11/27/10","20","SOUTHWARD","SHAWN","12","81","0","81","1","","","","","","","12","81","1","18","0","","","","","","","","","","","","2","35","0","1","","","","","","","","","","","","6"
"716","Troy","12/04/10","20","SOUTHWARD","SHAWN","11","63","7","56","2","","","","","","","11","56","4","22","0","","","","","","","","","","","","","","","2","","","","","","","","","","","","12"
"716","Troy","12/18/10","20","SOUTHWARD","SHAWN","9","75","0","75","0","","","","","","","9","75","","","","","","","","","","","","","","","","","","","","","","","","","","","","","","0"
"716","Troy","09/25/10","31","TAYLOR","D.J.","","","","","","","","","","","","0","0","1","4","0","","","","","","","","","","","","1","0","0","","","","","","","","","","","","","0"
"716","Troy","10/05/10","31","TAYLOR","D.J.","1","3","0","3","1","","","","","","","1","3","1","0","0","","","","","","","","","","","","","","","1","","","","","","","","","","","","6"
"716","Troy","10/16/10","31","TAYLOR","D.J.","","","","","","","","","","","","0","0","","","","","","","","","","","","","","","2","18","0","","","","","","","","","","","","","0"
"716","Troy","10/30/10","31","TAYLOR","D.J.","1","3","0","3","0","","","","","","","1","3","1","20","0","","","","","","","","","","","","","","","","","","","","","","","","","","","0"
"716","Troy","11/06/10","31","TAYLOR","D.J.","5","19","1","18","1","","","","","","","5","18","","","","","","","","","","","","","","","1","9","0","1","","","","","","","","","","","","6"
"716","Troy","11/20/10","31","TAYLOR","D.J.","2","19","0","19","0","","","","","","","2","19","","","","","","","","","","","","","","","","","","","","","","","","","","","","","","0"
"716","Troy","12/04/10","31","TAYLOR","D.J.","2","8","0","8","0","","","","","","","2","8","2","54","1","","","","","","","","","","","","","","","1","","","","","","","","","","","","6"
"716","Troy","12/18/10","31","TAYLOR","D.J.","1","9","0","9","0","","","","","","","1","9","1","10","0","","","","","","","","","","","","","","","","","","","","","","","","","","","0"
"716","Troy","09/04/10","18","TAYLOR","MICHAEL","","","","","","","","","","","","0","0","","","","","","","","","","","","","","","","","","","3","3","0","0","","","","","4","3","","12"
"716","Troy","09/11/10","18","TAYLOR","MICHAEL","","","","","","","","","","","","0","0","","","","","","","","","","","","","","","","","","","3","3","0","0","","","","","3","3","","12"
"716","Troy","09/18/10","18","TAYLOR","MICHAEL","","","","","","","","","","","","0","0","","","","","","","","","","","","","","","","","","","4","3","0","0","","","","","2","2","","9"
"716","Troy","09/25/10","18","TAYLOR","MICHAEL","","","","","","","","","","","","0","0","","","","","","","","","","","","","","","","","","","3","3","0","0","","","","","3","2","","9"
"716","Troy","10/05/10","18","TAYLOR","MICHAEL","","","","","","","","","","","","0","0","","","","","","","","","","","","","","","","","","","6","6","0","0","","","","","1","0","","6"
"716","Troy","10/16/10","18","TAYLOR","MICHAEL","","","","","","","","","","","","0","0","","","","","","","","","","","","","","","","","","","4","4","0","0","","","","","1","1","","7"
"716","Troy","10/30/10","18","TAYLOR","MICHAEL","","","","","","","","","","","","0","0","","","","","","","","","","","","","","","","","","","2","2","0","0","","","","","1","0","","2"
"716","Troy","11/06/10","18","TAYLOR","MICHAEL","","","","","","","","","","","","0","0","","","","","","","","","","","","","","","","","","","5","5","0","0","","","","","2","2","","11"
"716","Troy","11/13/10","18","TAYLOR","MICHAEL","","","","","","","","","","","","0","0","","","","","","","","","","","","","","","","","","","5","5","0","0","","","","","","","","5"
"716","Troy","11/20/10","18","TAYLOR","MICHAEL","","","","","","","","","","","","0","0","","","","","","","","","","","","","","","","","","","3","3","0","0","","","","","1","1","","6"
"716","Troy","11/27/10","18","TAYLOR","MICHAEL","","","","","","","","","","","","0","0","","","","","","","","","","","","","","","","","","","3","2","0","0","","","","","","","","2"
"716","Troy","12/04/10","18","TAYLOR","MICHAEL","","","","","","","","","","","","0","0","","","","","","","","","","","","","","","","","","","6","5","0","0","","","","","2","1","","8"
"716","Troy","12/18/10","18","TAYLOR","MICHAEL","","","","","","","","","","","","0","0","","","","","","","","","","","","","","","","","","","6","6","0","0","","","","","2","2","","12"
"716","Troy","09/18/10","81","THOMAS","ERIC","","","","","","","","","","","","0","0","1","25","0","","","","","","","","","","","","","","","","","","","","","","","","","","","0"
"716","Troy","10/05/10","81","THOMAS","ERIC","","","","","","","","","","","","0","0","2","22","0","","","","","","","","","","","","","","","","","","","","","","","","","","","0"
"716","Troy","10/16/10","81","THOMAS","ERIC","","","","","","","","","","","","0","0","1","5","0","","","","","","","","","","","","","","","","","","","","","","","","","","","0"
"716","Troy","11/06/10","81","THOMAS","ERIC","","","","","","","","","","","","0","0","1","19","1","","","","","","","","","","","","","","","1","","","","","","","","","","","","6"
"716","Troy","11/13/10","81","THOMAS","ERIC","","","","","","","","","","","","0","0","1","16","0","","","","","","","","","","","","","","","","","","","","","","","","","","","0"
"716","Troy","12/18/10","81","THOMAS","ERIC","","","","","","","","","","","","0","0","3","33","0","","","","","","","","","","","","","","","","","","","","","","","","","","","0"
"716","Troy","10/05/10","56","THOMAS","JACOBY","","","","","","","","","","","","0","0","","","","1","0","0","","","","","","","","","","","","","","","","","","","","","","","","0"
"716","Troy","09/04/10","85","WILLIAMS","ANTHONY","","","","","","","","","","","","0","0","1","0","0","","","","","","","","","","","","","","","","","","","","","","","","","","","0"
"716","Troy","09/11/10","85","WILLIAMS","ANTHONY","","","","","","","","","","","","0","0","1","2","0","","","","","","","","","","","","","","","","","","","","","","","","","","","0"
"716","Troy","09/18/10","85","WILLIAMS","ANTHONY","","","","","","","","","","","","0","0","1","33","0","","","","","","","","","","","","","","","","","","","","","","","","","","","0"
"716","Troy","09/11/10","26","WILLIS","BRYAN","","","","","","","","","","","","0","0","","","","1","16","0","","","","","","","","","","","","","","","","","","","","","","","","0"
"716","Troy","09/25/10","26","WILLIS","BRYAN","","","","","","","","","","","","0","0","","","","1","43","0","","","","","","","","","","","","","","","","","","","","","","","","0"
"716","Troy","10/16/10","26","WILLIS","BRYAN","","","","","","","","","","","","0","0","","","","","","","1","62","0","","","","","","","","","","","","","","","","","","","","","0"
"718","Tulane","09/02/10","5","BANKS","D.J.","4","20","0","20","0","","","","","","","4","20","7","65","0","","","","","","","","","","","","","","","","","","","","","","","","","","","0"
"718","Tulane","09/11/10","5","BANKS","D.J.","1","5","0","5","0","1","1","0","15","0","","2","20","6","85","0","","","","","","","","","","","","","","","","","","","","","","","","","","","0"
"718","Tulane","09/25/10","5","BANKS","D.J.","1","0","2","-2","0","","","","","","","1","-2","1","3","0","","","","","","","","","","","","","","","","","","","","","","","","","","","0"
"718","Tulane","10/02/10","5","BANKS","D.J.","3","11","2","9","0","2","2","0","37","1","","5","46","2","10","0","","","","","","","","","","","","","","","","","","","","","","","","","","","0"
"718","Tulane","10/09/10","5","BANKS","D.J.","","","","","","","","","","","","0","0","2","19","1","","","","","","","","","","","","","","","1","","","","","","","","","","","","6"
"718","Tulane","10/16/10","5","BANKS","D.J.","1","3","0","3","0","","","","","","","1","3","8","61","0","","","","","","","","","","","","","","","","","","","","","","","","","","","0"
"718","Tulane","10/23/10","5","BANKS","D.J.","3","18","1","17","0","","","","","","","3","17","4","26","0","","","","","","","","","","","","","","","","","","","","","","","","","","","0"
"718","Tulane","10/30/10","5","BANKS","D.J.","1","3","0","3","0","","","","","","","1","3","2","6","0","","","","","","","","","","","","","","","","","","","","","","","","","","","0"
"718","Tulane","11/06/10","5","BANKS","D.J.","1","5","0","5","0","","","","","","","1","5","7","65","1","","","","","","","","","1","0","0","","","","1","","","","","","","","","","","","6"
"718","Tulane","11/13/10","5","BANKS","D.J.","2","20","0","20","2","1","0","0","0","0","","3","20","5","59","1","","","","","","","","","","","","","","","3","","","","","","","","","","","","18"
"718","Tulane","11/20/10","5","BANKS","D.J.","1","3","0","3","0","","","","","","","1","3","","","","","","","","","","","","","","","5","87","0","","","","","","","","","","","","","0"
"718","Tulane","11/27/10","5","BANKS","D.J.","","","","","","","","","","","","0","0","3","20","0","","","","","","","","","","","","","","","","","","","","","","","","","","","0"
"718","Tulane","09/02/10","24","BARNETT","STEPHEN","","","","","","","","","","","","0","0","","","","","","","","","","","","","","","1","12","0","","","","","","","","","","","","","0"
"718","Tulane","10/02/10","24","BARNETT","STEPHEN","2","3","0","3","0","","","","","","","2","3","","","","","","","","","","","","","","","","","","","","","","","","","","","","","","0"
"718","Tulane","10/09/10","24","BARNETT","STEPHEN","2","6","0","6","0","","","","","","","2","6","","","","","","","","","","","","","","","","","","","","","","","","","","","","","","0"
"718","Tulane","10/16/10","24","BARNETT","STEPHEN","1","0","0","0","0","","","","","","","1","0","1","0","0","","","","","","","","","","","","2","20","0","","","","","","","","","","","","","0"
"718","Tulane","10/23/10","24","BARNETT","STEPHEN","2","41","0","41","0","","","","","","","2","41","","","","","","","","","","","","","","","","","","","","","","","","","","","","","","0"
"718","Tulane","09/25/10","86","COMARDELLE","BRENT","","","","","","","","","","","","0","0","1","4","0","","","","","","","","","","","","","","","","","","","","","","","","","","","0"
"718","Tulane","10/09/10","86","COMARDELLE","BRENT","","","","","","","","","","","","0","0","2","12","0","","","","","","","","","","","","","","","","","","","","","","","","","","","0"
"718","Tulane","11/13/10","86","COMARDELLE","BRENT","","","","","","","","","","","","0","0","4","36","0","","","","","","","","","","","","","","","","","","","","","","","","","","","0"
"718","Tulane","11/20/10","86","COMARDELLE","BRENT","","","","","","","","","","","","0","0","2","26","0","","","","","","","","","","","","","","","","","","","","","","","","","","","0"
"718","Tulane","09/02/10","26","DARKWA","ORLEANS","19","77","2","75","3","","","","","","","19","75","","","","","","","","","","","","","","","3","41","0","3","","","","","","","","","","","","18"
"718","Tulane","09/11/10","26","DARKWA","ORLEANS","6","53","0","53","1","","","","","","","6","53","2","20","0","","","","","","","","","","","","","","","1","","","","","","","","","","","","6"
"718","Tulane","09/25/10","26","DARKWA","ORLEANS","4","12","1","11","0","","","","","","","4","11","1","16","0","","","","","","","","","","","","","","","","","","","","","","","","","","","0"
"718","Tulane","10/09/10","26","DARKWA","ORLEANS","4","22","0","22","0","","","","","","","4","22","3","39","0","","","","","","","","","","","","3","69","0","","","","1","1","","","","","","","","2"
"718","Tulane","10/16/10","26","DARKWA","ORLEANS","5","12","0","12","0","","","","","","","5","12","1","8","0","","","","","","","","","","","","2","40","0","","","","","","","","","","","","","0"
"718","Tulane","10/23/10","26","DARKWA","ORLEANS","21","120","6","114","2","","","","","","","21","114","","","","","","","","","","","","","","","","","","2","","","","","","","","","","","","12"
"718","Tulane","10/30/10","26","DARKWA","ORLEANS","29","193","0","193","0","","","","","","","29","193","1","7","0","","","","","","","","","","","","","","","","","","","","","","","","","","","0"
"718","Tulane","11/06/10","26","DARKWA","ORLEANS","27","147","9","138","2","","","","","","","27","138","","","","","","","","","","","","","","","","","","2","","","","","","","","","","","","12"
"718","Tulane","11/13/10","26","DARKWA","ORLEANS","26","120","7","113","0","2","2","0","43","2","","28","156","","","","","","","","","","","","","","","","","","","","","","","","","","","","","","0"
"718","Tulane","11/20/10","26","DARKWA","ORLEANS","20","131","2","129","1","","","","","","","20","129","2","1","0","","","","","","","","","","","","","","","1","","","","","","","","","","","","6"
"718","Tulane","11/27/10","26","DARKWA","ORLEANS","23","71","6","65","2","","","","","","","23","65","7","64","0","","","","","","","","","","","","","","","2","","","","","","","","","","","","12"
"718","Tulane","09/11/10","13","DAVIS","PHILLIP","","","","","","","","","","","","0","0","","","","1","0","0","","","","","","","","","","","","","","","","","","","","","","","","0"
"718","Tulane","09/25/10","13","DAVIS","PHILLIP","","","","","","","","","","","","0","0","","","","1","0","0","","","","","","","","","","","","","","","","","","","","","","","","0"
"718","Tulane","10/23/10","13","DAVIS","PHILLIP","","","","","","","","","","","","0","0","","","","1","2","0","","","","","","","","","","","","","","","","","","","","","","","","0"
"718","Tulane","09/25/10","89","FIGARO","DEVIN","","","","","","","","","","","","0","0","4","95","1","","","","","","","","","","","","","","","1","","","","","","","","","","","","6"
"718","Tulane","10/16/10","89","FIGARO","DEVIN","","","","","","","","","","","","0","0","1","4","0","","","","","","","","","","","","","","","","","","","","","","","","","","","0"
"718","Tulane","11/06/10","89","FIGARO","DEVIN","","","","","","","","","","","","0","0","3","32","0","","","","","","","","","","","","","","","","","","","","","","","","","","","0"
"718","Tulane","11/13/10","89","FIGARO","DEVIN","","","","","","","","","","","","0","0","1","12","0","","","","","","","","","","","","","","","","","","","","","","","","","","","0"
"718","Tulane","11/20/10","89","FIGARO","DEVIN","","","","","","","","","","","","0","0","2","37","0","","","","","","","","","","","","","","","","","","","","","","","","","","","0"
"718","Tulane","11/27/10","89","FIGARO","DEVIN","","","","","","","","","","","","0","0","8","79","0","","","","","","","","","","","","","","","","","","","","","","","","","","","0"
"718","Tulane","09/02/10","16","GINSBURGH","JONATHAN","","","","","","","","","","","","0","0","","","","","","","","","","6","241","","","","","","","","","","","","","","","","","","","0"
"718","Tulane","09/11/10","16","GINSBURGH","JONATHAN","","","","","","","","","","","","0","0","","","","","","","","","","5","200","","","","","","","","","","","","","","","","","","","0"
"718","Tulane","09/25/10","16","GINSBURGH","JONATHAN","","","","","","","","","","","","0","0","","","","","","","","","","6","295","","","","","","","","","","","","","","","","","","","0"
"718","Tulane","10/02/10","16","GINSBURGH","JONATHAN","","","","","","","","","","","","0","0","","","","","","","","","","9","382","","","","","","","","","","","","","","","","","","","0"
"718","Tulane","10/09/10","16","GINSBURGH","JONATHAN","","","","","","","","","","","","0","0","","","","","","","","","","4","146","","","","","","","","","","","","","","","","","","","0"
"718","Tulane","10/16/10","16","GINSBURGH","JONATHAN","","","","","","","","","","","","0","0","","","","","","","","","","5","212","","","","","","","","","","","","","","","","","","","0"
"718","Tulane","10/23/10","16","GINSBURGH","JONATHAN","","","","","","","","","","","","0","0","","","","","","","","","","3","129","","","","","","","","","","","","","","","","","","","0"
"718","Tulane","10/30/10","16","GINSBURGH","JONATHAN","","","","","","","","","","","","0","0","","","","","","","","","","6","241","","","","","","","","","","","","","","","","","","","0"
"718","Tulane","11/06/10","16","GINSBURGH","JONATHAN","","","","","","","","","","","","0","0","","","","","","","","","","7","227","","","","","","","","","","","","","","","","","","","0"
"718","Tulane","11/13/10","16","GINSBURGH","JONATHAN","","","","","","","","","","","","0","0","","","","","","","","","","4","140","","","","","","","","","","","","","","","","","","","0"
"718","Tulane","11/20/10","16","GINSBURGH","JONATHAN","","","","","","","","","","","","0","0","","","","","","","","","","7","293","","","","","","","","","","","","","","","","","","","0"
"718","Tulane","11/27/10","16","GINSBURGH","JONATHAN","","","","","","","","","","","","0","0","","","","","","","","","","8","296","","","","","","","","","","","","","","","","","","","0"
"718","Tulane","09/02/10","3","GRANT","RYAN","","","","","","","","","","","","0","0","1","6","0","","","","","","","","","","","","","","","","","","","","","","","","","","","0"
"718","Tulane","09/11/10","3","GRANT","RYAN","2","20","9","11","0","","","","","","","2","11","1","7","0","","","","","","","","","","","","","","","","","","","","","","","","","","","0"
"718","Tulane","10/02/10","3","GRANT","RYAN","","","","","","","","","","","","0","0","1","13","0","","","","","","","","","","","","","","","","","","","","","","","","","","","0"
"718","Tulane","10/09/10","3","GRANT","RYAN","1","9","0","9","0","","","","","","","1","9","","","","","","","","","","","","","","","","","","","","","","","","","","","","","","0"
"718","Tulane","10/16/10","3","GRANT","RYAN","","","","","","","","","","","","0","0","6","128","1","","","","","","","","","","","","","","","1","","","","","","","","","","","","6"
"718","Tulane","10/23/10","3","GRANT","RYAN","","","","","","","","","","","","0","0","3","12","0","","","","","","","","","","","","","","","","","","","","","","","","","","","0"
"718","Tulane","10/30/10","3","GRANT","RYAN","","","","","","","","","","","","0","0","2","22","0","","","","","","","","","","","","","","","","","","","","","","","","","","","0"
"718","Tulane","11/06/10","3","GRANT","RYAN","","","","","","","","","","","","0","0","4","56","0","","","","","","","","","","","","","","","","","","","","","","","","","","","0"
"718","Tulane","11/13/10","3","GRANT","RYAN","","","","","","","","","","","","0","0","3","140","2","","","","","","","","","","","","","","","2","","","","","","","","","","","","12"
"718","Tulane","11/20/10","3","GRANT","RYAN","2","4","21","-17","0","","","","","","","2","-17","4","63","0","","","","","","","","","","","","","","","","","","","","","","","","","","","0"
"718","Tulane","11/27/10","3","GRANT","RYAN","","","","","","","","","","","","0","0","8","68","1","","","","","","","","","","","","","","","1","","","","","","","","","","","","6"
"718","Tulane","09/02/10","11","GRIFFIN","RYAN","4","0","29","-29","0","26","17","1","129","0","","30","100","","","","","","","","","","","","","","","","","","","","","","","","","","","","","","0"
"718","Tulane","09/11/10","11","GRIFFIN","RYAN","6","6","40","-34","0","30","21","0","203","0","","36","169","1","15","0","","","","","","","","","","","","","","","","","","","","","","","","","","","0"
"718","Tulane","09/25/10","11","GRIFFIN","RYAN","1","0","7","-7","0","8","4","1","28","0","","9","21","","","","","","","","","","","","","","","","","","","","","","","","","","","","","","0"
"718","Tulane","10/02/10","11","GRIFFIN","RYAN","","","","","","28","17","0","140","0","","28","140","","","","","","","","","","","","","","","","","","","","","","","","","","","","","","0"
"718","Tulane","10/09/10","11","GRIFFIN","RYAN","4","2","21","-19","0","34","20","0","211","3","1","38","192","","","","","","","","","","","","","","","","","","","","","1","1","","","","","","","","2"
"718","Tulane","10/16/10","11","GRIFFIN","RYAN","5","16","26","-10","0","53","36","1","412","2","","58","402","","","","","","","","","","","","","","","","","","","","","","","","","","","","","","0"
"718","Tulane","10/23/10","11","GRIFFIN","RYAN","1","0","7","-7","0","34","19","1","201","2","","35","194","","","","","","","","","","","","","","","","","","","","","","","","","","","","","","0"
"718","Tulane","10/30/10","11","GRIFFIN","RYAN","5","5","7","-2","0","24","11","1","121","1","","29","119","","","","","","","","","","","","","","","","","","","","","","","","","","","","","","0"
"718","Tulane","11/06/10","11","GRIFFIN","RYAN","3","16","18","-2","0","37","21","0","242","2","","40","240","","","","","","","","","","","","","","","","","","","","","","","","","","","","","","0"
"718","Tulane","11/13/10","11","GRIFFIN","RYAN","4","0","13","-13","0","34","21","0","314","3","0","38","301","","","","","","","","","","","","","","","","","","","","","1","0","","","","","","","","0"
"718","Tulane","11/27/10","11","GRIFFIN","RYAN","6","0","23","-23","0","64","36","3","370","1","","70","347","","","","","","","","","","","","","","","","","","","","","","","","","","","","","","0"
"718","Tulane","11/13/10","88","HELM","TYLER","","","","","","","","","","","","0","0","1","13","0","","","","","","","","","","","","","","","","","","","","","","","","","","","0"
"718","Tulane","10/30/10","50","JACKS","AUSTEN","","","","","","","","","","","","0","0","","","","","","","1","23","1","","","","","","","","","1","","","","","","","","","","","","6"
"718","Tulane","09/11/10","28","JASON","PAYTEN","6","17","5","12","0","","","","","","","6","12","2","8","0","","","","","","","","","","","","","","","","","","","","","","","","","","","0"
"718","Tulane","09/25/10","28","JASON","PAYTEN","6","30","0","30","1","","","","","","","6","30","","","","","","","","","","","","","","","","","","1","","","","","","","","","","","","6"
"718","Tulane","10/02/10","28","JASON","PAYTEN","15","41","13","28","1","","","","","","","15","28","1","7","0","","","","","","","","","","","","","","","1","","","","","","","","","","","","6"
"718","Tulane","10/09/10","28","JASON","PAYTEN","10","41","3","38","0","","","","","","","10","38","1","11","0","","","","","","","","","","","","","","","","","","","","","","","","","","","0"
"718","Tulane","10/16/10","28","JASON","PAYTEN","6","31","2","29","0","","","","","","","6","29","","","","","","","","","","","","","","","","","","","","","","","","","","","","","","0"
"718","Tulane","10/30/10","28","JASON","PAYTEN","14","62","2","60","0","","","","","","","14","60","","","","","","","","","","","","","","","","","","","","","","","","","","","","","","0"
"718","Tulane","11/06/10","28","JASON","PAYTEN","4","16","0","16","0","","","","","","","4","16","","","","","","","","","","","","","","","","","","","","","","","","","","","","","","0"
"718","Tulane","11/13/10","28","JASON","PAYTEN","3","11","0","11","0","","","","","","","3","11","1","39","0","","","","","","","","","","","","","","","","","","","","","","","","","","","0"
"718","Tulane","11/27/10","28","JASON","PAYTEN","","","","","","","","","","","","0","0","1","7","0","","","","","","","","","","","","","","","","","","","","","","","","","","","0"
"718","Tulane","09/11/10","7","KEMP","JOE","","","","","","","","","","","","0","0","1","26","0","","","","","","","","","","","","","","","","","","","","","","","","","","","0"
"718","Tulane","09/25/10","7","KEMP","JOE","","","","","","1","1","0","38","0","","1","38","3","25","0","","","","","","","","","","","","","","","","","","","","","","","","","","","0"
"718","Tulane","10/02/10","7","KEMP","JOE","2","3","5","-2","0","3","1","0","31","0","","5","29","2","34","1","","","","","","","","","","","","","","","1","","","","","","","","","","","","6"
"718","Tulane","10/09/10","7","KEMP","JOE","","","","","","2","1","0","12","0","","2","12","6","57","0","","","","","","","","","","","","","","","","","","","","","","","","","","","0"
"718","Tulane","10/16/10","7","KEMP","JOE","","","","","","1","1","0","34","0","","1","34","1","6","0","","","","","","","","","","","","","","","","","","","","","","","","","","","0"
"718","Tulane","10/23/10","7","KEMP","JOE","","","","","","1","0","0","0","0","","1","0","","","","","","","","","","","","","","","","","","","","","","","","","","","","","","0"
"718","Tulane","11/20/10","7","KEMP","JOE","","","","","","","","","","","","0","0","1","6","0","","","","","","","","","","","","","","","","","","","","","","","","","","","0"
"718","Tulane","10/09/10","20","MACKEY","TRENT","1","0","1","-1","0","","","","","","","1","-1","","","","","","","","","","","","","","","","","","","","","","","","","","","","","","0"
"718","Tulane","11/13/10","20","MACKEY","TRENT","","","","","","","","","","","","0","0","","","","1","6","0","1","15","0","","","","","","","","","","","","","","","","","","","","","0"
"718","Tulane","09/25/10","2","MOORE","KEVIN","3","4","9","-5","0","26","12","2","156","2","0","29","151","","","","","","","","","","","","","","","","","","","","","1","0","","","","","","","","0"
"718","Tulane","11/06/10","2","MOORE","KEVIN","","","","","","2","1","0","4","0","","2","4","","","","","","","","","","","","","","","","","","","","","","","","","","","","","","0"
"718","Tulane","11/20/10","2","MOORE","KEVIN","7","19","1","18","1","34","15","1","156","0","","41","174","","","","","","","","","","","","","","","","","","1","","","","","","","","","","","","6"
"718","Tulane","11/27/10","51","MOSES","DEZMAN","","","","","","","","","","","","0","0","","","","1","9","0","","","","","","","","","","","","","","","","","","","","","","","","0"
"718","Tulane","09/25/10","12","PONDER","D.J.","","","","","","1","1","0","4","0","","1","4","","","","","","","","","","","","","","","","","","","","","","","","","","","","","","0"
"718","Tulane","10/09/10","12","PONDER","D.J.","","","","","","5","2","0","12","0","","5","12","","","","","","","","","","","","","","","","","","","","","","","","","","","","","","0"
"718","Tulane","10/16/10","12","PONDER","D.J.","","","","","","2","1","0","0","0","","2","0","","","","","","","","","","","","","","","","","","","","","","","","","","","","","","0"
"718","Tulane","11/20/10","12","PONDER","D.J.","","","","","","6","4","1","36","0","","6","36","","","","","","","","","","","","","","","","","","","","","","","","","","","","","","0"
"718","Tulane","11/27/10","12","PONDER","D.J.","1","2","0","2","0","","","","","","","1","2","","","","","","","","","","","","","","","","","","","","","","","","","","","","","","0"
"718","Tulane","10/09/10","36","ROBERTSON","DOMINIQUE","","","","","","","","","","","","0","0","","","","","","","1","3","0","","","","","","","","","","","","","","","","","","","","","0"
"718","Tulane","09/02/10","19","ROBOTTOM","CASEY","","","","","","","","","","","","0","0","6","48","0","","","","","","","","","3","20","0","","","","","","","","","","","","","","","","0"
"718","Tulane","09/11/10","19","ROBOTTOM","CASEY","","","","","","","","","","","","0","0","7","41","0","","","","","","","","","3","10","0","","","","","","","","","","","","","","","","0"
"718","Tulane","09/25/10","19","ROBOTTOM","CASEY","","","","","","","","","","","","0","0","4","58","0","","","","","","","","","2","38","0","","","","","","","","","","","","","","","","0"
"718","Tulane","10/02/10","19","ROBOTTOM","CASEY","","","","","","","","","","","","0","0","6","71","0","","","","","","","","","2","16","0","","","","","","","","","","","","","","","","0"
"718","Tulane","10/09/10","19","ROBOTTOM","CASEY","","","","","","","","","","","","0","0","6","63","2","","","","","","","","","","","","","","","2","","","0","0","","","","","","","","12"
"718","Tulane","10/16/10","19","ROBOTTOM","CASEY","","","","","","","","","","","","0","0","9","106","0","","","","","","","","","1","0","0","","","","","","","","","","","","","","","","0"
"718","Tulane","10/23/10","19","ROBOTTOM","CASEY","","","","","","","","","","","","0","0","10","151","2","","","","","","","","","1","2","0","","","","2","","","","","","","","","","","","12"
"718","Tulane","10/30/10","19","ROBOTTOM","CASEY","","","","","","","","","","","","0","0","3","49","0","","","","","","","","","1","0","0","","","","","","","","","","","","","","","","0"
"718","Tulane","11/06/10","19","ROBOTTOM","CASEY","","","","","","","","","","","","0","0","4","46","0","","","","","","","","","1","0","0","","","","","","","","","","","","","","","","0"
"718","Tulane","11/20/10","19","ROBOTTOM","CASEY","","","","","","","","","","","","0","0","1","30","0","","","","","","","","","","","","","","","","","","","","","","","","","","","0"
"718","Tulane","10/02/10","81","SANDERS","BROCK","","","","","","","","","","","","0","0","1","31","0","","","","","","","","","","","","","","","","","","","","","","","","","","","0"
"718","Tulane","10/16/10","81","SANDERS","BROCK","","","","","","","","","","","","0","0","1","11","0","","","","","","","","","","","","1","6","0","","","","","","","","","","","","","0"
"718","Tulane","09/02/10","39","SANTOS","CAIRO","","","","","","","","","","","","0","0","","","","","","","","","","","","","","","","","","","3","3","0","0","","","","","2","2","","9"
"718","Tulane","09/11/10","39","SANTOS","CAIRO","","","","","","","","","","","","0","0","","","","","","","","","","","","","","","","","","","1","1","0","0","","","","","2","2","","7"
"718","Tulane","09/25/10","39","SANTOS","CAIRO","","","","","","","","","","","","0","0","","","","","","","","","","","","","","","","","","","2","2","0","0","","","","","2","1","","5"
"718","Tulane","10/02/10","39","SANTOS","CAIRO","","","","","","","","","","","","0","0","","","","","","","","","","","","","","","","","","","2","2","0","0","","","","","1","1","","5"
"718","Tulane","10/09/10","39","SANTOS","CAIRO","","","","","","","","","","","","0","0","","","","","","","","","","","","","","","","","","","1","1","0","0","","","","","","","","1"
"718","Tulane","10/16/10","39","SANTOS","CAIRO","","","","","","","","","","","","0","0","","","","","","","","","","","","","","","","","","","3","3","0","0","","","","","1","1","","6"
"718","Tulane","10/23/10","39","SANTOS","CAIRO","","","","","","","","","","","","0","0","","","","","","","","","","","","","","","","","","","4","4","0","0","","","","","3","2","","10"
"718","Tulane","10/30/10","39","SANTOS","CAIRO","","","","","","","","","","","","0","0","","","","","","","","","","","","","","","","","","","2","2","0","0","","","","","2","1","","5"
"718","Tulane","11/06/10","39","SANTOS","CAIRO","","","","","","","","","","","","0","0","","","","","","","","","","","","","","","","","","","4","3","0","0","","","","","1","1","","6"
"718","Tulane","11/13/10","39","SANTOS","CAIRO","","","","","","","","","","","","0","0","","","","","","","","","","","","","","","","","","","6","6","0","0","","","","","2","2","","12"
"718","Tulane","11/20/10","39","SANTOS","CAIRO","","","","","","","","","","","","0","0","","","","","","","","","","","","","","","","","","","2","2","0","0","","","","","","","","2"
"718","Tulane","11/27/10","39","SANTOS","CAIRO","","","","","","","","","","","","0","0","","","","","","","","","","","","","","","","","","","3","3","0","0","","","","","","","","3"
"718","Tulane","09/02/10","4","SMITH","SHAKIEL","","","","","","","","","","","","0","0","","","","1","24","0","","","","","","","","","","","","","","","","","","","","","","","","0"
"718","Tulane","11/13/10","4","SMITH","SHAKIEL","","","","","","","","","","","","0","0","","","","2","44","0","","","","","","","","","","","","","","","","","","","","","","","","0"
"718","Tulane","09/02/10","80","SPARKS","CODY","","","","","","","","","","","","0","0","1","10","0","","","","","","","","","","","","","","","","","","","","","","","","","","","0"
"718","Tulane","09/25/10","80","SPARKS","CODY","","","","","","","","","","","","0","0","2","25","1","","","","","","","","","","","","","","","1","","","","","","","","","","","","6"
"718","Tulane","10/02/10","80","SPARKS","CODY","","","","","","","","","","","","0","0","6","37","0","","","","","","","","","","","","","","","","","","","","","","","","","","","0"
"718","Tulane","10/09/10","80","SPARKS","CODY","","","","","","","","","","","","0","0","2","22","0","","","","","","","","","","","","","","","","","","","","","","","","","","","0"
"718","Tulane","10/16/10","80","SPARKS","CODY","","","","","","","","","","","","0","0","7","83","1","","","","","","","","","","","","","","","1","","","","","","","","","","","","6"
"718","Tulane","10/23/10","80","SPARKS","CODY","","","","","","","","","","","","0","0","2","12","0","","","","","","","","","","","","","","","","","","","","","","","","","","","0"
"718","Tulane","10/30/10","80","SPARKS","CODY","","","","","","","","","","","","0","0","3","37","1","","","","","","","","","","","","","","","1","","","","","","","","","","","","6"
"718","Tulane","11/06/10","80","SPARKS","CODY","","","","","","","","","","","","0","0","3","34","1","","","","","","","","","","","","","","","1","","","","","","","","","","","","6"
"718","Tulane","11/13/10","80","SPARKS","CODY","","","","","","","","","","","","0","0","7","53","2","","","","","","","","","","","","","","","2","","","","","","","","","","","","12"
"718","Tulane","11/20/10","80","SPARKS","CODY","","","","","","","","","","","","0","0","4","15","0","","","","","","","","","","","","","","","","","","","","","","","","","","","0"
"718","Tulane","11/27/10","80","SPARKS","CODY","","","","","","","","","","","","0","0","6","99","0","","","","","","","","","","","","","","","","","","","","","","","","","","","0"
"718","Tulane","10/09/10","44","STELLY","KASEY","","","","","","","","","","","","0","0","","","","","","","","","","","","","","","1","6","0","","","","","","","","","","","","","0"
"718","Tulane","09/25/10","35","STEPHANY","JORDAN","","","","","","","","","","","","0","0","1","7","0","","","","","","","","","","","","","","","","","","","","","","","","","","","0"
"718","Tulane","11/27/10","35","STEPHANY","JORDAN","","","","","","","","","","","","0","0","","","","","","","","","","","","","","","2","19","0","","","","","","","","","","","","","0"
"718","Tulane","09/11/10","31","STROZIER","DERRICK","","","","","","","","","","","","0","0","","","","","","","","","","","","","","","5","107","0","","","","","","","","","","","","","0"
"718","Tulane","09/25/10","31","STROZIER","DERRICK","","","","","","","","","","","","0","0","","","","","","","","","","","","","","","4","79","0","","","","","","","","","","","","","0"
"718","Tulane","10/02/10","31","STROZIER","DERRICK","","","","","","","","","","","","0","0","","","","","","","","","","","","","","","1","17","0","","","","","","","","","","","","","0"
"718","Tulane","11/06/10","41","SUCHY","STEPHEN","","","","","","","","","","","","0","0","","","","","","","","","","","","","","","1","6","0","","","","","","","","","","","","","0"
"718","Tulane","10/02/10","1","SULLEN","JORDAN","1","8","0","8","0","","","","","","","1","8","","","","","","","","","","","","","","","2","42","0","","","","","","","","","","","","","0"
"718","Tulane","10/09/10","1","SULLEN","JORDAN","","","","","","","","","","","","0","0","","","","","","","","","","","","","","","3","60","0","","","","","","","","","","","","","0"
"718","Tulane","10/30/10","1","SULLEN","JORDAN","","","","","","","","","","","","0","0","","","","","","","","","","","","","","","3","70","0","","","","","","","","","","","","","0"
"718","Tulane","11/06/10","1","SULLEN","JORDAN","","","","","","","","","","","","0","0","","","","","","","","","","","","","","","5","97","0","","","","","","","","","","","","","0"
"718","Tulane","11/13/10","1","SULLEN","JORDAN","","","","","","","","","","","","0","0","","","","","","","","","","","","","","","7","158","0","","","","","","","","","","","","","0"
"718","Tulane","11/20/10","1","SULLEN","JORDAN","","","","","","","","","","","","0","0","","","","","","","","","","","","","","","4","66","0","","","","","","","","","","","","","0"
"718","Tulane","11/27/10","1","SULLEN","JORDAN","","","","","","","","","","","","0","0","","","","","","","","","","","","","","","4","80","0","","","","","","","","","","","","","0"
"718","Tulane","10/23/10","32","THOMAS","JAMAR","2","6","0","6","0","","","","","","","2","6","","","","","","","","","","","","","","","2","44","0","","","","","","","","","","","","","0"
"718","Tulane","10/30/10","32","THOMAS","JAMAR","","","","","","","","","","","","0","0","","","","","","","","","","","","","","","3","66","0","","","","","","","","","","","","","0"
"718","Tulane","11/06/10","32","THOMAS","JAMAR","","","","","","","","","","","","0","0","","","","","","","","","","","","3","6","0","1","14","0","","","","","","","","","","","","","0"
"718","Tulane","11/20/10","32","THOMAS","JAMAR","","","","","","","","","","","","0","0","1","5","0","","","","","","","","","","","","1","21","0","","","","","","","","","","","","","0"
"718","Tulane","11/27/10","32","THOMAS","JAMAR","","","","","","","","","","","","0","0","","","","","","","","","","","","1","5","0","","","","","","","","","","","","","","","","0"
"718","Tulane","09/11/10","9","VAN HOOSER","WILSON","1","7","0","7","0","","","","","","","1","7","1","15","0","","","","","","","","","","","","","","","","","","","","","","","","","","","0"
"718","Tulane","10/02/10","9","VAN HOOSER","WILSON","","","","","","","","","","","","0","0","1","5","0","","","","","","","","","","","","","","","","","","","","","","","","","","","0"
"718","Tulane","10/09/10","9","VAN HOOSER","WILSON","1","8","0","8","0","","","","","","","1","8","1","12","0","","","","","","","","","","","","1","11","0","","","","","","","","","","","","","0"
"718","Tulane","10/16/10","9","VAN HOOSER","WILSON","","","","","","","","","","","","0","0","","","","","","","","","","","","","","","4","71","0","","","","","","","","","","","","","0"
"718","Tulane","11/06/10","9","VAN HOOSER","WILSON","","","","","","","","","","","","0","0","1","13","0","","","","","","","","","","","","","","","","","","","","","","","","","","","0"
"718","Tulane","11/13/10","9","VAN HOOSER","WILSON","","","","","","","","","","","","0","0","1","5","0","","","","","","","","","","","","","","","","","","","","","","","","","","","0"
"718","Tulane","11/20/10","9","VAN HOOSER","WILSON","","","","","","","","","","","","0","0","1","5","0","","","","","","","","","","","","","","","","","","","","","","","","","","","0"
"718","Tulane","11/27/10","9","VAN HOOSER","WILSON","2","0","5","-5","0","","","","","","","2","-5","2","30","0","","","","","","","","","","","","","","","","","","","","","","","","","","","0"
"718","Tulane","10/02/10","8","WACHA","ALEX","","","","","","","","","","","","0","0","","","","1","17","0","","","","","","","","","","","","","","","","","","","","","","","","0"
"718","Tulane","10/23/10","8","WACHA","ALEX","","","","","","","","","","","","0","0","","","","1","0","0","","","","","","","","","","","","","","","","","","","","","","","","0"
"718","Tulane","09/02/10","25","WILLIAMS","ALBERT","14","62","5","57","0","","","","","","","14","57","2","0","0","","","","","","","","","","","","","","","","","","","","","","","","","","","0"
"718","Tulane","09/11/10","25","WILLIAMS","ALBERT","7","40","0","40","0","","","","","","","7","40","1","1","0","","","","","","","","","","","","","","","","","","","","","","","","","","","0"
"718","Tulane","09/25/10","25","WILLIAMS","ALBERT","14","85","2","83","0","","","","","","","14","83","1","-7","0","","","","","","","","","","","","","","","","","","","","","","","","","","","0"
"718","Tulane","10/02/10","25","WILLIAMS","ALBERT","3","3","9","-6","0","","","","","","","3","-6","","","","","","","","","","","","","","","","","","","","","","","","","","","","","","0"
"718","Tulane","10/16/10","25","WILLIAMS","ALBERT","17","55","8","47","1","","","","","","","17","47","3","39","0","","","","","","","","","","","","","","","1","","","","","","","","","","","","6"
"718","Tulane","10/23/10","25","WILLIAMS","ALBERT","19","96","2","94","0","","","","","","","19","94","","","","","","","","","","","","","","","","","","","","","","","","","","","","","","0"
"718","Tulane","10/30/10","25","WILLIAMS","ALBERT","4","16","0","16","0","","","","","","","4","16","","","","","","","","","","","","","","","","","","","","","","","","","","","","","","0"
"718","Tulane","11/13/10","25","WILLIAMS","ALBERT","3","25","0","25","0","","","","","","","3","25","","","","","","","","","","","","","","","","","","","","","","","","","","","","","","0"
"718","Tulane","11/20/10","25","WILLIAMS","ALBERT","4","17","4","13","0","","","","","","","4","13","1","4","0","","","","","","","","","","","","","","","","","","","","","","","","","","","0"
"718","Tulane","11/27/10","25","WILLIAMS","ALBERT","1","1","0","1","0","","","","","","","1","1","1","3","0","","","","","","","","","","","","","","","","","","","","","","","","","","","0"
"719","Tulsa","12/24/10","40","ANTLE","TANNER","","","","","","","","","","","","0","0","","","","1","0","0","","","","","","","","","","","","","","","","","","","","","","","","0"
"719","Tulsa","10/30/10","32","ARNICK","CURNELIUS","","","","","","","","","","","","0","0","","","","","","","","","","","","","","","","","","","","","0","0","1","1","","","","","","2"
"719","Tulsa","11/13/10","32","ARNICK","CURNELIUS","","","","","","","","","","","","0","0","","","","2","28","0","","","","","","","","","","","","","","","","","","","","","","","","0"
"719","Tulsa","12/24/10","32","ARNICK","CURNELIUS","","","","","","","","","","","","0","0","","","","2","106","1","","","","","","","","","","","","1","","","","","","","","","","","","6"
"719","Tulsa","09/18/10","2","BEAVER","SHAVODRICK","11","55","1","54","0","1","1","0","10","0","","12","64","","","","","","","","","","","","","","","","","","","","","","","","","","","","","","0"
"719","Tulsa","09/25/10","2","BEAVER","SHAVODRICK","3","18","0","18","0","4","2","1","25","0","","7","43","","","","","","","","","","","","","","","","","","","","","","","","","","","","","","0"
"719","Tulsa","10/02/10","2","BEAVER","SHAVODRICK","4","16","2","14","1","","","","","","","4","14","","","","","","","","","","","","","","","","","","1","","","","","","","","","","","","6"
"719","Tulsa","10/16/10","2","BEAVER","SHAVODRICK","1","12","0","12","0","","","","","","","1","12","1","-7","0","","","","","","","","","","","","","","","","","","","","","","","","","","","0"
"719","Tulsa","11/06/10","2","BEAVER","SHAVODRICK","1","4","0","4","0","1","1","0","27","0","","2","31","","","","","","","","","","","","","","","","","","","","","","","","","","","","","","0"
"719","Tulsa","09/05/10","34","CARTER","WILLIE","","","","","","","","","","","","0","0","1","75","1","","","","","","","","","","","","","","","1","","","","","","","","","","","","6"
"719","Tulsa","09/11/10","34","CARTER","WILLIE","1","3","0","3","0","","","","","","","1","3","","","","","","","","","","","","","","","","","","","","","","","","","","","","","","0"
"719","Tulsa","09/18/10","34","CARTER","WILLIE","1","1","0","1","0","","","","","","","1","1","3","20","1","","","","","","","","","","","","","","","1","","","","","","","","","","","","6"
"719","Tulsa","09/25/10","34","CARTER","WILLIE","","","","","","","","","","","","0","0","1","1","0","","","","","","","","","","","","","","","","","","","","","","","","","","","0"
"719","Tulsa","10/02/10","34","CARTER","WILLIE","2","22","0","22","0","","","","","","","2","22","1","8","0","","","","","","","","","","","","","","","","","","","","","","","","","","","0"
"719","Tulsa","10/09/10","34","CARTER","WILLIE","1","7","0","7","0","","","","","","","1","7","2","42","0","","","","","","","","","","","","","","","","","","","","","","","","","","","0"
"719","Tulsa","10/16/10","34","CARTER","WILLIE","3","16","0","16","0","","","","","","","3","16","1","10","0","","","","","","","","","","","","","","","","","","","","","","","","","","","0"
"719","Tulsa","11/06/10","34","CARTER","WILLIE","1","13","0","13","1","","","","","","","1","13","2","9","0","","","","","","","","","","","","","","","1","","","","","","","","","","","","6"
"719","Tulsa","11/13/10","34","CARTER","WILLIE","1","1","0","1","0","","","","","","","1","1","1","10","0","","","","","","","","","","","","","","","","","","","","","","","","","","","0"
"719","Tulsa","11/20/10","34","CARTER","WILLIE","5","39","0","39","0","","","","","","","5","39","2","27","1","","","","","","","","","","","","","","","1","","","","","","","","","","","","6"
"719","Tulsa","11/26/10","34","CARTER","WILLIE","4","52","0","52","1","","","","","","","4","52","4","93","2","","","","","","","","","","","","","","","3","","","","","","","","","","","","18"
"719","Tulsa","12/24/10","34","CARTER","WILLIE","1","8","0","8","0","","","","","","","1","8","1","4","0","","","","","","","","","","","","","","","","","","","","","","","","","","","0"
"719","Tulsa","09/05/10","9","CLAY","CHARLES","","","","","","","","","","","","0","0","8","86","1","","","","","","","","","","","","","","","1","","","1","0","","","","","","","","6"
"719","Tulsa","09/11/10","9","CLAY","CHARLES","4","47","0","47","0","","","","","","","4","47","4","61","1","","","","","","","","","","","","","","","1","","","","","","","","","","","","6"
"719","Tulsa","09/18/10","9","CLAY","CHARLES","4","18","0","18","0","","","","","","","4","18","","","","","","","","","","","","","","","","","","","","","","","","","","","","","","0"
"719","Tulsa","09/25/10","9","CLAY","CHARLES","1","3","0","3","0","","","","","","","1","3","2","36","1","","","","","","","","","","","","","","","1","","","","","","","","","","","","6"
"719","Tulsa","10/02/10","9","CLAY","CHARLES","2","2","0","2","0","","","","","","","2","2","5","32","1","","","","","","","","","","","","","","","1","","","","","","","","","","","","6"
"719","Tulsa","10/09/10","9","CLAY","CHARLES","1","1","0","1","0","","","","","","","1","1","4","29","0","","","","","","","","","","","","","","","","","","0","0","","","","","","","","0"
"719","Tulsa","10/16/10","9","CLAY","CHARLES","3","10","0","10","0","","","","","","","3","10","4","86","2","","","","","","","","","","","","","","","2","","","","","","","","","","","","12"
"719","Tulsa","10/30/10","9","CLAY","CHARLES","","","","","","","","","","","","0","0","1","6","0","","","","","","","","","","","","","","","","","","","","","","","","","","","0"
"719","Tulsa","11/06/10","9","CLAY","CHARLES","1","0","5","-5","0","","","","","","","1","-5","2","33","0","","","","","","","","","","","","","","","","","","","","","","","","","","","0"
"719","Tulsa","11/13/10","9","CLAY","CHARLES","5","31","0","31","0","","","","","","","5","31","6","44","0","","","","","","","","","","","","","","","","","","","","","","","","","","","0"
"719","Tulsa","11/20/10","9","CLAY","CHARLES","9","57","0","57","0","","","","","","","9","57","3","42","1","","","","","","","","","","","","","","","1","","","","","","","","","","","","6"
"719","Tulsa","11/26/10","9","CLAY","CHARLES","","","","","","","","","","","","0","0","2","33","0","","","","","","","","","","","","","","","","","","","","","","","","","","","0"
"719","Tulsa","12/24/10","9","CLAY","CHARLES","4","63","1","62","0","","","","","","","4","62","2","38","0","","","","","","","","","","","","","","","","","","","","","","","","","","","0"
"719","Tulsa","09/05/10","13","COLE","GENESIS","","","","","","","","","","","","0","0","1","5","0","","","","","","","","","","","","","","","","","","","","","","","","","","","0"
"719","Tulsa","09/11/10","13","COLE","GENESIS","","","","","","","","","","","","0","0","2","36","0","","","","","","","","","","","","","","","","","","","","","","","","","","","0"
"719","Tulsa","09/25/10","13","COLE","GENESIS","1","12","0","12","0","","","","","","","1","12","4","34","0","","","","","","","","","","","","","","","","","","","","","","","","","","","0"
"719","Tulsa","10/02/10","13","COLE","GENESIS","1","3","0","3","0","","","","","","","1","3","","","","","","","","","","","","","","","","","","","","","","","","","","","","","","0"
"719","Tulsa","10/09/10","13","COLE","GENESIS","","","","","","","","","","","","0","0","1","16","0","","","","","","","","","","","","","","","","","","","","","","","","","","","0"
"719","Tulsa","10/16/10","13","COLE","GENESIS","2","20","0","20","0","","","","","","","2","20","2","23","0","","","","","","","","","","","","1","9","0","","","","","","","","","","","","","0"
"719","Tulsa","10/30/10","13","COLE","GENESIS","","","","","","","","","","","","0","0","2","42","0","","","","","","","","","","","","","","","","","","","","","","","","","","","0"
"719","Tulsa","11/06/10","13","COLE","GENESIS","","","","","","1","1","0","41","1","","1","41","3","27","0","","","","","","","","","","","","","","","","","","","","","","","","","","","0"
"719","Tulsa","11/20/10","13","COLE","GENESIS","","","","","","","","","","","","0","0","1","6","0","","","","","","","","","","","","","","","","","","","","","","","","","","","0"
"719","Tulsa","11/26/10","13","COLE","GENESIS","","","","","","","","","","","","0","0","1","16","0","","","","","","","","","","","","","","","","","","","","","","","","","","","0"
"719","Tulsa","12/24/10","13","COLE","GENESIS","","","","","","1","0","0","0","0","","1","0","","","","","","","","","","","","","","","","","","","","","","","","","","","","","","0"
"719","Tulsa","10/16/10","16","DAVIS","BRETT","2","13","3","10","0","","","","","","","2","10","","","","","","","","","","","","","","","","","","","","","","","","","","","","","","0"
"719","Tulsa","09/11/10","24","DAVIS","CHARLES","","","","","","","","","","","","0","0","","","","1","0","0","","","","","","","","","","","","","","","","","","","","","","","","0"
"719","Tulsa","12/24/10","24","DAVIS","CHARLES","","","","","","","","","","","","0","0","","","","1","0","0","","","","","","","","","","","","","","","","","","","","","","","","0"
"719","Tulsa","10/16/10","11","DOCK","ALAN","","","","","","","","","","","","0","0","","","","","","","","","","","","","","","1","9","0","","","","","","","","","","","","","0"
"719","Tulsa","11/20/10","11","DOCK","ALAN","","","","","","","","","","","","0","0","","","","","","","","","","","","","","","1","9","0","","","","","","","","","","","","","0"
"719","Tulsa","09/05/10","25","DOUGLAS","JA'TERIAN","2","20","0","20","0","","","","","","","2","20","","","","","","","","","","","","","","","","","","","","","","","","","","","","","","0"
"719","Tulsa","09/11/10","25","DOUGLAS","JA'TERIAN","2","14","0","14","0","","","","","","","2","14","","","","","","","","","","","","","","","","","","","","","","","","","","","","","","0"
"719","Tulsa","09/18/10","25","DOUGLAS","JA'TERIAN","3","23","0","23","0","","","","","","","3","23","","","","","","","","","","","","","","","","","","","","","","","","","","","","","","0"
"719","Tulsa","09/25/10","25","DOUGLAS","JA'TERIAN","6","67","7","60","1","","","","","","","6","60","","","","","","","","","","","","","","","","","","1","","","","","","","","","","","","6"
"719","Tulsa","10/02/10","25","DOUGLAS","JA'TERIAN","5","46","0","46","1","","","","","","","5","46","","","","","","","","","","","","","","","","","","1","","","","","","","","","","","","6"
"719","Tulsa","10/09/10","25","DOUGLAS","JA'TERIAN","1","4","0","4","0","","","","","","","1","4","","","","","","","","","","","","","","","","","","","","","","","","","","","","","","0"
"719","Tulsa","10/16/10","25","DOUGLAS","JA'TERIAN","5","64","0","64","1","","","","","","","5","64","","","","","","","","","","","","","","","","","","1","","","","","","","","","","","","6"
"719","Tulsa","10/30/10","25","DOUGLAS","JA'TERIAN","8","61","3","58","0","","","","","","","8","58","","","","","","","","","","","","","","","","","","","","","","","","","","","","","","0"
"719","Tulsa","11/06/10","25","DOUGLAS","JA'TERIAN","6","27","0","27","0","","","","","","","6","27","","","","","","","","","","","","","","","","","","","","","","","","","","","","","","0"
"719","Tulsa","11/13/10","25","DOUGLAS","JA'TERIAN","2","7","0","7","0","","","","","","","2","7","","","","","","","","","","","","","","","","","","","","","","","","","","","","","","0"
"719","Tulsa","11/20/10","25","DOUGLAS","JA'TERIAN","2","10","0","10","0","","","","","","","2","10","","","","","","","","","","","","","","","","","","","","","","","","","","","","","","0"
"719","Tulsa","12/24/10","25","DOUGLAS","JA'TERIAN","1","2","0","2","0","","","","","","","1","2","","","","","","","","","","","","","","","","","","","","","","","","","","","","","","0"
"719","Tulsa","09/05/10","47","FITZPATRICK","KEVIN","","","","","","","","","","","","0","0","","","","","","","","","","","","","","","","","","","4","4","0","0","","","","","2","1","","7"
"719","Tulsa","09/11/10","47","FITZPATRICK","KEVIN","","","","","","","","","","","","0","0","","","","","","","","","","","","","","","","","","","3","3","0","0","","","","","4","4","","15"
"719","Tulsa","09/18/10","47","FITZPATRICK","KEVIN","","","","","","","","","","","","0","0","","","","","","","","","","","","","","","","","","","4","4","0","0","","","","","","","","4"
"719","Tulsa","09/25/10","47","FITZPATRICK","KEVIN","","","","","","","","","","","","0","0","","","","","","","","","","","","","","","","","","","5","5","0","0","","","","","2","2","","11"
"719","Tulsa","10/02/10","47","FITZPATRICK","KEVIN","","","","","","","","","","","","0","0","","","","","","","","","","","","","","","","","","","6","6","0","0","","","","","4","2","","12"
"719","Tulsa","10/09/10","47","FITZPATRICK","KEVIN","","","","","","","","","","","","0","0","","","","","","","","","","","","","","","","","","","1","1","0","0","","","","","3","1","","4"
"719","Tulsa","10/16/10","47","FITZPATRICK","KEVIN","","","","","","","","","","","","0","0","","","","","","","","","","","","","","","","","","","7","7","0","0","","","","","1","1","","10"
"719","Tulsa","10/30/10","47","FITZPATRICK","KEVIN","","","","","","","","","","","","0","0","","","","","","","","","","","","","","","","","","","2","2","0","0","","","","","3","2","","8"
"719","Tulsa","11/06/10","47","FITZPATRICK","KEVIN","","","","","","","","","","","","0","0","","","","","","","","","","","","","","","","","","","8","7","0","0","","","","","1","0","","7"
"719","Tulsa","11/13/10","47","FITZPATRICK","KEVIN","","","","","","","","","","","","0","0","","","","","","","","","","","","","","","","","","","4","4","0","0","","","","","","","","4"
"719","Tulsa","11/20/10","47","FITZPATRICK","KEVIN","","","","","","","","","","","","0","0","","","","","","","","","","","","","","","","","","","4","4","0","0","","","","","2","1","","7"
"719","Tulsa","11/26/10","47","FITZPATRICK","KEVIN","","","","","","","","","","","","0","0","","","","","","","","","","","","","","","","","","","8","8","0","0","","","","","","","","8"
"719","Tulsa","12/24/10","47","FITZPATRICK","KEVIN","","","","","","","","","","","","0","0","","","","","","","","","","","","","","","","","","","8","8","0","0","","","","","2","2","","14"
"719","Tulsa","10/30/10","21","FLANDERS","JOHN","","","","","","","","","","","","0","0","","","","1","0","0","","","","","","","","","","","","","","","","","","","","","","","","0"
"719","Tulsa","11/06/10","21","FLANDERS","JOHN","","","","","","","","","","","","0","0","","","","","","","","","","","","","","","","","","","","","0","0","1","1","","","","","","2"
"719","Tulsa","12/24/10","21","FLANDERS","JOHN","","","","","","","","","","","","0","0","","","","1","54","1","","","","","","","","","","","","1","","","","","","","","","","","","6"
"719","Tulsa","09/05/10","19","HOWELL","MILTON","","","","","","","","","","","","0","0","","","","","","","","","","","","","","","1","8","0","","","","","","","","","","","","","0"
"719","Tulsa","09/11/10","19","HOWELL","MILTON","","","","","","1","0","0","0","0","","1","0","","","","","","","","","","","","","","","","","","","","","","","","","","","","","","0"
"719","Tulsa","11/06/10","4H","HULSE","MATT","","","","","","","","","","","","0","0","","","","","","","","","","","","","","","","","","","1","1","0","0","","","","","","","","1"
"719","Tulsa","09/11/10","55","JACKSON","SHAWN","","","","","","","","","","","","0","0","","","","1","0","0","","","","","","","","","","","","","","","","","","","","","","","","0"
"719","Tulsa","10/30/10","55","JACKSON","SHAWN","","","","","","","","","","","","0","0","","","","1","66","1","","","","","","","","","","","","1","","","","","","","","","","","","6"
"719","Tulsa","11/06/10","12","JAMES","JORDAN","","","","","","","","","","","","0","0","1","27","0","","","","","","","","","","","","","","","","","","","","","","","","","","","0"
"719","Tulsa","09/05/10","3","JOHNSON","DAMARIS","7","67","11","56","1","","","","","","","7","56","4","51","0","","","","","","","","","3","41","0","5","151","0","1","","","","","","","","","","","","6"
"719","Tulsa","09/11/10","3","JOHNSON","DAMARIS","1","4","0","4","0","","","","","","","1","4","7","84","0","","","","","","","","","2","28","0","1","17","0","","","","","","","","","","","","","0"
"719","Tulsa","09/18/10","3","JOHNSON","DAMARIS","1","26","0","26","0","","","","","","","1","26","4","54","0","","","","","","","","","","","","2","59","0","","","","","","","","","","","","","0"
"719","Tulsa","09/25/10","3","JOHNSON","DAMARIS","4","55","0","55","1","","","","","","","4","55","1","2","0","","","","","","","","","2","13","0","1","16","0","1","","","","","","","","","","","","6"
"719","Tulsa","10/02/10","3","JOHNSON","DAMARIS","5","44","0","44","0","","","","","","","5","44","3","59","0","","","","","","","","","2","25","0","1","26","0","","","","","","","","","","","","","0"
"719","Tulsa","10/09/10","3","JOHNSON","DAMARIS","4","9","0","9","0","","","","","","","4","9","5","63","0","","","","","","","","","4","28","0","3","66","0","","","","","","","","","","","","","0"
"719","Tulsa","10/16/10","3","JOHNSON","DAMARIS","4","87","0","87","2","","","","","","","4","87","3","10","0","","","","","","","","","3","34","0","1","18","0","2","","","","","","","","","","","","12"
"719","Tulsa","10/30/10","3","JOHNSON","DAMARIS","6","36","0","36","0","","","","","","","6","36","4","46","1","","","","","","","","","3","72","1","2","54","0","2","","","","","","","","","","","","12"
"719","Tulsa","11/06/10","3","JOHNSON","DAMARIS","2","26","4","22","0","","","","","","","2","22","8","163","2","","","","","","","","","1","3","0","3","134","1","3","","","","","","","","","","","","18"
"719","Tulsa","11/13/10","3","JOHNSON","DAMARIS","4","23","0","23","0","","","","","","","4","23","4","56","0","","","","","","","","","1","5","0","3","61","0","","","","","","","","","","","","","0"
"719","Tulsa","11/20/10","3","JOHNSON","DAMARIS","4","22","0","22","1","","","","","","","4","22","6","146","0","","","","","","","","","1","25","0","2","87","0","1","","","","","","","","","","","","6"
"719","Tulsa","11/26/10","3","JOHNSON","DAMARIS","8","82","4","78","1","","","","","","","8","78","4","37","0","","","","","","","","","","","","5","106","0","1","","","","","","","","","","","","6"
"719","Tulsa","12/24/10","3","JOHNSON","DAMARIS","5","100","2","98","1","","","","","","","5","98","4","101","1","","","","","","","","","1","18","0","5","109","0","2","","","","","","","","","","","","12"
"719","Tulsa","09/05/10","5","JOHNSON","RICKY","","","","","","","","","","","","0","0","2","19","0","","","","","","","","","","","","1","15","0","","","","","","","","","","","","","0"
"719","Tulsa","09/11/10","5","JOHNSON","RICKY","","","","","","","","","","","","0","0","2","61","0","","","","","","","","","","","","1","12","0","","","","","","","","","","","","","0"
"719","Tulsa","09/18/10","5","JOHNSON","RICKY","","","","","","","","","","","","0","0","2","42","0","","","","","","","","","","","","","","","","","","","","","","","","","","","0"
"719","Tulsa","09/25/10","5","JOHNSON","RICKY","","","","","","","","","","","","0","0","4","43","0","","","","","","","","","","","","","","","","","","","","","","","","","","","0"
"719","Tulsa","10/02/10","5","JOHNSON","RICKY","","","","","","","","","","","","0","0","1","20","0","","","","","","","","","","","","","","","","","","","","","","","","","","","0"
"719","Tulsa","10/09/10","5","JOHNSON","RICKY","","","","","","","","","","","","0","0","1","6","0","","","","","","","","","","","","","","","","","","","","","","","","","","","0"
"719","Tulsa","10/16/10","5","JOHNSON","RICKY","","","","","","","","","","","","0","0","","","","","","","","","","","","","","","1","16","0","","","","","","","","","","","","","0"
"719","Tulsa","10/30/10","5","JOHNSON","RICKY","","","","","","","","","","","","0","0","3","52","0","","","","","","","","","","","","","","","","","","","","","","","","","","","0"
"719","Tulsa","11/06/10","5","JOHNSON","RICKY","","","","","","","","","","","","0","0","2","20","0","","","","","","","","","","","","1","8","0","","","","","","","","","","","","","0"
"719","Tulsa","11/13/10","5","JOHNSON","RICKY","","","","","","","","","","","","0","0","2","14","0","","","","","","","","","","","","","","","","","","","","","","","","","","","0"
"719","Tulsa","11/26/10","5","JOHNSON","RICKY","","","","","","","","","","","","0","0","2","57","1","","","","","","","","","","","","3","33","0","1","","","","","","","","","","","","6"
"719","Tulsa","12/24/10","5","JOHNSON","RICKY","","","","","","","","","","","","0","0","1","17","0","","","","","","","","","","","","","","","","","","","","","","","","","","","0"
"719","Tulsa","09/05/10","1","JOHNSON","TRAE","","","","","","","","","","","","0","0","2","26","1","","","","","","","","","","","","","","","1","","","","","","","","","","","","6"
"719","Tulsa","09/11/10","1","JOHNSON","TRAE","","","","","","","","","","","","0","0","6","80","1","","","","","","","","","","","","","","","1","","","","","","","","","","","","6"
"719","Tulsa","09/18/10","1","JOHNSON","TRAE","","","","","","","","","","","","0","0","6","57","0","","","","","","","","","","","","","","","","","","","","","","","","","","","0"
"719","Tulsa","10/02/10","1","JOHNSON","TRAE","","","","","","","","","","","","0","0","1","19","0","","","","","","","","","","","","","","","","","","","","","","","","","","","0"
"719","Tulsa","10/09/10","1","JOHNSON","TRAE","","","","","","","","","","","","0","0","2","24","0","","","","","","","","","","","","","","","","","","","","","","","","","","","0"
"719","Tulsa","10/16/10","1","JOHNSON","TRAE","","","","","","","","","","","","0","0","2","58","0","","","","","","","","","","","","","","","","","","","","","","","","","","","0"
"719","Tulsa","10/30/10","1","JOHNSON","TRAE","","","","","","","","","","","","0","0","2","14","0","","","","","","","","","","","","","","","","","","","","","","","","","","","0"
"719","Tulsa","11/06/10","1","JOHNSON","TRAE","","","","","","","","","","","","0","0","2","25","1","","","","","","","","","","","","","","","1","","","","","","","","","","","","6"
"719","Tulsa","11/20/10","1","JOHNSON","TRAE","","","","","","","","","","","","0","0","1","11","0","","","","","","","","","","","","","","","","","","","","","","","","","","","0"
"719","Tulsa","11/26/10","1","JOHNSON","TRAE","","","","","","","","","","","","0","0","4","113","0","","","","","","","","","","","","","","","","","","","","","","","","","","","0"
"719","Tulsa","12/24/10","1","JOHNSON","TRAE","","","","","","","","","","","","0","0","2","71","0","","","","","","","","","","","","","","","","","","","","","","","","","","","0"
"719","Tulsa","09/05/10","4","KINNE","G.J.","14","54","16","38","0","43","28","1","399","5","0","57","437","","","","","","","","","","","","","","","","","","","","","2","0","","","","","","","","0"
"719","Tulsa","09/11/10","4","KINNE","G.J.","4","9","11","-2","0","47","27","1","356","2","","51","354","","","","","","","","","","","","","","","","","","","","","","","","","","","","","","0"
"719","Tulsa","09/18/10","4","KINNE","G.J.","4","21","2","19","1","34","22","3","219","1","","38","238","","","","","","","","","","1","24","","","","","","","1","","","","","","","","","","","","6"
"719","Tulsa","09/25/10","4","KINNE","G.J.","5","16","8","8","0","33","22","1","232","3","","38","240","","","","","","","","","","2","43","","","","","","","","","","","","","","","","","","","0"
"719","Tulsa","10/02/10","4","KINNE","G.J.","10","40","1","39","1","31","18","0","214","2","","41","253","","","","","","","","","","","","","","","","","","1","","","","","","","","","","","","6"
"719","Tulsa","10/09/10","4","KINNE","G.J.","12","46","8","38","2","41","20","0","229","0","1","53","267","","","","","","","","","","","","","","","","","","2","","","1","1","","","","","","","","14"
"719","Tulsa","10/16/10","4","KINNE","G.J.","12","75","27","48","0","25","15","0","206","2","","37","254","","","","","","","","","","","","","","","","","","","","","","","","","","","","","","0"
"719","Tulsa","10/30/10","4","KINNE","G.J.","20","113","35","78","0","34","18","0","196","1","0","54","274","","","","","","","","","","","","","","","","","","","","","1","0","","","","","","","","0"
"719","Tulsa","11/06/10","4","KINNE","G.J.","12","67","21","46","0","39","26","0","371","4","","51","417","","","","","","","","","","","","","","","","","","","","","","","","","","","","","","0"
"719","Tulsa","11/13/10","4","KINNE","G.J.","31","200","10","190","1","31","20","2","154","2","","62","344","","","","","","","","","","1","27","","","","","","","1","","","","","","","","","","","","6"
"719","Tulsa","11/20/10","4","KINNE","G.J.","7","22","15","7","0","34","19","0","325","2","","41","332","","","","","","","","","","","","","","","","","","","","","","","","","","","","","","0"
"719","Tulsa","11/26/10","4","KINNE","G.J.","14","63","15","48","2","37","23","2","406","4","","51","454","","","","","","","","","","","","","","","","","","2","","","","","","","","","","","","12"
"719","Tulsa","12/24/10","4","KINNE","G.J.","13","36","32","4","0","31","17","0","343","3","","44","347","","","","","","","","","","","","","","","","","","","","","","","","","","","","","","0"
"719","Tulsa","09/05/10","26","MCCOIL","DEXTER","","","","","","","","","","","","0","0","","","","1","0","0","","","","","","","","","","","","","","","","","","","","","","","","0"
"719","Tulsa","09/25/10","26","MCCOIL","DEXTER","","","","","","","","","","","","0","0","","","","1","37","0","","","","","","","","","","","","","","","","","","","","","","","","0"
"719","Tulsa","10/09/10","26","MCCOIL","DEXTER","","","","","","","","","","","","0","0","","","","1","0","0","","","","","","","","","","","","","","","","","","","","","","","","0"
"719","Tulsa","10/30/10","26","MCCOIL","DEXTER","","","","","","","","","","","","0","0","","","","1","0","0","","","","","","","","","","","","","","","","","","","","","","","","0"
"719","Tulsa","11/20/10","26","MCCOIL","DEXTER","","","","","","","","","","","","0","0","","","","1","13","0","","","","","","","","","","","","","","","","","","","","","","","","0"
"719","Tulsa","11/26/10","26","MCCOIL","DEXTER","","","","","","","","","","","","0","0","","","","1","13","0","","","","","","","","","","","","","","","","","","","","","","","","0"
"719","Tulsa","10/16/10","8M","MOORE","BRIAN","","","","","","","","","","","","0","0","","","","1","39","0","","","","","","","","","","","","","","","","","","","","","","","","0"
"719","Tulsa","09/11/10","20","NELSON","MARCO","","","","","","","","","","","","0","0","","","","1","0","0","","","","","","","","","","","","","","","","","","","","","","","","0"
"719","Tulsa","09/18/10","20","NELSON","MARCO","","","","","","","","","","","","0","0","","","","1","81","1","","","","","","","","","","","","1","","","","","","","","","","","","6"
"719","Tulsa","09/25/10","20","NELSON","MARCO","","","","","","","","","","","","0","0","","","","","","","","","","","","","","","1","26","0","","","","","","","","","","","","","0"
"719","Tulsa","10/02/10","20","NELSON","MARCO","","","","","","","","","","","","0","0","","","","1","0","0","","","","","","","","","","","","","","","","","","","","","","","","0"
"719","Tulsa","10/30/10","20","NELSON","MARCO","1","24","0","24","0","","","","","","","1","24","","","","","","","","","","","","","","","","","","","","","","","","","","","","","","0"
"719","Tulsa","11/13/10","20","NELSON","MARCO","","","","","","","","","","","","0","0","","","","3","7","0","","","","","","","","","","","","","","","","","","","","","","","","0"
"719","Tulsa","09/05/10","6","OWENS","JAMEEL","","","","","","","","","","","","0","0","3","44","1","","","","","","","","","","","","","","","1","","","","","","","","","","","","6"
"719","Tulsa","09/18/10","6","OWENS","JAMEEL","","","","","","","","","","","","0","0","2","35","0","","","","","","","","","","","","","","","","","","","","","","","","","","","0"
"719","Tulsa","09/25/10","6","OWENS","JAMEEL","","","","","","","","","","","","0","0","4","44","1","","","","","","","","","","","","","","","1","","","","","","","","","","","","6"
"719","Tulsa","10/02/10","6","OWENS","JAMEEL","","","","","","","","","","","","0","0","2","32","1","","","","","","","","","","","","","","","1","","","","","","","","","","","","6"
"719","Tulsa","10/30/10","6","OWENS","JAMEEL","","","","","","","","","","","","0","0","1","7","0","","","","","","","","","","","","","","","","","","","","","","","","","","","0"
"719","Tulsa","11/06/10","6","OWENS","JAMEEL","","","","","","","","","","","","0","0","2","30","0","","","","","","","","","","","","","","","","","","","","","","","","","","","0"
"719","Tulsa","11/13/10","6","OWENS","JAMEEL","","","","","","","","","","","","0","0","1","4","1","","","","","","","","","","","","","","","1","","","","","","","","","","","","6"
"719","Tulsa","11/26/10","6","OWENS","JAMEEL","","","","","","","","","","","","0","0","1","27","1","","","","","","","","","","","","","","","1","","","","","","","","","","","","6"
"719","Tulsa","12/24/10","6","OWENS","JAMEEL","","","","","","","","","","","","0","0","2","23","1","","","","","","","","","","","","","","","1","","","","","","","","","","","","6"
"719","Tulsa","09/05/10","7","ROBERSON","THOMAS","2","21","0","21","0","","","","","","","2","21","3","36","0","","","","","","","","","","","","","","","","","","","","","","","","","","","0"
"719","Tulsa","09/11/10","7","ROBERSON","THOMAS","","","","","","","","","","","","0","0","2","13","0","","","","","","","","","","","","","","","","","","","","","","","","","","","0"
"719","Tulsa","09/18/10","7","ROBERSON","THOMAS","","","","","","","","","","","","0","0","1","5","0","","","","","","","","","","","","","","","","","","","","","","","","","","","0"
"719","Tulsa","09/25/10","7","ROBERSON","THOMAS","1","17","0","17","0","","","","","","","1","17","3","34","0","","","","","","","","","1","4","0","","","","","","","","","","","","","","","","0"
"719","Tulsa","10/02/10","7","ROBERSON","THOMAS","2","8","0","8","0","","","","","","","2","8","3","22","0","","","","","","","","","","","","","","","","","","","","","","","","","","","0"
"719","Tulsa","10/09/10","7","ROBERSON","THOMAS","2","15","0","15","0","","","","","","","2","15","3","29","0","","","","","","","","","","","","1","28","0","","","","","","","","","","","","","0"
"719","Tulsa","10/16/10","7","ROBERSON","THOMAS","","","","","","","","","","","","0","0","1","6","0","","","","","","","","","","","","","","","","","","","","","","","","","","","0"
"719","Tulsa","10/30/10","7","ROBERSON","THOMAS","1","6","0","6","0","","","","","","","1","6","3","24","0","","","","","","","","","","","","","","","","","","","","","","","","","","","0"
"719","Tulsa","11/06/10","7","ROBERSON","THOMAS","","","","","","","","","","","","0","0","2","58","1","","","","","","","","","","","","","","","1","","","","","","","","","","","","6"
"719","Tulsa","11/13/10","7","ROBERSON","THOMAS","","","","","","","","","","","","0","0","4","12","0","","","","","","","","","","","","","","","","","","","","","","","","","","","0"
"719","Tulsa","11/20/10","7","ROBERSON","THOMAS","","","","","","","","","","","","0","0","2","55","0","","","","","","","","","","","","","","","","","","","","","","","","","","","0"
"719","Tulsa","11/26/10","7","ROBERSON","THOMAS","","","","","","","","","","","","0","0","1","10","0","","","","","","","","","","","","","","","","","","","","","","","","","","","0"
"719","Tulsa","12/24/10","7","ROBERSON","THOMAS","","","","","","","","","","","","0","0","2","63","1","","","","","","","","","","","","","","","1","","","","","","","","","","","","6"
"719","Tulsa","09/05/10","82","SEARS","CLAY","","","","","","","","","","","","0","0","1","12","1","","","","","","","","","","","","","","","1","","","","","","","","","","","","6"
"719","Tulsa","10/02/10","82","SEARS","CLAY","","","","","","","","","","","","0","0","1","23","0","","","","","","","","","","","","","","","","","","","","","","","","","","","0"
"719","Tulsa","11/06/10","82","SEARS","CLAY","","","","","","","","","","","","0","0","1","11","0","","","","","","","","","","","","","","","","","","","","","","","","","","","0"
"719","Tulsa","11/13/10","82","SEARS","CLAY","","","","","","","","","","","","0","0","2","14","1","","","","","","","","","","","","","","","1","","","","","","","","","","","","6"
"719","Tulsa","11/26/10","82","SEARS","CLAY","","","","","","","","","","","","0","0","1","4","0","","","","","","","","","","","","","","","","","","","","","","","","","","","0"
"719","Tulsa","09/05/10","8","SINGLETON","ALEX","3","5","0","5","1","","","","","","","3","5","","","","","","","","","","","","","","","","","","1","","","","","","","","","","","","6"
"719","Tulsa","09/11/10","8","SINGLETON","ALEX","10","74","0","74","1","","","","","","","10","74","1","8","0","","","","","","","","","","","","","","","1","","","","","","","","","","","","6"
"719","Tulsa","09/18/10","8","SINGLETON","ALEX","11","30","0","30","0","","","","","","","11","30","","","","","","","","","","","","","","","","","","","","","","","","","","","","","","0"
"719","Tulsa","09/25/10","8","SINGLETON","ALEX","12","99","6","93","0","","","","","","","12","93","1","16","0","","","","","","","","","","","","","","","","","","","","","","","","","","","0"
"719","Tulsa","10/02/10","8","SINGLETON","ALEX","6","14","1","13","1","","","","","","","6","13","","","","","","","","","","","","","","","","","","1","","","","","","","","","","","","6"
"719","Tulsa","10/09/10","8","SINGLETON","ALEX","6","49","3","46","0","","","","","","","6","46","","","","","","","","","","","","","","","","","","","","","","","","","","","","","","0"
"719","Tulsa","10/16/10","8","SINGLETON","ALEX","9","45","0","45","2","","","","","","","9","45","","","","","","","","","","","","","","","","","","2","","","","","","","","","","","","12"
"719","Tulsa","10/30/10","8","SINGLETON","ALEX","2","2","0","2","0","","","","","","","2","2","","","","","","","","","","","","","","","","","","","","","","","","","","","","","","0"
"719","Tulsa","11/06/10","8","SINGLETON","ALEX","16","55","0","55","2","","","","","","","16","55","","","","","","","","","","","","","","","","","","2","","","","","","","","","","","","12"
"719","Tulsa","11/13/10","8","SINGLETON","ALEX","1","2","0","2","1","","","","","","","1","2","","","","","","","","","","","","","","","","","","1","","","","","","","","","","","","6"
"719","Tulsa","11/20/10","8","SINGLETON","ALEX","8","27","1","26","1","","","","","","","8","26","","","","","","","","","","","","","","","","","","1","","","","","","","","","","","","6"
"719","Tulsa","12/24/10","8","SINGLETON","ALEX","3","8","0","8","2","","","","","","","3","8","","","","","","","","","","","","","","","","","","2","","","","","","","","","","","","12"
"719","Tulsa","09/05/10","35","SUCH","MICHAEL","","","","","","","","","","","","0","0","","","","","","","","","","2","75","","","","","","","","","","","","","","","","","","","0"
"719","Tulsa","09/11/10","35","SUCH","MICHAEL","","","","","","","","","","","","0","0","","","","","","","","","","3","147","","","","","","","","","","","","","","","","","","","0"
"719","Tulsa","09/18/10","35","SUCH","MICHAEL","","","","","","","","","","","","0","0","","","","","","","","","","5","256","","","","","","","","","","","","","","","","","","","0"
"719","Tulsa","09/25/10","35","SUCH","MICHAEL","","","","","","","","","","","","0","0","","","","","","","","","","2","84","","","","","","","","","","","","","","","","","","","0"
"719","Tulsa","10/02/10","35","SUCH","MICHAEL","","","","","","","","","","","","0","0","","","","","","","","","","3","107","","","","","","","","","","","","","","","","","","","0"
"719","Tulsa","10/09/10","35","SUCH","MICHAEL","","","","","","","","","","","","0","0","","","","","","","","","","4","187","","","","","","","","","","","","","","","","","","","0"
"719","Tulsa","10/16/10","35","SUCH","MICHAEL","","","","","","","","","","","","0","0","","","","","","","","","","5","201","","","","","","","","","","","","","","","","","","","0"
"719","Tulsa","10/30/10","35","SUCH","MICHAEL","","","","","","","","","","","","0","0","","","","","","","","","","7","285","","","","","","","","","","","","","","","","","","","0"
"719","Tulsa","11/06/10","35","SUCH","MICHAEL","","","","","","","","","","","","0","0","","","","","","","","","","1","38","","","","","","","","","","","","","","","","","","","0"
"719","Tulsa","11/13/10","35","SUCH","MICHAEL","","","","","","","","","","","","0","0","","","","","","","","","","4","153","","","","","","","","","","","","","","","","","","","0"
"719","Tulsa","11/20/10","35","SUCH","MICHAEL","","","","","","","","","","","","0","0","","","","","","","","","","3","152","","","","","","","","","","","","","","","","","","","0"
"719","Tulsa","11/26/10","35","SUCH","MICHAEL","","","","","","","","","","","","0","0","","","","","","","","","","3","117","","","","","","","","","","","","","","","","","","","0"
"719","Tulsa","12/24/10","35","SUCH","MICHAEL","","","","","","","","","","","","0","0","","","","","","","","","","6","265","","","","","","","","","","","","","","","","","","","0"
"719","Tulsa","09/05/10","22","WATTS","TREY","13","41","1","40","0","","","","","","","13","40","3","45","0","","","","","","","","","","","","","","","","","","","","","","","","","","","0"
"719","Tulsa","09/11/10","22","WATTS","TREY","17","55","3","52","0","","","","","","","17","52","3","13","0","","","","","","","","","","","","","","","","","","","","","","","","","","","0"
"719","Tulsa","09/18/10","22","WATTS","TREY","9","29","1","28","1","","","","","","","9","28","5","16","0","","","","","","","","","","","","","","","1","","","","","","","","","","","","6"
"719","Tulsa","09/25/10","22","WATTS","TREY","5","9","0","9","0","","","","","","","5","9","3","36","1","","","","","","","","","","","","","","","1","","","","","","","","","","","","6"
"719","Tulsa","10/02/10","22","WATTS","TREY","5","28","0","28","0","","","","","","","5","28","1","-1","0","","","","","","","","","","","","","","","","","","","","","","","","","","","0"
"719","Tulsa","10/09/10","22","WATTS","TREY","1","1","0","1","0","","","","","","","1","1","1","20","0","","","","","","","","","","","","","","","","","","","","","","","","","","","0"
"719","Tulsa","11/06/10","22","WATTS","TREY","3","7","0","7","0","","","","","","","3","7","1","16","1","","","","","","","","","","","","","","","1","","","","","","","","","","","","6"
"719","Tulsa","11/20/10","22","WATTS","TREY","4","18","0","18","0","","","","","","","4","18","1","11","0","","","","","","","","","","","","","","","","","","","","","","","","","","","0"
"719","Tulsa","11/26/10","22","WATTS","TREY","2","7","0","7","0","","","","","","","2","7","0","2","0","","","","","","","","","","","","","","","","","","","","","","","","","","","0"
"719","Tulsa","12/24/10","22","WATTS","TREY","3","7","0","7","0","","","","","","","3","7","2","14","0","","","","","","","","","","","","","","","","","","","","","","","","","","","0"
"719","Tulsa","09/25/10","23","WILLIAMS","JAMAD","2","11","0","11","0","","","","","","","2","11","1","11","0","","","","","","","","","","","","","","","","","","","","","","","","","","","0"
"719","Tulsa","10/02/10","23","WILLIAMS","JAMAD","4","21","0","21","0","","","","","","","4","21","","","","","","","","","","","","","","","","","","","","","","","","","","","","","","0"
"719","Tulsa","10/09/10","23","WILLIAMS","JAMAD","4","14","0","14","0","","","","","","","4","14","1","0","0","","","","","","","","","","","","","","","","","","","","","","","","","","","0"
"719","Tulsa","10/16/10","23","WILLIAMS","JAMAD","2","20","0","20","0","","","","","","","2","20","1","20","0","","","","","","","","","","","","1","10","0","","","","","","","","","","","","","0"
"719","Tulsa","10/30/10","23","WILLIAMS","JAMAD","","","","","","","","","","","","0","0","2","5","0","","","","","","","","","","","","","","","","","","","","","","","","","","","0"
"719","Tulsa","11/06/10","23","WILLIAMS","JAMAD","2","4","0","4","0","","","","","","","2","4","2","20","0","","","","","","","","","","","","","","","","","","","","","","","","","","","0"
"719","Tulsa","11/13/10","23","WILLIAMS","JAMAD","4","12","4","8","0","","","","","","","4","8","","","","","","","","","","","","","","","1","10","0","","","","","","","","","","","","","0"
"719","Tulsa","11/20/10","23","WILLIAMS","JAMAD","8","44","0","44","0","","","","","","","8","44","3","27","0","","","","","","","","","","","","","","","","","","","","","","","","","","","0"
"719","Tulsa","11/26/10","23","WILLIAMS","JAMAD","3","51","0","51","0","","","","","","","3","51","2","17","0","","","","","","","","","","","","","","","","","","","","","","","","","","","0"
"719","Tulsa","12/24/10","23","WILLIAMS","JAMAD","","","","","","","","","","","","0","0","1","12","0","","","","","","","","","","","","","","","","","","","","","","","","","","","0"
"9","UAB","09/11/10","86","ANDERSON","JEFFERY","","","","","","","","","","","","0","0","1","5","0","","","","","","","","","","","","","","","","","","","","","","","","","","","0"
"9","UAB","09/18/10","86","ANDERSON","JEFFERY","","","","","","","","","","","","0","0","2","17","0","","","","","","","","","","","","","","","","","","","","","","","","","","","0"
"9","UAB","09/25/10","86","ANDERSON","JEFFERY","","","","","","","","","","","","0","0","3","53","0","","","","","","","","","","","","","","","","","","0","0","","","","","","","","0"
"9","UAB","10/16/10","86","ANDERSON","JEFFERY","","","","","","","","","","","","0","0","4","93","1","","","","","","","","","","","","","","","1","","","","","","","","","","","","6"
"9","UAB","10/23/10","86","ANDERSON","JEFFERY","","","","","","","","","","","","0","0","1","1","0","","","","","","","","","","","","","","","","","","","","","","","","","","","0"
"9","UAB","11/06/10","86","ANDERSON","JEFFERY","","","","","","","","","","","","0","0","3","31","0","","","","","","","","","","","","","","","","","","","","","","","","","","","0"
"9","UAB","11/11/10","86","ANDERSON","JEFFERY","","","","","","","","","","","","0","0","7","82","2","","","","","","","","","","","","","","","2","","","","","","","","","","","","12"
"9","UAB","11/20/10","86","ANDERSON","JEFFERY","","","","","","","","","","","","0","0","6","80","1","","","","","","","","","","","","","","","1","","","","","","","","","","","","6"
"9","UAB","11/27/10","86","ANDERSON","JEFFERY","","","","","","","","","","","","0","0","5","45","0","","","","","","","","","","","","","","","","","","","","","","","","","","","0"
"9","UAB","09/02/10","2","BALLOU","T.J.","","","","","","","","","","","","0","0","","","","1","19","0","","","","","","","","","","","","","","","","","","","","","","","","0"
"9","UAB","10/16/10","2","BALLOU","T.J.","","","","","","","","","","","","0","0","","","","1","0","0","","","","","","","","","","","","","","","","","","","","","","","","0"
"9","UAB","10/30/10","2","BALLOU","T.J.","","","","","","","","","","","","0","0","","","","1","14","0","","","","","","","","","","","","","","","","","","","","","","","","0"
"9","UAB","10/30/10","5","BENDER","JAMIE","","","","","","","","","","","","0","0","","","","1","52","0","","","","","","","","","","","","","","","","","","","","","","","","0"
"9","UAB","11/06/10","6","BENTO","JOE","1","1","0","1","0","2","0","0","0","0","","3","1","","","","","","","","","","","","","","","","","","","","","","","","","","","","","","0"
"9","UAB","09/02/10","21","BORNE","DANIEL","3","18","0","18","0","","","","","","","3","18","1","15","1","","","","","","","","","","","","2","35","0","1","","","","","","","","","","","","6"
"9","UAB","09/11/10","21","BORNE","DANIEL","2","18","0","18","0","","","","","","","2","18","","","","","","","","","","","","","","","","","","","","","","","","","","","","","","0"
"9","UAB","09/18/10","21","BORNE","DANIEL","12","41","1","40","1","","","","","","","12","40","2","34","0","","","","","","","","","","","","","","","1","","","","","","","","","","","","6"
"9","UAB","09/25/10","21","BORNE","DANIEL","3","13","0","13","0","","","","","","","3","13","3","48","0","","","","","","","","","","","","2","27","0","","","","","","","","","","","","","0"
"9","UAB","10/06/10","21","BORNE","DANIEL","2","4","2","2","0","","","","","","","2","2","","","","","","","","","","","","","","","","","","","","","","","","","","","","","","0"
"9","UAB","10/16/10","21","BORNE","DANIEL","11","69","0","69","0","","","","","","","11","69","","","","","","","","","","","","","","","","","","","","","","","","","","","","","","0"
"9","UAB","10/23/10","21","BORNE","DANIEL","6","13","2","11","1","","","","","","","6","11","2","10","0","","","","","","","","","","","","","","","1","","","","","","","","","","","","6"
"9","UAB","10/30/10","21","BORNE","DANIEL","11","29","3","26","1","","","","","","","11","26","1","11","0","","","","","","","","","","","","","","","1","","","","","","","","","","","","6"
"9","UAB","11/06/10","21","BORNE","DANIEL","2","22","0","22","0","","","","","","","2","22","1","8","0","","","","","","","","","","","","","","","","","","","","","","","","","","","0"
"9","UAB","11/11/10","21","BORNE","DANIEL","7","49","1","48","1","","","","","","","7","48","","","","","","","","","","","","","","","3","51","0","1","","","","","","","","","","","","6"
"9","UAB","11/20/10","21","BORNE","DANIEL","13","32","9","23","0","","","","","","","13","23","","","","","","","","","","","","","","","","","","","","","","","","","","","","","","0"
"9","UAB","11/27/10","21","BORNE","DANIEL","4","31","0","31","0","","","","","","","4","31","1","8","0","","","","","","","","","","","","","","","","","","","","","","","","","","","0"
"9","UAB","09/02/10","30","BROOKS","JUSTIN","8","31","0","31","0","","","","","","","8","31","2","19","0","","","","","","","","","","","","","","","","","","","","","","","","","","","0"
"9","UAB","09/11/10","30","BROOKS","JUSTIN","5","13","4","9","0","","","","","","","5","9","","","","","","","","","","","","","","","","","","","","","","","","","","","","","","0"
"9","UAB","09/18/10","30","BROOKS","JUSTIN","2","7","0","7","0","","","","","","","2","7","1","5","0","","","","","","","","","","","","","","","","","","","","","","","","","","","0"
"9","UAB","09/25/10","30","BROOKS","JUSTIN","2","0","0","0","0","","","","","","","2","0","1","-1","0","","","","","","","","","","","","","","","","","","","","","","","","","","","0"
"9","UAB","10/06/10","30","BROOKS","JUSTIN","1","1","0","1","0","","","","","","","1","1","","","","","","","","","","","","","","","","","","","","","","","","","","","","","","0"
"9","UAB","10/16/10","30","BROOKS","JUSTIN","13","81","0","81","0","","","","","","","13","81","","","","","","","","","","","","","","","","","","","","","","","","","","","","","","0"
"9","UAB","10/23/10","30","BROOKS","JUSTIN","6","28","0","28","0","","","","","","","6","28","1","4","0","","","","","","","","","","","","","","","","","","","","","","","","","","","0"
"9","UAB","11/06/10","30","BROOKS","JUSTIN","2","11","0","11","0","","","","","","","2","11","1","0","0","","","","","","","","","","","","","","","","","","","","","","","","","","","0"
"9","UAB","11/11/10","30","BROOKS","JUSTIN","1","1","0","1","0","","","","","","","1","1","","","","","","","","","","","","","","","","","","","","","","","","","","","","","","0"
"9","UAB","11/20/10","43","BURDETTE","MARVIN","","","","","","","","","","","","0","0","","","","1","6","0","","","","","","","","","","","","","","","","","","","","","","","","0"
"9","UAB","10/30/10","4","CARTER","RODDELL","","","","","","","","","","","","0","0","2","21","0","","","","","","","","","","","","","","","","","","","","","","","","","","","0"
"9","UAB","11/06/10","4","CARTER","RODDELL","","","","","","","","","","","","0","0","1","4","0","","","","","","","","","","","","","","","","","","","","","","","","","","","0"
"9","UAB","11/11/10","4","CARTER","RODDELL","","","","","","","","","","","","0","0","1","58","1","","","","","","","","","","","","","","","1","","","","","","","","","","","","6"
"9","UAB","11/20/10","4","CARTER","RODDELL","","","","","","","","","","","","0","0","3","50","0","","","","","","","","","","","","","","","","","","","","","","","","","","","0"
"9","UAB","09/02/10","8","COLEMAN","MARQUIS","","","","","","","","","","","","0","0","","","","","","","","","","","","","","","","","","","","","0","0","1","0","","","","","","0"
"9","UAB","10/16/10","8","COLEMAN","MARQUIS","","","","","","","","","","","","0","0","","","","1","32","0","","","","","","","","","","","","","","","","","","","","","","","","0"
"9","UAB","10/30/10","31","DANIEL","CHASE","","","","","","","","","","","","0","0","","","","","","","1","8","0","","","","","","","","","","","","","","","","","","","","","0"
"9","UAB","09/11/10","9","DAVIS","JAY","","","","","","","","","","","","0","0","1","5","0","","","","","","","","","","","","","","","","","","","","","","","","","","","0"
"9","UAB","10/06/10","44","DYCK","CALEB","","","","","","","","","","","","0","0","","","","","","","","","","","","","","","1","12","0","","","","","","","","","","","","","0"
"9","UAB","09/11/10","10","ELLIS","BRYAN","","","","","","11","6","0","44","0","","11","44","","","","","","","","","","","","","","","","","","","","","","","","","","","","","","0"
"9","UAB","09/18/10","10","ELLIS","BRYAN","2","8","12","-4","0","37","23","2","360","3","","39","356","","","","","","","","","","","","","","","","","","","","","","","","","","","","","","0"
"9","UAB","09/25/10","10","ELLIS","BRYAN","1","2","0","2","0","55","29","1","373","1","2","56","375","1","1","0","","","","","","","","","","","","","","","","","","2","2","","","","","","","","4"
"9","UAB","10/06/10","10","ELLIS","BRYAN","1","0","6","-6","0","30","14","2","149","1","","31","143","","","","","","","","","","","","","","","","","","","","","","","","","","","","","","0"
"9","UAB","10/16/10","10","ELLIS","BRYAN","2","2","7","-5","0","28","20","0","272","3","","30","267","","","","","","","","","","","","","","","","","","","","","","","","","","","","","","0"
"9","UAB","10/23/10","10","ELLIS","BRYAN","4","6","1","5","1","45","23","0","236","1","","49","241","","","","","","","","","","","","","","","","","","1","","","","","","","","","","","","6"
"9","UAB","10/30/10","10","ELLIS","BRYAN","3","7","1","6","1","34","22","3","241","3","1","37","247","","","","","","","","","","","","","","","","","","1","","","1","1","","","","","","","","8"
"9","UAB","11/06/10","10","ELLIS","BRYAN","5","14","12","2","0","45","21","1","238","2","","50","240","","","","","","","","","","","","","","","","","","","","","","","","","","","","","","0"
"9","UAB","11/11/10","10","ELLIS","BRYAN","2","3","5","-2","0","49","31","1","418","5","","51","416","","","","","","","","","","","","","","","","","","","","","","","","","","","","","","0"
"9","UAB","11/20/10","10","ELLIS","BRYAN","1","2","0","2","0","38","21","2","361","3","","39","363","","","","","","","","","","","","","","","","","","","","","","","","","","","","","","0"
"9","UAB","11/27/10","10","ELLIS","BRYAN","4","29","0","29","0","39","21","0","248","3","","43","277","","","","","","","","","","","","","","","","","","","","","","","","","","","","","","0"
"9","UAB","09/02/10","7","FORREST","FRANTRELL","2","3","5","-2","0","","","","","","","2","-2","1","10","0","","","","","","","","","","","","3","72","0","","","","","","","","","","","","","0"
"9","UAB","09/11/10","7","FORREST","FRANTRELL","","","","","","","","","","","","0","0","5","71","0","","","","","","","","","","","","3","77","0","","","","","","","","","","","","","0"
"9","UAB","09/18/10","7","FORREST","FRANTRELL","","","","","","","","","","","","0","0","4","71","1","","","","","","","","","","","","","","","1","","","","","","","","","","","","6"
"9","UAB","09/25/10","7","FORREST","FRANTRELL","1","6","0","6","0","","","","","","","1","6","7","109","1","","","","","","","","","","","","1","16","0","1","","","","","","","","","","","","6"
"9","UAB","10/06/10","7","FORREST","FRANTRELL","1","7","0","7","0","","","","","","","1","7","1","4","0","","","","","","","","","","","","","","","","","","","","","","","","","","","0"
"9","UAB","10/16/10","7","FORREST","FRANTRELL","","","","","","","","","","","","0","0","7","99","2","","","","","","","","","","","","3","53","0","2","","","","","","","","","","","","12"
"9","UAB","10/23/10","7","FORREST","FRANTRELL","","","","","","","","","","","","0","0","5","58","0","","","","","","","","","","","","2","42","0","","","","","","","","","","","","","0"
"9","UAB","10/30/10","7","FORREST","FRANTRELL","3","11","0","11","0","","","","","","","3","11","4","67","0","","","","","","","","","","","","2","56","0","","","","","","","","","","","","","0"
"9","UAB","11/06/10","7","FORREST","FRANTRELL","1","0","1","-1","0","","","","","","","1","-1","5","69","0","","","","","","","","","","","","1","3","0","","","","","","","","","","","","","0"
"9","UAB","09/25/10","24","FRANKLIN","GREG","1","7","0","7","0","","","","","","","1","7","3","37","0","","","","","","","","","","","","","","","","","","","","","","","","","","","0"
"9","UAB","10/06/10","24","FRANKLIN","GREG","3","10","0","10","0","","","","","","","3","10","1","5","0","","","","","","","","","","","","2","24","0","","","","","","","","","","","","","0"
"9","UAB","10/16/10","24","FRANKLIN","GREG","7","39","3","36","0","","","","","","","7","36","1","6","0","","","","","","","","","","","","","","","","","","","","","","","","","","","0"
"9","UAB","11/06/10","24","FRANKLIN","GREG","","","","","","","","","","","","0","0","","","","","","","","","","","","","","","1","8","0","","","","","","","","","","","","","0"
"9","UAB","11/27/10","24","FRANKLIN","GREG","","","","","","","","","","","","0","0","","","","","","","","","","","","","","","2","35","0","","","","","","","","","","","","","0"
"9","UAB","09/11/10","16","HEARN","PATRICK","","","","","","","","","","","","0","0","2","31","0","","","","","","","","","","","","","","","","","","","","","","","","","","","0"
"9","UAB","09/18/10","16","HEARN","PATRICK","","","","","","","","","","","","0","0","2","30","0","","","","","","","","","","","","","","","","","","","","","","","","","","","0"
"9","UAB","09/25/10","16","HEARN","PATRICK","","","","","","","","","","","","0","0","4","38","0","","","","","","","","","","","","","","","","","","","","","","","","","","","0"
"9","UAB","10/06/10","16","HEARN","PATRICK","1","3","0","3","0","","","","","","","1","3","5","61","1","","","","","","","","","","","","","","","1","","","","","","","","","","","","6"
"9","UAB","10/16/10","16","HEARN","PATRICK","","","","","","","","","","","","0","0","3","44","0","","","","","","","","","","","","","","","","","","","","","","","","","","","0"
"9","UAB","10/23/10","16","HEARN","PATRICK","1","5","0","5","0","","","","","","","1","5","5","51","0","","","","","","","","","","","","","","","","","","","","","","","","","","","0"
"9","UAB","10/30/10","16","HEARN","PATRICK","","","","","","","","","","","","0","0","1","7","0","","","","","","","","","","","","","","","","","","","","","","","","","","","0"
"9","UAB","11/06/10","16","HEARN","PATRICK","","","","","","","","","","","","0","0","2","63","1","","","","","","","","","","","","","","","1","","","","","","","","","","","","6"
"9","UAB","11/11/10","16","HEARN","PATRICK","","","","","","","","","","","","0","0","4","65","1","","","","","","","","","","","","","","","1","","","","","","","","","","","","6"
"9","UAB","11/20/10","16","HEARN","PATRICK","1","3","0","3","0","","","","","","","1","3","4","123","1","","","","","","","","","","","","","","","1","","","","","","","","","","","","6"
"9","UAB","11/27/10","16","HEARN","PATRICK","","","","","","","","","","","","0","0","3","23","0","","","","","","","","","","","","","","","","","","","","","","","","","","","0"
"9","UAB","11/06/10","51","HENIGAN","ELLIOTT","","","","","","","","","","","","0","0","","","","1","11","0","","","","","","","","","","","","","","","","","","","","","","","","0"
"9","UAB","09/02/10","17","ISABELLE","DAVID","22","233","19","214","3","19","9","1","79","1","","41","293","","","","","","","","","","","","","","","","","","3","","","","","","","","","","","","18"
"9","UAB","09/11/10","17","ISABELLE","DAVID","16","57","23","34","0","15","7","1","109","1","","31","143","","","","","","","","","","","","","","","","","","","","","","","","","","","","","","0"
"9","UAB","09/18/10","17","ISABELLE","DAVID","5","25","9","16","0","8","2","0","16","0","","13","32","","","","","","","","","","","","","","","","","","","","","","","","","","","","","","0"
"9","UAB","09/25/10","17","ISABELLE","DAVID","16","73","10","63","1","5","4","0","56","1","","21","119","","","","","","","","","","","","","","","","","","1","","","","","","","","","","","","6"
"9","UAB","10/06/10","17","ISABELLE","DAVID","12","63","1","62","0","3","1","0","4","0","","15","66","","","","","","","","","","","","","","","","","","","","","","","","","","","","","","0"
"9","UAB","10/16/10","17","ISABELLE","DAVID","1","5","0","5","0","","","","","","","1","5","","","","","","","","","","","","","","","","","","","","","","","","","","","","","","0"
"9","UAB","11/27/10","17","ISABELLE","DAVID","1","2","0","2","0","","","","","","","1","2","","","","","","","","","","","","","","","","","","","","","","","","","","","","","","0"
"9","UAB","09/02/10","22","JONES","MIKE","1","3","0","3","0","","","","","","","1","3","2","17","0","","","","","","","","","","","","","","","","","","","","","","","","","","","0"
"9","UAB","09/11/10","22","JONES","MIKE","","","","","","","","","","","","0","0","2","36","1","","","","","","","","","","","","","","","1","","","","","","","","","","","","6"
"9","UAB","09/18/10","22","JONES","MIKE","","","","","","","","","","","","0","0","3","60","0","","","","","","","","","1","0","0","","","","","","","1","0","","","","","","","","0"
"9","UAB","09/25/10","22","JONES","MIKE","1","0","11","-11","0","","","","","","","1","-11","2","58","1","","","","","","","","","","","","","","","1","","","","","","","","","","","","6"
"9","UAB","10/06/10","22","JONES","MIKE","","","","","","1","0","0","0","0","","1","0","3","26","0","","","","","","","","","","","","","","","","","","","","","","","","","","","0"
"9","UAB","10/16/10","22","JONES","MIKE","","","","","","","","","","","","0","0","1","7","0","","","","","","","","","","","","","","","","","","","","","","","","","","","0"
"9","UAB","10/23/10","22","JONES","MIKE","","","","","","","","","","","","0","0","4","66","1","","","","","","","","","1","0","0","","","","1","","","","","","","","","","","","6"
"9","UAB","10/30/10","22","JONES","MIKE","","","","","","","","","","","","0","0","8","86","3","","","","","","","","","","","","","","","3","","","","","","","","","","","","18"
"9","UAB","11/06/10","22","JONES","MIKE","","","","","","","","","","","","0","0","1","11","1","","","","","","","","","3","0","0","","","","1","","","","","","","","","","","","6"
"9","UAB","11/11/10","22","JONES","MIKE","","","","","","","","","","","","0","0","8","110","0","","","","","","","","","","","","","","","","","","","","","","","","","","","0"
"9","UAB","11/20/10","22","JONES","MIKE","","","","","","","","","","","","0","0","2","15","0","","","","","","","","","","","","","","","","","","","","","","","","","","","0"
"9","UAB","11/27/10","22","JONES","MIKE","","","","","","","","","","","","0","0","2","39","0","","","","","","","","","","","","","","","","","","","","","","","","","","","0"
"9","UAB","11/20/10","88","MOORE","FREDDIE","1","0","1","-1","0","","","","","","","1","-1","","","","","","","","","","","","","","","","","","","","","","","","","","","","","","0"
"9","UAB","09/02/10","37","RAGLAND","TREY","","","","","","","","","","","","0","0","","","","","","","","","","8","382","","","","","","","","","","","","","","","","","","","0"
"9","UAB","09/11/10","37","RAGLAND","TREY","","","","","","","","","","","","0","0","","","","","","","","","","5","243","","","","","","","","","","","","","","","","","","","0"
"9","UAB","09/18/10","37","RAGLAND","TREY","","","","","","","","","","","","0","0","","","","","","","","","","2","101","","","","","","","","","","","","","","","","","","","0"
"9","UAB","09/25/10","37","RAGLAND","TREY","","","","","","","","","","","","0","0","","","","","","","","","","4","182","","","","","","","","","","","","","","","","","","","0"
"9","UAB","10/06/10","37","RAGLAND","TREY","","","","","","","","","","","","0","0","","","","","","","","","","4","130","","","","","","","","","","","","","","","","","","","0"
"9","UAB","10/16/10","37","RAGLAND","TREY","","","","","","","","","","","","0","0","","","","","","","","","","3","119","","","","","","","","","","","","","","","","","","","0"
"9","UAB","10/23/10","37","RAGLAND","TREY","","","","","","","","","","","","0","0","","","","","","","","","","6","214","","","","","","","","","","","","","","","","","","","0"
"9","UAB","10/30/10","37","RAGLAND","TREY","","","","","","","","","","","","0","0","","","","","","","","","","3","123","","","","","","","","","","","","","","","","","","","0"
"9","UAB","11/06/10","37","RAGLAND","TREY","","","","","","","","","","","","0","0","","","","","","","","","","7","274","","","","","","","","","","","","","","","","","","","0"
"9","UAB","11/11/10","37","RAGLAND","TREY","","","","","","","","","","","","0","0","","","","","","","","","","5","224","","","","","","","","","","","","","","","","","","","0"
"9","UAB","11/20/10","37","RAGLAND","TREY","","","","","","","","","","","","0","0","","","","","","","","","","3","107","","","","","","","","","","","","","","","","","","","0"
"9","UAB","11/27/10","37","RAGLAND","TREY","","","","","","","","","","","","0","0","","","","","","","","","","5","210","","","","","","","","","","","","","","","","","","","0"
"9","UAB","09/11/10","97","REESE","D.J.","","","","","","","","","","","","0","0","","","","","","","1","15","0","","","","","","","","","","","","","","","","","","","","","0"
"9","UAB","09/02/10","26","SHED","PAT","10","69","1","68","0","","","","","","","10","68","2","14","0","","","","","","","","","5","27","0","","","","","","","","","","","","","","","","0"
"9","UAB","09/11/10","26","SHED","PAT","8","43","1","42","0","","","","","","","8","42","","","","","","","","","","","","1","3","0","1","37","0","","","","","","","","","","","","","0"
"9","UAB","09/18/10","26","SHED","PAT","8","96","0","96","0","","","","","","","8","96","5","45","0","","","","","","","","","2","5","0","5","136","0","","","","","","","","","","","","","0"
"9","UAB","09/25/10","26","SHED","PAT","6","42","1","41","0","","","","","","","6","41","7","58","0","","","","","","","","","2","26","0","2","37","0","","","","","","","","","","","","","0"
"9","UAB","10/06/10","26","SHED","PAT","12","40","10","30","0","","","","","","","12","30","3","28","0","","","","","","","","","","","","4","49","0","","","","","","","","","","","","","0"
"9","UAB","10/16/10","26","SHED","PAT","5","40","0","40","0","","","","","","","5","40","1","0","0","","","","","","","","","","","","","","","","","","","","","","","","","","","0"
"9","UAB","10/23/10","26","SHED","PAT","16","74","5","69","0","","","","","","","16","69","2","16","0","","","","","","","","","","","","5","142","0","","","","","","","","","","","","","0"
"9","UAB","10/30/10","26","SHED","PAT","29","179","3","176","2","","","","","","","29","176","3","21","0","","","","","","","","","","","","2","38","0","2","","","","","","","","","","","","12"
"9","UAB","11/06/10","26","SHED","PAT","16","53","8","45","0","","","","","","","16","45","6","48","0","","","","","","","","","","","","4","89","0","","","","","","","","","","","","","0"
"9","UAB","11/11/10","26","SHED","PAT","18","88","7","81","0","","","","","","","18","81","9","84","1","","","","","","","","","","","","7","144","0","1","","","","","","","","","","","","6"
"9","UAB","11/20/10","26","SHED","PAT","20","140","15","125","1","","","","","","","20","125","2","63","1","","","","","","","","","1","3","0","1","13","0","2","","","","","","","","","","","","12"
"9","UAB","11/27/10","26","SHED","PAT","9","37","3","34","0","","","","","","","9","34","7","94","2","","","","","","","","","1","5","0","2","53","0","2","","","","","","","","","","","","12"
"9","UAB","09/11/10","85","SMITH","NOLEN","","","","","","","","","","","","0","0","1","5","0","","","","","","","","","","","","","","","","","","","","","","","","","","","0"
"9","UAB","10/16/10","29","SPRINGS","TERRELL","","","","","","","","","","","","0","0","","","","1","21","0","","","","","","","","","","","","","","","","","","","","","","","","0"
"9","UAB","11/27/10","34","WHITE","DANIEL","","","","","","","","","","","","0","0","","","","1","29","0","","","","","","","","","","","","","","","","","","","","","","","","0"
"9","UAB","09/02/10","15","WILLIAMS","JACKIE","1","13","0","13","0","","","","","","","1","13","1","4","0","","","","","","","","","","","","","","","","","","","","","","","","","","","0"
"9","UAB","09/11/10","15","WILLIAMS","JACKIE","1","5","0","5","0","","","","","","","1","5","1","0","0","","","","","","","","","","","","","","","","","","","","","","","","","","","0"
"9","UAB","09/18/10","15","WILLIAMS","JACKIE","1","4","0","4","1","","","","","","","1","4","6","114","2","","","","","","","","","","","","","","","3","","","","","","","","","","","","18"
"9","UAB","09/25/10","15","WILLIAMS","JACKIE","","","","","","","","","","","","0","0","2","28","0","","","","","","","","","1","12","0","","","","","","","","","","","","","","","","0"
"9","UAB","10/06/10","15","WILLIAMS","JACKIE","2","7","0","7","0","","","","","","","2","7","1","8","0","","","","","","","","","","","","","","","","","","","","","","","","","","","0"
"9","UAB","10/16/10","15","WILLIAMS","JACKIE","1","4","0","4","0","","","","","","","1","4","3","23","0","","","","","","","","","1","0","0","","","","","","","","","","","","","","","","0"
"9","UAB","10/23/10","15","WILLIAMS","JACKIE","","","","","","","","","","","","0","0","3","30","0","","","","","","","","","1","2","0","","","","","","","","","","","","","","","","0"
"9","UAB","10/30/10","15","WILLIAMS","JACKIE","3","7","1","6","0","","","","","","","3","6","3","28","0","","","","","","","","","","","","","","","","","","","","","","","","","","","0"
"9","UAB","11/06/10","15","WILLIAMS","JACKIE","","","","","","","","","","","","0","0","1","4","0","","","","","","","","","","","","","","","","","","","","","","","","","","","0"
"9","UAB","11/11/10","15","WILLIAMS","JACKIE","","","","","","","","","","","","0","0","2","19","0","","","","","","","","","","","","","","","","","","","","","","","","","","","0"
"9","UAB","11/20/10","15","WILLIAMS","JACKIE","","","","","","","","","","","","0","0","4","30","0","","","","","","","","","","","","2","59","0","","","","","","","","","","","","","0"
"9","UAB","11/27/10","15","WILLIAMS","JACKIE","3","12","6","6","0","","","","","","","3","6","3","39","1","","","","","","","","","","","","1","31","0","1","","","","","","","","","","","","6"
"9","UAB","10/06/10","11","WRIGHT","MARIO","","","","","","","","","","","","0","0","1","21","0","","","","","","","","","","","","","","","","","","","","","","","","","","","0"
"9","UAB","09/02/10","96","ZAHN","JOSH","","","","","","","","","","","","0","0","","","","","","","","","","","","","","","","","","","4","4","0","0","","","","","2","1","","7"
"9","UAB","09/11/10","96","ZAHN","JOSH","","","","","","","","","","","","0","0","","","","","","","","","","","","","","","","","","","1","1","0","0","","","","","","","","1"
"9","UAB","09/18/10","96","ZAHN","JOSH","","","","","","","","","","","","0","0","","","","","","","","","","","","","","","","","","","4","4","0","0","","","","","","","","4"
"9","UAB","09/25/10","96","ZAHN","JOSH","","","","","","","","","","","","0","0","","","","","","","","","","","","","","","","","","","1","1","0","0","","","","","7","2","","7"
"9","UAB","10/06/10","96","ZAHN","JOSH","","","","","","","","","","","","0","0","","","","","","","","","","","","","","","","","","","1","1","0","0","","","","","1","0","","1"
"9","UAB","10/16/10","96","ZAHN","JOSH","","","","","","","","","","","","0","0","","","","","","","","","","","","","","","","","","","3","3","0","0","","","","","2","0","","3"
"9","UAB","10/23/10","96","ZAHN","JOSH","","","","","","","","","","","","0","0","","","","","","","","","","","","","","","","","","","3","3","0","0","","","","","1","1","","6"
"9","UAB","10/30/10","96","ZAHN","JOSH","","","","","","","","","","","","0","0","","","","","","","","","","","","","","","","","","","6","6","0","0","","","","","1","0","","6"
"9","UAB","11/06/10","96","ZAHN","JOSH","","","","","","","","","","","","0","0","","","","","","","","","","","","","","","","","","","2","2","0","0","","","","","1","1","","5"
"9","UAB","11/11/10","96","ZAHN","JOSH","","","","","","","","","","","","0","0","","","","","","","","","","","","","","","","","","","6","6","0","0","","","","","","","","6"
"9","UAB","11/20/10","96","ZAHN","JOSH","","","","","","","","","","","","0","0","","","","","","","","","","","","","","","","","","","4","4","0","0","","","","","1","1","","7"
"9","UAB","11/27/10","96","ZAHN","JOSH","","","","","","","","","","","","0","0","","","","","","","","","","","","","","","","","","","3","2","0","0","","","","","1","1","","5"
"128","UCF","09/04/10","81","AIKEN","KAMAR","","","","","","","","","","","","0","0","3","40","0","","","","","","","","","","","","","","","","","","","","","","","","","","","0"
"128","UCF","09/11/10","81","AIKEN","KAMAR","","","","","","","","","","","","0","0","5","50","0","","","","","","","","","","","","","","","","","","","","","","","","","","","0"
"128","UCF","09/18/10","81","AIKEN","KAMAR","","","","","","","","","","","","0","0","2","46","0","","","","","","","","","","","","","","","","","","","","","","","","","","","0"
"128","UCF","10/06/10","81","AIKEN","KAMAR","","","","","","","","","","","","0","0","3","33","0","","","","","","","","","","","","","","","","","","","","","","","","","","","0"
"128","UCF","10/13/10","81","AIKEN","KAMAR","","","","","","","","","","","","0","0","1","9","0","","","","","","","","","","","","","","","","","","","","","","","","","","","0"
"128","UCF","10/23/10","81","AIKEN","KAMAR","","","","","","","","","","","","0","0","3","90","0","","","","","","","","","","","","","","","","","","","","","","","","","","","0"
"128","UCF","10/30/10","81","AIKEN","KAMAR","","","","","","","","","","","","0","0","1","40","1","","","","","","","","","","","","","","","1","","","","","","","","","","","","6"
"128","UCF","11/05/10","81","AIKEN","KAMAR","","","","","","","","","","","","0","0","1","5","0","","","","","","","","","","","","","","","","","","","","","","","","","","","0"
"128","UCF","11/13/10","81","AIKEN","KAMAR","","","","","","","","","","","","0","0","3","16","0","","","","","","","","","","","","","","","","","","","","","","","","","","","0"
"128","UCF","11/20/10","81","AIKEN","KAMAR","","","","","","","","","","","","0","0","2","70","1","","","","","","","","","","","","","","","1","","","","","","","","","","","","6"
"128","UCF","11/27/10","81","AIKEN","KAMAR","","","","","","","","","","","","0","0","1","20","0","","","","","","","","","","","","","","","","","","","","","","","","","","","0"
"128","UCF","12/04/10","81","AIKEN","KAMAR","","","","","","","","","","","","0","0","4","52","0","","","","","","","","","","","","","","","","","","","","","","","","","","","0"
"128","UCF","12/31/10","81","AIKEN","KAMAR","","","","","","","","","","","","0","0","3","15","0","","","","","","","","","","","","","","","","","","","","","","","","","","","0"
"128","UCF","09/18/10","98","BOHNER","DAVID","","","","","","","","","","","","0","0","","","","","","","","","","6","211","","","","","","","","","","","","","","","","","","","0"
"128","UCF","11/20/10","98","BOHNER","DAVID","","","","","","","","","","","","0","0","","","","","","","","","","1","49","","","","","","","","","","","","","","","","","","","0"
"128","UCF","11/27/10","98","BOHNER","DAVID","","","","","","","","","","","","0","0","","","","","","","","","","1","41","","","","","","","","","","","","","","","","","","","0"
"128","UCF","10/13/10","19","BOUYE","A.J.","","","","","","","","","","","","0","0","","","","1","42","1","","","","","","","","","","","","1","","","","","","","","","","","","6"
"128","UCF","10/06/10","99","BOYLE","JAMIE","","","","","","","","","","","","0","0","","","","","","","","","","","","","","","","","","","2","2","0","0","","","","","","","","2"
"128","UCF","10/13/10","99","BOYLE","JAMIE","","","","","","","","","","","","0","0","","","","","","","","","","","","","","","","","","","5","5","0","0","","","","","1","0","","5"
"128","UCF","11/13/10","99","BOYLE","JAMIE","","","","","","","","","","","","0","0","","","","","","","","","","","","","","","","","","","2","2","0","0","","","","","1","0","","2"
"128","UCF","09/04/10","4","CALABRESE","ROB","4","14","0","14","0","15","12","0","176","1","","19","190","","","","","","","","","","","","","","","","","","","","","","","","","","","","","","0"
"128","UCF","09/11/10","4","CALABRESE","ROB","5","14","13","1","0","18","10","2","106","0","","23","107","","","","","","","","","","","","","","","","","","","","","","","","","","","","","","0"
"128","UCF","09/18/10","4","CALABRESE","ROB","","","","","","3","0","0","0","0","","3","0","","","","","","","","","","","","","","","","","","","","","","","","","","","","","","0"
"128","UCF","10/06/10","4","CALABRESE","ROB","5","40","0","40","0","3","3","0","34","1","","8","74","","","","","","","","","","","","","","","","","","","","","","","","","","","","","","0"
"128","UCF","10/13/10","4","CALABRESE","ROB","2","4","0","4","1","","","","","","","2","4","","","","","","","","","","","","","","","","","","1","","","","","","","","","","","","6"
"128","UCF","09/04/10","16","CATTOI","NICK","","","","","","","","","","","","0","0","","","","","","","","","","","","","","","","","","","5","5","0","0","","","","","1","1","","8"
"128","UCF","09/11/10","16","CATTOI","NICK","","","","","","","","","","","","0","0","","","","","","","","","","","","","","","","","","","3","3","0","0","","","","","1","0","","3"
"128","UCF","09/18/10","16","CATTOI","NICK","","","","","","","","","","","","0","0","","","","","","","","","","","","","","","","","","","3","3","0","0","","","","","1","1","","6"
"128","UCF","09/25/10","16","CATTOI","NICK","","","","","","","","","","","","0","0","","","","","","","","","","","","","","","","","","","1","1","0","0","","","","","4","2","","7"
"128","UCF","10/06/10","16","CATTOI","NICK","","","","","","","","","","","","0","0","","","","","","","","","","","","","","","","","","","4","4","0","0","","","","","1","0","","4"
"128","UCF","10/23/10","16","CATTOI","NICK","","","","","","","","","","","","0","0","","","","","","","","","","","","","","","","","","","6","5","0","0","","","","","","","","5"
"128","UCF","10/30/10","16","CATTOI","NICK","","","","","","","","","","","","0","0","","","","","","","","","","","","","","","","","","","7","7","0","0","","","","","1","0","","7"
"128","UCF","11/05/10","16","CATTOI","NICK","","","","","","","","","","","","0","0","","","","","","","","","","","","","","","","","","","5","4","0","0","","","","","3","2","","10"
"128","UCF","11/13/10","16","CATTOI","NICK","","","","","","","","","","","","0","0","","","","","","","","","","","","","","","","","","","1","1","0","0","","","","","","","","1"
"128","UCF","11/20/10","16","CATTOI","NICK","","","","","","","","","","","","0","0","","","","","","","","","","","","","","","","","","","7","7","0","0","","","","","2","2","","13"
"128","UCF","11/27/10","16","CATTOI","NICK","","","","","","","","","","","","0","0","","","","","","","","","","","","","","","","","","","5","4","0","0","","","","","2","1","","7"
"128","UCF","12/04/10","16","CATTOI","NICK","","","","","","","","","","","","0","0","","","","","","","","","","","","","","","","","","","2","2","0","0","","","","","2","1","","5"
"128","UCF","12/31/10","16","CATTOI","NICK","","","","","","","","","","","","0","0","","","","","","","","","","","","","","","","","","","1","1","0","0","","","","","1","1","","4"
"128","UCF","09/04/10","41","CLINGAN","BLAKE","","","","","","","","","","","","0","0","","","","","","","","","","1","26","","","","","","","","","","","","","","","","","","","0"
"128","UCF","09/11/10","41","CLINGAN","BLAKE","","","","","","","","","","","","0","0","","","","","","","","","","6","256","","","","","","","","","","","","","","","","","","","0"
"128","UCF","09/25/10","41","CLINGAN","BLAKE","","","","","","","","","","","","0","0","","","","","","","","","","5","205","","","","","","","","","","","","","","","","","","","0"
"128","UCF","10/06/10","41","CLINGAN","BLAKE","","","","","","","","","","","","0","0","","","","","","","","","","1","34","","","","","","","","","","","","","","","","","","","0"
"128","UCF","10/13/10","41","CLINGAN","BLAKE","","","","","","","","","","","","0","0","","","","","","","","","","3","117","","","","","","","","","","","","","","","","","","","0"
"128","UCF","10/23/10","41","CLINGAN","BLAKE","","","","","","","","","","","","0","0","","","","","","","","","","2","89","","","","","","","","","","","","","","","","","","","0"
"128","UCF","11/05/10","41","CLINGAN","BLAKE","","","","","","","","","","","","0","0","","","","","","","","","","2","94","","","","","","","","","","","","","","","","","","","0"
"128","UCF","11/13/10","41","CLINGAN","BLAKE","","","","","","","","","","","","0","0","","","","","","","","","","5","214","","","","","","","","","","","","","","","","","","","0"
"128","UCF","11/20/10","41","CLINGAN","BLAKE","","","","","","","","","","","","0","0","","","","","","","","","","3","105","","","","","","","","","","","","","","","","","","","0"
"128","UCF","11/27/10","41","CLINGAN","BLAKE","","","","","","","","","","","","0","0","","","","","","","","","","1","40","","","","","","","","","","","","","","","","","","","0"
"128","UCF","12/04/10","41","CLINGAN","BLAKE","","","","","","","","","","","","0","0","","","","","","","","","","4","201","","","","","","","","","","","","","","","","","","","0"
"128","UCF","12/31/10","41","CLINGAN","BLAKE","","","","","","","","","","","","0","0","","","","","","","","","","6","250","","","","","","","","","","","","","","","","","","","0"
"128","UCF","10/23/10","17","CROW","L.D.","2","0","9","-9","0","6","5","0","91","1","","8","82","","","","","","","","","","","","","","","","","","","","","","","","","","","","","","0"
"128","UCF","11/13/10","17","CROW","L.D.","","","","","","1","0","0","0","0","","1","0","","","","","","","","","","","","","","","","","","","","","","","","","","","","","","0"
"128","UCF","11/20/10","17","CROW","L.D.","1","1","0","1","0","5","2","0","44","0","","6","45","","","","","","","","","","","","","","","","","","","","","","","","","","","","","","0"
"128","UCF","09/04/10","27","DAVIS","JONATHAN","20","108","1","107","1","","","","","","","20","107","","","","","","","","","","","","","","","","","","1","","","","","","","","","","","","6"
"128","UCF","09/11/10","27","DAVIS","JONATHAN","16","42","10","32","0","","","","","","","16","32","1","5","0","","","","","","","","","","","","","","","","","","","","","","","","","","","0"
"128","UCF","09/18/10","27","DAVIS","JONATHAN","8","16","6","10","0","","","","","","","8","10","","","","","","","","","","","","","","","","","","","","","","","","","","","","","","0"
"128","UCF","09/25/10","27","DAVIS","JONATHAN","10","35","0","35","0","","","","","","","10","35","","","","","","","","","","","","","","","","","","","","","","","","","","","","","","0"
"128","UCF","10/23/10","27","DAVIS","JONATHAN","2","15","0","15","0","","","","","","","2","15","","","","","","","","","","","","","","","","","","","","","","","","","","","","","","0"
"128","UCF","11/13/10","27","DAVIS","JONATHAN","","","","","","","","","","","","0","0","1","10","0","","","","","","","","","","","","1","11","0","","","","","","","","","","","","","0"
"128","UCF","11/20/10","27","DAVIS","JONATHAN","9","35","0","35","0","","","","","","","9","35","","","","","","","","","","","","","","","","","","","","","","","","","","","","","","0"
"128","UCF","10/06/10","58","DAVIS","TROY","","","","","","","","","","","","0","0","","","","1","29","1","","","","","","","","","","","","1","","","","","","","","","","","","6"
"128","UCF","09/11/10","10","FLORES","NICO","","","","","","1","0","1","0","0","","1","0","","","","","","","","","","","","","","","","","","","","","","","","","","","","","","0"
"128","UCF","10/23/10","10","FLORES","NICO","1","1","0","1","0","","","","","","","1","1","","","","","","","","","","","","","","","","","","","","","","","","","","","","","","0"
"128","UCF","11/20/10","10","FLORES","NICO","5","47","1","46","0","2","0","0","0","0","","7","46","","","","","","","","","","","","","","","","","","","","","","","","","","","","","","0"
"128","UCF","10/13/10","13","FLOYD","DONTRAVIUS","","","","","","","","","","","","0","0","","","","","","","","","","","","","","","1","1","0","","","","","","","","","","","","","0"
"128","UCF","09/18/10","32","GIOVANETTI","BILLY","","","","","","","","","","","","0","0","1","6","0","","","","","","","","","","","","","","","","","","","","","","","","","","","0"
"128","UCF","10/23/10","32","GIOVANETTI","BILLY","","","","","","","","","","","","0","0","","","","","","","","","","","","","","","1","16","0","","","","","","","","","","","","","0"
"128","UCF","09/04/10","2","GODFREY","JEFFREY","3","10","3","7","0","7","6","0","65","1","","10","72","","","","","","","","","","","","","","","","","","","","","","","","","","","","","","0"
"128","UCF","09/11/10","2","GODFREY","JEFFREY","10","59","6","53","2","10","7","0","107","0","","20","160","","","","","","","","","","","","","","","","","","2","","","","","","","","","","","","12"
"128","UCF","09/18/10","2","GODFREY","JEFFREY","13","53","9","44","0","24","15","0","130","0","","37","174","","","","","","","","","","","","","","","","","","","","","","","","","","","","","","0"
"128","UCF","09/25/10","2","GODFREY","JEFFREY","17","111","12","99","0","18","8","2","92","0","","35","191","","","","","","","","","","","","","","","","","","","","","","","","","","","","","","0"
"128","UCF","10/06/10","2","GODFREY","JEFFREY","9","80","0","80","0","11","9","0","137","0","","20","217","","","","","","","","","","","","","","","","","","","","","","","","","","","","","","0"
"128","UCF","10/13/10","2","GODFREY","JEFFREY","6","33","6","27","2","21","11","1","138","0","","27","165","","","","","","","","","","","","","","","","","","2","","","","","","","","","","","","12"
"128","UCF","10/23/10","2","GODFREY","JEFFREY","10","42","1","41","1","18","13","1","178","1","","28","219","","","","","","","","","","","","","","","","","","1","","","","","","","","","","","","6"
"128","UCF","10/30/10","2","GODFREY","JEFFREY","8","46","3","43","0","12","8","0","159","2","","20","202","","","","","","","","","","","","","","","","","","","","","","","","","","","","","","0"
"128","UCF","11/05/10","2","GODFREY","JEFFREY","20","116","11","105","1","19","15","0","294","2","","39","399","","","","","","","","","","","","","","","","","","1","","","","","","","","","","","","6"
"128","UCF","11/13/10","2","GODFREY","JEFFREY","12","20","14","6","1","25","16","2","190","2","","37","196","","","","","","","","","","","","","","","","","","1","","","","","","","","","","","","6"
"128","UCF","11/20/10","2","GODFREY","JEFFREY","6","8","18","-10","2","8","6","0","133","2","","14","123","","","","","","","","","","","","","","","","","","2","","","","","","","","","","","","12"
"128","UCF","11/27/10","2","GODFREY","JEFFREY","13","51","17","34","1","17","14","0","252","2","","30","286","","","","","","","","","","","","","","","","","","1","","","","","","","","","","","","6"
"128","UCF","12/04/10","2","GODFREY","JEFFREY","15","47","30","17","0","19","15","0","167","1","","34","184","","","","","","","","","","","","","","","","","","","","","","","","","","","","","","0"
"128","UCF","12/31/10","2","GODFREY","JEFFREY","10","28","8","20","0","29","16","2","117","0","","39","137","","","","","","","","","","","","","","","","","","","","","","","","","","","","","","0"
"128","UCF","09/04/10","3","GUYTON","A.J.","","","","","","","","","","","","0","0","8","127","1","","","","","","","","","3","34","0","","","","1","","","","","","","","","","","","6"
"128","UCF","09/11/10","3","GUYTON","A.J.","1","9","0","9","0","","","","","","","1","9","1","6","0","","","","","","","","","","","","","","","","","","","","","","","","","","","0"
"128","UCF","09/18/10","3","GUYTON","A.J.","1","5","0","5","0","","","","","","","1","5","3","21","0","","","","","","","","","1","5","0","","","","","","","","","","","","","","","","0"
"128","UCF","09/25/10","3","GUYTON","A.J.","2","0","12","-12","0","","","","","","","2","-12","4","47","0","","","","","","","","","2","36","0","","","","","","","","","","","","","","","","0"
"128","UCF","10/13/10","3","GUYTON","A.J.","","","","","","","","","","","","0","0","","","","","","","","","","","","2","13","0","","","","","","","","","","","","","","","","0"
"128","UCF","10/23/10","3","GUYTON","A.J.","","","","","","","","","","","","0","0","1","6","0","","","","","","","","","","","","","","","","","","","","","","","","","","","0"
"128","UCF","10/30/10","3","GUYTON","A.J.","","","","","","","","","","","","0","0","3","27","1","","","","","","","","","","","","","","","1","","","","","","","","","","","","6"
"128","UCF","11/05/10","3","GUYTON","A.J.","","","","","","","","","","","","0","0","4","64","1","","","","","","","","","","","","","","","1","","","","","","","","","","","","6"
"128","UCF","11/13/10","3","GUYTON","A.J.","1","5","0","5","0","","","","","","","1","5","1","16","0","","","","","","","","","","","","","","","","","","","","","","","","","","","0"
"128","UCF","11/27/10","3","GUYTON","A.J.","","","","","","","","","","","","0","0","1","13","0","","","","","","","","","","","","","","","","","","","","","","","","","","","0"
"128","UCF","12/04/10","3","GUYTON","A.J.","","","","","","","","","","","","0","0","2","26","0","","","","","","","","","","","","","","","","","","","","","","","","","","","0"
"128","UCF","11/27/10","38","HALLMAN","DERRICK","","","","","","","","","","","","0","0","","","","1","20","0","","","","","","","","","","","","","","","","","","","","","","","","0"
"128","UCF","10/06/10","31","HUDSON","AUSTIN","","","","","","","","","","","","0","0","","","","","","","","","","","","1","2","0","","","","","","","","","","","","","","","","0"
"128","UCF","10/06/10","18","ISHMAEL","KEMAL","","","","","","","","","","","","0","0","","","","1","12","0","","","","","","","","","","","","","","","","","","","","","","","","0"
"128","UCF","11/20/10","18","ISHMAEL","KEMAL","","","","","","","","","","","","0","0","","","","1","0","0","","","","","","","","","","","","","","","","","","","","","","","","0"
"128","UCF","10/06/10","43","KAY","RICKY","","","","","","","","","","","","0","0","2","16","0","","","","","","","","","","","","","","","","","","","","","","","","","","","0"
"128","UCF","10/13/10","43","KAY","RICKY","","","","","","","","","","","","0","0","2","27","0","","","","","","","","","","","","","","","","","","","","","","","","","","","0"
"128","UCF","10/23/10","43","KAY","RICKY","","","","","","","","","","","","0","0","2","59","1","","","","","","","","","","","","","","","1","","","","","","","","","","","","6"
"128","UCF","11/05/10","43","KAY","RICKY","","","","","","","","","","","","0","0","1","11","1","","","","","","","","","","","","","","","1","","","","","","","","","","","","6"
"128","UCF","11/27/10","43","KAY","RICKY","","","","","","","","","","","","0","0","1","3","0","","","","","","","","","","","","","","","","","","","","","","","","","","","0"
"128","UCF","12/04/10","43","KAY","RICKY","","","","","","","","","","","","0","0","1","4","0","","","","","","","","","","","","","","","","","","","","","","","","","","","0"
"128","UCF","09/04/10","24","KELLY","BRENDAN","8","38","0","38","1","","","","","","","8","38","","","","","","","","","","","","","","","","","","1","","","","","","","","","","","","6"
"128","UCF","09/18/10","24","KELLY","BRENDAN","9","41","1","40","0","","","","","","","9","40","","","","","","","","","","","","","","","","","","","","","","","","","","","","","","0"
"128","UCF","10/06/10","24","KELLY","BRENDAN","8","24","1","23","0","","","","","","","8","23","","","","","","","","","","","","","","","","","","","","","","","","","","","","","","0"
"128","UCF","10/13/10","24","KELLY","BRENDAN","4","24","0","24","0","","","","","","","4","24","","","","","","","","","","","","","","","","","","","","","","","","","","","","","","0"
"128","UCF","10/23/10","24","KELLY","BRENDAN","2","4","0","4","0","","","","","","","2","4","","","","","","","","","","","","","","","","","","","","","","","","","","","","","","0"
"128","UCF","11/05/10","24","KELLY","BRENDAN","2","3","0","3","0","","","","","","","2","3","","","","","","","","","","","","","","","","","","","","","","","","","","","","","","0"
"128","UCF","11/20/10","24","KELLY","BRENDAN","2","6","0","6","0","","","","","","","2","6","","","","","","","","","","","","","","","","","","","","","","","","","","","","","","0"
"128","UCF","12/31/10","50","LINAM","JOSH","","","","","","","","","","","","0","0","","","","1","13","0","","","","","","","","","","","","","","","","","","","","","","","","0"
"128","UCF","09/04/10","14","MCDUFFIE","QUINCY","1","6","0","6","0","","","","","","","1","6","2","21","1","","","","","","","","","","","","1","18","0","1","","","","","","","","","","","","6"
"128","UCF","09/11/10","14","MCDUFFIE","QUINCY","","","","","","","","","","","","0","0","2","26","0","","","","","","","","","","","","2","117","1","1","","","","","","","","","","","","6"
"128","UCF","09/18/10","14","MCDUFFIE","QUINCY","2","10","0","10","0","","","","","","","2","10","3","13","0","","","","","","","","","","","","3","74","0","","","","","","","","","","","","","0"
"128","UCF","09/25/10","14","MCDUFFIE","QUINCY","","","","","","","","","","","","0","0","1","6","0","","","","","","","","","","","","2","44","0","","","","","","","","","","","","","0"
"128","UCF","10/06/10","14","MCDUFFIE","QUINCY","2","12","0","12","0","","","","","","","2","12","","","","","","","","","","","","","","","2","60","0","","","","","","","","","","","","","0"
"128","UCF","10/13/10","14","MCDUFFIE","QUINCY","2","20","0","20","0","","","","","","","2","20","1","19","0","","","","","","","","","","","","1","18","0","","","","","","","","","","","","","0"
"128","UCF","10/23/10","14","MCDUFFIE","QUINCY","","","","","","","","","","","","0","0","1","9","0","","","","","","","","","","","","1","24","0","","","","","","","","","","","","","0"
"128","UCF","10/30/10","14","MCDUFFIE","QUINCY","","","","","","","","","","","","0","0","","","","","","","","","","","","","","","2","74","0","","","","","","","","","","","","","0"
"128","UCF","11/05/10","14","MCDUFFIE","QUINCY","","","","","","","","","","","","0","0","","","","","","","","","","","","","","","4","147","0","","","","","","","","","","","","","0"
"128","UCF","11/13/10","14","MCDUFFIE","QUINCY","2","9","0","9","0","","","","","","","2","9","","","","","","","","","","","","","","","3","81","0","","","","","","","","","","","","","0"
"128","UCF","11/20/10","14","MCDUFFIE","QUINCY","","","","","","","","","","","","0","0","1","28","1","","","","","","","","","","","","2","114","1","2","","","","","","","","","","","","12"
"128","UCF","11/27/10","14","MCDUFFIE","QUINCY","1","0","3","-3","0","","","","","","","1","-3","1","16","0","","","","","","","","","","","","2","60","0","","","","","","","","","","","","","0"
"128","UCF","12/04/10","14","MCDUFFIE","QUINCY","","","","","","","","","","","","0","0","","","","","","","","","","","","","","","1","18","0","","","","","","","","","","","","","0"
"128","UCF","12/31/10","14","MCDUFFIE","QUINCY","","","","","","","","","","","","0","0","1","6","0","","","","","","","","","","","","1","20","0","","","","","","","","","","","","","0"
"128","UCF","09/18/10","49","MILLER","BRUCE","","","","","","","","","","","","0","0","","","","1","30","1","","","","","","","","","","","","1","","","","","","","","","","","","6"
"128","UCF","11/05/10","49","MILLER","BRUCE","","","","","","","","","","","","0","0","","","","1","15","1","","","","","","","","","","","","1","","","","","","","","","","","","6"
"128","UCF","09/04/10","28","MURRAY","LATAVIUS","4","7","0","7","0","","","","","","","4","7","1","6","0","","","","","","","","","","","","1","5","0","","","","","","","","","","","","","0"
"128","UCF","09/11/10","28","MURRAY","LATAVIUS","","","","","","","","","","","","0","0","","","","","","","","","","","","","","","1","10","0","","","","","","","","","","","","","0"
"128","UCF","10/06/10","28","MURRAY","LATAVIUS","3","23","0","23","1","","","","","","","3","23","","","","","","","","","","","","","","","","","","1","","","","","","","","","","","","6"
"128","UCF","10/13/10","28","MURRAY","LATAVIUS","8","36","3","33","1","","","","","","","8","33","","","","","","","","","","","","","","","","","","1","","","","","","","","","","","","6"
"128","UCF","10/23/10","28","MURRAY","LATAVIUS","7","17","0","17","0","","","","","","","7","17","1","16","0","","","","","","","","","","","","","","","","","","","","","","","","","","","0"
"128","UCF","10/30/10","28","MURRAY","LATAVIUS","7","47","0","47","3","","","","","","","7","47","","","","","","","","","","","","","","","","","","3","","","","","","","","","","","","18"
"128","UCF","11/05/10","28","MURRAY","LATAVIUS","11","81","3","78","1","","","","","","","11","78","","","","","","","","","","","","","","","","","","1","","","","","","","","","","","","6"
"128","UCF","11/13/10","28","MURRAY","LATAVIUS","6","21","8","13","0","","","","","","","6","13","1","4","0","","","","","","","","","","","","","","","","","","","","","","","","","","","0"
"128","UCF","11/20/10","28","MURRAY","LATAVIUS","11","146","0","146","1","","","","","","","11","146","","","","","","","","","","","","","","","","","","1","","","","","","","","","","","","6"
"128","UCF","11/27/10","28","MURRAY","LATAVIUS","16","76","1","75","2","","","","","","","16","75","","","","","","","","","","","","","","","","","","2","","","","","","","","","","","","12"
"128","UCF","12/04/10","28","MURRAY","LATAVIUS","20","102","8","94","1","","","","","","","20","94","2","21","1","","","","","","","","","","","","","","","2","","","","","","","","","","","","12"
"128","UCF","12/31/10","28","MURRAY","LATAVIUS","18","104","0","104","1","","","","","","","18","104","","","","","","","","","","","","","","","","","","1","","","","","","","","","","","","6"
"128","UCF","09/04/10","9","NEWSOME","JAMAR","2","15","0","15","1","","","","","","","2","15","1","14","0","","","","","","","","","","","","","","","1","","","","","","","","","","","","6"
"128","UCF","09/11/10","9","NEWSOME","JAMAR","","","","","","","","","","","","0","0","1","29","0","","","","","","","","","","","","","","","","","","","","","","","","","","","0"
"128","UCF","09/18/10","9","NEWSOME","JAMAR","","","","","","","","","","","","0","0","2","15","0","","","","","","","","","","","","","","","","","","","","","","","","","","","0"
"128","UCF","09/25/10","9","NEWSOME","JAMAR","","","","","","","","","","","","0","0","1","9","0","","","","","","","","","","","","","","","","","","","","","","","","","","","0"
"128","UCF","10/06/10","9","NEWSOME","JAMAR","","","","","","","","","","","","0","0","3","68","0","","","","","","","","","","","","","","","","","","","","","","","","","","","0"
"128","UCF","10/13/10","9","NEWSOME","JAMAR","","","","","","","","","","","","0","0","2","18","0","","","","","","","","","","","","1","70","0","","","","","","","","","","","","","0"
"128","UCF","10/23/10","9","NEWSOME","JAMAR","","","","","","","","","","","","0","0","4","16","0","","","","","","","","","","","","1","11","0","","","","","","","","","","","","","0"
"128","UCF","10/30/10","9","NEWSOME","JAMAR","","","","","","","","","","","","0","0","2","37","0","","","","","","","","","","","","1","35","0","","","","","","","","","","","","","0"
"128","UCF","11/05/10","9","NEWSOME","JAMAR","","","","","","","","","","","","0","0","5","123","0","","","","","","","","","","","","2","35","0","","","","","","","","","","","","","0"
"128","UCF","11/13/10","9","NEWSOME","JAMAR","","","","","","","","","","","","0","0","5","100","1","","","","","","","","","","","","2","50","0","1","","","","","","","","","","","","6"
"128","UCF","11/20/10","9","NEWSOME","JAMAR","","","","","","","","","","","","0","0","1","20","0","","","","","","","","","","","","1","64","0","","","","","","","","","","","","","0"
"128","UCF","11/27/10","9","NEWSOME","JAMAR","","","","","","","","","","","","0","0","4","118","2","","","","","","","","","","","","1","26","0","2","","","","","","","","","","","","12"
"128","UCF","12/04/10","9","NEWSOME","JAMAR","","","","","","","","","","","","0","0","3","30","0","","","","","","","","","","","","","","","","","","","","","","","","","","","0"
"128","UCF","12/31/10","9","NEWSOME","JAMAR","1","0","0","0","0","","","","","","","1","0","3","19","0","","","","","","","","","","","","1","15","0","","","","","","","","","","","","","0"
"128","UCF","09/04/10","88","NISSLEY","ADAM","","","","","","","","","","","","0","0","1","21","0","","","","","","","","","","","","","","","","","","","","","","","","","","","0"
"128","UCF","09/11/10","88","NISSLEY","ADAM","","","","","","","","","","","","0","0","1","9","0","","","","","","","","","","","","","","","","","","","","","","","","","","","0"
"128","UCF","10/06/10","88","NISSLEY","ADAM","","","","","","","","","","","","0","0","1","19","0","","","","","","","","","","","","","","","","","","","","","","","","","","","0"
"128","UCF","10/23/10","88","NISSLEY","ADAM","","","","","","","","","","","","0","0","1","3","1","","","","","","","","","","","","","","","1","","","","","","","","","","","","6"
"128","UCF","12/31/10","88","NISSLEY","ADAM","","","","","","","","","","","","0","0","2","7","0","","","","","","","","","","","","","","","","","","","","","","","","","","","0"
"128","UCF","11/20/10","30","OZERITIES","JORDAN","","","","","","","","","","","","0","0","","","","1","100","1","","","","","","","","","","","","1","","","","","","","","","","","","6"
"128","UCF","10/06/10","20","ROBINSON","JOSH","","","","","","","","","","","","0","0","","","","","","","1","56","1","","","1","4","0","","","","1","","","","","","","","","","","","6"
"128","UCF","10/23/10","20","ROBINSON","JOSH","","","","","","","","","","","","0","0","","","","","","","","","","","","3","53","0","","","","","","","","","","","","","","","","0"
"128","UCF","10/30/10","20","ROBINSON","JOSH","","","","","","","","","","","","0","0","","","","","","","","","","","","2","42","0","","","","","","","","","","","","","","","","0"
"128","UCF","11/05/10","20","ROBINSON","JOSH","","","","","","","","","","","","0","0","","","","","","","","","","","","2","37","0","","","","","","","","","","","","","","","","0"
"128","UCF","11/13/10","20","ROBINSON","JOSH","","","","","","","","","","","","0","0","","","","1","13","0","","","","","","1","0","0","","","","","","","","","","","","","","","","0"
"128","UCF","11/20/10","20","ROBINSON","JOSH","","","","","","","","","","","","0","0","","","","","","","","","","","","4","71","0","","","","","","","","","","","","","","","","0"
"128","UCF","11/27/10","20","ROBINSON","JOSH","","","","","","","","","","","","0","0","","","","","","","","","","","","3","78","0","","","","","","","","","","","","","","","","0"
"128","UCF","12/04/10","20","ROBINSON","JOSH","","","","","","","","","","","","0","0","","","","1","1","0","","","","","","1","9","0","","","","","","","","","","","","","","","","0"
"128","UCF","12/31/10","20","ROBINSON","JOSH","","","","","","","","","","","","0","0","","","","","","","","","","","","3","10","0","","","","","","","","","","","","","","","","0"
"128","UCF","09/04/10","6","WATTERS","BRIAN","1","11","0","11","0","","","","","","","1","11","1","14","0","","","","","","","","","","","","","","","","","","","","","","","","","","","0"
"128","UCF","09/11/10","6","WATTERS","BRIAN","","","","","","","","","","","","0","0","6","88","0","","","","","","","","","","","","","","","","","","","","","","","","","","","0"
"128","UCF","09/18/10","6","WATTERS","BRIAN","","","","","","","","","","","","0","0","3","33","0","","","","","","","","","","","","","","","","","","","","","","","","","","","0"
"128","UCF","09/25/10","6","WATTERS","BRIAN","","","","","","","","","","","","0","0","2","30","0","","","","","","","","","","","","","","","","","","","","","","","","","","","0"
"128","UCF","10/06/10","6","WATTERS","BRIAN","","","","","","","","","","","","0","0","3","35","1","","","","","","","","","","","","","","","1","","","","","","","","","","","","6"
"128","UCF","10/13/10","6","WATTERS","BRIAN","","","","","","","","","","","","0","0","3","40","0","","","","","","","","","","","","","","","","","","","","","","","","","","","0"
"128","UCF","10/23/10","6","WATTERS","BRIAN","","","","","","","","","","","","0","0","3","37","0","","","","","","","","","","","","","","","","","","","","","","","","","","","0"
"128","UCF","10/30/10","6","WATTERS","BRIAN","","","","","","","","","","","","0","0","2","55","0","","","","","","","","","","","","","","","","","","","","","","","","","","","0"
"128","UCF","11/05/10","6","WATTERS","BRIAN","","","","","","","","","","","","0","0","4","91","0","","","","","","","","","","","","","","","","","","","","","","","","","","","0"
"128","UCF","11/13/10","6","WATTERS","BRIAN","","","","","","","","","","","","0","0","5","44","1","","","","","","","","","","","","","","","1","","","","","","","","","","","","6"
"128","UCF","11/20/10","6","WATTERS","BRIAN","","","","","","","","","","","","0","0","1","11","0","","","","","","","","","","","","","","","","","","","","","","","","","","","0"
"128","UCF","11/27/10","6","WATTERS","BRIAN","","","","","","","","","","","","0","0","5","82","0","","","","","","","","","","","","","","","","","","","","","","","","","","","0"
"128","UCF","12/04/10","6","WATTERS","BRIAN","","","","","","","","","","","","0","0","3","34","0","","","","","","","","","","","","","","","","","","","","","","","","","","","0"
"128","UCF","12/31/10","6","WATTERS","BRIAN","","","","","","","","","","","","0","0","6","57","0","","","","","","","","","","","","","","","","","","","","","","","","","","","0"
"128","UCF","09/18/10","40","WEAMS","REGGIE","","","","","","","","","","","","0","0","","","","1","7","0","","","","","","","","","","","","","","","","","","","","","","","","0"
"128","UCF","09/25/10","40","WEAMS","REGGIE","","","","","","","","","","","","0","0","","","","1","20","0","","","","","","","","","","","","","","","","","","","","","","","","0"
"128","UCF","12/04/10","40","WEAMS","REGGIE","","","","","","","","","","","","0","0","","","","1","28","0","","","","","","","","","","","","","","","","","","","","","","","","0"
"128","UCF","12/31/10","40","WEAMS","REGGIE","","","","","","","","","","","","0","0","","","","1","22","0","","","","","","","","","","","","","","","","","","","","","","","","0"
"128","UCF","09/04/10","35","WEAVER","RONNIE","3","26","0","26","0","","","","","","","3","26","","","","","","","","","","","","","","","","","","","","","","","","","","","","","","0"
"128","UCF","09/11/10","35","WEAVER","RONNIE","2","1","1","0","0","","","","","","","2","0","","","","","","","","","","","","","","","","","","","","","","","","","","","","","","0"
"128","UCF","09/18/10","35","WEAVER","RONNIE","8","49","0","49","2","","","","","","","8","49","","","","","","","","","","","","","","","","","","2","","","","","","","","","","","","12"
"128","UCF","09/25/10","35","WEAVER","RONNIE","22","133","3","130","1","","","","","","","22","130","","","","","","","","","","","","","","","","","","1","","","","","","","","","","","","6"
"128","UCF","10/06/10","35","WEAVER","RONNIE","21","58","8","50","2","","","","","","","21","50","","","","","","","","","","","","","","","","","","2","","","","","","","","","","","","12"
"128","UCF","10/13/10","35","WEAVER","RONNIE","30","151","1","150","0","","","","","","","30","150","1","7","0","","","","","","","","","","","","","","","","","","","","","","","","","","","0"
"128","UCF","10/23/10","35","WEAVER","RONNIE","15","53","0","53","3","","","","","","","15","53","1","18","0","","","","","","","","","","","","","","","3","","","","","","","","","","","","18"
"128","UCF","10/30/10","35","WEAVER","RONNIE","30","182","2","180","2","","","","","","","30","180","","","","","","","","","","","","","","","","","","2","","","","","","","","","","","","12"
"128","UCF","11/05/10","35","WEAVER","RONNIE","19","55","10","45","0","","","","","","","19","45","","","","","","","","","","","","","","","","","","","","","","","","","","","","","","0"
"128","UCF","11/13/10","35","WEAVER","RONNIE","12","118","6","112","0","","","","","","","12","112","","","","","","","","","","","","","","","","","","","","","","","","","","","","","","0"
"128","UCF","11/20/10","35","WEAVER","RONNIE","9","62","4","58","1","","","","","","","9","58","1","4","0","","","","","","","","","","","","","","","1","","","","","","","","","","","","6"
"128","UCF","11/27/10","35","WEAVER","RONNIE","6","18","16","2","0","","","","","","","6","2","1","0","0","","","","","","","","","","","","","","","","","","","","","","","","","","","0"
"128","UCF","12/04/10","35","WEAVER","RONNIE","8","40","5","35","0","","","","","","","8","35","","","","","","","","","","","","","","","","","","","","","","","","","","","","","","0"
"128","UCF","12/31/10","35","WEAVER","RONNIE","1","0","0","0","0","","","","","","","1","0","","","","","","","","","","","","","","","","","","","","","","","","","","","","","","0"
"128","UCF","11/05/10","48","WILLIAMS","DAVID","","","","","","","","","","","","0","0","","","","1","1","0","","","","","","","","","","","","","","","","","","","","","","","","0"
"128","UCF","09/25/10","82","WILLIAMS","KHYMEST","","","","","","","","","","","","0","0","","","","","","","","","","","","","","","1","16","0","","","","","","","","","","","","","0"
"128","UCF","10/13/10","82","WILLIAMS","KHYMEST","","","","","","","","","","","","0","0","1","18","0","","","","","","","","","","","","","","","","","","","","","","","","","","","0"
"128","UCF","10/23/10","82","WILLIAMS","KHYMEST","1","0","0","0","0","","","","","","","1","0","","","","","","","","","","","","","","","","","","","","","","","","","","","","","","0"
"128","UCF","11/20/10","82","WILLIAMS","KHYMEST","","","","","","","","","","","","0","0","2","44","0","","","","","","","","","","","","","","","","","","","","","","","","","","","0"
"128","UCF","12/04/10","82","WILLIAMS","KHYMEST","","","","","","","","","","","","0","0","","","","","","","","","","","","","","","1","16","0","","","","","","","","","","","","","0"
"128","UCF","12/31/10","82","WILLIAMS","KHYMEST","","","","","","","","","","","","0","0","1","13","0","","","","","","","","","","","","","","","","","","","","","","","","","","","0"
"128","UCF","10/23/10","12","WILLIAMS","MARQUEE","","","","","","","","","","","","0","0","1","15","0","","","","","","","","","","","","","","","","","","","","","","","","","","","0"
"110","UCLA","09/18/10","10","AYERS","AKEEM","","","","","","","","","","","","0","0","","","","1","77","0","","","","","","","","","","","","","","","","","","","","","","","","0"
"110","UCLA","09/25/10","10","AYERS","AKEEM","","","","","","","","","","","","0","0","","","","1","13","0","","","","","","","","","","","","","","","","","","","","","","","","0"
"110","UCLA","09/04/10","2","BARR","ANTHONY","1","1","0","1","0","","","","","","","1","1","1","5","0","","","","","","","","","","","","","","","","","","","","","","","","","","","0"
"110","UCLA","09/11/10","2","BARR","ANTHONY","","","","","","","","","","","","0","0","2","12","0","","","","","","","","","","","","","","","","","","","","","","","","","","","0"
"110","UCLA","09/25/10","2","BARR","ANTHONY","","","","","","","","","","","","0","0","1","5","0","","","","","","","","","","","","","","","","","","","","","","","","","","","0"
"110","UCLA","10/02/10","2","BARR","ANTHONY","1","6","0","6","0","","","","","","","1","6","","","","","","","","","","","","","","","","","","","","","","","","","","","","","","0"
"110","UCLA","10/09/10","2","BARR","ANTHONY","1","3","0","3","0","","","","","","","1","3","","","","","","","","","","","","","","","","","","","","","","","","","","","","","","0"
"110","UCLA","10/21/10","2","BARR","ANTHONY","","","","","","","","","","","","0","0","1","17","0","","","","","","","","","","","","","","","","","","","","","","","","","","","0"
"110","UCLA","10/30/10","2","BARR","ANTHONY","1","9","0","9","0","","","","","","","1","9","1","6","0","","","","","","","","","","","","","","","","","","","","","","","","","","","0"
"110","UCLA","11/06/10","2","BARR","ANTHONY","2","12","2","10","0","","","","","","","2","10","","","","","","","","","","","","","","","","","","","","","","","","","","","","","","0"
"110","UCLA","11/18/10","2","BARR","ANTHONY","","","","","","","","","","","","0","0","1","6","0","","","","","","","","","","","","","","","","","","","","","","","","","","","0"
"110","UCLA","11/26/10","2","BARR","ANTHONY","","","","","","","","","","","","0","0","2","15","0","","","","","","","","","","","","","","","","","","","","","","","","","","","0"
"110","UCLA","11/18/10","1A","BELL","DARIUS","3","9","0","9","0","3","0","1","0","0","","6","9","","","","","","","","","","","","","","","","","","","","","","","","","","","","","","0"
"110","UCLA","09/11/10","12","BREHAUT","RICHARD","3","3","3","0","0","9","5","1","42","0","","12","42","","","","","","","","","","","","","","","","","","","","","","","","","","","","","","0"
"110","UCLA","10/02/10","12","BREHAUT","RICHARD","5","12","4","8","1","23","12","0","128","0","1","28","136","","","","","","","","","","","","","","","","","","1","","","1","1","","","","","","","","8"
"110","UCLA","10/09/10","12","BREHAUT","RICHARD","1","0","2","-2","0","6","2","0","19","0","","7","17","","","","","","","","","","","","","","","","","","","","","","","","","","","","","","0"
"110","UCLA","10/21/10","12","BREHAUT","RICHARD","9","22","25","-3","1","23","16","1","159","0","","32","156","","","","","","","","","","","","","","","","","","1","","","","","","","","","","","","6"
"110","UCLA","10/30/10","12","BREHAUT","RICHARD","4","11","26","-15","0","27","13","1","228","2","","31","213","","","","","","","","","","","","","","","","","","","","","","","","","","","","","","0"
"110","UCLA","11/06/10","12","BREHAUT","RICHARD","18","86","25","61","1","19","13","1","127","0","","37","188","","","","","","","","","","","","","","","","","","1","","","","","","","","","","","","6"
"110","UCLA","11/18/10","12","BREHAUT","RICHARD","3","13","0","13","0","14","5","1","42","0","","17","55","","","","","","","","","","","","","","","","","","","","","","","","","","","","","","0"
"110","UCLA","11/26/10","12","BREHAUT","RICHARD","8","30","12","18","1","56","33","1","321","3","","64","339","","","","","","","","","","","","","","","","","","1","","","","","","","","","","","","6"
"110","UCLA","12/04/10","12","BREHAUT","RICHARD","6","2","21","-19","0","35","20","1","230","1","","41","211","","","","","","","","","","","","","","","","","","","","","","","","","","","","","","0"
"110","UCLA","09/11/10","1","CARROLL","RANDALL","1","3","0","3","0","","","","","","","1","3","","","","","","","","","","","","","","","","","","","","","","","","","","","","","","0"
"110","UCLA","10/02/10","1","CARROLL","RANDALL","","","","","","","","","","","","0","0","2","13","0","","","","","","","","","","","","","","","","","","","","","","","","","","","0"
"110","UCLA","10/21/10","1","CARROLL","RANDALL","","","","","","","","","","","","0","0","2","38","0","","","","","","","","","","","","","","","","","","","","","","","","","","","0"
"110","UCLA","10/30/10","1","CARROLL","RANDALL","","","","","","","","","","","","0","0","3","90","1","","","","","","","","","","","","","","","1","","","","","","","","","","","","6"
"110","UCLA","11/06/10","1","CARROLL","RANDALL","","","","","","","","","","","","0","0","6","46","0","","","","","","","","","","","","","","","","","","","","","","","","","","","0"
"110","UCLA","11/26/10","1","CARROLL","RANDALL","1","0","1","-1","0","","","","","","","1","-1","2","55","1","","","","","","","","","","","","","","","1","","","","","","","","","","","","6"
"110","UCLA","10/02/10","89","CHANDLER","NATE","","","","","","","","","","","","0","0","","","","","","","","","","","","","","","1","3","0","","","","","","","","","","","","","0"
"110","UCLA","09/04/10","33","COLEMAN","DERRICK","5","29","0","29","0","","","","","","","5","29","1","-1","0","","","","","","","","","","","","","","","","","","","","","","","","","","","0"
"110","UCLA","09/11/10","33","COLEMAN","DERRICK","6","23","0","23","0","","","","","","","6","23","1","-2","0","","","","","","","","","","","","","","","","","","","","","","","","","","","0"
"110","UCLA","09/25/10","33","COLEMAN","DERRICK","16","97","3","94","1","","","","","","","16","94","","","","","","","","","","","","","","","","","","1","","","","","","","","","","","","6"
"110","UCLA","10/02/10","33","COLEMAN","DERRICK","15","185","0","185","3","","","","","","","15","185","","","","","","","","","","","","","","","","","","3","","","","","","","","","","","","18"
"110","UCLA","10/09/10","33","COLEMAN","DERRICK","2","2","1","1","0","","","","","","","2","1","","","","","","","","","","","","","","","","","","","","","","","","","","","","","","0"
"110","UCLA","10/21/10","33","COLEMAN","DERRICK","7","35","1","34","0","","","","","","","7","34","","","","","","","","","","","","","","","1","5","0","","","","","","","","","","","","","0"
"110","UCLA","10/30/10","33","COLEMAN","DERRICK","9","43","1","42","1","","","","","","","9","42","","","","","","","","","","","","","","","2","24","0","1","","","","","","","","","","","","6"
"110","UCLA","11/06/10","33","COLEMAN","DERRICK","5","7","1","6","0","","","","","","","5","6","","","","","","","","","","","","","","","","","","","","","","","","","","","","","","0"
"110","UCLA","11/18/10","33","COLEMAN","DERRICK","7","31","1","30","0","","","","","","","7","30","","","","","","","","","","","","","","","","","","","","","","","","","","","","","","0"
"110","UCLA","11/26/10","33","COLEMAN","DERRICK","4","18","0","18","0","","","","","","","4","18","","","","","","","","","","","","","","","","","","","","","","","","","","","","","","0"
"110","UCLA","12/04/10","33","COLEMAN","DERRICK","6","28","3","25","0","","","","","","","6","25","1","6","0","","","","","","","","","","","","","","","","","","","","","","","","","","","0"
"110","UCLA","12/04/10","6","DYE","TONY","","","","","","","","","","","","0","0","","","","1","0","0","","","","","","","","","","","","","","","","","","","","","","","","0"
"110","UCLA","09/04/10","82","EMBREE","TAYLOR","1","0","0","0","0","","","","","","","1","0","1","8","0","","","","","","","","","2","14","0","","","","","","","","","","","","","","","","0"
"110","UCLA","09/11/10","82","EMBREE","TAYLOR","","","","","","","","","","","","0","0","1","17","0","","","","","","","","","1","14","0","","","","","","","","","","","","","","","","0"
"110","UCLA","09/18/10","82","EMBREE","TAYLOR","","","","","","","","","","","","0","0","1","12","0","","","","","","","","","3","34","0","","","","","","","","","","","","","","","","0"
"110","UCLA","10/02/10","82","EMBREE","TAYLOR","","","","","","","","","","","","0","0","1","14","0","","","","","","","","","","","","","","","","","","0","0","","","","","","","","0"
"110","UCLA","10/09/10","82","EMBREE","TAYLOR","","","","","","","","","","","","0","0","4","48","0","","","","","","","","","2","14","0","","","","","","","","","","","","","","","","0"
"110","UCLA","10/21/10","82","EMBREE","TAYLOR","","","","","","","","","","","","0","0","2","29","0","","","","","","","","","","","","","","","","","","","","","","","","","","","0"
"110","UCLA","10/30/10","82","EMBREE","TAYLOR","","","","","","","","","","","","0","0","3","30","0","","","","","","","","","2","13","0","","","","","","","","","","","","","","","","0"
"110","UCLA","11/06/10","82","EMBREE","TAYLOR","","","","","","","","","","","","0","0","2","54","0","","","","","","","","","1","1","0","","","","","","","","","","","","","","","","0"
"110","UCLA","11/18/10","82","EMBREE","TAYLOR","","","","","","","","","","","","0","0","1","16","0","","","","","","","","","3","14","0","","","","","","","","","","","","","","","","0"
"110","UCLA","11/26/10","82","EMBREE","TAYLOR","","","","","","","","","","","","0","0","9","105","0","","","","","","","","","","","","","","","","","","","","","","","","","","","0"
"110","UCLA","12/04/10","82","EMBREE","TAYLOR","","","","","","","","","","","","0","0","7","76","0","","","","","","","","","1","0","0","","","","","","","","","","","","","","","","0"
"110","UCLA","10/21/10","8","FAURIA","JOSEPH","","","","","","","","","","","","0","0","1","7","0","","","","","","","","","","","","","","","","","","","","","","","","","","","0"
"110","UCLA","11/26/10","8","FAURIA","JOSEPH","","","","","","","","","","","","0","0","1","4","1","","","","","","","","","","","","","","","1","","","","","","","","","","","","6"
"110","UCLA","12/04/10","8","FAURIA","JOSEPH","","","","","","","","","","","","0","0","1","10","1","","","","","","","","","","","","","","","1","","","","","","","","","","","","6"
"110","UCLA","09/04/10","25","FORBATH","KAI","","","","","","","","","","","","0","0","","","","","","","","","","","","","","","","","","","1","1","0","0","","","","","3","3","","10"
"110","UCLA","09/11/10","25","FORBATH","KAI","","","","","","","","","","","","0","0","","","","","","","","","","","","","","","","","","","","","","","","","","","1","0","","0"
"110","UCLA","09/18/10","25","FORBATH","KAI","","","","","","","","","","","","0","0","","","","","","","","","","","","","","","","","","","4","4","0","0","","","","","1","1","","7"
"110","UCLA","09/25/10","25","FORBATH","KAI","","","","","","","","","","","","0","0","","","","","","","","","","","","","","","","","","","4","4","0","0","","","","","3","2","","10"
"110","UCLA","10/02/10","25","FORBATH","KAI","","","","","","","","","","","","0","0","","","","","","","","","","","","","","","","","","","4","4","0","0","","","","","2","2","","10"
"110","UCLA","10/09/10","25","FORBATH","KAI","","","","","","","","","","","","0","0","","","","","","","","","","","","","","","","","","","1","1","0","0","","","","","","","","1"
"110","UCLA","10/21/10","25","FORBATH","KAI","","","","","","","","","","","","0","0","","","","","","","","","","","","","","","","","","","1","1","0","0","","","","","2","2","","7"
"110","UCLA","10/30/10","25","FORBATH","KAI","","","","","","","","","","","","0","0","","","","","","","","","","","","","","","","","","","3","3","0","0","","","","","","","","3"
"110","UCLA","11/06/10","25","FORBATH","KAI","","","","","","","","","","","","0","0","","","","","","","","","","","","","","","","","","","2","2","0","0","","","","","3","1","","5"
"110","UCLA","11/18/10","25","FORBATH","KAI","","","","","","","","","","","","0","0","","","","","","","","","","","","","","","","","","","1","1","0","0","","","","","1","0","","1"
"110","UCLA","11/26/10","25","FORBATH","KAI","","","","","","","","","","","","0","0","","","","","","","","","","","","","","","","","","","4","4","0","0","","","","","2","2","","10"
"110","UCLA","12/04/10","25","FORBATH","KAI","","","","","","","","","","","","0","0","","","","","","","","","","","","","","","","","","","2","2","0","0","","","","","","","","2"
"110","UCLA","09/04/10","23","FRANKLIN","JOHNATHAN","13","60","0","60","0","","","","","","","13","60","1","15","0","","","","","","","","","","","","","","","","","","","","","","","","","","","0"
"110","UCLA","09/11/10","23","FRANKLIN","JOHNATHAN","11","75","2","73","0","","","","","","","11","73","","","","","","","","","","","","","","","","","","","","","","","","","","","","","","0"
"110","UCLA","09/18/10","23","FRANKLIN","JOHNATHAN","26","160","2","158","3","","","","","","","26","158","1","9","0","","","","","","","","","","","","","","","3","","","","","","","","","","","","18"
"110","UCLA","09/25/10","23","FRANKLIN","JOHNATHAN","19","119","1","118","1","","","","","","","19","118","","","","","","","","","","","","","","","","","","1","","","","","","","","","","","","6"
"110","UCLA","10/02/10","23","FRANKLIN","JOHNATHAN","30","217","1","216","1","","","","","","","30","216","","","","","","","","","","","","","","","","","","1","","","","","","","","","","","","6"
"110","UCLA","10/09/10","23","FRANKLIN","JOHNATHAN","13","64","10","54","0","","","","","","","13","54","1","-4","0","","","","","","","","","","","","","","","","","","","","","","","","","","","0"
"110","UCLA","10/21/10","23","FRANKLIN","JOHNATHAN","21","75","6","69","0","","","","","","","21","69","2","17","0","","","","","","","","","","","","","","","","","","","","","","","","","","","0"
"110","UCLA","10/30/10","23","FRANKLIN","JOHNATHAN","13","50","6","44","0","","","","","","","13","44","","","","","","","","","","","","","","","","","","","","","","","","","","","","","","0"
"110","UCLA","11/06/10","23","FRANKLIN","JOHNATHAN","23","106","6","100","1","","","","","","","23","100","","","","","","","","","","","","","","","","","","1","","","","","","","","","","","","6"
"110","UCLA","11/18/10","23","FRANKLIN","JOHNATHAN","18","74","21","53","1","","","","","","","18","53","2","15","0","","","","","","","","","","","","","","","1","","","","","","","","","","","","6"
"110","UCLA","11/26/10","23","FRANKLIN","JOHNATHAN","14","82","9","73","0","","","","","","","14","73","3","11","0","","","","","","","","","","","","","","","","","","","","","","","","","","","0"
"110","UCLA","12/04/10","23","FRANKLIN","JOHNATHAN","13","111","2","109","1","","","","","","","13","109","","","","","","","","","","","","","","","","","","1","","","","","","","","","","","","6"
"110","UCLA","09/04/10","87","HARKEY","CORY","","","","","","","","","","","","0","0","1","35","0","","","","","","","","","","","","","","","","","","","","","","","","","","","0"
"110","UCLA","09/18/10","87","HARKEY","CORY","","","","","","","","","","","","0","0","1","8","0","","","","","","","","","","","","","","","","","","","","","","","","","","","0"
"110","UCLA","10/02/10","87","HARKEY","CORY","","","","","","","","","","","","0","0","1","15","0","","","","","","","","","","","","","","","","","","","","","","","","","","","0"
"110","UCLA","10/09/10","87","HARKEY","CORY","","","","","","","","","","","","0","0","1","8","0","","","","","","","","","","","","1","10","0","","","","","","","","","","","","","0"
"110","UCLA","10/21/10","87","HARKEY","CORY","","","","","","","","","","","","0","0","4","22","0","","","","","","","","","","","","","","","","","","","","","","","","","","","0"
"110","UCLA","10/30/10","87","HARKEY","CORY","","","","","","","","","","","","0","0","1","7","0","","","","","","","","","","","","","","","","","","","","","","","","","","","0"
"110","UCLA","11/06/10","87","HARKEY","CORY","","","","","","","","","","","","0","0","1","12","0","","","","","","","","","","","","","","","","","","","","","","","","","","","0"
"110","UCLA","11/18/10","87","HARKEY","CORY","","","","","","","","","","","","0","0","1","5","0","","","","","","","","","","","","","","","","","","","","","","","","","","","0"
"110","UCLA","12/04/10","87","HARKEY","CORY","","","","","","","","","","","","0","0","3","28","0","","","","","","","","","","","","","","","","","","","","","","","","","","","0"
"110","UCLA","10/30/10","21","HESTER","AARON","","","","","","","","","","","","0","0","","","","1","0","0","","","","","","","","","","","","","","","","","","","","","","","","0"
"110","UCLA","11/18/10","21","HESTER","AARON","","","","","","","","","","","","0","0","","","","1","0","0","","","","","","","","","","","","","","","","","","","","","","","","0"
"110","UCLA","12/04/10","21","HESTER","AARON","","","","","","","","","","","","0","0","","","","1","0","0","","","","","","","","","","","","","","","","","","","","","","","","0"
"110","UCLA","11/26/10","19","HILLIARD","DALTON","","","","","","","","","","","","0","0","","","","","","","","","","","","1","6","0","","","","","","","","","","","","","","","","0"
"110","UCLA","10/02/10","9","JOHNSON","JERRY","","","","","","","","","","","","0","0","2","25","0","","","","","","","","","","","","","","","","","","","","","","","","","","","0"
"110","UCLA","10/09/10","9","JOHNSON","JERRY","","","","","","","","","","","","0","0","1","11","0","","","","","","","","","","","","","","","","","","","","","","","","","","","0"
"110","UCLA","10/30/10","9","JOHNSON","JERRY","","","","","","","","","","","","0","0","2","21","0","","","","","","","","","","","","","","","","","","","","","","","","","","","0"
"110","UCLA","09/04/10","28","JONES","MALCOLM","3","21","1","20","0","","","","","","","3","20","","","","","","","","","","","","","","","","","","","","","","","","","","","","","","0"
"110","UCLA","09/11/10","28","JONES","MALCOLM","7","52","0","52","0","","","","","","","7","52","","","","","","","","","","","","","","","","","","","","","","","","","","","","","","0"
"110","UCLA","09/18/10","28","JONES","MALCOLM","12","34","5","29","0","","","","","","","12","29","","","","","","","","","","","","","","","","","","","","","","","","","","","","","","0"
"110","UCLA","09/25/10","28","JONES","MALCOLM","5","12","0","12","0","","","","","","","5","12","","","","","","","","","","","","","","","","","","","","","","","","","","","","","","0"
"110","UCLA","10/02/10","28","JONES","MALCOLM","2","4","0","4","0","","","","","","","2","4","","","","","","","","","","","","","","","","","","","","","","","","","","","","","","0"
"110","UCLA","10/09/10","28","JONES","MALCOLM","1","2","0","2","0","","","","","","","1","2","","","","","","","","","","","","","","","","","","","","","","","","","","","","","","0"
"110","UCLA","10/21/10","28","JONES","MALCOLM","10","38","7","31","0","","","","","","","10","31","1","10","0","","","","","","","","","","","","","","","","","","","","","","","","","","","0"
"110","UCLA","11/06/10","28","JONES","MALCOLM","6","29","0","29","0","","","","","","","6","29","","","","","","","","","","","","","","","","","","","","","","","","","","","","","","0"
"110","UCLA","11/18/10","28","JONES","MALCOLM","4","11","1","10","0","","","","","","","4","10","","","","","","","","","","","","","","","","","","","","","","","","","","","","","","0"
"110","UCLA","11/26/10","28","JONES","MALCOLM","2","3","1","2","0","","","","","","","2","2","1","7","0","","","","","","","","","","","","","","","","","","","","","","","","","","","0"
"110","UCLA","12/04/10","28","JONES","MALCOLM","3","9","0","9","0","","","","","","","3","9","","","","","","","","","","","","","","","","","","","","","","","","","","","","","","0"
"110","UCLA","09/04/10","18","LOCKE","JEFF","","","","","","","","","","","","0","0","","","","","","","","","","6","274","","","","","","","","","","","","","","","","","","","0"
"110","UCLA","09/11/10","18","LOCKE","JEFF","","","","","","","","","","","","0","0","","","","","","","","","","4","173","","","","","","","","","","","","","","","","","","","0"
"110","UCLA","09/18/10","18","LOCKE","JEFF","","","","","","","","","","","","0","0","","","","","","","","","","4","187","","","","","","","","","","","","","","","","","","","0"
"110","UCLA","09/25/10","18","LOCKE","JEFF","","","","","","","","","","","","0","0","","","","","","","","","","4","187","","","","","","","","","","","","","","","","","","","0"
"110","UCLA","10/02/10","18","LOCKE","JEFF","","","","","","","","","","","","0","0","","","","","","","","","","2","96","","","","","","","","","","","","","","","","","","","0"
"110","UCLA","10/09/10","18","LOCKE","JEFF","","","","","","","","","","","","0","0","","","","","","","","","","9","435","","","","","","","","","","","","","","","","","","","0"
"110","UCLA","10/21/10","18","LOCKE","JEFF","","","","","","","","","","","","0","0","","","","","","","","","","4","182","","","","","","","","","","","","","","","","","","","0"
"110","UCLA","10/30/10","18","LOCKE","JEFF","","","","","","","","","","","","0","0","","","","","","","","","","6","265","","","","","","","","","","","","","","","","","","","0"
"110","UCLA","11/06/10","18","LOCKE","JEFF","","","","","","","","","","","","0","0","","","","","","","","","","4","184","","","","","","","","","","","","","","","","","","","0"
"110","UCLA","11/18/10","18","LOCKE","JEFF","","","","","","","","","","","","0","0","","","","","","","","","","9","399","","","","","","","","","","","","","","","","","","","0"
"110","UCLA","11/26/10","18","LOCKE","JEFF","","","","","","","","","","","","0","0","","","","","","","","","","6","269","","","","","","","","","","","","","","","","","","","0"
"110","UCLA","12/04/10","18","LOCKE","JEFF","","","","","","","","","","","","0","0","","","","","","","","","","6","283","","","","","","","","","","","","","","","","","","","0"
"110","UCLA","09/25/10","71","MARSH","CASSIUS","","","","","","","","","","","","0","0","","","","","","","1","26","0","","","","","","","","","","","","","","","","","","","","","0"
"110","UCLA","09/04/10","1J","MARVRAY","RICKY","","","","","","","","","","","","0","0","1","29","1","","","","","","","","","","","","","","","1","","","","","","","","","","","","6"
"110","UCLA","09/18/10","1J","MARVRAY","RICKY","","","","","","","","","","","","0","0","3","34","0","","","","","","","","","","","","","","","","","","","","","","","","","","","0"
"110","UCLA","09/25/10","1J","MARVRAY","RICKY","","","","","","","","","","","","0","0","1","1","1","","","","","","","","","","","","","","","1","","","","","","","","","","","","6"
"110","UCLA","10/02/10","1J","MARVRAY","RICKY","","","","","","","","","","","","0","0","2","30","0","","","","","","","","","","","","","","","","","","","","","","","","","","","0"
"110","UCLA","10/09/10","1J","MARVRAY","RICKY","","","","","","","","","","","","0","0","5","38","0","","","","","","","","","","","","","","","","","","","","","","","","","","","0"
"110","UCLA","10/21/10","1J","MARVRAY","RICKY","","","","","","","","","","","","0","0","2","9","0","","","","","","","","","","","","","","","","","","","","","","","","","","","0"
"110","UCLA","11/06/10","1J","MARVRAY","RICKY","","","","","","","","","","","","0","0","1","5","0","","","","","","","","","","","","","","","","","","","","","","","","","","","0"
"110","UCLA","11/26/10","1J","MARVRAY","RICKY","1","11","0","11","0","","","","","","","1","11","3","24","0","","","","","","","","","","","","2","65","0","","","","","","","","","","","","","0"
"110","UCLA","12/04/10","1J","MARVRAY","RICKY","1","4","0","4","0","","","","","","","1","4","2","18","0","","","","","","","","","","","","5","99","0","","","","","","","","","","","","","0"
"110","UCLA","11/26/10","15","MASCARENAS","ALEX","","","","","","","","","","","","0","0","","","","","","","1","4","0","","","","","","","","","","","","","","","","","","","","","0"
"110","UCLA","09/18/10","3","MOORE","RAHIM","","","","","","","","","","","","0","0","","","","1","42","0","","","","","","","","","","","","","","","","","","","","","","","","0"
"110","UCLA","09/11/10","7","PRESLEY","MORRELL","","","","","","","","","","","","0","0","1","2","0","","","","","","","","","","","","","","","","","","","","","","","","","","","0"
"110","UCLA","09/25/10","7","PRESLEY","MORRELL","","","","","","","","","","","","0","0","1","6","0","","","","","","","","","","","","","","","","","","","","","","","","","","","0"
"110","UCLA","10/02/10","7","PRESLEY","MORRELL","","","","","","","","","","","","0","0","1","4","0","","","","","","","","","","","","","","","","","","","","","","","","","","","0"
"110","UCLA","11/26/10","7","PRESLEY","MORRELL","","","","","","","","","","","","0","0","1","10","0","","","","","","","","","","","","","","","","","","","","","","","","","","","0"
"110","UCLA","09/04/10","4","PRINCE","KEVIN","12","45","14","31","1","26","9","2","120","1","0","38","151","","","","","","","","","","","","","","","","","","1","","","1","0","","","","","","","","6"
"110","UCLA","09/11/10","4","PRINCE","KEVIN","5","14","13","1","0","12","6","1","39","0","","17","40","","","","","","","","","","","","","","","","","","","","","","","","","","","","","","0"
"110","UCLA","09/18/10","4","PRINCE","KEVIN","10","64","4","60","1","17","9","1","99","0","","27","159","","","","","","","","","","","","","","","","","","1","","","","","","","","","","","","6"
"110","UCLA","09/25/10","4","PRINCE","KEVIN","13","85","35","50","1","8","5","0","27","1","","21","77","","","","","","","","","","","","","","","","","","1","","","","","","","","","","","","6"
"110","UCLA","10/09/10","4","PRINCE","KEVIN","8","9","41","-32","0","31","13","1","99","1","","39","67","","","","","","","","","","","","","","","","","","","","","","","","","","","","","","0"
"110","UCLA","10/09/10","24","RAMIREZ","CHRISTIAN","","","","","","","","","","","","0","0","2","12","1","","","","","","","","","","","","","","","1","","","","","","","","","","","","6"
"110","UCLA","10/21/10","24","RAMIREZ","CHRISTIAN","","","","","","","","","","","","0","0","1","10","0","","","","","","","","","","","","","","","","","","","","","","","","","","","0"
"110","UCLA","10/30/10","24","RAMIREZ","CHRISTIAN","","","","","","","","","","","","0","0","","","","","","","","","","","","0","13","0","","","","","","","","","","","","","","","","0"
"110","UCLA","09/04/10","83","ROSARIO","NELSON","","","","","","","","","","","","0","0","3","29","0","","","","","","","","","","","","","","","","","","","","","","","","","","","0"
"110","UCLA","09/11/10","83","ROSARIO","NELSON","","","","","","","","","","","","0","0","5","44","0","","","","","","","","","","","","","","","","","","","","","","","","","","","0"
"110","UCLA","09/18/10","83","ROSARIO","NELSON","","","","","","","","","","","","0","0","2","27","0","","","","","","","","","","","","","","","","","","","","","","","","","","","0"
"110","UCLA","09/25/10","83","ROSARIO","NELSON","","","","","","1","0","0","0","0","","1","0","2","15","0","","","","","","","","","","","","","","","","","","","","","","","","","","","0"
"110","UCLA","10/02/10","83","ROSARIO","NELSON","","","","","","","","","","","","0","0","2","22","0","","","","","","","","","","","","","","","","","","","","","","","","","","","0"
"110","UCLA","11/18/10","83","ROSARIO","NELSON","","","","","","","","","","","","0","0","1","13","0","","","","","","","","","","","","","","","","","","","","","","","","","","","0"
"110","UCLA","11/26/10","83","ROSARIO","NELSON","","","","","","","","","","","","0","0","9","65","1","","","","","","","","","","","","","","","1","","","","","","","","","","","","6"
"110","UCLA","12/04/10","83","ROSARIO","NELSON","","","","","","","","","","","","0","0","5","94","0","","","","","","","","","","","","","","","","","","","","","","","","","","","0"
"110","UCLA","09/04/10","0C","SMITH","JOSH","2","52","0","52","0","","","","","","","2","52","","","","","","","","","","","","","","","2","55","0","","","","","","","","","","","","","0"
"110","UCLA","09/11/10","0C","SMITH","JOSH","","","","","","","","","","","","0","0","1","8","0","","","","","","","","","","","","5","104","0","","","","","","","","","","","","","0"
"110","UCLA","09/25/10","0C","SMITH","JOSH","","","","","","","","","","","","0","0","","","","","","","","","","","","","","","1","45","0","","","","","","","","","","","","","0"
"110","UCLA","10/02/10","0C","SMITH","JOSH","1","22","0","22","0","","","","","","","1","22","1","5","0","","","","","","","","","","","","1","27","0","","","","","","","","","","","","","0"
"110","UCLA","10/09/10","0C","SMITH","JOSH","","","","","","","","","","","","0","0","1","5","0","","","","","","","","","","","","5","152","0","","","","","","","","","","","","","0"
"110","UCLA","10/30/10","0C","SMITH","JOSH","1","0","9","-9","0","","","","","","","1","-9","3","74","1","","","","","","","","","","","","3","49","0","1","","","","","","","","","","","","6"
"110","UCLA","11/06/10","0C","SMITH","JOSH","1","4","0","4","0","","","","","","","1","4","3","10","0","","","","","","","","","","","","3","71","0","","","","","","","","","","","","","0"
"110","UCLA","11/18/10","0C","SMITH","JOSH","","","","","","","","","","","","0","0","","","","","","","","","","","","","","","4","57","0","","","","","","","","","","","","","0"
"110","UCLA","11/26/10","0C","SMITH","JOSH","","","","","","","","","","","","0","0","2","25","0","","","","","","","","","","","","8","163","0","","","","","","","","","","","","","0"
"110","UCLA","09/18/10","2E","THIGPEN","DAMIEN","1","22","0","22","0","","","","","","","1","22","1","9","0","","","","","","","","","","","","","","","","","","","","","","","","","","","0"
"110","UCLA","10/21/10","2E","THIGPEN","DAMIEN","","","","","","","","","","","","0","0","","","","","","","","","","","","","","","8","147","0","","","","","","","","","","","","","0"
"110","UCLA","10/30/10","2E","THIGPEN","DAMIEN","","","","","","","","","","","","0","0","","","","","","","","","","","","","","","1","45","0","","","","","","","","","","","","","0"
"110","UCLA","11/18/10","14","TUNNEY","CLAYTON","1","0","7","-7","0","8","1","1","13","0","","9","6","","","","","","","","","","","","","","","","","","","","","","","","","","","","","","0"
"465","UNLV","09/11/10","80","BAREFIELD","MARK","","","","","","","","","","","","0","0","2","24","0","","","","","","","","","","","","","","","","","","","","","","","","","","","0"
"465","UNLV","09/25/10","92","BELL","B.J.","","","","","","","","","","","","0","0","","","","","","","1","40","1","","","","","","","","","1","","","","","","","","","","","","6"
"465","UNLV","10/09/10","48","BRENCE","BEAU","","","","","","","","","","","","0","0","1","5","0","","","","","","","","","","","","1","3","0","","","","","","","","","","","","","0"
"465","UNLV","09/11/10","55","CARTER","NATE","","","","","","","","","","","","0","0","","","","","","","","","","","","1","21","0","","","","","","","","","","","","","","","","0"
"465","UNLV","12/04/10","55","CARTER","NATE","","","","","","","","","","","","0","0","","","","1","17","0","","","","","","","","","","","","","","","","","","","","","","","","0"
"465","UNLV","09/04/10","1","CHANDLER","WILL","","","","","","","","","","","","0","0","","","","1","19","1","1","82","0","","","","","","","","","1","","","","","","","","","","","","6"
"465","UNLV","09/18/10","1","CHANDLER","WILL","","","","","","","","","","","","0","0","","","","1","0","0","","","","","","","","","","","","","","","","","","","","","","","","0"
"465","UNLV","09/25/10","1","CHANDLER","WILL","","","","","","","","","","","","0","0","","","","1","12","0","","","","","","","","","","","","","","","","","","","","","","","","0"
"465","UNLV","10/02/10","1","CHANDLER","WILL","","","","","","","","","","","","0","0","","","","1","0","0","","","","","","","","","","","","","","","","","","","","","","","","0"
"465","UNLV","11/13/10","1","CHANDLER","WILL","","","","","","","","","","","","0","0","","","","1","1","0","","","","","","","","","","","","","","","","","","","","","","","","0"
"465","UNLV","09/04/10","6","CLAUSEN","MIKE","6","7","18","-11","0","10","4","0","23","1","","16","12","","","","","","","","","","","","","","","","","","","","","","","","","","","","","","0"
"465","UNLV","09/25/10","6","CLAUSEN","MIKE","","","","","","","","","","","","0","0","","","","1","18","0","","","","","","","","","","","","","","","","","","","","","","","","0"
"465","UNLV","11/18/10","6","CLAUSEN","MIKE","","","","","","1","0","0","0","0","","1","0","","","","","","","","","","","","","","","","","","","","","","","","","","","","","","0"
"465","UNLV","11/27/10","6","CLAUSEN","MIKE","","","","","","","","","","","","0","0","","","","","","","1","64","1","","","","","","","","","1","","","","","","","","","","","","6"
"465","UNLV","09/04/10","2","CLAYTON","OMAR","9","65","6","59","0","16","6","0","82","1","","25","141","","","","","","","","","","","","","","","","","","","","","","","","","","","","","","0"
"465","UNLV","09/11/10","2","CLAYTON","OMAR","10","39","11","28","0","37","18","0","217","0","","47","245","","","","","","","","","","","","","","","","","","","","","","","","","","","","","","0"
"465","UNLV","09/18/10","2","CLAYTON","OMAR","8","14","24","-10","0","8","3","0","41","0","","16","31","","","","","","","","","","","","","","","","","","","","","","","","","","","","","","0"
"465","UNLV","09/25/10","2","CLAYTON","OMAR","8","34","11","23","0","20","14","0","194","3","","28","217","","","","","","","","","","","","","","","","","","","","","","","","","","","","","","0"
"465","UNLV","10/02/10","2","CLAYTON","OMAR","11","75","27","48","1","23","14","1","214","1","","34","262","","","","","","","","","","","","","","","","","","1","","","","","","","","","","","","6"
"465","UNLV","10/09/10","2","CLAYTON","OMAR","5","11","13","-2","0","18","12","1","79","0","","23","77","","","","","","","","","","","","","","","","","","","","","","","","","","","","","","0"
"465","UNLV","10/16/10","2","CLAYTON","OMAR","10","15","39","-24","0","23","15","0","114","0","","33","90","","","","","","","","","","","","","","","","","","","","","","","","","","","","","","0"
"465","UNLV","10/30/10","2","CLAYTON","OMAR","4","14","0","14","0","29","15","2","128","1","","33","142","","","","","","","","","","","","","","","","","","","","","","","","","","","","","","0"
"465","UNLV","11/06/10","2","CLAYTON","OMAR","3","4","2","2","0","8","3","1","13","0","","11","15","","","","","","","","","","","","","","","","","","","","","","","","","","","","","","0"
"465","UNLV","11/13/10","2","CLAYTON","OMAR","11","54","4","50","0","18","13","0","163","3","","29","213","1","16","0","","","","","","","","","","","","","","","","","","","","","","","","","","","0"
"465","UNLV","11/18/10","2","CLAYTON","OMAR","6","17","3","14","0","30","18","1","224","1","","36","238","","","","","","","","","","","","","","","","","","","","","","","","","","","","","","0"
"465","UNLV","11/27/10","2","CLAYTON","OMAR","4","6","20","-14","0","28","13","0","167","1","","32","153","","","","","","","","","","","","","","","","","","","","","","","","","","","","","","0"
"465","UNLV","12/04/10","2","CLAYTON","OMAR","8","18","12","6","0","25","14","3","182","2","","33","188","","","","","","","","","","","","","","","","","","","","","","","","","","","","","","0"
"465","UNLV","09/04/10","35","CORNETT","TIM","3","36","0","36","0","","","","","","","3","36","","","","","","","","","","","","","","","","","","","","","","","","","","","","","","0"
"465","UNLV","09/11/10","35","CORNETT","TIM","3","7","0","7","0","","","","","","","3","7","","","","","","","","","","","","","","","","","","","","","","","","","","","","","","0"
"465","UNLV","09/18/10","35","CORNETT","TIM","1","5","0","5","0","","","","","","","1","5","","","","","","","","","","","","","","","2","49","0","","","","","","","","","","","","","0"
"465","UNLV","09/25/10","35","CORNETT","TIM","2","50","0","50","1","","","","","","","2","50","","","","","","","","","","","","","","","","","","1","","","","","","","","","","","","6"
"465","UNLV","10/02/10","35","CORNETT","TIM","7","18","9","9","0","","","","","","","7","9","","","","","","","","","","","","","","","2","81","0","","","","","","","","","","","","","0"
"465","UNLV","10/09/10","35","CORNETT","TIM","12","66","10","56","0","","","","","","","12","56","3","18","1","","","","","","","","","","","","2","33","0","1","","","","","","","","","","","","6"
"465","UNLV","10/16/10","35","CORNETT","TIM","17","79","5","74","1","","","","","","","17","74","2","29","0","","","","","","","","","","","","4","92","0","1","","","","","","","","","","","","6"
"465","UNLV","10/30/10","35","CORNETT","TIM","11","28","2","26","0","","","","","","","11","26","2","9","0","","","","","","","","","","","","","","","","","","","","","","","","","","","0"
"465","UNLV","11/06/10","35","CORNETT","TIM","13","49","2","47","0","","","","","","","13","47","3","26","0","","","","","","","","","","","","1","32","0","","","","","","","","","","","","","0"
"465","UNLV","11/13/10","35","CORNETT","TIM","21","71","1","70","3","","","","","","","21","70","1","12","1","","","","","","","","","","","","","","","4","","","","","","","","","","","","24"
"465","UNLV","11/18/10","35","CORNETT","TIM","24","78","9","69","1","","","","","","","24","69","1","3","0","","","","","","","","","","","","3","46","0","1","","","","","","","","","","","","6"
"465","UNLV","11/27/10","35","CORNETT","TIM","16","63","2","61","0","","","","","","","16","61","","","","","","","","","","","","","","","","","","","","","","","","","","","","","","0"
"465","UNLV","12/04/10","35","CORNETT","TIM","14","37","1","36","0","","","","","","","14","36","1","1","0","","","","","","","","","","","","","","","","","","","","","","","","","","","0"
"465","UNLV","09/04/10","3","COX","C.J.","5","25","0","25","0","","","","","","","5","25","","","","","","","","","","","","","","","","","","","","","","","","","","","","","","0"
"465","UNLV","09/11/10","3","COX","C.J.","16","39","8","31","0","","","","","","","16","31","","","","","","","","","","","","","","","","","","","","","","","","","","","","","","0"
"465","UNLV","11/06/10","11","DAVIS","KURT","","","","","","","","","","","","0","0","1","20","0","","","","","","","","","","","","","","","","","","","","","","","","","","","0"
"465","UNLV","11/18/10","11","DAVIS","KURT","","","","","","","","","","","","0","0","1","10","0","","","","","","","","","","","","","","","","","","","","","","","","","","","0"
"465","UNLV","11/27/10","11","DAVIS","KURT","","","","","","","","","","","","0","0","1","7","0","","","","","","","","","","","","","","","","","","","","","","","","","","","0"
"465","UNLV","09/25/10","89","HARRINGTON","AUSTIN","","","","","","","","","","","","0","0","1","10","0","","","","","","","","","","","","","","","","","","","","","","","","","","","0"
"465","UNLV","10/09/10","89","HARRINGTON","AUSTIN","","","","","","","","","","","","0","0","3","34","0","","","","","","","","","","","","","","","","","","","","","","","","","","","0"
"465","UNLV","10/16/10","89","HARRINGTON","AUSTIN","","","","","","","","","","","","0","0","6","58","0","","","","","","","","","","","","","","","","","","","","","","","","","","","0"
"465","UNLV","11/13/10","89","HARRINGTON","AUSTIN","","","","","","","","","","","","0","0","5","50","0","","","","","","","","","","","","","","","","","","","","","","","","","","","0"
"465","UNLV","11/18/10","89","HARRINGTON","AUSTIN","","","","","","","","","","","","0","0","1","11","0","","","","","","","","","","","","","","","","","","","","","","","","","","","0"
"465","UNLV","09/11/10","43","HASSON","TIM","","","","","","","","","","","","0","0","","","","","","","","","","","","0","19","1","","","","1","","","","","","","","","","","","6"
"465","UNLV","10/16/10","43","HASSON","TIM","","","","","","","","","","","","0","0","","","","","","","","","","","","0","1","0","","","","","","","","","","","","","","","","0"
"465","UNLV","09/18/10","8","HERRING","CALEB","5","1","30","-29","0","7","4","1","87","1","","12","58","","","","","","","","","","","","","","","","","","","","","","","","","","","","","","0"
"465","UNLV","09/25/10","8","HERRING","CALEB","1","0","4","-4","0","5","3","0","36","0","","6","32","","","","","","","","","","","","","","","","","","","","","","","","","","","","","","0"
"465","UNLV","10/09/10","8","HERRING","CALEB","2","7","8","-1","0","14","8","1","101","1","","16","100","","","","","","","","","","","","","","","","","","","","","","","","","","","","","","0"
"465","UNLV","10/16/10","8","HERRING","CALEB","3","17","3","14","0","1","1","0","11","0","","4","25","","","","","","","","","","","","","","","","","","","","","","","","","","","","","","0"
"465","UNLV","10/30/10","8","HERRING","CALEB","","","","","","2","0","0","0","0","","2","0","","","","","","","","","","","","","","","","","","","","","","","","","","","","","","0"
"465","UNLV","11/06/10","8","HERRING","CALEB","8","12","29","-17","0","21","8","1","109","1","","29","92","","","","","","","","","","","","","","","","","","","","","","","","","","","","","","0"
"465","UNLV","11/27/10","8","HERRING","CALEB","","","","","","2","1","0","0","0","","2","0","","","","","","","","","","","","","","","","","","","","","","","","","","","","","","0"
"465","UNLV","12/04/10","8","HERRING","CALEB","2","16","0","16","0","4","3","0","21","1","","6","37","","","","","","","","","","","","","","","","","","","","","","","","","","","","","","0"
"465","UNLV","09/04/10","23","HODGE","SIDNEY","","","","","","","","","","","","0","0","","","","","","","","","","","","1","-2","0","2","39","0","","","","","","","","","","","","","0"
"465","UNLV","09/11/10","23","HODGE","SIDNEY","","","","","","","","","","","","0","0","","","","","","","","","","","","1","0","0","","","","","","","","","","","","","","","","0"
"465","UNLV","09/04/10","7","JOHNSON","MICHAEL","","","","","","","","","","","","0","0","2","9","0","","","","","","","","","","","","","","","","","","","","","","","","","","","0"
"465","UNLV","09/11/10","7","JOHNSON","MICHAEL","","","","","","","","","","","","0","0","7","94","0","","","","","","","","","1","-1","0","","","","","","","","","","","","","","","","0"
"465","UNLV","09/18/10","7","JOHNSON","MICHAEL","1","4","0","4","0","","","","","","","1","4","3","38","0","","","","","","","","","","","","","","","","","","","","","","","","","","","0"
"465","UNLV","09/25/10","7","JOHNSON","MICHAEL","","","","","","","","","","","","0","0","8","138","3","","","","","","","","","3","19","0","","","","3","","","","","","","","","","","","18"
"465","UNLV","10/02/10","7","JOHNSON","MICHAEL","","","","","","","","","","","","0","0","3","27","0","","","","","","","","","","","","","","","","","","1","0","","","","","","","","0"
"465","UNLV","10/09/10","7","JOHNSON","MICHAEL","","","","","","","","","","","","0","0","2","10","0","","","","","","","","","2","7","0","","","","","","","","","","","","","","","","0"
"465","UNLV","10/16/10","7","JOHNSON","MICHAEL","","","","","","","","","","","","0","0","3","12","0","","","","","","","","","","","","","","","","","","","","","","","","","","","0"
"465","UNLV","10/30/10","7","JOHNSON","MICHAEL","","","","","","","","","","","","0","0","7","67","1","","","","","","","","","1","0","0","","","","1","","","","","","","","","","","","6"
"465","UNLV","11/06/10","7","JOHNSON","MICHAEL","1","0","6","-6","0","","","","","","","1","-6","2","19","0","","","","","","","","","","","","","","","","","","","","","","","","","","","0"
"465","UNLV","11/13/10","7","JOHNSON","MICHAEL","","","","","","1","1","0","16","0","","1","16","","","","","","","","","","","","2","-3","0","","","","","","","","","","","","","","","","0"
"465","UNLV","11/18/10","7","JOHNSON","MICHAEL","","","","","","","","","","","","0","0","6","43","0","","","","","","","","","","","","","","","","","","","","","","","","","","","0"
"465","UNLV","11/27/10","7","JOHNSON","MICHAEL","","","","","","","","","","","","0","0","5","38","0","","","","","","","","","","","","","","","","","","","","","","","","","","","0"
"465","UNLV","12/04/10","7","JOHNSON","MICHAEL","","","","","","","","","","","","0","0","3","76","1","","","","","","","","","","","","","","","1","","","","","","","","","","","","6"
"465","UNLV","09/04/10","81","KNUTSON","TATE","","","","","","","","","","","","0","0","2","18","0","","","","","","","","","","","","","","","","","","","","","","","","","","","0"
"465","UNLV","09/11/10","81","KNUTSON","TATE","","","","","","","","","","","","0","0","1","7","0","","","","","","","","","","","","","","","","","","","","","","","","","","","0"
"465","UNLV","10/09/10","81","KNUTSON","TATE","","","","","","","","","","","","0","0","1","51","0","","","","","","","","","","","","","","","","","","","","","","","","","","","0"
"465","UNLV","10/16/10","81","KNUTSON","TATE","","","","","","","","","","","","0","0","1","6","0","","","","","","","","","","","","","","","","","","","","","","","","","","","0"
"465","UNLV","10/30/10","81","KNUTSON","TATE","","","","","","","","","","","","0","0","1","16","0","","","","","","","","","","","","","","","","","","","","","","","","","","","0"
"465","UNLV","11/13/10","81","KNUTSON","TATE","","","","","","","","","","","","0","0","1","6","0","","","","","","","","","","","","","","","","","","","","","","","","","","","0"
"465","UNLV","12/04/10","81","KNUTSON","TATE","","","","","","","","","","","","0","0","2","21","0","","","","","","","","","","","","","","","","","","","","","","","","","","","0"
"465","UNLV","09/04/10","27","KOHORST","NOLAN","","","","","","","","","","","","0","0","","","","","","","","","","","","","","","","","","","3","3","0","0","","","","","1","0","","3"
"465","UNLV","09/11/10","27","KOHORST","NOLAN","1","0","1","-1","0","","","","","","","1","-1","","","","","","","","","","","","","","","","","","","1","1","0","0","","","","","1","1","","4"
"465","UNLV","09/18/10","27","KOHORST","NOLAN","","","","","","","","","","","","0","0","","","","","","","","","","","","","","","","","","","1","1","0","0","","","","","","","","1"
"465","UNLV","09/25/10","27","KOHORST","NOLAN","","","","","","","","","","","","0","0","","","","","","","","","","","","","","","","","","","6","6","0","0","","","","","2","1","","9"
"465","UNLV","10/02/10","27","KOHORST","NOLAN","","","","","","","","","","","","0","0","","","","","","","","","","","","","","","","","","","2","2","0","0","","","","","2","2","","8"
"465","UNLV","10/09/10","27","KOHORST","NOLAN","","","","","","","","","","","","0","0","","","","","","","","","","","","","","","","","","","1","1","0","0","","","","","1","1","","4"
"465","UNLV","10/16/10","27","KOHORST","NOLAN","","","","","","","","","","","","0","0","","","","","","","","","","","","","","","","","","","1","1","0","0","","","","","1","1","","4"
"465","UNLV","10/30/10","27","KOHORST","NOLAN","","","","","","","","","","","","0","0","","","","","","","","","","","","","","","","","","","1","0","0","0","","","","","","","","0"
"465","UNLV","11/06/10","27","KOHORST","NOLAN","","","","","","","","","","","","0","0","","","","","","","","","","","","","","","","","","","1","1","0","0","","","","","","","","1"
"465","UNLV","11/13/10","27","KOHORST","NOLAN","","","","","","","","","","","","0","0","","","","","","","","","","","","","","","","","","","6","6","0","0","","","","","","","","6"
"465","UNLV","11/18/10","27","KOHORST","NOLAN","","","","","","","","","","","","0","0","","","","","","","","","","","","","","","","","","","2","2","0","0","","","","","2","2","","8"
"465","UNLV","11/27/10","27","KOHORST","NOLAN","","","","","","","","","","","","0","0","","","","","","","","","","","","","","","","","","","2","2","0","0","","","","","1","0","","2"
"465","UNLV","12/04/10","27","KOHORST","NOLAN","","","","","","","","","","","","0","0","","","","","","","","","","","","","","","","","","","3","3","0","0","","","","","","","","3"
"465","UNLV","09/04/10","45","LAMERS","BRENDON","","","","","","","","","","","","0","0","","","","","","","","","","8","275","","","","","","","","","","","","","","","","","","","0"
"465","UNLV","09/11/10","45","LAMERS","BRENDON","","","","","","","","","","","","0","0","","","","","","","","","","6","259","","","","","","","","","","","","","","","","","","","0"
"465","UNLV","09/18/10","45","LAMERS","BRENDON","1","0","2","-2","0","","","","","","","1","-2","","","","","","","","","","7","253","","","","","","","","","","","","","","","","","","","0"
"465","UNLV","09/25/10","45","LAMERS","BRENDON","","","","","","","","","","","","0","0","","","","","","","","","","8","318","","","","","","","","","","","","","","","","","","","0"
"465","UNLV","10/02/10","45","LAMERS","BRENDON","","","","","","","","","","","","0","0","","","","","","","","","","4","166","","","","","","","","","","","","","","","","","","","0"
"465","UNLV","10/09/10","45","LAMERS","BRENDON","","","","","","","","","","","","0","0","","","","","","","","","","5","216","","","","","","","","","","","","","","","","","","","0"
"465","UNLV","10/16/10","45","LAMERS","BRENDON","1","0","0","0","0","","","","","","","1","0","","","","","","","","","","5","210","","","","","","","","","","","","","","","","","","","0"
"465","UNLV","10/30/10","45","LAMERS","BRENDON","","","","","","1","0","0","0","0","","1","0","","","","","","","","","","6","197","","","","","","","","","","","","","","","","","","","0"
"465","UNLV","11/06/10","45","LAMERS","BRENDON","","","","","","","","","","","","0","0","","","","","","","","","","10","357","","","","","","","","","","","","","","","","","","","0"
"465","UNLV","11/13/10","45","LAMERS","BRENDON","","","","","","","","","","","","0","0","","","","","","","","","","4","128","","","","","","","","","","","","","","","","","","","0"
"465","UNLV","11/18/10","45","LAMERS","BRENDON","","","","","","","","","","","","0","0","","","","","","","","","","2","95","","","","","","","","","","","","","","","","","","","0"
"465","UNLV","11/27/10","45","LAMERS","BRENDON","","","","","","","","","","","","0","0","","","","","","","","","","5","172","","","","","","","","","","","","","","","","","","","0"
"465","UNLV","12/04/10","45","LAMERS","BRENDON","","","","","","","","","","","","0","0","","","","","","","","","","6","226","","","","","","","","","","","","","","","","","","","0"
"465","UNLV","10/16/10","87","MAYS","TREY","","","","","","","","","","","","0","0","1","11","0","","","","","","","","","","","","","","","","","","","","","","","","","","","0"
"465","UNLV","11/06/10","87","MAYS","TREY","","","","","","","","","","","","0","0","1","16","0","","","","","","","","","","","","","","","","","","","","","","","","","","","0"
"465","UNLV","11/18/10","87","MAYS","TREY","","","","","","","","","","","","0","0","3","50","0","","","","","","","","","","","","","","","","","","","","","","","","","","","0"
"465","UNLV","12/04/10","87","MAYS","TREY","","","","","","","","","","","","0","0","1","5","0","","","","","","","","","","","","","","","","","","","","","","","","","","","0"
"465","UNLV","09/04/10","4","PAYNE","PHILLIP","","","","","","","","","","","","0","0","4","71","1","","","","","","","","","","","","","","","1","","","","","","","","","","","","6"
"465","UNLV","09/11/10","4","PAYNE","PHILLIP","","","","","","","","","","","","0","0","4","30","0","","","","","","","","","","","","","","","","","","","","","","","","","","","0"
"465","UNLV","09/18/10","4","PAYNE","PHILLIP","","","","","","","","","","","","0","0","3","79","1","","","","","","","","","","","","","","","1","","","","","","","","","","","","6"
"465","UNLV","09/25/10","4","PAYNE","PHILLIP","","","","","","","","","","","","0","0","4","39","0","","","","","","","","","","","","","","","","","","","","","","","","","","","0"
"465","UNLV","10/02/10","4","PAYNE","PHILLIP","","","","","","","","","","","","0","0","8","170","0","","","","","","","","","","","","","","","","","","","","","","","","","","","0"
"465","UNLV","10/30/10","4","PAYNE","PHILLIP","","","","","","","","","","","","0","0","2","27","0","","","","","","","","","","","","","","","","","","","","","","","","","","","0"
"465","UNLV","11/06/10","4","PAYNE","PHILLIP","","","","","","","","","","","","0","0","1","16","0","","","","","","","","","","","","","","","","","","","","","","","","","","","0"
"465","UNLV","11/13/10","4","PAYNE","PHILLIP","","","","","","","","","","","","0","0","1","21","1","","","","","","","","","","","","","","","1","","","","","","","","","","","","6"
"465","UNLV","11/18/10","4","PAYNE","PHILLIP","","","","","","","","","","","","0","0","2","61","1","","","","","","","","","","","","","","","1","","","","","","","","","","","","6"
"465","UNLV","11/27/10","4","PAYNE","PHILLIP","","","","","","","","","","","","0","0","5","91","0","","","","","","","","","","","","","","","","","","","","","","","","","","","0"
"465","UNLV","12/04/10","4","PAYNE","PHILLIP","","","","","","","","","","","","0","0","6","84","1","","","","","","","","","","","","","","","1","","","","","","","","","","","","6"
"465","UNLV","09/04/10","26","PURVIS","DEANTE'","","","","","","","","","","","","0","0","","","","","","","","","","","","","","","1","18","0","","","","","","","","","","","","","0"
"465","UNLV","09/11/10","26","PURVIS","DEANTE'","","","","","","","","","","","","0","0","","","","","","","","","","","","","","","1","3","0","","","","","","","","","","","","","0"
"465","UNLV","09/25/10","26","PURVIS","DEANTE'","4","20","8","12","0","","","","","","","4","12","","","","","","","","","","","","","","","","","","","","","","","","","","","","","","0"
"465","UNLV","10/09/10","26","PURVIS","DEANTE'","17","50","2","48","0","","","","","","","17","48","3","6","0","","","","","","","","","","","","","","","","","","","","","","","","","","","0"
"465","UNLV","10/16/10","26","PURVIS","DEANTE'","14","88","3","85","0","","","","","","","14","85","1","-7","0","","","","","","","","","","","","","","","","","","","","","","","","","","","0"
"465","UNLV","10/30/10","26","PURVIS","DEANTE'","7","25","1","24","0","","","","","","","7","24","","","","","","","","","","","","","","","","","","","","","","","","","","","","","","0"
"465","UNLV","11/06/10","26","PURVIS","DEANTE'","1","0","1","-1","0","","","","","","","1","-1","","","","","","","","","","","","","","","","","","","","","","","","","","","","","","0"
"465","UNLV","11/13/10","26","PURVIS","DEANTE'","6","27","0","27","0","","","","","","","6","27","1","6","0","","","","","","","","","","","","","","","","","","","","","","","","","","","0"
"465","UNLV","11/18/10","26","PURVIS","DEANTE'","2","8","0","8","0","","","","","","","2","8","1","3","0","","","","","","","","","","","","","","","","","","","","","","","","","","","0"
"465","UNLV","11/27/10","26","PURVIS","DEANTE'","6","21","1","20","0","","","","","","","6","20","","","","","","","","","","","","","","","1","18","0","","","","","","","","","","","","","0"
"465","UNLV","09/04/10","28","RANDLE","BRADLEY","1","3","0","3","0","","","","","","","1","3","","","","","","","","","","","","","","","1","18","0","","","","","","","","","","","","","0"
"465","UNLV","09/11/10","28","RANDLE","BRADLEY","8","29","0","29","0","","","","","","","8","29","","","","","","","","","","","","","","","1","13","0","","","","","","","","","","","","","0"
"465","UNLV","09/18/10","28","RANDLE","BRADLEY","4","28","0","28","0","","","","","","","4","28","","","","","","","","","","","","","","","3","55","0","","","","","","","","","","","","","0"
"465","UNLV","09/25/10","28","RANDLE","BRADLEY","8","44","1","43","0","","","","","","","8","43","1","11","0","","","","","","","","","","","","","","","","","","","","","","","","","","","0"
"465","UNLV","10/02/10","28","RANDLE","BRADLEY","3","4","0","4","1","","","","","","","3","4","","","","","","","","","","","","","","","","","","1","","","","","","","","","","","","6"
"465","UNLV","10/09/10","28","RANDLE","BRADLEY","","","","","","","","","","","","0","0","","","","","","","","","","","","","","","2","45","0","","","","","","","","","","","","","0"
"465","UNLV","10/16/10","28","RANDLE","BRADLEY","","","","","","","","","","","","0","0","","","","","","","","","","","","","","","1","18","0","","","","","","","","","","","","","0"
"465","UNLV","10/30/10","28","RANDLE","BRADLEY","","","","","","","","","","","","0","0","","","","","","","","","","","","","","","8","158","0","","","","","","","","","","","","","0"
"465","UNLV","11/27/10","28","RANDLE","BRADLEY","1","2","0","2","0","","","","","","","1","2","","","","","","","","","","","","","","","","","","","","","","","","","","","","","","0"
"465","UNLV","12/04/10","28","RANDLE","BRADLEY","","","","","","","","","","","","0","0","","","","","","","","","","","","","","","2","22","0","","","","","","","","","","","","","0"
"465","UNLV","10/09/10","86","REED","AARON","","","","","","","","","","","","0","0","1","14","0","","","","","","","","","","","","","","","","","","","","","","","","","","","0"
"465","UNLV","11/13/10","86","REED","AARON","","","","","","","","","","","","0","0","","","","","","","","","","","","","","","1","0","0","","","","","","","","","","","","","0"
"465","UNLV","09/04/10","84","STOLDEN","IRSHAD","","","","","","","","","","","","0","0","1","9","1","","","","","","","","","","","","","","","1","","","","","","","","","","","","6"
"465","UNLV","10/09/10","84","STOLDEN","IRSHAD","","","","","","","","","","","","0","0","2","10","0","","","","","","","","","","","","","","","","","","","","","","","","","","","0"
"465","UNLV","09/04/10","18","SULLIVAN","MARCUS","","","","","","","","","","","","0","0","","","","","","","","","","","","","","","2","38","0","","","","","","","","","","","","","0"
"465","UNLV","09/11/10","18","SULLIVAN","MARCUS","","","","","","","","","","","","0","0","1","24","0","","","","","","","","","","","","3","49","0","","","","","","","","","","","","","0"
"465","UNLV","09/18/10","18","SULLIVAN","MARCUS","1","1","0","1","0","","","","","","","1","1","","","","","","","","","","","","","","","","","","","","","","","","","","","","","","0"
"465","UNLV","09/25/10","18","SULLIVAN","MARCUS","","","","","","","","","","","","0","0","1","2","0","","","","","","","","","","","","2","58","0","","","","","","","","","","","","","0"
"465","UNLV","10/02/10","18","SULLIVAN","MARCUS","","","","","","","","","","","","0","0","","","","","","","","","","","","","","","4","147","0","","","","","","","","","","","","","0"
"465","UNLV","10/09/10","18","SULLIVAN","MARCUS","","","","","","","","","","","","0","0","","","","","","","","","","","","","","","1","24","0","","","","","","","","","","","","","0"
"465","UNLV","11/06/10","18","SULLIVAN","MARCUS","","","","","","","","","","","","0","0","1","24","1","","","","","","","","","","","","4","135","0","1","","","","","","","","","","","","6"
"465","UNLV","11/13/10","18","SULLIVAN","MARCUS","1","25","0","25","0","","","","","","","1","25","1","41","1","","","","","","","","","","","","3","117","0","1","","","","","","","","","","","","6"
"465","UNLV","11/18/10","18","SULLIVAN","MARCUS","1","1","0","1","0","","","","","","","1","1","1","10","0","","","","","","","","","","","","3","47","0","","","","","","","","","","","","","0"
"465","UNLV","11/27/10","18","SULLIVAN","MARCUS","","","","","","","","","","","","0","0","","","","","","","","","","","","","","","6","224","0","","","","","","","","","","","","","0"
"465","UNLV","12/04/10","18","SULLIVAN","MARCUS","","","","","","","","","","","","0","0","1","1","0","","","","","","","","","","","","7","137","0","","","","","","","","","","","","","0"
"465","UNLV","09/04/10","32","TROTTER","CHANNING","3","3","3","0","0","","","","","","","3","0","1","-2","0","","","","","","","","","","","","","","","","","","","","","","","","","","","0"
"465","UNLV","09/11/10","32","TROTTER","CHANNING","3","9","0","9","0","","","","","","","3","9","","","","","","","","","","","","","","","","","","","","","","","","","","","","","","0"
"465","UNLV","09/18/10","32","TROTTER","CHANNING","15","66","4","62","0","","","","","","","15","62","1","11","0","","","","","","","","","","","","","","","","","","","","","","","","","","","0"
"465","UNLV","09/25/10","32","TROTTER","CHANNING","15","65","2","63","1","","","","","","","15","63","1","15","0","","","","","","","","","","","","","","","1","","","","","","","","","","","","6"
"465","UNLV","10/02/10","32","TROTTER","CHANNING","12","26","7","19","0","","","","","","","12","19","1","-1","0","","","","","","","","","","","","","","","","","","","","","","","","","","","0"
"465","UNLV","10/09/10","32","TROTTER","CHANNING","3","3","0","3","0","","","","","","","3","3","1","-1","0","","","","","","","","","","","","","","","","","","","","","","","","","","","0"
"465","UNLV","10/16/10","32","TROTTER","CHANNING","","","","","","","","","","","","0","0","1","12","0","","","","","","","","","","","","","","","","","","","","","","","","","","","0"
"465","UNLV","10/30/10","32","TROTTER","CHANNING","2","5","0","5","0","","","","","","","2","5","","","","","","","","","","","","","","","","","","","","","","","","","","","","","","0"
"465","UNLV","11/06/10","32","TROTTER","CHANNING","2","5","8","-3","0","","","","","","","2","-3","1","-5","0","","","","","","","","","","","","","","","","","","","","","","","","","","","0"
"465","UNLV","11/13/10","32","TROTTER","CHANNING","5","25","0","25","0","","","","","","","5","25","1","4","0","","","","","","","","","","","","","","","","","","","","","","","","","","","0"
"465","UNLV","11/18/10","32","TROTTER","CHANNING","3","21","0","21","0","","","","","","","3","21","","","","","","","","","","","","","","","","","","","","","","","","","","","","","","0"
"465","UNLV","12/04/10","32","TROTTER","CHANNING","7","34","0","34","0","","","","","","","7","34","2","8","1","","","","","","","","","","","","","","","1","","","","","","","","","","","","6"
"465","UNLV","10/16/10","13","TUILOMA","ERIC","","","","","","","","","","","","0","0","","","","","","","","","","","","1","27","0","","","","","","","","","","","","","","","","0"
"465","UNLV","09/11/10","88","VIDAL","ANTHONY","","","","","","","","","","","","0","0","2","29","0","","","","","","","","","","","","","","","","","","","","","","","","","","","0"
"465","UNLV","10/02/10","88","VIDAL","ANTHONY","","","","","","","","","","","","0","0","1","4","1","","","","","","","","","","","","","","","1","","","","","","","","","","","","6"
"465","UNLV","10/09/10","88","VIDAL","ANTHONY","","","","","","","","","","","","0","0","2","12","0","","","","","","","","","","","","","","","","","","","","","","","","","","","0"
"465","UNLV","10/16/10","88","VIDAL","ANTHONY","","","","","","","","","","","","0","0","1","4","0","","","","","","","","","","","","","","","","","","","","","","","","","","","0"
"465","UNLV","10/30/10","88","VIDAL","ANTHONY","","","","","","","","","","","","0","0","2","7","0","","","","","","","","","","","","","","","","","","","","","","","","","","","0"
"465","UNLV","11/06/10","88","VIDAL","ANTHONY","","","","","","","","","","","","0","0","1","6","0","","","","","","","","","","","","","","","","","","","","","","","","","","","0"
"465","UNLV","11/13/10","88","VIDAL","ANTHONY","","","","","","","","","","","","0","0","2","23","0","","","","","","","","","","","","","","","","","","","","","","","","","","","0"
"465","UNLV","11/18/10","88","VIDAL","ANTHONY","","","","","","","","","","","","0","0","1","11","0","","","","","","","","","","","","","","","","","","","","","","","","","","","0"
"465","UNLV","11/27/10","88","VIDAL","ANTHONY","","","","","","","","","","","","0","0","1","4","0","","","","","","","","","","","","","","","","","","","","","","","","","","","0"
"465","UNLV","12/04/10","88","VIDAL","ANTHONY","","","","","","","","","","","","0","0","1","7","0","","","","","","","","","","","","","","","","","","","","","","","","","","","0"
"465","UNLV","09/11/10","44","WATKINS","KYLE","","","","","","","","","","","","0","0","1","9","0","","","","","","","","","","","","","","","","","","","","","","","","","","","0"
"465","UNLV","09/25/10","44","WATKINS","KYLE","","","","","","","","","","","","0","0","1","15","0","","","","","","","","","","","","","","","","","","","","","","","","","","","0"
"465","UNLV","10/02/10","44","WATKINS","KYLE","","","","","","","","","","","","0","0","1","14","0","","","","","","","","","","","","","","","","","","","","","","","","","","","0"
"465","UNLV","10/09/10","44","WATKINS","KYLE","","","","","","","","","","","","0","0","1","21","0","","","","","","","","","","","","","","","","","","","","","","","","","","","0"
"465","UNLV","10/30/10","44","WATKINS","KYLE","","","","","","","","","","","","0","0","1","2","0","","","","","","","","","","","","","","","","","","","","","","","","","","","0"
"465","UNLV","11/18/10","44","WATKINS","KYLE","","","","","","","","","","","","0","0","1","22","0","","","","","","","","","","","","","","","","","","","","","","","","","","","0"
"465","UNLV","11/27/10","44","WATKINS","KYLE","","","","","","","","","","","","0","0","2","27","1","","","","","","","","","","","","","","","1","","","","","","","","","","","","6"
"732","Utah","10/30/10","93","A'ASA","NELI","","","","","","","","","","","","0","0","","","","","","","","","","","","","","","1","6","0","","","","","","","","","","","","","0"
"732","Utah","11/27/10","93","A'ASA","NELI","","","","","","","","","","","","0","0","","","","","","","","","","","","","","","1","18","0","","","","","","","","","","","","","0"
"732","Utah","12/22/10","45","ANDERSEN","BOO","","","","","","","","","","","","0","0","","","","","","","","","","","","","","","1","11","0","","","","","","","","","","","","","0"
"732","Utah","09/02/10","4","ASIATA","MATT","16","66","1","65","0","","","","","","","16","65","1","4","0","","","","","","","","","","","","","","","","","","","","","","","","","","","0"
"732","Utah","09/11/10","4","ASIATA","MATT","8","40","1","39","0","","","","","","","8","39","1","15","0","","","","","","","","","","","","","","","","","","","","","","","","","","","0"
"732","Utah","09/18/10","4","ASIATA","MATT","9","32","0","32","1","","","","","","","9","32","5","54","0","","","","","","","","","","","","","","","1","","","","","","","","","","","","6"
"732","Utah","09/25/10","4","ASIATA","MATT","11","51","0","51","1","","","","","","","11","51","2","3","0","","","","","","","","","","","","","","","1","","","","","","","","","","","","6"
"732","Utah","10/09/10","4","ASIATA","MATT","11","58","0","58","1","","","","","","","11","58","5","6","0","","","","","","","","","","","","","","","1","","","","","","","","","","","","6"
"732","Utah","10/16/10","4","ASIATA","MATT","16","109","0","109","0","","","","","","","16","109","1","12","0","","","","","","","","","","","","","","","","","","","","","","","","","","","0"
"732","Utah","10/23/10","4","ASIATA","MATT","7","39","0","39","2","","","","","","","7","39","3","2","0","","","","","","","","","","","","","","","2","","","","","","","","","","","","12"
"732","Utah","10/30/10","4","ASIATA","MATT","26","95","0","95","1","","","","","","","26","95","","","","","","","","","","","","","","","","","","1","","","","","","","","","","","","6"
"732","Utah","11/06/10","4","ASIATA","MATT","6","27","0","27","0","","","","","","","6","27","5","28","1","","","","","","","","","","","","","","","1","","","","","","","","","","","","6"
"732","Utah","11/13/10","4","ASIATA","MATT","13","48","0","48","0","","","","","","","13","48","4","23","0","","","","","","","","","","","","","","","","","","","","","","","","","","","0"
"732","Utah","11/20/10","4","ASIATA","MATT","19","91","4","87","1","","","","","","","19","87","3","32","0","","","","","","","","","","","","","","","1","","","","","","","","","","","","6"
"732","Utah","11/27/10","4","ASIATA","MATT","8","24","1","23","1","","","","","","","8","23","1","6","0","","","","","","","","","","","","","","","1","","","","","","","","","","","","6"
"732","Utah","12/22/10","4","ASIATA","MATT","5","26","4","22","0","","","","","","","5","22","1","10","0","","","","","","","","","","","","","","","","","","","","","","","","","","","0"
"732","Utah","09/11/10","34","ASIATA","SHAWN","","","","","","","","","","","","0","0","1","5","0","","","","","","","","","","","","","","","","","","","","","","","","","","","0"
"732","Utah","09/25/10","34","ASIATA","SHAWN","","","","","","","","","","","","0","0","1","10","1","","","","","","","","","","","","","","","1","","","","","","","","","","","","6"
"732","Utah","10/23/10","34","ASIATA","SHAWN","","","","","","","","","","","","0","0","2","9","0","","","","","","","","","","","","","","","","","","","","","","","","","","","0"
"732","Utah","11/20/10","34","ASIATA","SHAWN","","","","","","","","","","","","0","0","1","4","0","","","","","","","","","","","","1","10","0","","","","","","","","","","","","","0"
"732","Utah","11/27/10","34","ASIATA","SHAWN","","","","","","","","","","","","0","0","1","4","0","","","","","","","","","","","","","","","","","","","","","","","","","","","0"
"732","Utah","11/20/10","35","BIRD","GREG","","","","","","","","","","","","0","0","","","","","","","","","","","","1","12","0","","","","","","","","","","","","","","","","0"
"732","Utah","10/23/10","9","BLACK","CONROY","","","","","","","","","","","","0","0","","","","1","0","0","","","","","","","","","","","","","","","","","","","","","","","","0"
"732","Utah","09/02/10","2","BLECHEN","BRIAN","","","","","","","","","","","","0","0","","","","1","2","0","","","","","","","","","","","","","","","","","","","","","","","","0"
"732","Utah","10/09/10","2","BLECHEN","BRIAN","","","","","","","","","","","","0","0","","","","","","","","","","","","","","","","","","","","","0","0","1","0","","","","","","0"
"732","Utah","10/30/10","2","BLECHEN","BRIAN","","","","","","","","","","","","0","0","","","","1","14","0","","","","","","","","","","","","","","","","","","","","","","","","0"
"732","Utah","11/20/10","2","BLECHEN","BRIAN","","","","","","","","","","","","0","0","","","","1","0","0","","","","","","","","","","","","","","","","","","","","","","","","0"
"732","Utah","11/27/10","2","BLECHEN","BRIAN","","","","","","","","","","","","0","0","","","","1","0","0","","","","","","","","","","","","","","","","","","","","","","","","0"
"732","Utah","09/02/10","85","BROOKS","JEREME","","","","","","","","","","","","0","0","5","87","2","","","","","","","","","","","","3","63","0","2","","","","","","","","","","","","12"
"732","Utah","09/11/10","85","BROOKS","JEREME","","","","","","","","","","","","0","0","4","77","1","","","","","","","","","","","","","","","1","","","","","","","","","","","","6"
"732","Utah","09/18/10","85","BROOKS","JEREME","","","","","","","","","","","","0","0","6","99","1","","","","","","","","","","","","","","","1","","","","","","","","","","","","6"
"732","Utah","09/25/10","85","BROOKS","JEREME","","","","","","","","","","","","0","0","5","44","0","","","","","","","","","","","","","","","","","","","","","","","","","","","0"
"732","Utah","10/09/10","85","BROOKS","JEREME","","","","","","","","","","","","0","0","4","29","0","","","","","","","","","","","","","","","","","","","","","","","","","","","0"
"732","Utah","10/16/10","85","BROOKS","JEREME","","","","","","","","","","","","0","0","1","21","0","","","","","","","","","","","","","","","","","","","","","","","","","","","0"
"732","Utah","10/23/10","85","BROOKS","JEREME","","","","","","","","","","","","0","0","7","61","0","","","","","","","","","","","","","","","","","","","","","","","","","","","0"
"732","Utah","10/30/10","85","BROOKS","JEREME","","","","","","","","","","","","0","0","6","33","0","","","","","","","","","","","","","","","","","","","","","","","","","","","0"
"732","Utah","11/06/10","85","BROOKS","JEREME","","","","","","","","","","","","0","0","2","9","0","","","","","","","","","","","","","","","","","","","","","","","","","","","0"
"732","Utah","11/13/10","85","BROOKS","JEREME","","","","","","","","","","","","0","0","4","33","0","","","","","","","","","","","","","","","","","","","","","","","","","","","0"
"732","Utah","11/20/10","85","BROOKS","JEREME","1","0","8","-8","0","","","","","","","1","-8","3","63","0","","","","","","","","","","","","","","","","","","","","","","","","","","","0"
"732","Utah","11/27/10","85","BROOKS","JEREME","","","","","","","","","","","","0","0","3","72","0","","","","","","","","","","","","","","","","","","","","","","","","","","","0"
"732","Utah","12/22/10","85","BROOKS","JEREME","1","0","0","0","0","","","","","","","1","0","1","5","0","","","","","","","","","","","","","","","","","","","","","","","","","","","0"
"732","Utah","09/18/10","38","BURTON","BEAU","2","6","0","6","0","","","","","","","2","6","","","","","","","","","","","","","","","","","","","","","","","","","","","","","","0"
"732","Utah","09/25/10","38","BURTON","BEAU","4","32","0","32","1","","","","","","","4","32","","","","","","","","","","","","","","","","","","1","","","","","","","","","","","","6"
"732","Utah","10/23/10","38","BURTON","BEAU","3","21","0","21","0","","","","","","","3","21","","","","","","","","","","","","","","","","","","","","","","","","","","","","","","0"
"732","Utah","10/09/10","27","BURTON","BRANDON","","","","","","","","","","","","0","0","","","","1","57","0","","","","","","","","","","","","","","","","","","","","","","","","0"
"732","Utah","11/20/10","27","BURTON","BRANDON","","","","","","","","","","","","0","0","","","","1","12","0","","","","","","","","","","","","","","","","","","","","","","","","0"
"732","Utah","09/11/10","7","CAIN","TERRANCE","3","9","0","9","0","20","13","0","207","2","","23","216","","","","","","","","","","","","","","","","","","","","","","","","","","","","","","0"
"732","Utah","09/18/10","7","CAIN","TERRANCE","1","12","0","12","1","23","20","0","248","3","","24","260","","","","","","","","","","","","","","","","","","1","","","","","","","","","","","","6"
"732","Utah","09/25/10","7","CAIN","TERRANCE","2","9","2","7","0","6","4","0","31","0","","8","38","","","","","","","","","","","","","","","","","","","","","","","","","","","","","","0"
"732","Utah","10/09/10","7","CAIN","TERRANCE","2","29","0","29","0","3","2","0","-3","0","","5","26","","","","","","","","","","","","","","","","","","","","","","","","","","","","","","0"
"732","Utah","10/16/10","7","CAIN","TERRANCE","1","4","0","4","0","1","1","0","13","0","","2","17","","","","","","","","","","","","","","","","","","","","","","","","","","","","","","0"
"732","Utah","10/23/10","7","CAIN","TERRANCE","1","12","0","12","0","11","9","0","106","1","","12","118","","","","","","","","","","","","","","","","","","","","","","","","","","","","","","0"
"732","Utah","11/27/10","7","CAIN","TERRANCE","","","","","","7","2","2","8","0","","7","8","","","","","","","","","","","","","","","","","","","","","","","","","","","","","","0"
"732","Utah","12/22/10","7","CAIN","TERRANCE","14","52","33","19","0","24","10","0","93","0","","38","112","","","","","","","","","","","","","","","","","","","","","","","","","","","","","","0"
"732","Utah","09/02/10","10","CHRISTOPHER","DEVONTE","","","","","","","","","","","","0","0","8","155","1","","","","","","","","","","","","","","","1","","","","","","","","","","","","6"
"732","Utah","09/11/10","10","CHRISTOPHER","DEVONTE","","","","","","","","","","","","0","0","1","8","0","","","","","","","","","","","","","","","","","","","","","","","","","","","0"
"732","Utah","09/18/10","10","CHRISTOPHER","DEVONTE","","","","","","","","","","","","0","0","2","55","1","","","","","","","","","","","","","","","1","","","","","","","","","","","","6"
"732","Utah","09/25/10","10","CHRISTOPHER","DEVONTE","","","","","","","","","","","","0","0","1","6","0","","","","","","","","","","","","","","","","","","","","","","","","","","","0"
"732","Utah","10/09/10","10","CHRISTOPHER","DEVONTE","","","","","","","","","","","","0","0","6","124","1","","","","","","","","","","","","1","27","0","1","","","","","","","","","","","","6"
"732","Utah","10/16/10","10","CHRISTOPHER","DEVONTE","","","","","","","","","","","","0","0","3","40","1","","","","","","","","","","","","","","","1","","","","","","","","","","","","6"
"732","Utah","10/23/10","10","CHRISTOPHER","DEVONTE","","","","","","","","","","","","0","0","5","111","1","","","","","","","","","","","","","","","1","","","","","","","","","","","","6"
"732","Utah","11/06/10","10","CHRISTOPHER","DEVONTE","","","","","","","","","","","","0","0","6","73","0","","","","","","","","","","","","","","","","","","","","","","","","","","","0"
"732","Utah","11/13/10","10","CHRISTOPHER","DEVONTE","","","","","","","","","","","","0","0","4","32","0","","","","","","","","","","","","","","","","","","","","","","","","","","","0"
"732","Utah","11/20/10","10","CHRISTOPHER","DEVONTE","","","","","","","","","","","","0","0","2","19","0","","","","","","","","","","","","","","","","","","","","","","","","","","","0"
"732","Utah","11/27/10","10","CHRISTOPHER","DEVONTE","","","","","","","","","","","","0","0","1","37","1","","","","","","","","","","","","","","","1","","","","","","","","","","","","6"
"732","Utah","09/11/10","84","CLIFFORD","BRAD","","","","","","","","","","","","0","0","1","16","0","","","","","","","","","","","","","","","","","","","","","","","","","","","0"
"732","Utah","10/16/10","84","CLIFFORD","BRAD","","","","","","","","","","","","0","0","5","63","0","","","","","","","","","","","","","","","","","","","","","","","","","","","0"
"732","Utah","09/25/10","14","DUNN","REGGIE","1","43","0","43","1","","","","","","","1","43","1","24","0","","","","","","","","","","","","","","","1","","","","","","","","","","","","6"
"732","Utah","10/09/10","14","DUNN","REGGIE","2","20","0","20","0","","","","","","","2","20","","","","","","","","","","","","","","","1","100","1","1","","","","","","","","","","","","6"
"732","Utah","10/16/10","14","DUNN","REGGIE","3","26","1","25","1","","","","","","","3","25","","","","","","","","","","","","","","","","","","1","","","","","","","","","","","","6"
"732","Utah","10/23/10","14","DUNN","REGGIE","2","4","5","-1","0","","","","","","","2","-1","2","4","0","","","","","","","","","","","","2","42","0","","","","","","","","","","","","","0"
"732","Utah","10/30/10","14","DUNN","REGGIE","","","","","","","","","","","","0","0","","","","","","","","","","","","","","","1","19","0","","","","","","","","","","","","","0"
"732","Utah","11/06/10","14","DUNN","REGGIE","","","","","","","","","","","","0","0","","","","","","","","","","","","","","","1","22","0","","","","","","","","","","","","","0"
"732","Utah","11/13/10","14","DUNN","REGGIE","4","14","2","12","0","","","","","","","4","12","","","","","","","","","","","","","","","1","26","0","","","","","","","","","","","","","0"
"732","Utah","11/20/10","14","DUNN","REGGIE","","","","","","","","","","","","0","0","1","42","0","","","","","","","","","","","","2","57","0","","","","","","","","","","","","","0"
"732","Utah","11/27/10","14","DUNN","REGGIE","","","","","","","","","","","","0","0","","","","","","","","","","","","","","","2","32","0","","","","","","","","","","","","","0"
"732","Utah","12/22/10","14","DUNN","REGGIE","","","","","","","","","","","","0","0","","","","","","","","","","","","","","","2","57","0","","","","","","","","","","","","","0"
"732","Utah","09/11/10","30","MARSH","NICK","","","","","","","","","","","","0","0","","","","","","","","","","3","105","","","","","","","","","","","","","","","","","","","0"
"732","Utah","09/18/10","52","MARTINEZ","MATT","","","","","","","","","","","","0","0","","","","1","36","1","","","","","","","","","","","","1","","","","","","","","","","","","6"
"732","Utah","09/02/10","11","MATTHEWS","LUKE","","","","","","","","","","","","0","0","1","4","0","","","","","","","","","","","","","","","","","","","","","","","","","","","0"
"732","Utah","09/11/10","11","MATTHEWS","LUKE","","","","","","","","","","","","0","0","1","12","0","","","","","","","","","","","","","","","","","","","","","","","","","","","0"
"732","Utah","09/18/10","11","MATTHEWS","LUKE","","","","","","","","","","","","0","0","2","12","0","","","","","","","","","","","","","","","","","","","","","","","","","","","0"
"732","Utah","10/09/10","11","MATTHEWS","LUKE","","","","","","","","","","","","0","0","2","25","0","","","","","","","","","","","","","","","","","","","","","","","","","","","0"
"732","Utah","10/16/10","11","MATTHEWS","LUKE","","","","","","","","","","","","0","0","4","66","1","","","","","","","","","","","","","","","1","","","","","","","","","","","","6"
"732","Utah","10/23/10","11","MATTHEWS","LUKE","","","","","","","","","","","","0","0","2","52","0","","","","","","","","","","","","","","","","","","","","","","","","","","","0"
"732","Utah","10/30/10","11","MATTHEWS","LUKE","","","","","","","","","","","","0","0","1","36","1","","","","","","","","","","","","","","","1","","","","","","","","","","","","6"
"732","Utah","11/13/10","11","MATTHEWS","LUKE","","","","","","","","","","","","0","0","1","9","0","","","","","","","","","","","","","","","","","","","","","","","","","","","0"
"732","Utah","11/20/10","11","MATTHEWS","LUKE","","","","","","","","","","","","0","0","1","57","1","","","","","","","","","","","","","","","1","","","","","","","","","","","","6"
"732","Utah","11/27/10","11","MATTHEWS","LUKE","","","","","","","","","","","","0","0","2","10","0","","","","","","","","","","","","","","","","","","","","","","","","","","","0"
"732","Utah","12/22/10","11","MATTHEWS","LUKE","","","","","","","","","","","","0","0","1","6","0","","","","","","","","","","","","","","","","","","","","","","","","","","","0"
"732","Utah","09/11/10","16","MCNABB","GRIFFIN","","","","","","","","","","","","0","0","","","","","","","","","","","","","","","1","12","0","","","","","","","","","","","","","0"
"732","Utah","09/18/10","16","MCNABB","GRIFFIN","","","","","","","","","","","","0","0","","","","","","","","","","","","1","4","0","","","","","","","","","","","","","","","","0"
"732","Utah","09/25/10","16","MCNABB","GRIFFIN","","","","","","","","","","","","0","0","1","3","0","","","","","","","","","","","","","","","","","","","","","","","","","","","0"
"732","Utah","10/09/10","16","MCNABB","GRIFFIN","","","","","","","","","","","","0","0","","","","","","","","","","","","1","11","0","","","","","","","","","","","","","","","","0"
"732","Utah","10/16/10","16","MCNABB","GRIFFIN","","","","","","","","","","","","0","0","","","","","","","","","","","","1","7","0","1","24","0","","","","","","","","","","","","","0"
"732","Utah","10/23/10","16","MCNABB","GRIFFIN","","","","","","","","","","","","0","0","1","5","1","","","","","","","","","","","","","","","1","","","","","","","","","","","","6"
"732","Utah","10/09/10","8","MOALA","FATU","","","","","","","","","","","","0","0","1","13","0","","","","","","","","","","","","","","","","","","","","","","","","","","","0"
"732","Utah","10/30/10","8","MOALA","FATU","","","","","","","","","","","","0","0","1","5","0","","","","","","","","","","","","","","","","","","","","","","","","","","","0"
"732","Utah","11/13/10","8","MOALA","FATU","","","","","","","","","","","","0","0","1","11","0","","","","","","","","","","","","","","","","","","","","","","","","","","","0"
"732","Utah","11/20/10","8","MOALA","FATU","","","","","","","","","","","","0","0","2","15","0","","","","","","","","","","","","","","","","","","","","","","","","","","","0"
"732","Utah","09/02/10","81","MOEAI","KENDRICK","","","","","","","","","","","","0","0","1","6","0","","","","","","","","","","","","","","","","","","","","","","","","","","","0"
"732","Utah","09/11/10","81","MOEAI","KENDRICK","","","","","","","","","","","","0","0","1","11","0","","","","","","","","","","","","","","","","","","","","","","","","","","","0"
"732","Utah","09/18/10","81","MOEAI","KENDRICK","","","","","","","","","","","","0","0","2","22","0","","","","","","","","","","","","","","","","","","","","","","","","","","","0"
"732","Utah","10/09/10","81","MOEAI","KENDRICK","","","","","","","","","","","","0","0","2","36","0","","","","","","","","","","","","","","","","","","","","","","","","","","","0"
"732","Utah","10/23/10","81","MOEAI","KENDRICK","","","","","","","","","","","","0","0","1","32","0","","","","","","","","","","","","","","","","","","","","","","","","","","","0"
"732","Utah","10/30/10","81","MOEAI","KENDRICK","","","","","","","","","","","","0","0","1","23","0","","","","","","","","","","","","","","","","","","","","","","","","","","","0"
"732","Utah","11/06/10","81","MOEAI","KENDRICK","","","","","","","","","","","","0","0","1","23","0","","","","","","","","","","","","","","","","","","","","","","","","","","","0"
"732","Utah","11/13/10","81","MOEAI","KENDRICK","","","","","","","","","","","","0","0","1","25","0","","","","","","","","","","","","","","","","","","","","","","","","","","","0"
"732","Utah","11/20/10","81","MOEAI","KENDRICK","","","","","","","","","","","","0","0","1","47","1","","","","","","","","","","","","","","","1","","","","","","","","","","","","6"
"732","Utah","09/02/10","39","PHILLIPS","JOE","","","","","","","","","","","","0","0","","","","","","","","","","","","","","","","","","","3","3","0","0","","","","","2","2","","9"
"732","Utah","09/11/10","39","PHILLIPS","JOE","","","","","","","","","","","","0","0","","","","","","","","","","","","","","","","","","","5","5","0","0","","","","","1","1","","8"
"732","Utah","09/18/10","39","PHILLIPS","JOE","","","","","","","","","","","","0","0","","","","","","","","","","","","","","","","","","","8","8","0","0","","","","","","","","8"
"732","Utah","09/25/10","39","PHILLIPS","JOE","","","","","","","","","","","","0","0","","","","","","","","","","","","","","","","","","","8","8","0","0","","","","","","","","8"
"732","Utah","10/09/10","39","PHILLIPS","JOE","","","","","","","","","","","","0","0","","","","","","","","","","","","","","","","","","","8","8","0","0","","","","","4","4","","20"
"732","Utah","10/16/10","39","PHILLIPS","JOE","","","","","","","","","","","","0","0","","","","","","","","","","","","","","","","","","","4","3","0","0","","","","","1","1","","6"
"732","Utah","10/23/10","39","PHILLIPS","JOE","","","","","","","","","","","","0","0","","","","","","","","","","","","","","","","","","","8","8","0","0","","","","","1","1","","11"
"732","Utah","10/30/10","39","PHILLIPS","JOE","1","7","0","7","0","","","","","","","1","7","","","","","","","","","","","","","","","","","","","4","4","0","0","","","","","1","0","","4"
"732","Utah","11/06/10","39","PHILLIPS","JOE","","","","","","","","","","","","0","0","","","","","","","","","","","","","","","","","","","1","1","0","0","","","","","","","","1"
"732","Utah","11/13/10","39","PHILLIPS","JOE","","","","","","","","","","","","0","0","","","","","","","","","","","","","","","","","","","","","","","","","","","1","1","","3"
"732","Utah","11/20/10","39","PHILLIPS","JOE","","","","","","","","","","","","0","0","","","","","","","","","","5","175","","","","","","","","5","5","0","0","","","","","1","1","","8"
"732","Utah","11/27/10","39","PHILLIPS","JOE","","","","","","","","","","","","0","0","","","","","","","","","","6","213","","","","","","","","2","2","0","0","","","","","2","1","","5"
"732","Utah","12/22/10","39","PHILLIPS","JOE","","","","","","","","","","","","0","0","","","","","","","","","","5","206","","","","","","","","","","","","","","","","3","1","","3"
"732","Utah","10/23/10","88","RANSOM","DEXTER","","","","","","","","","","","","0","0","1","8","0","","","","","","","","","","","","","","","","","","","","","","","","","","","0"
"732","Utah","10/30/10","88","RANSOM","DEXTER","","","","","","","","","","","","0","0","1","4","0","","","","","","","","","","","","","","","","","","","","","","","","","","","0"
"732","Utah","09/18/10","12","ROBLES","GRIFF","6","68","4","64","0","0","0","0","0","0","","6","64","","","","","","","","","","","","","","","","","","","","","","","","","","","","","","0"
"732","Utah","09/25/10","12","ROBLES","GRIFF","4","34","0","34","0","","","","","","","4","34","","","","","","","","","","","","","","","","","","","","","","","","","","","","","","0"
"732","Utah","10/09/10","12","ROBLES","GRIFF","6","24","2","22","0","1","0","0","0","0","","7","22","","","","","","","","","","","","","","","","","","","","","","","","","","","","","","0"
"732","Utah","10/23/10","12","ROBLES","GRIFF","1","4","0","4","0","","","","","","","1","4","","","","","","","","","","","","","","","","","","","","","","","","","","","","","","0"
"732","Utah","09/18/10","89","ROGERS","DALLIN","","","","","","","","","","","","0","0","1","1","1","","","","","","","","","","","","","","","1","","","","","","","","","","","","6"
"732","Utah","09/25/10","89","ROGERS","DALLIN","","","","","","","","","","","","0","0","2","40","1","","","","","","","","","","","","","","","1","","","","","","","","","","","","6"
"732","Utah","10/23/10","89","ROGERS","DALLIN","","","","","","","","","","","","0","0","1","35","0","","","","","","","","","","","","","","","","","","","","","","","","","","","0"
"732","Utah","10/30/10","89","ROGERS","DALLIN","","","","","","","","","","","","0","0","1","4","0","","","","","","","","","","","","","","","","","","","","","","","","","","","0"
"732","Utah","11/20/10","89","ROGERS","DALLIN","","","","","","","","","","","","0","0","4","49","0","","","","","","","","","","","","","","","","","","","","","","","","","","","0"
"732","Utah","11/27/10","89","ROGERS","DALLIN","","","","","","","","","","","","0","0","2","38","0","","","","","","","","","","","","","","","","","","","","","","","","","","","0"
"732","Utah","09/02/10","86","SELLWOOD","SEAN","","","","","","","","","","","","0","0","","","","","","","","","","3","125","","","","","","","","","","","","","","","","","","","0"
"732","Utah","09/11/10","86","SELLWOOD","SEAN","","","","","","","","","","","","0","0","","","","","","","","","","1","60","","","","","","","","","","","","","","","","","","","0"
"732","Utah","09/18/10","86","SELLWOOD","SEAN","","","","","","","","","","","","0","0","","","","","","","","","","3","147","","","","","","","","","","","","","","","","","","","0"
"732","Utah","09/25/10","86","SELLWOOD","SEAN","1","17","0","17","0","","","","","","","1","17","","","","","","","","","","3","153","","","","","","","","","","","","","","","","","","","0"
"732","Utah","10/09/10","86","SELLWOOD","SEAN","","","","","","","","","","","","0","0","","","","","","","","","","2","77","","","","","","","","","","","","","","","","","","","0"
"732","Utah","10/16/10","86","SELLWOOD","SEAN","","","","","","","","","","","","0","0","","","","","","","","","","2","80","","","","","","","","","","","","","","","","","","","0"
"732","Utah","10/23/10","86","SELLWOOD","SEAN","","","","","","","","","","","","0","0","","","","","","","","","","1","40","","","","","","","","","","","","","","","","","","","0"
"732","Utah","10/30/10","86","SELLWOOD","SEAN","","","","","","","","","","","","0","0","","","","","","","","","","5","167","","","","","","","","","","","","","","","","","","","0"
"732","Utah","11/06/10","86","SELLWOOD","SEAN","","","","","","","","","","","","0","0","","","","","","","","","","8","347","","","","","","","","","","","","","","","","","","","0"
"732","Utah","11/13/10","86","SELLWOOD","SEAN","","","","","","","","","","","","0","0","","","","","","","","","","5","157","","","","","","","","","","","","","","","","","","","0"
"732","Utah","10/09/10","22","SHAKERIN","SAUSAN","5","24","0","24","1","","","","","","","5","24","","","","","","","","","","","","","","","","","","1","","","","","","","","","","","","6"
"732","Utah","10/16/10","22","SHAKERIN","SAUSAN","3","1","0","1","0","","","","","","","3","1","","","","","","","","","","","","","","","","","","","","","","","","","","","","","","0"
"732","Utah","10/23/10","22","SHAKERIN","SAUSAN","4","80","0","80","1","","","","","","","4","80","1","6","0","","","","","","","","","","","","","","","1","","","","","","","","","","","","6"
"732","Utah","09/02/10","1","SMITHSON","SHAKY","","","","","","","","","","","","0","0","1","3","0","","","","","","","","","1","-2","0","","","","","","","","","","","","","","","","0"
"732","Utah","09/11/10","1","SMITHSON","SHAKY","","","","","","","","","","","","0","0","1","55","1","","","","","","","","","5","128","1","1","22","0","2","","","","","","","","","","","","12"
"732","Utah","09/18/10","1","SMITHSON","SHAKY","1","1","0","1","0","","","","","","","1","1","","","","","","","","","","","","4","140","1","2","83","0","1","","","","","","","","","","","","6"
"732","Utah","09/25/10","1","SMITHSON","SHAKY","","","","","","","","","","","","0","0","2","9","0","","","","","","","","","4","33","0","1","26","0","","","","","","","","","","","","","0"
"732","Utah","10/09/10","1","SMITHSON","SHAKY","","","","","","1","1","0","32","1","","1","32","2","75","1","","","","","","","","","5","145","0","2","41","0","1","","","","","","","","","","","","6"
"732","Utah","10/16/10","1","SMITHSON","SHAKY","","","","","","","","","","","","0","0","","","","","","","","","","","","4","111","0","1","11","0","","","","","","","","","","","","","0"
"732","Utah","10/23/10","1","SMITHSON","SHAKY","","","","","","","","","","","","0","0","5","72","1","","","","","","","","","1","5","0","1","26","0","1","","","","","","","","","","","","6"
"732","Utah","10/30/10","1","SMITHSON","SHAKY","","","","","","","","","","","","0","0","2","20","0","","","","","","","","","","","","1","8","0","","","","","","","","","","","","","0"
"732","Utah","11/06/10","1","SMITHSON","SHAKY","","","","","","","","","","","","0","0","1","9","0","","","","","","","","","1","10","0","6","139","0","","","","","","","","","","","","","0"
"732","Utah","11/13/10","1","SMITHSON","SHAKY","","","","","","","","","","","","0","0","4","44","0","","","","","","","","","1","-2","0","2","43","0","","","","","","","","","","","","","0"
"732","Utah","11/20/10","1","SMITHSON","SHAKY","","","","","","1","0","0","0","0","","1","0","1","5","0","","","","","","","","","1","2","0","2","70","0","","","","","","","","","","","","","0"
"732","Utah","11/27/10","1","SMITHSON","SHAKY","","","","","","","","","","","","0","0","3","35","0","","","","","","","","","2","2","0","1","13","0","","","","","","","","","","","","","0"
"732","Utah","12/22/10","1","SMITHSON","SHAKY","3","32","0","32","0","","","","","","","3","32","3","56","0","","","","","","","","","1","0","0","1","25","0","","","","","","","","","","","","","0"
"732","Utah","10/09/10","33","TAPLIN-ROSS","JUSTIN","","","","","","","","","","","","0","0","","","","1","52","0","","","","","","","","","","","","","","","","","","","","","","","","0"
"732","Utah","11/27/10","33","TAPLIN-ROSS","JUSTIN","","","","","","","","","","","","0","0","","","","","","","","","","","","","","","1","14","0","","","","","","","","","","","","","0"
"732","Utah","12/22/10","33","TAPLIN-ROSS","JUSTIN","","","","","","","","","","","","0","0","","","","","","","","","","","","","","","2","53","0","","","","","","","","","","","","","0"
"732","Utah","09/25/10","28","TOPPS","REGGIE","","","","","","","","","","","","0","0","","","","","","","","","","","","1","10","1","","","","1","","","","","","","","","","","","6"
"732","Utah","09/11/10","24","VAKAPUNA","TAUNI","2","6","0","6","0","","","","","","","2","6","","","","","","","","","","","","","","","","","","","","","","","","","","","","","","0"
"732","Utah","09/18/10","24","VAKAPUNA","TAUNI","7","43","0","43","1","","","","","","","7","43","","","","","","","","","","","","","","","","","","1","","","","","","","","","","","","6"
"732","Utah","09/25/10","24","VAKAPUNA","TAUNI","8","25","0","25","1","","","","","","","8","25","","","","","","","","","","","","","","","","","","1","","","","","","","","","","","","6"
"732","Utah","10/09/10","24","VAKAPUNA","TAUNI","2","5","0","5","0","","","","","","","2","5","","","","","","","","","","","","","","","","","","","","","","","","","","","","","","0"
"732","Utah","11/20/10","32","WALKER","CHAZ","","","","","","","","","","","","0","0","","","","1","0","0","","","","","","","","","","","","","","","","","","","","","","","","0"
"732","Utah","12/22/10","32","WALKER","CHAZ","","","","","","","","","","","","0","0","","","","1","24","0","","","","","","","","","","","","","","","","","","","","","","","","0"
"732","Utah","09/02/10","36","WIDE","EDDIE","9","47","0","47","0","","","","","","","9","47","4","24","0","","","","","","","","","","","","","","","","","","","","","","","","","","","0"
"732","Utah","09/11/10","36","WIDE","EDDIE","15","77","0","77","2","","","","","","","15","77","2","8","0","","","","","","","","","","","","","","","2","","","","","","","","","","","","12"
"732","Utah","09/18/10","36","WIDE","EDDIE","8","31","6","25","0","","","","","","","8","25","2","5","0","","","","","","","","","","","","","","","","","","","","","","","","","","","0"
"732","Utah","09/25/10","36","WIDE","EDDIE","8","61","0","61","1","","","","","","","8","61","3","16","0","","","","","","","","","","","","","","","1","","","","","","","","","","","","6"
"732","Utah","10/09/10","36","WIDE","EDDIE","13","73","2","71","2","","","","","","","13","71","4","46","1","","","","","","","","","","","","","","","3","","","","","","","","","","","","18"
"732","Utah","10/16/10","36","WIDE","EDDIE","13","59","2","57","1","","","","","","","13","57","3","41","0","","","","","","","","","","","","","","","1","","","","","","","","","","","","6"
"732","Utah","10/23/10","36","WIDE","EDDIE","9","71","0","71","1","","","","","","","9","71","1","30","1","","","","","","","","","","","","","","","2","","","","","","","","","","","","12"
"732","Utah","10/30/10","36","WIDE","EDDIE","23","89","7","82","2","","","","","","","23","82","2","23","0","","","","","","","","","","","","","","","2","","","","","","","","","","","","12"
"732","Utah","11/06/10","36","WIDE","EDDIE","9","34","2","32","0","","","","","","","9","32","1","6","0","","","","","","","","","","","","","","","","","","","","","","","","","","","0"
"732","Utah","11/13/10","36","WIDE","EDDIE","8","21","0","21","0","","","","","","","8","21","5","17","0","","","","","","","","","","","","","","","","","","","","","","","","","","","0"
"732","Utah","11/20/10","36","WIDE","EDDIE","10","67","1","66","2","","","","","","","10","66","2","29","0","","","","","","","","","","","","","","","2","","","","","","","","","","","","12"
"732","Utah","11/27/10","36","WIDE","EDDIE","18","76","3","73","0","","","","","","","18","73","2","5","0","","","","","","","","","","","","","","","","","","","","","","","","","","","0"
"732","Utah","12/22/10","36","WIDE","EDDIE","6","36","2","34","0","","","","","","","6","34","3","21","0","","","","","","","","","","","","","","","","","","","","","","","","","","","0"
"732","Utah","09/02/10","3","WYNN","JORDAN","2","10","0","10","0","36","21","1","283","3","","38","293","","","","","","","","","","","","","","","","","","","","","","","","","","","","","","0"
"732","Utah","09/25/10","3","WYNN","JORDAN","1","2","0","2","0","18","14","0","124","2","","19","126","","","","","","","","","","","","","","","","","","","","","","","","","","","","","","0"
"732","Utah","10/09/10","3","WYNN","JORDAN","2","10","0","10","0","31","23","1","325","2","","33","335","","","","","","","","","","","","","","","","","","","","","","","","","","","","","","0"
"732","Utah","10/16/10","3","WYNN","JORDAN","1","0","8","-8","0","25","16","3","230","2","","26","222","","","","","","","","","","","","","","","","","","","","","","","","","","","","","","0"
"732","Utah","10/23/10","3","WYNN","JORDAN","2","3","8","-5","0","29","23","0","321","3","","31","316","","","","","","","","","","","","","","","","","","","","","","","","","","","","","","0"
"732","Utah","10/30/10","3","WYNN","JORDAN","1","0","5","-5","0","23","15","1","148","1","","24","143","","","","","","","","","","","","","","","","","","","","","","","","","","","","","","0"
"732","Utah","11/06/10","3","WYNN","JORDAN","2","1","9","-8","0","35","16","2","148","1","","37","140","","","","","","","","","","","","","","","","","","","","","","","","","","","","","","0"
"732","Utah","11/13/10","3","WYNN","JORDAN","3","7","10","-3","0","39","24","1","194","0","","42","191","","","","","","","","","","","","","","","","","","","","","","","","","","","","","","0"
"732","Utah","11/20/10","3","WYNN","JORDAN","2","6","3","3","0","33","21","0","362","2","","35","365","","","","","","","","","","","","","","","","","","","","","","","","","","","","","","0"
"732","Utah","11/27/10","3","WYNN","JORDAN","2","2","9","-7","0","30","13","1","199","1","","32","192","","","","","","","","","","","","","","","","","","","","","","","","","","","","","","0"
"731","Utah St.","09/11/10","24","ALDER","AUSTIN","","","","","","","","","","","","0","0","1","28","0","","","","","","","","","","","","","","","","","","","","","","","","","","","0"
"731","Utah St.","10/09/10","24","ALDER","AUSTIN","","","","","","","","","","","","0","0","1","7","0","","","","","","","","","","","","","","","","","","","","","","","","","","","0"
"731","Utah St.","10/23/10","24","ALDER","AUSTIN","","","","","","1","1","0","14","0","","1","14","","","","","","","","","","","","","","","","","","","","","","","","","","","","","","0"
"731","Utah St.","11/06/10","24","ALDER","AUSTIN","","","","","","","","","","","","0","0","1","31","0","","","","","","","","","","","","","","","","","","","","","","","","","","","0"
"731","Utah St.","11/13/10","24","ALDER","AUSTIN","","","","","","","","","","","","0","0","2","50","0","","","","","","","","","","","","","","","","","","","","","","","","","","","0"
"731","Utah St.","11/20/10","24","ALDER","AUSTIN","","","","","","","","","","","","0","0","1","15","0","","","","","","","","","","","","","","","","","","","","","","","","","","","0"
"731","Utah St.","12/04/10","24","ALDER","AUSTIN","","","","","","","","","","","","0","0","1","8","0","","","","","","","","","","","","","","","","","","","","","","","","","","","0"
"731","Utah St.","09/04/10","17","AUSTIN","MATT","","","","","","","","","","","","0","0","1","59","0","","","","","","","","","","","","","","","","","","","","","","","","","","","0"
"731","Utah St.","09/25/10","81","BARTLETT","KELLEN","","","","","","","","","","","","0","0","2","21","0","","","","","","","","","","","","","","","","","","","","","","","","","","","0"
"731","Utah St.","10/01/10","81","BARTLETT","KELLEN","","","","","","","","","","","","0","0","2","26","0","","","","","","","","","","","","","","","","","","","","","","","","","","","0"
"731","Utah St.","10/09/10","81","BARTLETT","KELLEN","","","","","","","","","","","","0","0","3","25","0","","","","","","","","","","","","","","","","","","","","","","","","","","","0"
"731","Utah St.","10/23/10","81","BARTLETT","KELLEN","","","","","","","","","","","","0","0","2","22","0","","","","","","","","","","","","1","6","0","","","","","","","","","","","","","0"
"731","Utah St.","10/30/10","81","BARTLETT","KELLEN","","","","","","","","","","","","0","0","5","121","0","","","","","","","","","","","","","","","","","","","","","","","","","","","0"
"731","Utah St.","11/06/10","81","BARTLETT","KELLEN","","","","","","","","","","","","0","0","1","7","0","","","","","","","","","","","","","","","","","","","","","","","","","","","0"
"731","Utah St.","09/04/10","12","BOREL","DIONDRE","10","25","39","-14","0","36","17","3","341","2","","46","327","","","","","","","","","","","","","","","","","","","","","","","","","","","","","","0"
"731","Utah St.","09/11/10","12","BOREL","DIONDRE","9","46","18","28","1","26","21","0","255","1","","35","283","","","","","","","","","","","","","","","","","","1","","","","","","","","","","","","6"
"731","Utah St.","09/18/10","12","BOREL","DIONDRE","17","89","23","66","1","23","11","0","106","1","","40","172","","","","","","","","","","","","","","","","","","1","","","","","","","","","","","","6"
"731","Utah St.","09/25/10","12","BOREL","DIONDRE","18","59","54","5","0","31","14","1","130","0","","49","135","","","","","","","","","","","","","","","","","","","","","","","","","","","","","","0"
"731","Utah St.","10/01/10","12","BOREL","DIONDRE","10","74","6","68","1","13","10","0","192","1","","23","260","","","","","","","","","","","","","","","","","","1","","","","","","","","","","","","6"
"731","Utah St.","10/09/10","12","BOREL","DIONDRE","10","66","26","40","0","23","14","0","73","0","","33","113","","","","","","","","","","","","","","","","","","","","","","","","","","","","","","0"
"731","Utah St.","10/23/10","12","BOREL","DIONDRE","12","41","42","-1","1","23","7","2","99","0","","35","98","1","14","0","","","","","","","","","","","","","","","1","","","","","","","","","","","","6"
"731","Utah St.","10/30/10","12","BOREL","DIONDRE","12","36","16","20","1","38","24","0","399","2","","50","419","","","","","","","","","","","","","","","","","","1","","","","","","","","","","","","6"
"731","Utah St.","11/06/10","12","BOREL","DIONDRE","11","43","13","30","1","22","11","1","110","0","","33","140","","","","","","","","","","","","","","","","","","1","","","","","","","","","","","","6"
"731","Utah St.","11/13/10","12","BOREL","DIONDRE","14","44","24","20","0","29","20","2","259","1","","43","279","","","","","","","","","","","","","","","","","","","","","","","","","","","","","","0"
"731","Utah St.","11/20/10","12","BOREL","DIONDRE","7","27","8","19","0","35","14","2","103","0","","42","122","","","","","","","","","","","","","","","","","","","","","","","","","","","","","","0"
"731","Utah St.","12/04/10","12","BOREL","DIONDRE","12","39","22","17","1","15","4","2","41","0","","27","58","","","","","","","","","","","","","","","","","","1","","","","","","","","","","","","6"
"731","Utah St.","09/11/10","3","BYRD","QUINTON","","","","","","","","","","","","0","0","","","","1","0","0","","","","","","","","","","","","","","","","","","","","","","","","0"
"731","Utah St.","09/25/10","3","BYRD","QUINTON","","","","","","","","","","","","0","0","","","","1","0","0","","","","","","","","","","","","","","","","","","","","","","","","0"
"731","Utah St.","10/09/10","3","BYRD","QUINTON","","","","","","","","","","","","0","0","","","","1","0","0","","","","","","","","","","","","","","","","","","","","","","","","0"
"731","Utah St.","09/04/10","8","CALDWELL","PETER","","","","","","","","","","","","0","0","","","","","","","","","","7","329","","","","","","","","3","3","0","0","","","","","2","1","","6"
"731","Utah St.","09/11/10","8","CALDWELL","PETER","","","","","","","","","","","","0","0","","","","","","","","","","2","88","","","","","","","","5","5","0","0","","","","","2","1","","8"
"731","Utah St.","09/18/10","8","CALDWELL","PETER","","","","","","","","","","","","0","0","","","","","","","","","","3","122","","","","","","","","3","3","0","0","","","","","2","1","","6"
"731","Utah St.","10/09/10","8","CALDWELL","PETER","","","","","","","","","","","","0","0","","","","","","","","","","7","264","","","","","","","","","","","","","","","","3","2","","6"
"731","Utah St.","10/23/10","8","CALDWELL","PETER","1","0","19","-19","0","","","","","","","1","-19","","","","","","","","","","10","435","","","","","","","","1","1","0","0","","","","","","","","1"
"731","Utah St.","10/30/10","8","CALDWELL","PETER","","","","","","","","","","","","0","0","","","","","","","","","","5","192","","","","","","","","6","6","0","0","","","","","","","","6"
"731","Utah St.","11/06/10","8","CALDWELL","PETER","","","","","","","","","","","","0","0","","","","","","","","","","6","265","","","","","","","","3","3","0","0","","","","","2","2","","9"
"731","Utah St.","11/13/10","8","CALDWELL","PETER","","","","","","","","","","","","0","0","","","","","","","","","","2","67","","","","","","","","5","5","0","0","","","","","2","1","","8"
"731","Utah St.","11/20/10","8","CALDWELL","PETER","","","","","","","","","","","","0","0","","","","","","","","","","7","273","","","","","","","","","","","","","","","","2","2","","6"
"731","Utah St.","12/04/10","8","CALDWELL","PETER","","","","","","","","","","","","0","0","","","","","","","","","","8","343","","","","","","","","2","2","0","0","","","","","","","","2"
"731","Utah St.","09/11/10","27","COLEMAN","RAJRIC","","","","","","","","","","","","0","0","","","","1","0","0","","","","","","","","","","","","","","","","","","","","","","","","0"
"731","Utah St.","10/01/10","27","COLEMAN","RAJRIC","","","","","","","","","","","","0","0","","","","1","8","0","","","","","","","","","","","","","","","","","","","","","","","","0"
"731","Utah St.","10/23/10","27","COLEMAN","RAJRIC","","","","","","","","","","","","0","0","","","","1","0","0","","","","","","","","","","","","","","","","","","","","","","","","0"
"731","Utah St.","09/11/10","28","DEMARTINO","JOEY","3","38","0","38","1","","","","","","","3","38","","","","","","","","","","","","","","","","","","1","","","","","","","","","","","","6"
"731","Utah St.","09/25/10","28","DEMARTINO","JOEY","6","35","0","35","0","","","","","","","6","35","","","","","","","","","","","","","","","","","","","","","","","","","","","","","","0"
"731","Utah St.","10/01/10","28","DEMARTINO","JOEY","5","16","0","16","0","","","","","","","5","16","1","10","0","","","","","","","","","","","","","","","","","","","","","","","","","","","0"
"731","Utah St.","10/09/10","28","DEMARTINO","JOEY","2","7","0","7","0","","","","","","","2","7","1","4","0","","","","","","","","","","","","","","","","","","","","","","","","","","","0"
"731","Utah St.","10/23/10","28","DEMARTINO","JOEY","1","3","0","3","0","","","","","","","1","3","","","","","","","","","","","","","","","","","","","","","","","","","","","","","","0"
"731","Utah St.","11/13/10","28","DEMARTINO","JOEY","2","15","0","15","0","","","","","","","2","15","","","","","","","","","","","","","","","","","","","","","","","","","","","","","","0"
"731","Utah St.","12/04/10","28","DEMARTINO","JOEY","9","47","1","46","0","","","","","","","9","46","","","","","","","","","","","","","","","","","","","","","","","","","","","","","","0"
"731","Utah St.","11/13/10","51","DOUGHTY","JAKE","","","","","","","","","","","","0","0","","","","","","","","","","","","","","","1","7","0","","","","","","","","","","","","","0"
"731","Utah St.","09/11/10","33","FLORES","JOSH","2","10","0","10","0","","","","","","","2","10","","","","","","","","","","","","","","","1","10","0","","","","","","","","","","","","","0"
"731","Utah St.","11/06/10","33","FLORES","JOSH","1","3","0","3","0","","","","","","","1","3","","","","","","","","","","","","","","","","","","","","","","","","","","","","","","0"
"731","Utah St.","11/13/10","33","FLORES","JOSH","1","2","0","2","0","","","","","","","1","2","","","","","","","","","","","","","","","","","","","","","","","","","","","","","","0"
"731","Utah St.","09/18/10","37","GARNER","QUINN","","","","","","","","","","","","0","0","","","","1","5","0","","","","","","","","","","","","","","","","","","","","","","","","0"
"731","Utah St.","09/11/10","10","HARRIS","CHRIS","","","","","","","","","","","","0","0","","","","","","","","","","","","","","","1","25","0","","","","","","","","","","","","","0"
"731","Utah St.","10/09/10","10","HARRIS","CHRIS","","","","","","","","","","","","0","0","","","","","","","","","","","","","","","1","10","0","","","","","","","","","","","","","0"
"731","Utah St.","09/11/10","1D","HIGGINS","JEREMY","","","","","","4","2","1","12","0","","4","12","","","","","","","","","","","","","","","","","","","","","","","","","","","","","","0"
"731","Utah St.","10/23/10","1D","HIGGINS","JEREMY","1","0","3","-3","0","2","2","0","10","0","","3","7","","","","","","","","","","","","","","","","","","","","","","","","","","","","","","0"
"731","Utah St.","09/04/10","13","KEIAHO","JUNIOR","","","","","","","","","","","","0","0","","","","1","0","0","","","","","","","","","","","","","","","","","","","","","","","","0"
"731","Utah St.","11/13/10","6","LAWSON","NEVIN","","","","","","","","","","","","0","0","","","","1","0","0","","","","","","","","","","","","","","","","","","","","","","","","0"
"731","Utah St.","09/04/10","88","LLOYD","TARREN","","","","","","","","","","","","0","0","1","16","0","","","","","","","","","","","","","","","","","","","","","","","","","","","0"
"731","Utah St.","10/30/10","88","LLOYD","TARREN","","","","","","","","","","","","0","0","1","15","1","","","","","","","","","","","","","","","1","","","","","","","","","","","","6"
"731","Utah St.","11/13/10","88","LLOYD","TARREN","","","","","","","","","","","","0","0","2","28","0","","","","","","","","","","","","","","","","","","","","","","","","","","","0"
"731","Utah St.","09/18/10","32","LOVELESS","BRAEDEN","","","","","","","","","","","","0","0","","","","","","","","","","2","78","","","","","","","","","","","","","","","","","","","0"
"731","Utah St.","09/25/10","32","LOVELESS","BRAEDEN","","","","","","","","","","","","0","0","","","","","","","","","","8","308","","","","","","","","1","1","0","0","","","","","","","","1"
"731","Utah St.","10/01/10","32","LOVELESS","BRAEDEN","","","","","","","","","","","","0","0","","","","","","","","","","4","140","","","","","","","","4","4","0","0","","","","","2","1","","7"
"731","Utah St.","10/23/10","23","MARSH","CURTIS","","","","","","","","","","","","0","0","","","","1","0","0","","","","","","","","","","","","","","","","","","","","","","","","0"
"731","Utah St.","11/20/10","23","MARSH","CURTIS","","","","","","","","","","","","0","0","","","","1","0","0","","","","","","","","","","","","","","","","","","","","","","","","0"
"731","Utah St.","09/25/10","42","MARSHALL","ROBERT","1","10","0","10","0","","","","","","","1","10","","","","","","","","","","","","","","","","","","","","","","","","","","","","","","0"
"731","Utah St.","10/01/10","42","MARSHALL","ROBERT","1","2","0","2","0","","","","","","","1","2","","","","","","","","","","","","","","","","","","","","","","","","","","","","","","0"
"731","Utah St.","10/23/10","42","MARSHALL","ROBERT","2","16","0","16","0","","","","","","","2","16","","","","","","","","","","","","","","","","","","","","","","","","","","","","","","0"
"731","Utah St.","10/30/10","42","MARSHALL","ROBERT","4","13","3","10","1","","","","","","","4","10","1","8","0","","","","","","","","","","","","","","","1","","","","","","","","","","","","6"
"731","Utah St.","11/06/10","42","MARSHALL","ROBERT","2","13","0","13","0","","","","","","","2","13","","","","","","","","","","","","","","","","","","","","","","","","","","","","","","0"
"731","Utah St.","11/13/10","42","MARSHALL","ROBERT","12","54","0","54","0","","","","","","","12","54","1","12","0","","","","","","","","","","","","","","","","","","","","","","","","","","","0"
"731","Utah St.","11/20/10","42","MARSHALL","ROBERT","7","27","0","27","0","","","","","","","7","27","1","7","0","","","","","","","","","","","","","","","","","","","","","","","","","","","0"
"731","Utah St.","12/04/10","42","MARSHALL","ROBERT","4","14","0","14","0","","","","","","","4","14","","","","","","","","","","","","","","","","","","","","","","","","","","","","","","0"
"731","Utah St.","09/04/10","1","MARTIN","XAVIER","","","","","","","","","","","","0","0","4","60","1","","","","","","","","","","","","","","","1","","","","","","","","","","","","6"
"731","Utah St.","09/11/10","1","MARTIN","XAVIER","","","","","","","","","","","","0","0","3","54","0","","","","","","","","","","","","","","","","","","","","","","","","","","","0"
"731","Utah St.","09/18/10","1","MARTIN","XAVIER","","","","","","","","","","","","0","0","3","19","0","","","","","","","","","","","","","","","","","","","","","","","","","","","0"
"731","Utah St.","10/01/10","1","MARTIN","XAVIER","","","","","","","","","","","","0","0","1","79","1","","","","","","","","","","","","","","","1","","","","","","","","","","","","6"
"731","Utah St.","11/13/10","1","MARTIN","XAVIER","","","","","","","","","","","","0","0","1","41","0","","","","","","","","","","","","","","","","","","","","","","","","","","","0"
"731","Utah St.","09/04/10","82","MOATS","ERIC","","","","","","","","","","","","0","0","1","6","0","","","","","","","","","","","","","","","","","","","","","","","","","","","0"
"731","Utah St.","09/11/10","82","MOATS","ERIC","","","","","","","","","","","","0","0","3","65","1","","","","","","","","","1","9","0","","","","1","","","","","","","","","","","","6"
"731","Utah St.","09/18/10","82","MOATS","ERIC","2","20","0","20","0","","","","","","","2","20","1","6","0","","","","","","","","","1","15","0","","","","","","","","","","","","","","","","0"
"731","Utah St.","09/25/10","82","MOATS","ERIC","","","","","","","","","","","","0","0","4","31","0","","","","","","","","","2","9","0","","","","","","","","","","","","","","","","0"
"731","Utah St.","10/01/10","82","MOATS","ERIC","1","1","0","1","0","","","","","","","1","1","","","","","","","","","","","","2","-1","0","","","","","","","","","","","","","","","","0"
"731","Utah St.","10/09/10","82","MOATS","ERIC","1","7","0","7","0","","","","","","","1","7","1","0","0","","","","","","","","","2","-2","0","","","","","","","","","","","","","","","","0"
"731","Utah St.","10/23/10","82","MOATS","ERIC","","","","","","","","","","","","0","0","1","11","0","","","","","","","","","","","","","","","","","","","","","","","","","","","0"
"731","Utah St.","10/30/10","82","MOATS","ERIC","","","","","","","","","","","","0","0","3","41","0","","","","","","","","","","","","","","","","","","","","","","","","","","","0"
"731","Utah St.","11/06/10","82","MOATS","ERIC","0","10","0","10","1","","","","","","","0","10","3","27","0","","","","","","","","","1","0","0","","","","1","","","","","","","","","","","","6"
"731","Utah St.","11/13/10","82","MOATS","ERIC","1","2","0","2","0","","","","","","","1","2","2","23","0","","","","","","","","","2","5","0","","","","","","","","","","","","","","","","0"
"731","Utah St.","11/20/10","82","MOATS","ERIC","","","","","","","","","","","","0","0","1","8","0","","","","","","","","","","","","","","","","","","","","","","","","","","","0"
"731","Utah St.","12/04/10","82","MOATS","ERIC","","","","","","","","","","","","0","0","","","","","","","","","","","","1","0","0","","","","","","","","","","","","","","","","0"
"731","Utah St.","09/04/10","5","MORGAN","MIKHAIL","","","","","","","","","","","","0","0","4","44","0","","","","","","","","","","","","","","","","","","","","","","","","","","","0"
"731","Utah St.","09/11/10","5","MORGAN","MIKHAIL","","","","","","","","","","","","0","0","1","7","0","","","","","","","","","","","","","","","","","","","","","","","","","","","0"
"731","Utah St.","09/18/10","5","MORGAN","MIKHAIL","","","","","","","","","","","","0","0","2","18","0","","","","","","","","","","","","","","","","","","","","","","","","","","","0"
"731","Utah St.","09/25/10","5","MORGAN","MIKHAIL","","","","","","","","","","","","0","0","1","23","0","","","","","","","","","","","","","","","","","","","","","","","","","","","0"
"731","Utah St.","10/23/10","5","MORGAN","MIKHAIL","","","","","","","","","","","","0","0","1","7","0","","","","","","","","","","","","","","","","","","","","","","","","","","","0"
"731","Utah St.","10/30/10","5","MORGAN","MIKHAIL","","","","","","","","","","","","0","0","1","8","0","","","","","","","","","","","","","","","","","","","","","","","","","","","0"
"731","Utah St.","11/06/10","5","MORGAN","MIKHAIL","","","","","","","","","","","","0","0","1","6","0","","","","","","","","","","","","","","","","","","","","","","","","","","","0"
"731","Utah St.","11/20/10","5","MORGAN","MIKHAIL","","","","","","","","","","","","0","0","1","7","0","","","","","","","","","","","","","","","","","","","","","","","","","","","0"
"731","Utah St.","09/04/10","7","RANDLE","CHRIS","","","","","","","","","","","","0","0","","","","1","0","0","","","","","","","","","","","","","","","","","","","","","","","","0"
"731","Utah St.","10/01/10","7","RANDLE","CHRIS","","","","","","","","","","","","0","0","","","","1","0","0","","","","","","","","","","","","","","","","","","","","","","","","0"
"731","Utah St.","09/04/10","80","REYNOLDS","TRAVIS","","","","","","","","","","","","0","0","2","36","0","","","","","","","","","","","","","","","","","","","","","","","","","","","0"
"731","Utah St.","09/11/10","80","REYNOLDS","TRAVIS","","","","","","","","","","","","0","0","5","34","0","","","","","","","","","","","","","","","","","","","","","","","","","","","0"
"731","Utah St.","10/01/10","80","REYNOLDS","TRAVIS","1","6","0","6","0","","","","","","","1","6","","","","","","","","","","","","","","","","","","","","","","","","","","","","","","0"
"731","Utah St.","10/09/10","80","REYNOLDS","TRAVIS","1","3","0","3","0","","","","","","","1","3","1","9","0","","","","","","","","","","","","","","","","","","","","","","","","","","","0"
"731","Utah St.","09/04/10","34","SMITH","MICHAEL","8","49","1","48","1","","","","","","","8","48","","","","","","","","","","","","","","","","","","1","","","","","","","","","","","","6"
"731","Utah St.","09/11/10","34","SMITH","MICHAEL","12","86","0","86","0","","","","","","","12","86","3","23","0","","","","","","","","","","","","","","","","","","","","","","","","","","","0"
"731","Utah St.","09/18/10","34","SMITH","MICHAEL","4","19","0","19","1","","","","","","","4","19","","","","","","","","","","","","","","","","","","1","","","","","","","","","","","","6"
"731","Utah St.","09/04/10","21","SPEIGHT","DERRVIN","17","48","2","46","0","","","","","","","17","46","1","29","0","","","","","","","","","","","","","","","","","","","","","","","","","","","0"
"731","Utah St.","09/11/10","21","SPEIGHT","DERRVIN","12","78","3","75","1","","","","","","","12","75","1","8","0","","","","","","","","","","","","","","","1","","","","","","","","","","","","6"
"731","Utah St.","09/18/10","21","SPEIGHT","DERRVIN","14","53","4","49","0","","","","","","","14","49","1","11","0","","","","","","","","","","","","","","","","","","","","","","","","","","","0"
"731","Utah St.","09/25/10","21","SPEIGHT","DERRVIN","11","51","0","51","1","","","","","","","11","51","","","","","","","","","","","","","","","","","","1","","","","","","","","","","","","6"
"731","Utah St.","10/01/10","21","SPEIGHT","DERRVIN","23","95","4","91","2","","","","","","","23","91","2","28","0","","","","","","","","","","","","","","","2","","","","","","","","","","","","12"
"731","Utah St.","10/09/10","21","SPEIGHT","DERRVIN","14","50","2","48","0","","","","","","","14","48","2","12","0","","","","","","","","","","","","","","","","","","","","","","","","","","","0"
"731","Utah St.","10/23/10","21","SPEIGHT","DERRVIN","11","26","3","23","0","","","","","","","11","23","","","","","","","","","","","","","","","","","","","","","","","","","","","","","","0"
"731","Utah St.","10/30/10","21","SPEIGHT","DERRVIN","17","52","1","51","0","","","","","","","17","51","1","9","0","","","","","","","","","","","","","","","","","","","","","","","","","","","0"
"731","Utah St.","11/06/10","21","SPEIGHT","DERRVIN","19","115","1","114","1","","","","","","","19","114","2","16","0","","","","","","","","","","","","","","","1","","","","","","","","","","","","6"
"731","Utah St.","11/13/10","21","SPEIGHT","DERRVIN","27","129","4","125","3","","","","","","","27","125","1","11","0","","","","","","","","","","","","","","","3","","","","","","","","","","","","18"
"731","Utah St.","11/20/10","21","SPEIGHT","DERRVIN","17","83","3","80","0","","","","","","","17","80","1","11","0","","","","","","","","","","","","","","","","","","","","","","","","","","","0"
"731","Utah St.","12/04/10","21","SPEIGHT","DERRVIN","7","26","0","26","0","","","","","","","7","26","","","","","","","","","","","","","","","","","","","","","","","","","","","","","","0"
"731","Utah St.","09/11/10","18","STEWART","RASHARD","2","9","0","9","0","","","","","","","2","9","","","","","","","","","","","","","","","1","13","0","","","","","","","","","","","","","0"
"731","Utah St.","10/09/10","18","STEWART","RASHARD","","","","","","","","","","","","0","0","","","","","","","","","","","","","","","1","16","0","","","","","","","","","","","","","0"
"731","Utah St.","10/23/10","91","TIALAVEA","D.J.","","","","","","","","","","","","0","0","","","","","","","","","","","","","","","2","30","0","","","","","","","","","","","","","0"
"731","Utah St.","09/25/10","15","VAN LEEUWEN","TRAVIS","","","","","","","","","","","","0","0","1","6","0","","","","","","","","","","","","","","","","","","","","","","","","","","","0"
"731","Utah St.","10/23/10","15","VAN LEEUWEN","TRAVIS","","","","","","","","","","","","0","0","1","9","0","","","","","","","","","","","","","","","","","","","","","","","","","","","0"
"731","Utah St.","10/30/10","15","VAN LEEUWEN","TRAVIS","","","","","","","","","","","","0","0","2","52","0","","","","","","","","","","","","","","","","","","","","","","","","","","","0"
"731","Utah St.","11/06/10","15","VAN LEEUWEN","TRAVIS","","","","","","","","","","","","0","0","3","23","0","","","","","","","","","","","","","","","","","","","","","","","","","","","0"
"731","Utah St.","11/13/10","15","VAN LEEUWEN","TRAVIS","","","","","","","","","","","","0","0","5","44","0","","","","","","","","","","","","","","","","","","","","","","","","","","","0"
"731","Utah St.","11/20/10","15","VAN LEEUWEN","TRAVIS","","","","","","","","","","","","0","0","1","4","0","","","","","","","","","","","","","","","","","","","","","","","","","","","0"
"731","Utah St.","12/04/10","15","VAN LEEUWEN","TRAVIS","","","","","","","","","","","","0","0","3","33","0","","","","","","","","","","","","","","","","","","","","","","","","","","","0"
"731","Utah St.","11/20/10","9","WAGNER","BOBBY","","","","","","","","","","","","0","0","1","11","0","","","","","","","","","","","","","","","","","","","","","","","","","","","0"
"731","Utah St.","09/04/10","85","WATKINS","DONTEL","","","","","","","","","","","","0","0","3","91","1","","","","","","","","","","","","","","","1","","","","","","","","","","","","6"
"731","Utah St.","09/11/10","85","WATKINS","DONTEL","","","","","","","","","","","","0","0","6","48","0","","","","","","","","","","","","","","","","","","","","","","","","","","","0"
"731","Utah St.","09/18/10","85","WATKINS","DONTEL","","","","","","","","","","","","0","0","4","52","1","","","","","","","","","","","","","","","1","","","","","","","","","","","","6"
"731","Utah St.","09/25/10","85","WATKINS","DONTEL","","","","","","","","","","","","0","0","5","51","0","","","","","","","","","","","","","","","","","","","","","","","","","","","0"
"731","Utah St.","10/01/10","85","WATKINS","DONTEL","1","9","0","9","0","","","","","","","1","9","3","28","0","","","","","","","","","","","","","","","","","","","","","","","","","","","0"
"731","Utah St.","10/09/10","85","WATKINS","DONTEL","","","","","","","","","","","","0","0","4","12","0","","","","","","","","","","","","","","","","","","","","","","","","","","","0"
"731","Utah St.","10/23/10","85","WATKINS","DONTEL","","","","","","","","","","","","0","0","3","59","0","","","","","","","","","","","","","","","","","","","","","","","","","","","0"
"731","Utah St.","10/30/10","85","WATKINS","DONTEL","1","3","0","3","0","1","0","0","0","0","","2","3","6","82","1","","","","","","","","","","","","","","","1","","","","","","","","","","","","6"
"731","Utah St.","11/06/10","85","WATKINS","DONTEL","1","14","0","14","0","","","","","","","1","14","","","","","","","","","","","","","","","","","","","","","","","","","","","","","","0"
"731","Utah St.","11/13/10","85","WATKINS","DONTEL","","","","","","","","","","","","0","0","4","37","1","","","","","","","","","","","","","","","1","","","","","","","","","","","","6"
"731","Utah St.","11/20/10","85","WATKINS","DONTEL","","","","","","","","","","","","0","0","4","32","0","","","","","","","","","","","","","","","","","","","","","","","","","","","0"
"731","Utah St.","09/04/10","25","WILLIAMS","KERWYNN","3","4","4","0","0","1","0","0","0","0","","4","0","","","","","","","","","","","","","","","6","131","0","","","","","","","","","","","","","0"
"731","Utah St.","09/11/10","25","WILLIAMS","KERWYNN","4","33","1","32","1","","","","","","","4","32","","","","","","","","","","","","3","33","0","1","70","0","1","","","","","","","","","","","","6"
"731","Utah St.","09/18/10","25","WILLIAMS","KERWYNN","7","54","2","52","0","","","","","","","7","52","","","","","","","","","","","","","","","4","81","0","","","","","","","","","","","","","0"
"731","Utah St.","09/25/10","25","WILLIAMS","KERWYNN","4","14","0","14","0","","","","","","","4","14","","","","","","","","","","","","","","","8","195","0","","","","","","","","","","","","","0"
"731","Utah St.","10/01/10","25","WILLIAMS","KERWYNN","15","62","11","51","0","","","","","","","15","51","1","21","0","","","","","","","","","","","","2","87","0","","","","","","","","","","","","","0"
"731","Utah St.","10/09/10","25","WILLIAMS","KERWYNN","7","21","4","17","0","","","","","","","7","17","1","4","0","","","","","","","","","","","","3","48","0","","","","","","","","","","","","","0"
"731","Utah St.","10/23/10","25","WILLIAMS","KERWYNN","7","40","1","39","0","","","","","","","7","39","1","1","0","","","","","","","","","","","","4","114","0","","","","","","","","","","","","","0"
"731","Utah St.","10/30/10","25","WILLIAMS","KERWYNN","3","8","1","7","1","","","","","","","3","7","4","63","0","","","","","","","","","","","","5","158","1","2","","","","","","","","","","","","12"
"731","Utah St.","11/06/10","25","WILLIAMS","KERWYNN","4","29","0","29","0","","","","","","","4","29","","","","","","","","","","","","","","","5","201","0","","","","","","","","","","","","","0"
"731","Utah St.","11/13/10","25","WILLIAMS","KERWYNN","4","46","0","46","1","","","","","","","4","46","2","13","0","","","","","","","","","","","","6","132","0","1","","","","","","","","","","","","6"
"731","Utah St.","11/20/10","25","WILLIAMS","KERWYNN","4","18","1","17","0","","","","","","","4","17","3","8","0","","","","","","","","","1","4","0","3","70","0","","","","","","","","","","","","","0"
"731","Utah St.","12/04/10","25","WILLIAMS","KERWYNN","19","155","8","147","1","","","","","","","19","147","","","","","","","","","","","","","","","6","157","0","1","","","","","","","","","","","","6"
"704","UTEP","09/04/10","2","ADAMS","KRIS","","","","","","","","","","","","0","0","2","48","0","","","","","","","","","","","","","","","","","","","","","","","","","","","0"
"704","UTEP","09/10/10","2","ADAMS","KRIS","","","","","","","","","","","","0","0","7","114","1","","","","","","","","","","","","","","","1","","","","","","","","","","","","6"
"704","UTEP","09/18/10","2","ADAMS","KRIS","","","","","","","","","","","","0","0","3","86","2","","","","","","","","","","","","","","","2","","","","","","","","","","","","12"
"704","UTEP","09/25/10","2","ADAMS","KRIS","","","","","","","","","","","","0","0","1","30","0","","","","","","","","","","","","","","","","","","","","","","","","","","","0"
"704","UTEP","10/02/10","2","ADAMS","KRIS","","","","","","","","","","","","0","0","5","141","2","","","","","","","","","","","","","","","2","","","","","","","","","","","","12"
"704","UTEP","10/09/10","2","ADAMS","KRIS","","","","","","","","","","","","0","0","5","134","3","","","","","","","","","","","","1","-2","0","3","","","","","","","","","","","","18"
"704","UTEP","10/16/10","2","ADAMS","KRIS","","","","","","","","","","","","0","0","4","44","0","","","","","","","","","","","","","","","","","","","","","","","","","","","0"
"704","UTEP","10/23/10","2","ADAMS","KRIS","","","","","","","","","","","","0","0","1","28","1","","","","","","","","","","","","","","","1","","","","","","","","","","","","6"
"704","UTEP","10/30/10","2","ADAMS","KRIS","","","","","","","","","","","","0","0","6","82","1","","","","","","","","","","","","","","","1","","","","","","","","","","","","6"
"704","UTEP","11/06/10","2","ADAMS","KRIS","","","","","","","","","","","","0","0","3","36","0","","","","","","","","","","","","","","","","","","","","","","","","","","","0"
"704","UTEP","11/13/10","2","ADAMS","KRIS","","","","","","","","","","","","0","0","5","148","1","","","","","","","","","","","","","","","1","","","","","","","","","","","","6"
"704","UTEP","11/20/10","2","ADAMS","KRIS","","","","","","","","","","","","0","0","2","26","0","","","","","","","","","","","","","","","","","","","","","","","","","","","0"
"704","UTEP","12/18/10","2","ADAMS","KRIS","","","","","","","","","","","","0","0","3","153","3","","","","","","","","","","","","","","","3","","","","","","","","","","","","18"
"704","UTEP","09/04/10","1","AMY","BRAXTON","","","","","","","","","","","","0","0","","","","1","0","0","","","","","","4","36","0","","","","","","","","","","","","","","","","0"
"704","UTEP","10/30/10","92","AYALA","ADAM","","","","","","","","","","","","0","0","","","","","","","","","","","","1","19","0","","","","","","","","","","","","","","","","0"
"704","UTEP","09/04/10","21","BANYARD","JOE","19","97","3","94","2","","","","","","","19","94","2","20","0","","","","","","","","","","","","1","35","0","2","","","","","","","","","","","","12"
"704","UTEP","09/10/10","21","BANYARD","JOE","10","42","5","37","0","","","","","","","10","37","4","24","0","","","","","","","","","","","","1","14","0","","","","","","","","","","","","","0"
"704","UTEP","09/18/10","21","BANYARD","JOE","11","64","0","64","1","","","","","","","11","64","","","","","","","","","","","","","","","","","","1","","","","","","","","","","","","6"
"704","UTEP","09/25/10","21","BANYARD","JOE","9","49","4","45","1","","","","","","","9","45","","","","","","","","","","","","","","","","","","1","","","","","","","","","","","","6"
"704","UTEP","10/02/10","21","BANYARD","JOE","15","90","0","90","1","","","","","","","15","90","2","26","0","","","","","","","","","","","","","","","1","","","","","","","","","","","","6"
"704","UTEP","10/09/10","21","BANYARD","JOE","3","14","0","14","0","","","","","","","3","14","","","","","","","","","","","","","","","","","","","","","","","","","","","","","","0"
"704","UTEP","10/16/10","21","BANYARD","JOE","3","15","0","15","0","","","","","","","3","15","","","","","","","","","","","","","","","1","0","0","","","","","","","","","","","","","0"
"704","UTEP","10/23/10","21","BANYARD","JOE","4","36","0","36","0","","","","","","","4","36","","","","","","","","","","","","","","","1","11","0","","","","","","","","","","","","","0"
"704","UTEP","10/30/10","21","BANYARD","JOE","2","10","0","10","0","","","","","","","2","10","","","","","","","","","","","","","","","","","","","","","","","","","","","","","","0"
"704","UTEP","11/06/10","21","BANYARD","JOE","3","13","0","13","0","","","","","","","3","13","1","4","0","","","","","","","","","","","","","","","","","","","","","","","","","","","0"
"704","UTEP","11/13/10","21","BANYARD","JOE","8","39","0","39","0","","","","","","","8","39","7","30","0","","","","","","","","","","","","2","34","0","","","","","","","","","","","","","0"
"704","UTEP","11/20/10","21","BANYARD","JOE","20","158","3","155","3","","","","","","","20","155","1","3","0","","","","","","","","","","","","","","","3","","","","","","","","","","","","18"
"704","UTEP","12/18/10","21","BANYARD","JOE","2","11","0","11","0","","","","","","","2","11","","","","","","","","","","","","","","","2","37","0","","","","","","","","","","","","","0"
"704","UTEP","09/25/10","3","BUCKRAM","DONALD","13","63","4","59","0","","","","","","","13","59","3","15","0","","","","","","","","","","","","","","","","","","","","","","","","","","","0"
"704","UTEP","10/09/10","3","BUCKRAM","DONALD","9","47","0","47","0","","","","","","","9","47","1","6","0","","","","","","","","","","","","","","","","","","","","","","","","","","","0"
"704","UTEP","10/16/10","3","BUCKRAM","DONALD","11","39","1","38","0","","","","","","","11","38","2","32","0","","","","","","","","","","","","","","","","","","","","","","","","","","","0"
"704","UTEP","10/23/10","3","BUCKRAM","DONALD","10","81","0","81","1","","","","","","","10","81","2","10","0","","","","","","","","","","","","","","","1","","","","","","","","","","","","6"
"704","UTEP","10/30/10","3","BUCKRAM","DONALD","16","56","8","48","0","","","","","","","16","48","2","-4","0","","","","","","","","","","","","","","","","","","","","","","","","","","","0"
"704","UTEP","11/06/10","3","BUCKRAM","DONALD","11","43","0","43","0","","","","","","","11","43","2","4","0","","","","","","","","","","","","","","","","","","","","","","","","","","","0"
"704","UTEP","11/20/10","3","BUCKRAM","DONALD","5","11","2","9","0","","","","","","","5","9","","","","","","","","","","","","","","","","","","","","","","","","","","","","","","0"
"704","UTEP","12/18/10","3","BUCKRAM","DONALD","6","14","4","10","0","","","","","","","6","10","","","","","","","","","","","","","","","","","","","","","","","","","","","","","","0"
"704","UTEP","09/04/10","7","CAMPBELL","IAN","","","","","","","","","","","","0","0","","","","","","","","","","2","75","","","","","","","","","","","","","","","","","","","0"
"704","UTEP","09/10/10","7","CAMPBELL","IAN","","","","","","","","","","","","0","0","","","","","","","","","","3","142","","","","","","","","","","","","","","","","","","","0"
"704","UTEP","09/18/10","7","CAMPBELL","IAN","","","","","","","","","","","","0","0","","","","","","","","","","2","77","","","","","","","","","","","","","","","","","","","0"
"704","UTEP","09/25/10","7","CAMPBELL","IAN","","","","","","","","","","","","0","0","","","","","","","","","","4","134","","","","","","","","","","","","","","","","","","","0"
"704","UTEP","10/02/10","7","CAMPBELL","IAN","","","","","","","","","","","","0","0","","","","","","","","","","3","142","","","","","","","","","","","","","","","","","","","0"
"704","UTEP","10/09/10","7","CAMPBELL","IAN","","","","","","","","","","","","0","0","","","","","","","","","","5","278","","","","","","","","","","","","","","","","","","","0"
"704","UTEP","10/16/10","7","CAMPBELL","IAN","","","","","","","","","","","","0","0","","","","","","","","","","5","251","","","","","","","","","","","","","","","","","","","0"
"704","UTEP","10/23/10","7","CAMPBELL","IAN","","","","","","","","","","","","0","0","","","","","","","","","","4","171","","","","","","","","","","","","","","","","","","","0"
"704","UTEP","10/30/10","7","CAMPBELL","IAN","1","0","12","-12","0","","","","","","","1","-12","","","","","","","","","","2","67","","","","","","","","","","","","","","","","","","","0"
"704","UTEP","11/06/10","7","CAMPBELL","IAN","1","9","0","9","0","","","","","","","1","9","","","","","","","","","","4","188","","","","","","","","","","","","","","","","","","","0"
"704","UTEP","11/13/10","7","CAMPBELL","IAN","","","","","","","","","","","","0","0","","","","","","","","","","4","164","","","","","","","","","","","","","","","","","","","0"
"704","UTEP","11/20/10","7","CAMPBELL","IAN","","","","","","","","","","","","0","0","","","","","","","","","","7","324","","","","","","","","","","","","","","","","","","","0"
"704","UTEP","12/18/10","7","CAMPBELL","IAN","","","","","","","","","","","","0","0","","","","","","","","","","6","287","","","","","","","","","","","","","","","","","","","0"
"704","UTEP","09/10/10","17","CARR","RUSSELL","","","","","","","","","","","","0","0","2","12","0","","","","","","","","","","","","","","","","","","","","","","","","","","","0"
"704","UTEP","09/25/10","17","CARR","RUSSELL","","","","","","","","","","","","0","0","1","4","0","","","","","","","","","","","","","","","","","","","","","","","","","","","0"
"704","UTEP","10/30/10","17","CARR","RUSSELL","","","","","","","","","","","","0","0","1","13","0","","","","","","","","","","","","","","","","","","","","","","","","","","","0"
"704","UTEP","11/06/10","17","CARR","RUSSELL","","","","","","","","","","","","0","0","1","15","0","","","","","","","","","","","","","","","","","","","","","","","","","","","0"
"704","UTEP","11/13/10","17","CARR","RUSSELL","","","","","","","","","","","","0","0","1","10","0","","","","","","","","","","","","","","","","","","","","","","","","","","","0"
"704","UTEP","12/18/10","17","CARR","RUSSELL","","","","","","","","","","","","0","0","1","6","0","","","","","","","","","","","","","","","","","","","","","","","","","","","0"
"704","UTEP","09/04/10","38","CARTER","ISAIAH","","","","","","","","","","","","0","0","","","","1","0","0","","","","","","","","","","","","","","","","","","","","","","","","0"
"704","UTEP","09/10/10","19","DAVIS","EVAN","","","","","","","","","","","","0","0","2","12","0","","","","","","","","","","","","","","","","","","","","","","","","","","","0"
"704","UTEP","09/18/10","19","DAVIS","EVAN","1","0","2","-2","0","","","","","","","1","-2","2","25","1","","","","","","","","","","","","","","","1","","","","","","","","","","","","6"
"704","UTEP","09/25/10","19","DAVIS","EVAN","","","","","","","","","","","","0","0","1","19","0","","","","","","","","","","","","","","","","","","","","","","","","","","","0"
"704","UTEP","10/02/10","19","DAVIS","EVAN","","","","","","","","","","","","0","0","6","50","1","","","","","","","","","","","","","","","1","","","","","","","","","","","","6"
"704","UTEP","10/09/10","19","DAVIS","EVAN","1","11","0","11","0","","","","","","","1","11","1","3","0","","","","","","","","","1","4","0","","","","","","","","","","","","","","","","0"
"704","UTEP","10/16/10","19","DAVIS","EVAN","","","","","","","","","","","","0","0","1","8","0","","","","","","","","","","","","","","","","","","","","","","","","","","","0"
"704","UTEP","10/23/10","19","DAVIS","EVAN","","","","","","","","","","","","0","0","3","32","0","","","","","","","","","","","","","","","","","","","","","","","","","","","0"
"704","UTEP","10/30/10","19","DAVIS","EVAN","","","","","","","","","","","","0","0","3","47","0","","","","","","","","","","","","","","","","","","","","","","","","","","","0"
"704","UTEP","11/06/10","19","DAVIS","EVAN","","","","","","","","","","","","0","0","3","44","1","","","","","","","","","","","","","","","1","","","","","","","","","","","","6"
"704","UTEP","11/13/10","19","DAVIS","EVAN","","","","","","","","","","","","0","0","1","19","0","","","","","","","","","","","","","","","","","","","","","","","","","","","0"
"704","UTEP","11/20/10","19","DAVIS","EVAN","","","","","","","","","","","","0","0","1","33","0","","","","","","","","","","","","","","","","","","","","","","","","","","","0"
"704","UTEP","11/13/10","1F","FORD","KATRAE","","","","","","","","","","","","0","0","","","","","","","","","","","","","","","","","","","","","0","0","1","0","","","","","","0"
"704","UTEP","09/04/10","20","FRAZIER","VERNON","6","92","3","89","2","","","","","","","6","89","1","2","0","","","","","","","","","","","","","","","2","","","","","","","","","","","","12"
"704","UTEP","09/10/10","20","FRAZIER","VERNON","6","37","3","34","0","","","","","","","6","34","1","22","0","","","","","","","","","","","","","","","","","","","","","","","","","","","0"
"704","UTEP","09/18/10","20","FRAZIER","VERNON","5","17","0","17","0","","","","","","","5","17","2","7","0","","","","","","","","","","","","","","","","","","","","","","","","","","","0"
"704","UTEP","09/25/10","20","FRAZIER","VERNON","2","16","0","16","0","","","","","","","2","16","2","30","0","","","","","","","","","","","","","","","","","","","","","","","","","","","0"
"704","UTEP","10/02/10","20","FRAZIER","VERNON","4","24","2","22","0","","","","","","","4","22","","","","","","","","","","","","","","","","","","","","","","","","","","","","","","0"
"704","UTEP","10/09/10","20","FRAZIER","VERNON","7","32","0","32","0","","","","","","","7","32","","","","","","","","","","","","","","","1","21","0","","","","","","","","","","","","","0"
"704","UTEP","10/16/10","20","FRAZIER","VERNON","1","0","0","0","0","","","","","","","1","0","","","","","","","","","","","","","","","","","","","","","","","","","","","","","","0"
"704","UTEP","10/23/10","20","FRAZIER","VERNON","2","14","0","14","0","","","","","","","2","14","","","","","","","","","","","","","","","1","20","0","","","","","","","","","","","","","0"
"704","UTEP","10/30/10","20","FRAZIER","VERNON","2","5","0","5","0","","","","","","","2","5","","","","","","","","","","","","","","","","","","","","","","","","","","","","","","0"
"704","UTEP","11/06/10","20","FRAZIER","VERNON","2","3","5","-2","0","","","","","","","2","-2","1","6","0","","","","","","","","","","","","2","83","0","","","","","","","","","","","","","0"
"704","UTEP","11/13/10","20","FRAZIER","VERNON","1","4","0","4","0","","","","","","","1","4","1","7","0","","","","","","","","","","","","1","20","0","","","","","","","","","","","","","0"
"704","UTEP","12/18/10","20","FRAZIER","VERNON","","","","","","","","","","","","0","0","","","","","","","","","","","","","","","1","15","0","","","","","","","","","","","","","0"
"704","UTEP","09/18/10","85","GOLDTRAP","ELIJAH","","","","","","","","","","","","0","0","1","4","0","","","","","","","","","","","","","","","","","","","","","","","","","","","0"
"704","UTEP","09/25/10","85","GOLDTRAP","ELIJAH","","","","","","","","","","","","0","0","1","10","0","","","","","","","","","","","","","","","","","","","","","","","","","","","0"
"704","UTEP","10/30/10","85","GOLDTRAP","ELIJAH","","","","","","","","","","","","0","0","1","5","0","","","","","","","","","","","","","","","","","","","","","","","","","","","0"
"704","UTEP","09/04/10","7H","HUNTER","PIERCE","","","","","","","","","","","","0","0","1","9","0","","","","","","","","","","","","","","","","","","","","","","","","","","","0"
"704","UTEP","09/10/10","7H","HUNTER","PIERCE","","","","","","","","","","","","0","0","1","7","1","","","","","","","","","","","","","","","1","","","","","","","","","","","","6"
"704","UTEP","09/18/10","7H","HUNTER","PIERCE","","","","","","","","","","","","0","0","1","45","0","","","","","","","","","","","","","","","","","","","","","","","","","","","0"
"704","UTEP","10/02/10","7H","HUNTER","PIERCE","","","","","","","","","","","","0","0","2","17","0","","","","","","","","","","","","","","","","","","","","","","","","","","","0"
"704","UTEP","10/09/10","7H","HUNTER","PIERCE","","","","","","","","","","","","0","0","5","105","0","","","","","","","","","","","","","","","","","","","","","","","","","","","0"
"704","UTEP","10/16/10","7H","HUNTER","PIERCE","","","","","","","","","","","","0","0","2","17","0","","","","","","","","","","","","","","","","","","","","","","","","","","","0"
"704","UTEP","10/30/10","7H","HUNTER","PIERCE","","","","","","","","","","","","0","0","2","21","0","","","","","","","","","","","","","","","","","","","","","","","","","","","0"
"704","UTEP","11/06/10","7H","HUNTER","PIERCE","","","","","","","","","","","","0","0","2","24","1","","","","","","","","","","","","","","","1","","","","","","","","","","","","6"
"704","UTEP","11/13/10","7H","HUNTER","PIERCE","","","","","","","","","","","","0","0","1","8","0","","","","","","","","","","","","","","","","","","","","","","","","","","","0"
"704","UTEP","12/18/10","7H","HUNTER","PIERCE","","","","","","","","","","","","0","0","3","27","0","","","","","","","","","","","","","","","","","","","","","","","","","","","0"
"704","UTEP","09/25/10","4","IRVING","JAMIE","","","","","","","","","","","","0","0","","","","1","19","0","","","","","","","","","","","","","","","","","","","","","","","","0"
"704","UTEP","09/04/10","84","KEMP","DONAVON","","","","","","","","","","","","0","0","2","28","0","","","","","","","","","","","","2","42","0","","","","","","","","","","","","","0"
"704","UTEP","09/10/10","84","KEMP","DONAVON","","","","","","","","","","","","0","0","3","36","1","","","","","","","","","","","","","","","1","","","","","","","","","","","","6"
"704","UTEP","09/18/10","84","KEMP","DONAVON","","","","","","","","","","","","0","0","5","38","1","","","","","","","","","","","","1","3","0","1","","","","","","","","","","","","6"
"704","UTEP","09/25/10","84","KEMP","DONAVON","","","","","","","","","","","","0","0","1","10","0","","","","","","","","","","","","","","","","","","","","","","","","","","","0"
"704","UTEP","10/02/10","84","KEMP","DONAVON","","","","","","","","","","","","0","0","3","17","0","","","","","","","","","","","","1","35","0","","","","","","","","","","","","","0"
"704","UTEP","10/09/10","84","KEMP","DONAVON","","","","","","","","","","","","0","0","1","19","0","","","","","","","","","","","","2","86","0","","","","","","","","","","","","","0"
"704","UTEP","10/16/10","84","KEMP","DONAVON","","","","","","","","","","","","0","0","3","33","0","","","","","","","","","","","","1","5","0","","","","","","","","","","","","","0"
"704","UTEP","09/18/10","80","LOPEZ","JULIO","","","","","","","","","","","","0","0","1","18","1","","","","","","","","","","","","","","","1","","","","","","","","","","","","6"
"704","UTEP","10/02/10","80","LOPEZ","JULIO","","","","","","","","","","","","0","0","1","2","0","","","","","","","","","","","","","","","","","","","","","","","","","","","0"
"704","UTEP","11/13/10","80","LOPEZ","JULIO","","","","","","","","","","","","0","0","1","6","0","","","","","","","","","","","","","","","","","","","","","","","","","","","0"
"704","UTEP","09/10/10","6","MCCLURE","MARLON","1","2","0","2","0","","","","","","","1","2","2","48","0","","","","","","","","","","","","6","165","0","","","","","","","","","","","","","0"
"704","UTEP","09/18/10","6","MCCLURE","MARLON","1","0","1","-1","0","","","","","","","1","-1","2","17","0","","","","","","","","","3","28","0","2","51","0","","","","","","","","","","","","","0"
"704","UTEP","09/25/10","6","MCCLURE","MARLON","","","","","","","","","","","","0","0","4","48","0","","","","","","","","","2","57","0","2","82","0","","","","","","","","","","","","","0"
"704","UTEP","10/02/10","6","MCCLURE","MARLON","","","","","","","","","","","","0","0","1","2","0","","","","","","","","","1","-1","0","1","40","0","","","","","","","","","","","","","0"
"704","UTEP","10/16/10","6","MCCLURE","MARLON","","","","","","","","","","","","0","0","1","25","0","","","","","","","","","","","","","","","","","","","","","","","","","","","0"
"704","UTEP","10/23/10","6","MCCLURE","MARLON","2","19","0","19","0","","","","","","","2","19","4","32","0","","","","","","","","","1","12","0","5","153","0","","","","","","","","","","","","","0"
"704","UTEP","10/30/10","6","MCCLURE","MARLON","","","","","","","","","","","","0","0","6","48","0","","","","","","","","","2","58","0","2","41","0","","","","","","","","","","","","","0"
"704","UTEP","11/06/10","6","MCCLURE","MARLON","2","13","0","13","0","","","","","","","2","13","4","60","1","","","","","","","","","1","8","0","1","3","0","1","","","","","","","","","","","","6"
"704","UTEP","11/13/10","6","MCCLURE","MARLON","1","3","0","3","0","","","","","","","1","3","","","","","","","","","","","","1","0","0","5","163","1","1","","","","","","","","","","","","6"
"704","UTEP","11/20/10","6","MCCLURE","MARLON","","","","","","","","","","","","0","0","2","25","0","","","","","","","","","2","20","0","3","107","1","1","","","","","","","","","","","","6"
"704","UTEP","12/18/10","6","MCCLURE","MARLON","1","0","3","-3","0","","","","","","","1","-3","4","38","0","","","","","","","","","1","1","0","3","125","0","","","","","","","","","","","","","0"
"704","UTEP","09/04/10","1M","MEGER","CARSON","","","","","","1","0","0","0","0","","1","0","","","","","","","","","","","","","","","","","","","","","","","","","","","","","","0"
"704","UTEP","10/09/10","1M","MEGER","CARSON","","","","","","1","0","0","0","0","","1","0","","","","","","","","","","","","","","","","","","","","","","","","","","","","","","0"
"704","UTEP","11/13/10","1M","MEGER","CARSON","","","","","","1","1","0","10","0","","1","10","","","","","","","","","","","","","","","","","","","","","","","","","","","","","","0"
"704","UTEP","09/10/10","36","MOORE","JONNY","","","","","","","","","","","","0","0","3","26","0","","","","","","","","","","","","","","","","","","","","","","","","","","","0"
"704","UTEP","09/18/10","36","MOORE","JONNY","","","","","","","","","","","","0","0","1","7","0","","","","","","","","","","","","","","","","","","","","","","","","","","","0"
"704","UTEP","10/09/10","36","MOORE","JONNY","","","","","","","","","","","","0","0","2","15","0","","","","","","","","","","","","","","","","","","","","","","","","","","","0"
"704","UTEP","10/16/10","36","MOORE","JONNY","","","","","","","","","","","","0","0","1","2","0","","","","","","","","","","","","","","","","","","","","","","","","","","","0"
"704","UTEP","11/13/10","36","MOORE","JONNY","","","","","","","","","","","","0","0","1","10","0","","","","","","","","","","","","","","","","","","","","","","","","","","","0"
"704","UTEP","11/20/10","36","MOORE","JONNY","","","","","","","","","","","","0","0","1","6","0","","","","","","","","","","","","","","","","","","","","","","","","","","","0"
"704","UTEP","09/04/10","22","MYERS","LEILYON","5","23","1","22","0","","","","","","","5","22","1","7","0","","","","","","","","","","","","","","","","","","","","","","","","","","","0"
"704","UTEP","09/10/10","22","MYERS","LEILYON","1","2","0","2","0","","","","","","","1","2","1","8","0","","","","","","","","","","","","","","","","","","","","","","","","","","","0"
"704","UTEP","09/18/10","22","MYERS","LEILYON","7","35","2","33","0","","","","","","","7","33","","","","","","","","","","","","","","","","","","","","","","","","","","","","","","0"
"704","UTEP","09/25/10","22","MYERS","LEILYON","2","6","0","6","0","","","","","","","2","6","","","","","","","","","","","","","","","","","","","","","","","","","","","","","","0"
"704","UTEP","10/02/10","22","MYERS","LEILYON","10","31","1","30","1","","","","","","","10","30","","","","","","","","","","","","","","","","","","1","","","","","","","","","","","","6"
"704","UTEP","10/09/10","22","MYERS","LEILYON","6","19","0","19","2","","","","","","","6","19","","","","","","","","","","","","","","","","","","2","","","","","","","","","","","","12"
"704","UTEP","10/16/10","22","MYERS","LEILYON","3","7","0","7","0","","","","","","","3","7","","","","","","","","","","","","","","","","","","","","","","","","","","","","","","0"
"704","UTEP","10/23/10","22","MYERS","LEILYON","2","5","0","5","1","","","","","","","2","5","","","","","","","","","","","","","","","","","","1","","","","","","","","","","","","6"
"704","UTEP","10/30/10","22","MYERS","LEILYON","","","","","","","","","","","","0","0","","","","","","","","","","","","","","","1","16","0","","","","","","","","","","","","","0"
"704","UTEP","11/06/10","22","MYERS","LEILYON","6","15","0","15","1","","","","","","","6","15","","","","","","","","","","","","","","","","","","1","","","","","","","","","","","","6"
"704","UTEP","11/13/10","22","MYERS","LEILYON","6","72","1","71","1","","","","","","","6","71","","","","","","","","","","","","","","","","","","1","","","","","","","","","","","","6"
"704","UTEP","11/20/10","22","MYERS","LEILYON","2","3","0","3","0","","","","","","","2","3","","","","","","","","","","","","","","","","","","","","","","","","","","","","","","0"
"704","UTEP","12/18/10","22","MYERS","LEILYON","1","3","0","3","0","","","","","","","1","3","","","","","","","","","","","","","","","","","","","","","","","","","","","","","","0"
"704","UTEP","09/10/10","5","NIXON","TRAVAUN","","","","","","","","","","","","0","0","","","","1","68","0","","","","","","","","","","","","","","","","","","","","","","","","0"
"704","UTEP","09/25/10","5","NIXON","TRAVAUN","","","","","","","","","","","","0","0","","","","1","0","0","","","","","","","","","","","","","","","","","","","","","","","","0"
"704","UTEP","10/02/10","5","NIXON","TRAVAUN","","","","","","","","","","","","0","0","","","","","","","","","","","","1","46","0","","","","","","","","","","","","","","","","0"
"704","UTEP","10/09/10","5","NIXON","TRAVAUN","","","","","","","","","","","","0","0","","","","","","","","","","","","3","32","0","1","34","0","","","","","","","","","","","","","0"
"704","UTEP","10/23/10","5","NIXON","TRAVAUN","","","","","","","","","","","","0","0","","","","1","29","0","","","","","","","","","","","","","","","","","","","","","","","","0"
"704","UTEP","11/13/10","5","NIXON","TRAVAUN","","","","","","","","","","","","0","0","","","","","","","","","","","","","","","2","54","0","","","","","","","","","","","","","0"
"704","UTEP","11/20/10","5","NIXON","TRAVAUN","","","","","","","","","","","","0","0","","","","","","","","","","","","","","","2","20","0","","","","","","","","","","","","","0"
"704","UTEP","12/18/10","5","NIXON","TRAVAUN","","","","","","","","","","","","0","0","","","","1","43","0","","","","","","1","1","0","1","14","0","","","","","","","","","","","","","0"
"704","UTEP","12/18/10","46","OBI","BERNARD","","","","","","","","","","","","0","0","","","","1","12","0","","","","","","","","","","","","","","","","","","","","","","","","0"
"704","UTEP","09/04/10","82","PERRY","KEVIN","","","","","","","","","","","","0","0","2","36","0","","","","","","","","","","","","","","","","","","","","","","","","","","","0"
"704","UTEP","10/30/10","82","PERRY","KEVIN","","","","","","","","","","","","0","0","1","17","0","","","","","","","","","","","","","","","","","","","","","","","","","","","0"
"704","UTEP","12/18/10","82","PERRY","KEVIN","","","","","","","","","","","","0","0","","","","","","","","","","","","","","","1","11","0","","","","","","","","","","","","","0"
"704","UTEP","09/18/10","39","SCOTT","MIKE","","","","","","","","","","","","0","0","","","","","","","","","","","","","","","","","","","","","","","","","","","1","0","","0"
"704","UTEP","09/18/10","52","SMITH","ROYZELLL","","","","","","","","","","","","0","0","","","","1","13","0","","","","","","","","","","","","","","","","","","","","","","","","0"
"704","UTEP","09/18/10","14","SMITH","TATE","1","7","0","7","0","","","","","","","1","7","","","","","","","","","","","","","","","","","","","","","","","","","","","","","","0"
"704","UTEP","10/02/10","14","SMITH","TATE","","","","","","1","1","0","2","0","","1","2","","","","","","","","","","","","","","","","","","","","","","","","","","","","","","0"
"704","UTEP","11/13/10","14","SMITH","TATE","","","","","","1","0","1","0","0","","1","0","","","","","","","","","","","","","","","","","","","","","","","","","","","","","","0"
"704","UTEP","10/02/10","1T","THOMAS","DREW","","","","","","","","","","","","0","0","","","","1","0","0","","","","","","","","","","","","","","","","","","","","","","","","0"
"704","UTEP","09/04/10","5T","THOMAS II","JAMES","2","6","0","6","0","","","","","","","2","6","4","52","0","","","","","","","","","","","","","","","","","","","","","","","","","","","0"
"704","UTEP","09/10/10","5T","THOMAS II","JAMES","","","","","","","","","","","","0","0","1","9","0","","","","","","","","","","","","","","","","","","","","","","","","","","","0"
"704","UTEP","09/18/10","5T","THOMAS II","JAMES","3","55","0","55","0","2","0","0","0","0","","5","55","1","-1","0","","","","","","","","","","","","","","","","","","","","","","","","","","","0"
"704","UTEP","10/02/10","5T","THOMAS II","JAMES","1","1","0","1","0","","","","","","","1","1","","","","","","","","","","","","","","","","","","","","","","","","","","","","","","0"
"704","UTEP","10/09/10","5T","THOMAS II","JAMES","1","5","0","5","0","","","","","","","1","5","2","28","0","","","","","","","","","","","","","","","","","","","","","","","","","","","0"
"704","UTEP","10/16/10","5T","THOMAS II","JAMES","1","1","0","1","0","","","","","","","1","1","1","8","0","","","","","","","","","","","","","","","","","","","","","","","","","","","0"
"704","UTEP","10/23/10","5T","THOMAS II","JAMES","6","39","2","37","0","3","0","0","0","0","","9","37","","","","","","","","","","","","","","","","","","","","","","","","","","","","","","0"
"704","UTEP","10/30/10","5T","THOMAS II","JAMES","7","38","9","29","0","","","","","","","7","29","","","","","","","","","","","","","","","","","","","","","","","","","","","","","","0"
"704","UTEP","11/06/10","5T","THOMAS II","JAMES","4","16","0","16","0","1","1","0","18","0","","5","34","1","8","0","","","","","","","","","","","","","","","","","","","","","","","","","","","0"
"704","UTEP","11/13/10","5T","THOMAS II","JAMES","3","6","2","4","0","5","4","0","77","1","","8","81","","","","","","","","","","","","","","","","","","","","","","","","","","","","","","0"
"704","UTEP","11/20/10","5T","THOMAS II","JAMES","9","54","7","47","0","1","1","0","40","0","","10","87","","","","","","","","","","","","","","","","","","","","","","","","","","","","","","0"
"704","UTEP","12/18/10","5T","THOMAS II","JAMES","4","13","3","10","0","3","0","0","0","0","","7","10","1","7","0","","","","","","","","","","","","","","","","","","","","","","","","","","","0"
"704","UTEP","09/10/10","4T","TRISBY","COREY","","","","","","","","","","","","0","0","3","22","0","","","","","","","","","","","","","","","","","","","","","","","","","","","0"
"704","UTEP","09/25/10","4T","TRISBY","COREY","","","","","","","","","","","","0","0","1","8","0","","","","","","","","","","","","","","","","","","","","","","","","","","","0"
"704","UTEP","10/02/10","4T","TRISBY","COREY","","","","","","","","","","","","0","0","1","11","0","","","","","","","","","","","","","","","","","","","","","","","","","","","0"
"704","UTEP","10/09/10","4T","TRISBY","COREY","","","","","","","","","","","","0","0","1","11","0","","","","","","","","","","","","","","","","","","","","","","","","","","","0"
"704","UTEP","11/20/10","4T","TRISBY","COREY","","","","","","","","","","","","0","0","2","47","0","","","","","","","","","","","","","","","","","","","","","","","","","","","0"
"704","UTEP","12/18/10","4T","TRISBY","COREY","","","","","","","","","","","","0","0","2","14","0","","","","","","","","","","","","","","","","","","","","","","","","","","","0"
"704","UTEP","09/04/10","10","VITTATOE","TREVOR","4","10","8","2","0","27","17","1","229","0","","31","231","","","","","","","","","","","","","","","","","","","","","","","","","","","","","","0"
"704","UTEP","09/10/10","10","VITTATOE","TREVOR","3","32","7","25","0","54","30","0","340","3","","57","365","","","","","","","","","","","","","","","","","","","","","","","","","","","","","","0"
"704","UTEP","09/18/10","10","VITTATOE","TREVOR","3","54","0","54","0","30","19","0","246","5","","33","300","","","","","","","","","","","","","","","","","","","","","","","","","","","","","","0"
"704","UTEP","09/25/10","10","VITTATOE","TREVOR","4","9","18","-9","0","33","16","1","171","0","","37","162","","","","","","","","","","","","","","","","","","","","","","","","","","","","","","0"
"704","UTEP","10/02/10","10","VITTATOE","TREVOR","3","23","0","23","0","37","20","0","264","3","","40","287","","","","","","","","","","","","","","","","","","","","","","","","","","","","","","0"
"704","UTEP","10/09/10","10","VITTATOE","TREVOR","2","8","0","8","0","32","19","0","327","3","","34","335","","","","","","","","","","","","","","","","","","","","","","","","","","","","","","0"
"704","UTEP","10/16/10","10","VITTATOE","TREVOR","4","18","19","-1","0","33","15","3","169","0","","37","168","","","","","","","","","","","","","","","","","","","","","","","","","","","","","","0"
"704","UTEP","10/23/10","10","VITTATOE","TREVOR","3","9","4","5","0","21","10","2","102","1","","24","107","","","","","","","","","","","","","","","","","","","","","","","","","","","","","","0"
"704","UTEP","10/30/10","10","VITTATOE","TREVOR","8","35","28","7","0","40","22","1","229","1","0","48","236","","","","","","","","","","","","","","","","","","","","","1","0","","","","","","","","0"
"704","UTEP","11/06/10","10","VITTATOE","TREVOR","4","11","0","11","0","28","17","0","183","3","","32","194","","","","","","","","","","","","","","","","","","","","","","","","","","","","","","0"
"704","UTEP","11/13/10","10","VITTATOE","TREVOR","5","21","14","7","0","21","13","1","151","0","","26","158","","","","","","","","","","","","","","","","","","","","","","","","","","","","","","0"
"704","UTEP","11/20/10","10","VITTATOE","TREVOR","4","17","8","9","0","22","8","1","100","0","","26","109","","","","","","","","","","","","","","","","","","","","","","","","","","","","","","0"
"704","UTEP","12/18/10","10","VITTATOE","TREVOR","8","15","58","-43","0","29","14","3","245","3","","37","202","","","","","","","","","","","","","","","","","","","","","","","","","","","","","","0"
"704","UTEP","09/04/10","8","WARREN","DAKOTA","","","","","","","","","","","","0","0","","","","","","","","","","","","","","","","","","","4","4","0","0","","","","","1","1","","7"
"704","UTEP","09/10/10","8","WARREN","DAKOTA","","","","","","","","","","","","0","0","","","","","","","","","","","","","","","","","","","3","3","0","0","","","","","2","1","","6"
"704","UTEP","09/18/10","8","WARREN","DAKOTA","","","","","","","","","","","","0","0","","","","","","","","","","","","","","","","","","","6","6","0","0","","","","","","","","6"
"704","UTEP","09/25/10","8","WARREN","DAKOTA","","","","","","","","","","","","0","0","","","","","","","","","","","","","","","","","","","1","1","0","0","","","","","4","3","","10"
"704","UTEP","10/02/10","8","WARREN","DAKOTA","","","","","","","","","","","","0","0","","","","","","","","","","","","","","","","","","","5","5","0","0","","","","","3","1","","8"
"704","UTEP","10/09/10","8","WARREN","DAKOTA","","","","","","","","","","","","0","0","","","","","","","","","","","","","","","","","","","6","6","0","0","","","","","","","","6"
"704","UTEP","10/16/10","8","WARREN","DAKOTA","","","","","","","","","","","","0","0","","","","","","","","","","","","","","","","","","","","","","","","","","","2","2","","6"
"704","UTEP","10/23/10","8","WARREN","DAKOTA","","","","","","","","","","","","0","0","","","","","","","","","","","","","","","","","","","3","3","0","0","","","","","1","1","","6"
"704","UTEP","10/30/10","8","WARREN","DAKOTA","","","","","","","","","","","","0","0","","","","","","","","","","","","","","","","","","","","","","","","","","","3","2","","6"
"704","UTEP","11/06/10","8","WARREN","DAKOTA","","","","","","","","","","","","0","0","","","","","","","","","","","","","","","","","","","4","4","0","0","","","","","1","0","","4"
"704","UTEP","11/13/10","8","WARREN","DAKOTA","","","","","","","","","","","","0","0","","","","","","","","","","","","","","","","","","","3","3","0","0","","","","","1","0","","3"
"704","UTEP","11/20/10","8","WARREN","DAKOTA","","","","","","","","","","","","0","0","","","","","","","","","","","","","","","","","","","4","4","0","0","","","","","1","0","","4"
"704","UTEP","12/18/10","8","WARREN","DAKOTA","","","","","","","","","","","","0","0","","","","","","","","","","","","","","","","","","","3","3","0","0","","","","","1","1","","6"
"704","UTEP","10/02/10","44","WATKINS","GREG","","","","","","","","","","","","0","0","","","","1","19","0","","","","","","","","","","","","","","","","","","","","","","","","0"
"704","UTEP","09/04/10","34","WILLIAMS","JASON","4","21","0","21","0","","","","","","","4","21","","","","","","","","","","","","","","","","","","","","","","","","","","","","","","0"
"704","UTEP","09/18/10","34","WILLIAMS","JASON","3","22","0","22","0","","","","","","","3","22","","","","","","","","","","","","","","","","","","","","","","","","","","","","","","0"
"704","UTEP","10/02/10","34","WILLIAMS","JASON","4","10","0","10","0","1","0","0","0","0","","5","10","","","","","","","","","","","","","","","","","","","","","","","","","","","","","","0"
"704","UTEP","10/09/10","34","WILLIAMS","JASON","3","6","0","6","1","","","","","","","3","6","1","6","0","","","","","","","","","","","","","","","1","","","","","","","","","","","","6"
"704","UTEP","10/23/10","34","WILLIAMS","JASON","1","2","0","2","0","","","","","","","1","2","","","","","","","","","","","","","","","","","","","","","","","","","","","","","","0"
"704","UTEP","09/04/10","88","WILLIAMS","LAVORICK","","","","","","","","","","","","0","0","2","27","0","","","","","","","","","","","","","","","","","","","","","","","","","","","0"
"736","Vanderbilt","09/04/10","6","BARDEN","BRANDON","","","","","","","","","","","","0","0","4","63","1","","","","","","","","","","","","","","","1","","","","","","","","","","","","6"
"736","Vanderbilt","09/11/10","6","BARDEN","BRANDON","","","","","","","","","","","","0","0","5","38","0","","","","","","","","","","","","","","","","","","","","","","","","","","","0"
"736","Vanderbilt","09/18/10","6","BARDEN","BRANDON","","","","","","","","","","","","0","0","1","17","0","","","","","","","","","","","","","","","","","","","","","","","","","","","0"
"736","Vanderbilt","10/02/10","6","BARDEN","BRANDON","","","","","","","","","","","","0","0","5","35","1","","","","","","","","","","","","","","","1","","","","","","","","","","","","6"
"736","Vanderbilt","10/09/10","6","BARDEN","BRANDON","","","","","","","","","","","","0","0","2","19","0","","","","","","","","","","","","","","","","","","","","","","","","","","","0"
"736","Vanderbilt","10/16/10","6","BARDEN","BRANDON","","","","","","","","","","","","0","0","1","28","0","","","","","","","","","","","","","","","","","","","","","","","","","","","0"
"736","Vanderbilt","10/23/10","6","BARDEN","BRANDON","","","","","","","","","","","","0","0","3","47","0","","","","","","","","","","","","","","","","","","","","","","","","","","","0"
"736","Vanderbilt","10/30/10","6","BARDEN","BRANDON","","","","","","","","","","","","0","0","2","20","1","","","","","","","","","","","","","","","1","","","","","","","","","","","","6"
"736","Vanderbilt","11/06/10","6","BARDEN","BRANDON","","","","","","","","","","","","0","0","1","14","0","","","","","","","","","","","","","","","","","","","","","","","","","","","0"
"736","Vanderbilt","11/13/10","6","BARDEN","BRANDON","","","","","","1","0","0","0","0","","1","0","4","37","0","","","","","","","","","","","","","","","","","","","","","","","","","","","0"
"736","Vanderbilt","11/20/10","6","BARDEN","BRANDON","","","","","","","","","","","","0","0","3","58","0","","","","","","","","","","","","","","","","","","","","","","","","","","","0"
"736","Vanderbilt","11/27/10","6","BARDEN","BRANDON","","","","","","","","","","","","0","0","3","49","0","","","","","","","","","","","","","","","","","","","","","","","","","","","0"
"736","Vanderbilt","11/06/10","40","BUTLER","KARL","","","","","","","","","","","","0","0","","","","1","33","0","","","","","","","","","","","","","","","","","","","","","","","","0"
"736","Vanderbilt","09/04/10","83","COLE","JOHN","","","","","","","","","","","","0","0","4","15","0","","","","","","","","","","","","","","","","","","","","","","","","","","","0"
"736","Vanderbilt","09/18/10","83","COLE","JOHN","","","","","","","","","","","","0","0","4","22","0","","","","","","","","","1","0","0","","","","","","","","","","","","","","","","0"
"736","Vanderbilt","10/02/10","83","COLE","JOHN","","","","","","","","","","","","0","0","1","32","0","","","","","","","","","2","16","0","","","","","","","","","","","","","","","","0"
"736","Vanderbilt","10/09/10","83","COLE","JOHN","","","","","","","","","","","","0","0","4","103","1","","","","","","","","","4","60","0","","","","1","","","","","","","","","","","","6"
"736","Vanderbilt","10/16/10","83","COLE","JOHN","","","","","","1","0","0","0","0","","1","0","","","","","","","","","","","","1","2","0","","","","","","","","","","","","","","","","0"
"736","Vanderbilt","10/23/10","83","COLE","JOHN","1","0","1","-1","0","","","","","","","1","-1","2","39","0","","","","","","","","","4","35","0","","","","","","","","","","","","","","","","0"
"736","Vanderbilt","10/30/10","83","COLE","JOHN","","","","","","","","","","","","0","0","1","5","0","","","","","","","","","1","1","0","","","","","","","","","","","","","","","","0"
"736","Vanderbilt","11/06/10","83","COLE","JOHN","","","","","","","","","","","","0","0","1","8","0","","","","","","","","","2","-1","0","","","","","","","","","","","","","","","","0"
"736","Vanderbilt","11/13/10","83","COLE","JOHN","","","","","","","","","","","","0","0","3","18","0","","","","","","","","","","","","","","","","","","","","","","","","","","","0"
"736","Vanderbilt","11/20/10","83","COLE","JOHN","","","","","","","","","","","","0","0","1","21","0","","","","","","","","","1","12","0","","","","","","","","","","","","","","","","0"
"736","Vanderbilt","11/27/10","83","COLE","JOHN","","","","","","","","","","","","0","0","4","54","0","","","","","","","","","2","18","0","","","","","","","","","","","","","","","","0"
"736","Vanderbilt","09/18/10","16","FOSTER","EDDIE","","","","","","","","","","","","0","0","","","","1","21","1","","","","","","","","","","","","1","","","","","","","","","","","","6"
"736","Vanderbilt","09/04/10","48","FOWLER","RYAN","","","","","","","","","","","","0","0","","","","","","","","","","","","","","","","","","","1","0","0","0","","","","","2","1","","3"
"736","Vanderbilt","09/11/10","48","FOWLER","RYAN","","","","","","","","","","","","0","0","","","","","","","","","","","","","","","","","","","","","","","","","","","1","1","","3"
"736","Vanderbilt","09/18/10","48","FOWLER","RYAN","","","","","","","","","","","","0","0","","","","","","","","","","","","","","","","","","","4","4","0","0","","","","","","","","4"
"736","Vanderbilt","10/02/10","48","FOWLER","RYAN","","","","","","","","","","","","0","0","","","","","","","","","","","","","","","","","","","3","3","0","0","","","","","","","","3"
"736","Vanderbilt","10/09/10","48","FOWLER","RYAN","","","","","","","","","","","","0","0","","","","","","","","","","","","","","","","","","","7","7","0","0","","","","","1","1","","10"
"736","Vanderbilt","10/23/10","48","FOWLER","RYAN","","","","","","","","","","","","0","0","","","","","","","","","","","","","","","","","","","1","1","0","0","","","","","","","","1"
"736","Vanderbilt","10/30/10","48","FOWLER","RYAN","","","","","","","","","","","","0","0","","","","","","","","","","","","","","","","","","","2","2","0","0","","","","","","","","2"
"736","Vanderbilt","11/06/10","48","FOWLER","RYAN","","","","","","1","0","0","0","0","","1","0","","","","","","","","","","","","","","","","","","","2","2","0","0","","","","","","","","2"
"736","Vanderbilt","11/13/10","48","FOWLER","RYAN","","","","","","","","","","","","0","0","","","","","","","","","","","","","","","","","","","2","2","0","0","","","","","2","2","","8"
"736","Vanderbilt","11/20/10","48","FOWLER","RYAN","","","","","","","","","","","","0","0","","","","","","","","","","","","","","","","","","","1","1","0","0","","","","","3","1","","4"
"736","Vanderbilt","11/27/10","48","FOWLER","RYAN","","","","","","","","","","","","0","0","","","","","","","","","","","","","","","","","","","1","1","0","0","","","","","4","2","","7"
"736","Vanderbilt","09/11/10","12","FUNK","JARED","","","","","","1","0","0","0","0","","1","0","","","","","","","","","","","","","","","","","","","","","","","","","","","","","","0"
"736","Vanderbilt","10/09/10","12","FUNK","JARED","2","0","16","-16","0","4","3","0","100","1","","6","84","","","","","","","","","","","","","","","","","","","","","","","","","","","","","","0"
"736","Vanderbilt","10/16/10","12","FUNK","JARED","","","","","","5","1","0","12","0","","5","12","","","","","","","","","","","","","","","","","","","","","","","","","","","","","","0"
"736","Vanderbilt","10/30/10","12","FUNK","JARED","2","9","12","-3","0","5","2","2","11","0","","7","8","","","","","","","","","","","","","","","","","","","","","","","","","","","","","","0"
"736","Vanderbilt","11/06/10","12","FUNK","JARED","","","","","","8","3","1","35","1","","8","35","","","","","","","","","","","","","","","","","","","","","","","","","","","","","","0"
"736","Vanderbilt","11/13/10","12","FUNK","JARED","3","16","15","1","0","11","7","0","70","1","","14","71","","","","","","","","","","","","","","","","","","","","","","","","","","","","","","0"
"736","Vanderbilt","11/20/10","12","FUNK","JARED","2","15","0","15","0","14","9","1","146","1","","16","161","","","","","","","","","","","","","","","","","","","","","","","","","","","","","","0"
"736","Vanderbilt","11/27/10","12","FUNK","JARED","15","107","37","70","0","61","27","2","277","1","","76","347","","","","","","","","","","","","","","","","","","","","","","","","","","","","","","0"
"736","Vanderbilt","11/06/10","23","HAL","ANDRE","","","","","","","","","","","","0","0","","","","","","","","","","","","","","","2","58","0","","","","","","","","","","","","","0"
"736","Vanderbilt","11/13/10","23","HAL","ANDRE","","","","","","","","","","","","0","0","","","","","","","","","","","","","","","6","138","0","","","","","","","","","","","","","0"
"736","Vanderbilt","11/20/10","23","HAL","ANDRE","","","","","","","","","","","","0","0","","","","","","","","","","","","","","","1","10","0","","","","","","","","","","","","","0"
"736","Vanderbilt","11/27/10","23","HAL","ANDRE","","","","","","","","","","","","0","0","","","","","","","","","","","","","","","2","54","0","","","","","","","","","","","","","0"
"736","Vanderbilt","09/11/10","19","HAYWARD","CASEY","","","","","","","","","","","","0","0","","","","1","0","0","","","","","","","","","","","","","","","","","","","","","","","","0"
"736","Vanderbilt","09/18/10","19","HAYWARD","CASEY","","","","","","","","","","","","0","0","","","","1","0","0","","","","","","","","","","","","","","","","","","","","","","","","0"
"736","Vanderbilt","10/02/10","19","HAYWARD","CASEY","","","","","","","","","","","","0","0","","","","1","0","0","","","","","","","","","","","","","","","","","","","","","","","","0"
"736","Vanderbilt","10/09/10","19","HAYWARD","CASEY","","","","","","","","","","","","0","0","","","","1","0","0","","","","","","","","","","","","","","","","","","","","","","","","0"
"736","Vanderbilt","10/23/10","19","HAYWARD","CASEY","","","","","","","","","","","","0","0","","","","1","0","0","","","","","","","","","","","","","","","","","","","","","","","","0"
"736","Vanderbilt","11/20/10","19","HAYWARD","CASEY","","","","","","","","","","","","0","0","","","","1","13","0","","","","","","","","","","","","","","","","","","","","","","","","0"
"736","Vanderbilt","09/11/10","14","HERNDON","TRAY","","","","","","","","","","","","0","0","1","8","0","","","","","","","","","","","","","","","","","","","","","","","","","","","0"
"736","Vanderbilt","09/18/10","14","HERNDON","TRAY","","","","","","","","","","","","0","0","1","10","0","","","","","","","","","","","","","","","","","","","","","","","","","","","0"
"736","Vanderbilt","10/09/10","14","HERNDON","TRAY","","","","","","","","","","","","0","0","1","13","0","","","","","","","","","","","","","","","","","","","","","","","","","","","0"
"736","Vanderbilt","10/16/10","14","HERNDON","TRAY","","","","","","","","","","","","0","0","1","12","0","","","","","","","","","","","","","","","","","","","","","","","","","","","0"
"736","Vanderbilt","10/23/10","14","HERNDON","TRAY","","","","","","","","","","","","0","0","1","13","0","","","","","","","","","","","","","","","","","","","","","","","","","","","0"
"736","Vanderbilt","10/30/10","14","HERNDON","TRAY","","","","","","","","","","","","0","0","1","6","0","","","","","","","","","","","","","","","","","","","","","","","","","","","0"
"736","Vanderbilt","11/20/10","14","HERNDON","TRAY","","","","","","","","","","","","0","0","4","31","0","","","","","","","","","","","","","","","","","","","","","","","","","","","0"
"736","Vanderbilt","11/27/10","14","HERNDON","TRAY","","","","","","","","","","","","0","0","3","29","0","","","","","","","","","","","","","","","","","","","","","","","","","","","0"
"736","Vanderbilt","11/27/10","93","JELESKY","JOSH","1","4","0","4","0","","","","","","","1","4","","","","","","","","","","","","","","","","","","","","","","","","","","","","","","0"
"736","Vanderbilt","10/09/10","85","JOHNSTON","MASON","","","","","","","","","","","","0","0","1","1","1","","","","","","","","","","","","","","","1","","","","","","","","","","","","6"
"736","Vanderbilt","11/06/10","85","JOHNSTON","MASON","","","","","","","","","","","","0","0","2","24","0","","","","","","","","","","","","","","","","","","","","","","","","","","","0"
"736","Vanderbilt","11/13/10","85","JOHNSTON","MASON","","","","","","","","","","","","0","0","3","31","0","","","","","","","","","","","","","","","","","","","","","","","","","","","0"
"736","Vanderbilt","09/04/10","94","KENT","RICHARD","","","","","","","","","","","","0","0","","","","","","","","","","6","198","","","","","","","","","","","","","","","","","","","0"
"736","Vanderbilt","09/11/10","94","KENT","RICHARD","","","","","","","","","","","","0","0","","","","","","","","","","10","421","","","","","","","","","","","","","","","","","","","0"
"736","Vanderbilt","09/18/10","94","KENT","RICHARD","","","","","","","","","","","","0","0","","","","","","","","","","9","352","","","","","","","","","","","","","","","","","","","0"
"736","Vanderbilt","10/02/10","94","KENT","RICHARD","","","","","","","","","","","","0","0","","","","","","","","","","7","274","","","","","","","","","","","","","","","","","","","0"
"736","Vanderbilt","10/09/10","94","KENT","RICHARD","","","","","","","","","","","","0","0","","","","","","","","","","4","170","","","","","","","","","","","","","","","","","","","0"
"736","Vanderbilt","10/16/10","94","KENT","RICHARD","","","","","","","","","","","","0","0","","","","","","","","","","8","310","","","","","","","","","","","","","","","","","","","0"
"736","Vanderbilt","10/23/10","94","KENT","RICHARD","1","0","0","0","0","","","","","","","1","0","","","","","","","","","","9","417","","","","","","","","","","","","","","","","","","","0"
"736","Vanderbilt","10/30/10","94","KENT","RICHARD","","","","","","","","","","","","0","0","","","","","","","","","","7","335","","","","","","","","","","","","","","","","","","","0"
"736","Vanderbilt","11/06/10","94","KENT","RICHARD","","","","","","","","","","","","0","0","","","","","","","","","","10","443","","","","","","","","","","","","","","","","","","","0"
"736","Vanderbilt","11/13/10","94","KENT","RICHARD","","","","","","","","","","","","0","0","","","","","","","","","","7","281","","","","","","","","","","","","","","","","","","","0"
"736","Vanderbilt","11/20/10","94","KENT","RICHARD","","","","","","","","","","","","0","0","","","","","","","","","","6","271","","","","","","","","","","","","","","","","","","","0"
"736","Vanderbilt","11/27/10","94","KENT","RICHARD","","","","","","","","","","","","0","0","","","","","","","","","","1","39","","","","","","","","","","","","","","","","","","","0"
"736","Vanderbilt","09/04/10","17","KRAUSE","JONATHAN","","","","","","","","","","","","0","0","4","55","0","","","","","","","","","","","","","","","","","","","","","","","","","","","0"
"736","Vanderbilt","09/11/10","17","KRAUSE","JONATHAN","1","9","0","9","0","","","","","","","1","9","1","22","0","","","","","","","","","","","","","","","","","","","","","","","","","","","0"
"736","Vanderbilt","10/02/10","17","KRAUSE","JONATHAN","1","44","0","44","1","","","","","","","1","44","2","27","0","","","","","","","","","","","","","","","1","","","","","","","","","","","","6"
"736","Vanderbilt","10/09/10","17","KRAUSE","JONATHAN","1","2","0","2","0","","","","","","","1","2","1","8","0","","","","","","","","","","","","","","","","","","","","","","","","","","","0"
"736","Vanderbilt","10/16/10","17","KRAUSE","JONATHAN","","","","","","","","","","","","0","0","1","11","0","","","","","","","","","1","4","0","","","","","","","","","","","","","","","","0"
"736","Vanderbilt","10/23/10","17","KRAUSE","JONATHAN","","","","","","","","","","","","0","0","3","25","0","","","","","","","","","","","","","","","","","","","","","","","","","","","0"
"736","Vanderbilt","10/30/10","17","KRAUSE","JONATHAN","1","21","0","21","1","","","","","","","1","21","1","-1","0","","","","","","","","","","","","","","","1","","","","","","","","","","","","6"
"736","Vanderbilt","11/13/10","17","KRAUSE","JONATHAN","1","45","0","45","0","","","","","","","1","45","3","63","0","","","","","","","","","","","","","","","","","","","","","","","","","","","0"
"736","Vanderbilt","11/20/10","17","KRAUSE","JONATHAN","1","0","0","0","0","","","","","","","1","0","1","8","0","","","","","","","","","","","","","","","","","","","","","","","","","","","0"
"736","Vanderbilt","11/27/10","17","KRAUSE","JONATHAN","","","","","","","","","","","","0","0","5","27","0","","","","","","","","","","","","","","","","","","","","","","","","","","","0"
"736","Vanderbilt","11/20/10","27","LADLER","KENNY","","","","","","","","","","","","0","0","","","","1","0","0","","","","","","","","","","","","","","","","","","","","","","","","0"
"736","Vanderbilt","11/27/10","38","LASSING","FITZ","","","","","","","","","","","","0","0","1","3","0","","","","","","","","","","","","","","","","","","","","","","","","","","","0"
"736","Vanderbilt","11/06/10","31","MARSHALL","JAVON","","","","","","","","","","","","0","0","","","","","","","","","","","","0","4","1","","","","1","","","","","","","","","","","","6"
"736","Vanderbilt","10/09/10","87","MATTHEWS","JORDAN","","","","","","","","","","","","0","0","1","35","0","","","","","","","","","","","","","","","","","","","","","","","","","","","0"
"736","Vanderbilt","11/06/10","87","MATTHEWS","JORDAN","","","","","","","","","","","","0","0","1","6","1","","","","","","","","","","","","","","","1","","","","","","","","","","","","6"
"736","Vanderbilt","11/13/10","87","MATTHEWS","JORDAN","","","","","","","","","","","","0","0","1","4","1","","","","","","","","","","","","","","","1","","","","","","","","","","","","6"
"736","Vanderbilt","11/20/10","87","MATTHEWS","JORDAN","","","","","","","","","","","","0","0","5","62","1","","","","","","","","","","","","","","","1","","","","","","","","","","","","6"
"736","Vanderbilt","11/27/10","87","MATTHEWS","JORDAN","","","","","","","","","","","","0","0","7","74","1","","","","","","","","","","","","","","","1","","","","","","","","","","","","6"
"736","Vanderbilt","09/04/10","5","NORMAN","WARREN","10","46","0","46","1","","","","","","","10","46","2","32","0","","","","","","","","","","","","2","58","0","1","","","","","","","","","","","","6"
"736","Vanderbilt","09/11/10","5","NORMAN","WARREN","8","71","3","68","0","","","","","","","8","68","1","2","0","","","","","","","","","","","","4","82","0","","","","","","","","","","","","","0"
"736","Vanderbilt","09/18/10","5","NORMAN","WARREN","15","116","5","111","1","","","","","","","15","111","1","14","0","","","","","","","","","","","","","","","1","","","","","","","","","","","","6"
"736","Vanderbilt","10/02/10","5","NORMAN","WARREN","6","27","0","27","0","","","","","","","6","27","1","6","0","","","","","","","","","","","","4","162","0","","","","","","","","","","","","","0"
"736","Vanderbilt","10/09/10","5","NORMAN","WARREN","14","75","0","75","2","","","","","","","14","75","2","31","0","","","","","","","","","","","","","","","2","","","","","","","","","","","","12"
"736","Vanderbilt","10/16/10","5","NORMAN","WARREN","7","23","0","23","0","","","","","","","7","23","2","10","0","","","","","","","","","","","","8","155","0","","","","","","","","","","","","","0"
"736","Vanderbilt","10/23/10","5","NORMAN","WARREN","6","50","5","45","0","","","","","","","6","45","2","15","0","","","","","","","","","","","","2","39","0","","","","","","","","","","","","","0"
"736","Vanderbilt","10/30/10","5","NORMAN","WARREN","11","74","10","64","0","","","","","","","11","64","","","","","","","","","","","","","","","2","62","0","","","","","","","","","","","","","0"
"736","Vanderbilt","09/04/10","28","REEVES","KENNARD","4","31","4","27","0","","","","","","","4","27","","","","","","","","","","","","","","","","","","","","","","","","","","","","","","0"
"736","Vanderbilt","09/18/10","28","REEVES","KENNARD","2","11","0","11","0","","","","","","","2","11","","","","","","","","","","","","","","","","","","","","","","","","","","","","","","0"
"736","Vanderbilt","10/02/10","28","REEVES","KENNARD","3","19","0","19","0","","","","","","","3","19","","","","","","","","","","","","","","","","","","","","","","","","","","","","","","0"
"736","Vanderbilt","10/09/10","28","REEVES","KENNARD","1","2","0","2","0","","","","","","","1","2","1","5","0","","","","","","","","","","","","","","","","","","","","","","","","","","","0"
"736","Vanderbilt","10/16/10","28","REEVES","KENNARD","3","12","0","12","0","","","","","","","3","12","","","","","","","","","","","","","","","","","","","","","","","","","","","","","","0"
"736","Vanderbilt","11/06/10","28","REEVES","KENNARD","13","16","10","6","0","","","","","","","13","6","1","8","0","","","","","","","","","","","","","","","","","","","","","","","","","","","0"
"736","Vanderbilt","11/13/10","28","REEVES","KENNARD","19","113","8","105","0","","","","","","","19","105","","","","","","","","","","","","","","","","","","","","","","","","","","","","","","0"
"736","Vanderbilt","11/20/10","28","REEVES","KENNARD","17","64","4","60","0","","","","","","","17","60","","","","","","","","","","","","","","","","","","","","","","","","","","","","","","0"
"736","Vanderbilt","11/27/10","28","REEVES","KENNARD","14","67","3","64","0","","","","","","","14","64","2","22","0","","","","","","","","","","","","","","","","","","","","","","","","","","","0"
"736","Vanderbilt","09/04/10","22","SAMUELS","ERIC","","","","","","","","","","","","0","0","","","","","","","","","","","","","","","2","68","0","","","","","","","","","","","","","0"
"736","Vanderbilt","09/11/10","22","SAMUELS","ERIC","","","","","","","","","","","","0","0","","","","","","","","","","","","","","","2","22","0","","","","","","","","","","","","","0"
"736","Vanderbilt","10/02/10","22","SAMUELS","ERIC","","","","","","","","","","","","0","0","","","","","","","","","","","","","","","1","24","0","","","","","","","","","","","","","0"
"736","Vanderbilt","10/09/10","22","SAMUELS","ERIC","","","","","","","","","","","","0","0","","","","","","","","","","","","","","","1","6","0","","","","","","","","","","","","","0"
"736","Vanderbilt","10/23/10","22","SAMUELS","ERIC","","","","","","","","","","","","0","0","","","","","","","","","","","","","","","1","0","0","","","","","","","","","","","","","0"
"736","Vanderbilt","10/30/10","22","SAMUELS","ERIC","","","","","","","","","","","","0","0","","","","","","","","","","","","","","","5","127","0","","","","","","","","","","","","","0"
"736","Vanderbilt","11/06/10","22","SAMUELS","ERIC","","","","","","","","","","","","0","0","","","","","","","0","2","0","","","","","","7","118","0","","","","","","","","","","","","","0"
"736","Vanderbilt","11/13/10","22","SAMUELS","ERIC","3","17","0","17","0","","","","","","","3","17","","","","","","","","","","","","","","","","","","","","","","","","","","","","","","0"
"736","Vanderbilt","11/20/10","22","SAMUELS","ERIC","2","1","2","-1","0","","","","","","","2","-1","","","","","","","","","","","","","","","4","93","0","","","","","","","","","","","","","0"
"736","Vanderbilt","11/27/10","22","SAMUELS","ERIC","5","33","6","27","0","","","","","","","5","27","","","","","","","","","","","","","","","4","91","0","","","","","","","","","","","","","0"
"736","Vanderbilt","09/04/10","10","SMITH","LARRY","14","58","10","48","0","33","19","1","240","1","","47","288","","","","","","","","","","","","","","","","","","","","","2","0","","","","","","","","0"
"736","Vanderbilt","09/11/10","10","SMITH","LARRY","10","24","47","-23","0","15","8","0","70","0","","25","47","","","","","","","","","","","","","","","","","","","","","","","","","","","","","","0"
"736","Vanderbilt","09/18/10","10","SMITH","LARRY","5","38","3","35","1","19","9","0","73","0","","24","108","","","","","","","","","","","","","","","","","","1","","","","","","","","","","","","6"
"736","Vanderbilt","10/02/10","10","SMITH","LARRY","13","103","39","64","0","25","15","2","157","2","","38","221","","","","","","","","","","","","","","","","","","","","","","","","","","","","","","0"
"736","Vanderbilt","10/09/10","10","SMITH","LARRY","6","24","7","17","1","27","16","0","253","2","","33","270","","","","","","","","","","","","","","","","","","1","","","","","","","","","","","","6"
"736","Vanderbilt","10/16/10","10","SMITH","LARRY","3","12","6","6","0","14","5","1","70","0","","17","76","","","","","","","","","","","","","","","","","","","","","","","","","","","","","","0"
"736","Vanderbilt","10/23/10","10","SMITH","LARRY","15","54","6","48","1","31","13","0","142","0","","46","190","","","","","","","","","","","","","","","","","","1","","","","","","","","","","","","6"
"736","Vanderbilt","10/30/10","10","SMITH","LARRY","9","38","28","10","0","12","4","0","25","1","","21","35","","","","","","","","","","","","","","","","","","","","","","","","","","","","","","0"
"736","Vanderbilt","11/06/10","10","SMITH","LARRY","7","8","20","-12","0","18","7","0","28","0","","25","16","","","","","","","","","","","","","","","","","","","","","","","","","","","","","","0"
"736","Vanderbilt","11/13/10","10","SMITH","LARRY","12","56","23","33","1","26","10","0","128","0","","38","161","","","","","","","","","","","","","","","","","","1","","","","","","","","","","","","6"
"736","Vanderbilt","11/20/10","10","SMITH","LARRY","11","39","17","22","0","27","11","1","76","0","","38","98","","","","","","","","","","","","","","","","","","","","","","","","","","","","","","0"
"736","Vanderbilt","09/04/10","2","STACY","ZAC","9","72","3","69","1","","","","","","","9","69","1","7","0","","","","","","","","","1","-1","0","","","","1","","","","","","","","","","","","6"
"736","Vanderbilt","09/11/10","2","STACY","ZAC","9","27","8","19","0","","","","","","","9","19","","","","","","","","","","","","1","7","0","","","","","","","","","","","","","","","","0"
"736","Vanderbilt","09/18/10","2","STACY","ZAC","6","54","8","46","1","","","","","","","6","46","2","10","0","","","","","","","","","2","9","0","","","","1","","","","","","","","","","","","6"
"736","Vanderbilt","10/02/10","2","STACY","ZAC","6","17","0","17","0","","","","","","","6","17","2","7","0","","","","","","","","","1","-3","0","","","","","","","","","","","","","","","","0"
"736","Vanderbilt","10/09/10","2","STACY","ZAC","5","90","0","90","1","","","","","","","5","90","","","","","","","","","","","","","","","","","","1","","","","","","","","","","","","6"
"736","Vanderbilt","10/16/10","2","STACY","ZAC","9","39","0","39","0","","","","","","","9","39","","","","","","","","","","","","","","","","","","","","","","","","","","","","","","0"
"736","Vanderbilt","10/23/10","2","STACY","ZAC","6","17","0","17","0","","","","","","","6","17","2","3","0","","","","","","","","","","","","","","","","","","","","","","","","","","","0"
"736","Vanderbilt","10/30/10","2","STACY","ZAC","6","24","0","24","0","","","","","","","6","24","","","","","","","","","","","","","","","","","","","","","","","","","","","","","","0"
"736","Vanderbilt","11/06/10","2","STACY","ZAC","10","15","5","10","0","","","","","","","10","10","2","5","0","","","","","","","","","","","","","","","","","","","","","","","","","","","0"
"736","Vanderbilt","09/04/10","24","TATE","WESLEY","1","2","0","2","0","","","","","","","1","2","","","","","","","","","","","","","","","","","","","","","","","","","","","","","","0"
"736","Vanderbilt","09/11/10","24","TATE","WESLEY","3","4","0","4","0","","","","","","","3","4","","","","","","","","","","","","","","","","","","","","","","","","","","","","","","0"
"736","Vanderbilt","09/18/10","24","TATE","WESLEY","10","35","5","30","0","","","","","","","10","30","","","","","","","","","","","","","","","","","","","","","","","","","","","","","","0"
"736","Vanderbilt","10/02/10","24","TATE","WESLEY","1","0","1","-1","0","","","","","","","1","-1","","","","","","","","","","","","","","","","","","","","","","","","","","","","","","0"
"736","Vanderbilt","10/09/10","24","TATE","WESLEY","8","40","2","38","0","","","","","","","8","38","1","8","0","","","","","","","","","","","","","","","","","","","","","","","","","","","0"
"736","Vanderbilt","10/16/10","24","TATE","WESLEY","3","5","0","5","0","","","","","","","3","5","","","","","","","","","","","","","","","","","","","","","","","","","","","","","","0"
"736","Vanderbilt","10/30/10","24","TATE","WESLEY","1","2","0","2","0","","","","","","","1","2","1","6","0","","","","","","","","","","","","","","","","","","","","","","","","","","","0"
"736","Vanderbilt","11/06/10","24","TATE","WESLEY","7","45","4","41","0","","","","","","","7","41","","","","","","","","","","","","","","","","","","","","","","","","","","","","","","0"
"736","Vanderbilt","11/13/10","24","TATE","WESLEY","2","3","0","3","0","","","","","","","2","3","","","","","","","","","","","","","","","","","","","","","","","","","","","","","","0"
"736","Vanderbilt","11/20/10","24","TATE","WESLEY","3","15","0","15","0","","","","","","","3","15","3","11","0","","","","","","","","","","","","","","","","","","","","","","","","","","","0"
"736","Vanderbilt","11/27/10","24","TATE","WESLEY","1","1","0","1","0","","","","","","","1","1","","","","","","","","","","","","","","","","","","","","","","","","","","","","","","0"
"736","Vanderbilt","09/04/10","4","UMOH","UDOM","","","","","","","","","","","","0","0","3","31","0","","","","","","","","","","","","","","","","","","","","","","","","","","","0"
"736","Vanderbilt","10/02/10","4","UMOH","UDOM","","","","","","","","","","","","0","0","3","45","1","","","","","","","","","","","","","","","1","","","","","","","","","","","","6"
"736","Vanderbilt","10/09/10","4","UMOH","UDOM","","","","","","","","","","","","0","0","2","69","1","","","","","","","","","","","","","","","1","","","","","","","","","","","","6"
"736","Vanderbilt","10/16/10","4","UMOH","UDOM","","","","","","","","","","","","0","0","1","21","0","","","","","","","","","","","","","","","","","","","","","","","","","","","0"
"736","Vanderbilt","11/13/10","4","UMOH","UDOM","","","","","","","","","","","","0","0","2","31","0","","","","","","","","","","","","","","","","","","","","","","","","","","","0"
"736","Vanderbilt","11/06/10","34","VAN RENSBURG","RYAN","","","","","","","","","","","","0","0","","","","","","","","","","","","1","18","0","","","","","","","","","","","","","","","","0"
"736","Vanderbilt","09/04/10","8","WILSON","TREY","","","","","","","","","","","","0","0","","","","","","","","","","","","","","","1","2","0","","","","","","","","","","","","","0"
"736","Vanderbilt","09/04/10","81","WIMBERLY","TURNER","","","","","","","","","","","","0","0","1","37","0","","","","","","","","","","","","","","","","","","","","","","","","","","","0"
"736","Vanderbilt","10/02/10","81","WIMBERLY","TURNER","","","","","","","","","","","","0","0","1","5","0","","","","","","","","","","","","","","","","","","","","","","","","","","","0"
"736","Vanderbilt","10/09/10","81","WIMBERLY","TURNER","","","","","","","","","","","","0","0","3","61","0","","","","","","","","","","","","","","","","","","","","","","","","","","","0"
"736","Vanderbilt","11/13/10","81","WIMBERLY","TURNER","","","","","","1","0","0","0","0","","1","0","1","14","0","","","","","","","","","","","","","","","","","","","","","","","","","","","0"
"736","Vanderbilt","11/20/10","81","WIMBERLY","TURNER","","","","","","","","","","","","0","0","2","34","0","","","","","","","","","","","","","","","","","","","","","","","","","","","0"
"736","Vanderbilt","11/27/10","81","WIMBERLY","TURNER","","","","","","","","","","","","0","0","2","19","0","","","","","","","","","","","","","","","","","","","","","","","","","","","0"
"746","Virginia","09/04/10","18","BURD","KRIS","","","","","","","","","","","","0","0","7","122","1","","","","","","","","","","","","","","","1","","","","","","","","","","","","6"
"746","Virginia","09/11/10","18","BURD","KRIS","1","6","0","6","0","","","","","","","1","6","3","19","1","","","","","","","","","","","","","","","1","","","","","","","","","","","","6"
"746","Virginia","09/25/10","18","BURD","KRIS","","","","","","","","","","","","0","0","8","119","1","","","","","","","","","","","","","","","1","","","","","","","","","","","","6"
"746","Virginia","10/02/10","18","BURD","KRIS","1","0","0","0","0","","","","","","","1","0","4","118","1","","","","","","","","","","","","","","","1","","","","","","","","","","","","6"
"746","Virginia","10/09/10","18","BURD","KRIS","","","","","","","","","","","","0","0","1","3","0","","","","","","","","","","","","","","","","","","","","","","","","","","","0"
"746","Virginia","10/16/10","18","BURD","KRIS","","","","","","","","","","","","0","0","5","37","0","","","","","","","","","","","","","","","","","","","","","","","","","","","0"
"746","Virginia","10/23/10","18","BURD","KRIS","","","","","","","","","","","","0","0","4","54","0","","","","","","","","","","","","","","","","","","","","","","","","","","","0"
"746","Virginia","10/30/10","18","BURD","KRIS","","","","","","","","","","","","0","0","7","104","0","","","","","","","","","","","","","","","","","","","","","","","","","","","0"
"746","Virginia","11/06/10","18","BURD","KRIS","","","","","","","","","","","","0","0","3","42","1","","","","","","","","","","","","","","","1","","","","","","","","","","","","6"
"746","Virginia","11/13/10","18","BURD","KRIS","","","","","","","","","","","","0","0","5","68","0","","","","","","","","","1","4","0","0","47","0","","","","","","","","","","","","","0"
"746","Virginia","11/20/10","18","BURD","KRIS","1","1","0","1","0","","","","","","","1","1","8","66","0","","","","","","","","","","","","","","","","","","","","","","","","","","","0"
"746","Virginia","11/27/10","18","BURD","KRIS","","","","","","","","","","","","0","0","3","47","0","","","","","","","","","","","","1","27","0","","","","","","","","","","","","","0"
"746","Virginia","10/09/10","57","CARTER","DARNELL","","","","","","","","","","","","0","0","","","","1","0","0","","","","","","","","","","","","","","","","","","","","","","","","0"
"746","Virginia","09/25/10","34","FELLS-DANZER","TERRENCE","1","12","0","12","0","","","","","","","1","12","","","","","","","","","","","","","","","","","","","","","","","","","","","","","","0"
"746","Virginia","10/02/10","34","FELLS-DANZER","TERRENCE","","","","","","","","","","","","0","0","1","2","0","","","","","","","","","","","","","","","","","","","","","","","","","","","0"
"746","Virginia","10/23/10","34","FELLS-DANZER","TERRENCE","","","","","","","","","","","","0","0","1","3","1","","","","","","","","","","","","2","70","1","2","","","","","","","","","","","","12"
"746","Virginia","10/30/10","34","FELLS-DANZER","TERRENCE","1","1","0","1","0","","","","","","","1","1","","","","","","","","","","","","","","","","","","","","","","","","","","","","","","0"
"746","Virginia","11/13/10","34","FELLS-DANZER","TERRENCE","1","3","0","3","0","","","","","","","1","3","2","18","1","","","","","","","","","","","","","","","1","","","","","","","","","","","","6"
"746","Virginia","11/20/10","34","FELLS-DANZER","TERRENCE","1","2","0","2","0","","","","","","","1","2","","","","","","","","","","","","","","","","","","","","","","","","","","","","","","0"
"746","Virginia","11/27/10","34","FELLS-DANZER","TERRENCE","2","3","0","3","0","","","","","","","2","3","","","","","","","","","","","","","","","","","","","","","","","","","","","","","","0"
"746","Virginia","10/09/10","88","FREEDMAN","PAUL","","","","","","","","","","","","0","0","2","5","0","","","","","","","","","","","","","","","","","","","","","","","","","","","0"
"746","Virginia","10/23/10","88","FREEDMAN","PAUL","","","","","","","","","","","","0","0","1","21","1","","","","","","","","","","","","","","","1","","","","","","","","","","","","6"
"746","Virginia","11/06/10","88","FREEDMAN","PAUL","","","","","","","","","","","","0","0","2","34","0","","","","","","","","","","","","","","","","","","","","","","","","","","","0"
"746","Virginia","11/13/10","88","FREEDMAN","PAUL","","","","","","","","","","","","0","0","2","40","0","","","","","","","","","","","","","","","","","","","","","","","","","","","0"
"746","Virginia","09/25/10","2","GREEN","JARED","","","","","","","","","","","","0","0","4","63","1","","","","","","","","","","","","","","","1","","","","","","","","","","","","6"
"746","Virginia","10/02/10","2","GREEN","JARED","","","","","","","","","","","","0","0","1","5","0","","","","","","","","","","","","","","","","","","","","","","","","","","","0"
"746","Virginia","10/09/10","2","GREEN","JARED","","","","","","","","","","","","0","0","1","13","0","","","","","","","","","","","","","","","","","","","","","","","","","","","0"
"746","Virginia","10/16/10","2","GREEN","JARED","","","","","","","","","","","","0","0","1","6","0","","","","","","","","","","","","","","","","","","","","","","","","","","","0"
"746","Virginia","11/06/10","2","GREEN","JARED","","","","","","","","","","","","0","0","1","8","0","","","","","","","","","","","","","","","","","","","","","","","","","","","0"
"746","Virginia","11/06/10","53","GREER","STEVE","","","","","","","","","","","","0","0","","","","","","","","","","","","","","","1","15","0","","","","","","","","","","","","","0"
"746","Virginia","09/04/10","11","HINKEBEIN","CHRIS","","","","","","","","","","","","0","0","","","","","","","","","","","","","","","","","","","","","","","","","","","1","0","","0"
"746","Virginia","10/09/10","11","HINKEBEIN","CHRIS","","","","","","","","","","","","0","0","","","","","","","","","","","","","","","","","","","","","","","","","","","1","0","","0"
"746","Virginia","11/13/10","11","HINKEBEIN","CHRIS","","","","","","","","","","","","0","0","","","","","","","","","","","","","","","","","","","","","","","","","","","1","1","","3"
"746","Virginia","11/27/10","11","HINKEBEIN","CHRIS","","","","","","","","","","","","0","0","","","","","","","","","","","","","","","","","","","","","","","","","","","1","0","","0"
"746","Virginia","09/04/10","2J","HODGES","JACOB","","","","","","","","","","","0","0","0","","","","","","","","","","","","","","","","","","","","","1","0","","","","","","","","0"
"746","Virginia","11/13/10","2J","HODGES","JACOB","","","","","","1","1","0","16","1","","1","16","","","","","","","","","","","","","","","","","","","","","","","","","","","","","","0"
"746","Virginia","09/04/10","44","HORNE","RAYNARD","5","19","0","19","0","","","","","","","5","19","1","8","0","","","","","","","","","","","","3","57","0","","","","","","","","","","","","","0"
"746","Virginia","09/11/10","44","HORNE","RAYNARD","2","1","1","0","0","","","","","","","2","0","1","-2","0","","","","","","","","","","","","","","","","","","","","","","","","","","","0"
"746","Virginia","09/25/10","44","HORNE","RAYNARD","","","","","","","","","","","","0","0","","","","","","","","","","","","","","","2","104","1","1","","","","","","","","","","","","6"
"746","Virginia","10/02/10","44","HORNE","RAYNARD","1","3","0","3","0","","","","","","","1","3","3","28","0","","","","","","","","","","","","2","49","0","","","","","","","","","","","","","0"
"746","Virginia","10/09/10","44","HORNE","RAYNARD","","","","","","","","","","","","0","0","","","","","","","","","","","","","","","4","86","0","","","","","","","","","","","","","0"
"746","Virginia","10/16/10","44","HORNE","RAYNARD","4","9","0","9","0","","","","","","","4","9","","","","","","","","","","","","","","","5","144","0","","","","","","","","","","","","","0"
"746","Virginia","10/23/10","44","HORNE","RAYNARD","11","46","2","44","0","","","","","","","11","44","","","","","","","","","","","","","","","1","14","0","","","","","","","","","","","","","0"
"746","Virginia","10/30/10","44","HORNE","RAYNARD","2","29","0","29","0","","","","","","","2","29","","","","","","","","","","","","","","","","","","","","","","","","","","","","","","0"
"746","Virginia","11/06/10","44","HORNE","RAYNARD","","","","","","","","","","","","0","0","","","","","","","","","","","","","","","2","39","0","","","","","","","","","","","","","0"
"746","Virginia","11/13/10","44","HORNE","RAYNARD","2","15","1","14","0","","","","","","","2","14","3","25","0","","","","","","","","","","","","2","44","0","","","","","","","","","","","","","0"
"746","Virginia","11/20/10","44","HORNE","RAYNARD","7","31","0","31","0","","","","","","","7","31","1","13","0","","","","","","","","","","","","2","36","0","","","","","","","","","","","","","0"
"746","Virginia","09/04/10","8","HOWELL","JIMMY","","","","","","","","","","","","0","0","","","","","","","","","","5","201","","","","","","","","","","","","","","","","","","","0"
"746","Virginia","09/11/10","8","HOWELL","JIMMY","","","","","","","","","","","","0","0","","","","","","","","","","6","261","","","","","","","","","","","","","","","","","","","0"
"746","Virginia","09/25/10","8","HOWELL","JIMMY","","","","","","","","","","","","0","0","","","","","","","","","","1","41","","","","","","","","","","","","","","","","","","","0"
"746","Virginia","10/02/10","8","HOWELL","JIMMY","","","","","","","","","","","","0","0","","","","","","","","","","7","304","","","","","","","","","","","","","","","","","","","0"
"746","Virginia","10/09/10","8","HOWELL","JIMMY","","","","","","","","","","","","0","0","","","","","","","","","","4","180","","","","","","","","","","","","","","","","","","","0"
"746","Virginia","10/16/10","8","HOWELL","JIMMY","","","","","","","","","","","","0","0","","","","","","","","","","2","102","","","","","","","","","","","","","","","","","","","0"
"746","Virginia","10/23/10","8","HOWELL","JIMMY","","","","","","1","1","0","56","1","","1","56","","","","","","","","","","3","133","","","","","","","","","","","","","","","","","","","0"
"746","Virginia","10/30/10","8","HOWELL","JIMMY","","","","","","","","","","","","0","0","","","","","","","","","","5","213","","","","","","","","","","","","","","","","","","","0"
"746","Virginia","11/06/10","8","HOWELL","JIMMY","","","","","","","","","","","","0","0","","","","","","","","","","1","39","","","","","","","","","","","","","","","","","","","0"
"746","Virginia","11/13/10","8","HOWELL","JIMMY","","","","","","","","","","","","0","0","","","","","","","","","","4","135","","","","","","","","","","","","","","","","","","","0"
"746","Virginia","11/20/10","8","HOWELL","JIMMY","","","","","","","","","","","","0","0","","","","","","","","","","5","216","","","","","","","","","","","","","","","","","","","0"
"746","Virginia","11/27/10","8","HOWELL","JIMMY","","","","","","1","1","0","1","0","","1","1","","","","","","","","","","6","241","","","","","","","","","","","","","","","","","","","0"
"746","Virginia","09/04/10","81","INMAN","DONTRELLE","","","","","","","","","","","","0","0","7","88","0","","","","","","","","","","","","","","","","","","","","","","","","","","","0"
"746","Virginia","09/11/10","81","INMAN","DONTRELLE","","","","","","","","","","","","0","0","3","54","0","","","","","","","","","","","","","","","","","","","","","","","","","","","0"
"746","Virginia","09/25/10","81","INMAN","DONTRELLE","","","","","","","","","","","","0","0","5","72","2","","","","","","","","","","","","","","","2","","","","","","","","","","","","12"
"746","Virginia","10/02/10","81","INMAN","DONTRELLE","","","","","","","","","","","","0","0","3","40","0","","","","","","","","","","","","","","","","","","","","","","","","","","","0"
"746","Virginia","10/09/10","81","INMAN","DONTRELLE","","","","","","","","","","","","0","0","2","71","0","","","","","","","","","","","","","","","","","","","","","","","","","","","0"
"746","Virginia","10/23/10","81","INMAN","DONTRELLE","","","","","","","","","","","","0","0","3","19","0","","","","","","","","","","","","","","","","","","","","","","","","","","","0"
"746","Virginia","10/30/10","81","INMAN","DONTRELLE","","","","","","","","","","","","0","0","2","11","0","","","","","","","","","","","","","","","","","","","","","","","","","","","0"
"746","Virginia","11/06/10","81","INMAN","DONTRELLE","","","","","","","","","","","","0","0","10","239","1","","","","","","","","","","","","","","","1","","","","","","","","","","","","6"
"746","Virginia","11/13/10","81","INMAN","DONTRELLE","","","","","","","","","","","","0","0","6","60","0","","","","","","","","","","","","","","","","","","","","","","","","","","","0"
"746","Virginia","11/20/10","81","INMAN","DONTRELLE","","","","","","","","","","","","0","0","7","96","0","","","","","","","","","","","","","","","","","","","","","","","","","","","0"
"746","Virginia","11/27/10","81","INMAN","DONTRELLE","","","","","","","","","","","","0","0","3","65","0","","","","","","","","","","","","","","","","","","","","","","","","","","","0"
"746","Virginia","09/04/10","33","JONES","PERRY","9","74","1","73","0","","","","","","","9","73","2","6","0","","","","","","","","","","","","1","10","0","","","","","","","","","","","","","0"
"746","Virginia","09/11/10","33","JONES","PERRY","14","77","0","77","0","","","","","","","14","77","3","26","0","","","","","","","","","","","","2","50","0","","","","","","","","","","","","","0"
"746","Virginia","09/25/10","33","JONES","PERRY","9","57","0","57","0","","","","","","","9","57","","","","","","","","","","","","2","15","0","","","","","","","","","","","","","","","","0"
"746","Virginia","10/02/10","33","JONES","PERRY","11","35","7","28","0","","","","","","","11","28","2","1","0","","","","","","","","","","","","","","","","","","","","","","","","","","","0"
"746","Virginia","10/09/10","33","JONES","PERRY","7","54","0","54","0","","","","","","","7","54","4","31","0","","","","","","","","","","","","2","45","0","","","","","","","","","","","","","0"
"746","Virginia","10/16/10","33","JONES","PERRY","11","53","0","53","0","","","","","","","11","53","1","6","0","","","","","","","","","","","","2","26","0","","","","","","","","","","","","","0"
"746","Virginia","10/23/10","33","JONES","PERRY","10","57","0","57","0","","","","","","","10","57","2","36","0","","","","","","","","","","","","1","9","0","","","","","","","","","","","","","0"
"746","Virginia","10/30/10","33","JONES","PERRY","22","78","9","69","0","","","","","","","22","69","4","17","0","","","","","","","","","","","","1","16","0","","","","","","","","","","","","","0"
"746","Virginia","11/06/10","33","JONES","PERRY","18","92","3","89","0","","","","","","","18","89","2","22","1","","","","","","","","","1","0","0","2","24","0","1","","","","","","","","","","","","6"
"746","Virginia","11/13/10","33","JONES","PERRY","3","11","0","11","0","","","","","","","3","11","2","14","0","","","","","","","","","2","30","0","1","11","0","","","","","","","","","","","","","0"
"746","Virginia","11/20/10","33","JONES","PERRY","12","69","2","67","1","","","","","","","12","67","6","49","0","","","","","","","","","1","0","0","","","","1","","","","","","","","","","","","6"
"746","Virginia","11/27/10","33","JONES","PERRY","11","23","12","11","0","","","","","","","11","11","3","16","0","","","","","","","","","","","","","","","","","","","","","","","","","","","0"
"746","Virginia","10/02/10","86","KEYS","RAY","","","","","","","","","","","","0","0","1","9","0","","","","","","","","","","","","","","","","","","","","","","","","","","","0"
"746","Virginia","10/16/10","86","KEYS","RAY","","","","","","","","","","","","0","0","1","28","0","","","","","","","","","","","","","","","","","","","","","","","","","","","0"
"746","Virginia","10/23/10","86","KEYS","RAY","","","","","","","","","","","","0","0","1","11","0","","","","","","","","","","","","","","","","","","","","","","","","","","","0"
"746","Virginia","11/27/10","86","KEYS","RAY","","","","","","","","","","","","0","0","0","5","0","","","","","","","","","","","","","","","","","","","","","","","","","","","0"
"746","Virginia","09/25/10","4L","LANE","BRENDAN","","","","","","","","","","","","0","0","1","14","0","","","","","","","","","","","","","","","","","","","","","","","","","","","0"
"746","Virginia","09/25/10","5","MACK","TORREY","8","33","0","33","0","","","","","","","8","33","","","","","","","","","","","","","","","","","","","","","","","","","","","","","","0"
"746","Virginia","10/02/10","5","MACK","TORREY","1","0","1","-1","0","","","","","","","1","-1","1","15","0","","","","","","","","","","","","","","","","","","","","","","","","","","","0"
"746","Virginia","10/23/10","5","MACK","TORREY","1","2","0","2","0","","","","","","","1","2","","","","","","","","","","","","","","","","","","","","","","","","","","","","","","0"
"746","Virginia","10/30/10","5","MACK","TORREY","","","","","","","","","","","","0","0","","","","","","","","","","","","","","","1","17","0","","","","","","","","","","","","","0"
"746","Virginia","11/13/10","5","MACK","TORREY","1","0","0","0","0","","","","","","","1","0","","","","","","","","","","","","","","","3","51","0","","","","","","","","","","","","","0"
"746","Virginia","11/20/10","5","MACK","TORREY","3","7","0","7","0","","","","","","","3","7","3","14","0","","","","","","","","","","","","1","20","0","","","","","","","","","","","","","0"
"746","Virginia","11/27/10","5","MACK","TORREY","5","31","0","31","0","","","","","","","5","31","","","","","","","","","","","","","","","2","50","0","","","","","","","","","","","","","0"
"746","Virginia","10/16/10","84","MATHIS","JEREMIAH","","","","","","","","","","","","0","0","1","8","0","","","","","","","","","","","","","","","","","","","","","","","","","","","0"
"746","Virginia","10/23/10","84","MATHIS","JEREMIAH","","","","","","","","","","","","0","0","1","2","0","","","","","","","","","","","","","","","","","","","","","","","","","","","0"
"746","Virginia","11/13/10","84","MATHIS","JEREMIAH","","","","","","","","","","","","0","0","1","1","1","","","","","","","","","","","","","","","1","","","","","","","","","","","","6"
"746","Virginia","10/30/10","4","MCLEOD","RODNEY","","","","","","","","","","","","0","0","","","","1","16","0","","","","","","","","","","","","","","","","","","","","","","","","0"
"746","Virginia","11/20/10","4","MCLEOD","RODNEY","","","","","","","","","","","","0","0","","","","1","0","0","","","","","","","","","","","","","","","","","","","","","","","","0"
"746","Virginia","09/25/10","15","METHENY","ROSS","","","","","","5","4","0","53","1","","5","53","","","","","","","","","","","","","","","","","","","","","","","","","","","","","","0"
"746","Virginia","10/02/10","15","METHENY","ROSS","2","0","9","-9","0","9","7","0","68","1","","11","59","","","","","","","","","","","","","","","","","","","","","","","","","","","","","","0"
"746","Virginia","11/27/10","15","METHENY","ROSS","1","7","0","7","0","2","2","0","50","1","","3","57","","","","","","","","","","","","","","","","","","","","","","","","","","","","","","0"
"746","Virginia","09/25/10","4A","MILES","CONNOR","1","4","0","4","0","","","","","","","1","4","","","","","","","","","","","","","","","","","","","","","","","","","","","","","","0"
"746","Virginia","09/04/10","36","MILIEN","MAX","1","2","0","2","0","","","","","","","1","2","1","7","0","","","","","","","","","","","","","","","","","","","","","","","","","","","0"
"746","Virginia","09/11/10","36","MILIEN","MAX","1","2","0","2","0","","","","","","","1","2","","","","","","","","","","","","","","","","","","","","","","","","","","","","","","0"
"746","Virginia","10/09/10","36","MILIEN","MAX","1","37","0","37","1","","","","","","","1","37","2","15","0","","","","","","","","","","","","","","","1","","","","","","","","","","","","6"
"746","Virginia","10/16/10","36","MILIEN","MAX","","","","","","","","","","","","0","0","2","25","0","","","","","","","","","","","","","","","","","","","","","","","","","","","0"
"746","Virginia","11/06/10","36","MILIEN","MAX","","","","","","","","","","","","0","0","1","19","0","","","","","","","","","","","","","","","","","","","","","","","","","","","0"
"746","Virginia","11/20/10","36","MILIEN","MAX","1","4","0","4","0","","","","","","","1","4","2","9","0","","","","","","","","","","","","","","","","","","","","","","","","","","","0"
"746","Virginia","09/04/10","13","MINNIFIELD","CHASE","","","","","","","","","","","","0","0","","","","1","65","0","","","","","","1","2","0","","","","","","","","","","","","","","","","0"
"746","Virginia","09/11/10","13","MINNIFIELD","CHASE","","","","","","","","","","","","0","0","","","","","","","","","","","","1","0","0","","","","","","","","","","","","","","","","0"
"746","Virginia","09/25/10","13","MINNIFIELD","CHASE","","","","","","","","","","","","0","0","","","","2","5","0","","","","","","4","29","0","","","","","","","","","","","","","","","","0"
"746","Virginia","10/02/10","13","MINNIFIELD","CHASE","","","","","","","","","","","","0","0","","","","","","","","","","","","1","9","0","","","","","","","","","","","","","","","","0"
"746","Virginia","10/09/10","13","MINNIFIELD","CHASE","","","","","","","","","","","","0","0","","","","","","","","","","","","1","19","0","","","","","","","","","","","","","","","","0"
"746","Virginia","10/16/10","13","MINNIFIELD","CHASE","","","","","","","","","","","","0","0","","","","","","","","","","","","1","1","0","","","","","","","","","","","","","","","","0"
"746","Virginia","10/23/10","13","MINNIFIELD","CHASE","","","","","","","","","","","","0","0","","","","1","10","0","","","","","","2","16","0","","","","","","","","","","","","","","","","0"
"746","Virginia","10/30/10","13","MINNIFIELD","CHASE","","","","","","","","","","","","0","0","","","","2","0","0","","","","","","","","","","","","","","","","","","","","","","","","0"
"746","Virginia","11/13/10","13","MINNIFIELD","CHASE","","","","","","","","","","","","0","0","","","","","","","","","","","","1","7","0","","","","","","","","","","","","","","","","0"
"746","Virginia","11/27/10","13","MINNIFIELD","CHASE","","","","","","","","","","","","0","0","","","","","","","","","","","","1","1","0","","","","","","","","","","","","","","","","0"
"746","Virginia","10/30/10","7","MOSLEY","COREY","","","","","","","","","","","","0","0","","","","2","69","0","","","","","","","","","","","","","","","","","","","","","","","","0"
"746","Virginia","11/06/10","7","MOSLEY","COREY","","","","","","","","","","","","0","0","","","","","","","","","","","","","","","1","14","0","","","","","","","","","","","","","0"
"746","Virginia","11/13/10","42","ODEN","BRIAN","","","","","","","","","","","","0","0","","","","","","","","","","","","","","","1","0","0","","","","","","","","","","","","","0"
"746","Virginia","09/04/10","22","PAYNE","KEITH","16","114","0","114","4","","","","","","","16","114","1","3","0","","","","","","","","","","","","","","","4","","","","","","","","","","","","24"
"746","Virginia","09/11/10","22","PAYNE","KEITH","12","57","0","57","1","","","","","","","12","57","","","","","","","","","","","","","","","","","","1","","","","","","","","","","","","6"
"746","Virginia","09/25/10","22","PAYNE","KEITH","12","51","5","46","0","","","","","","","12","46","1","4","0","","","","","","","","","","","","","","","","","","","","","","","","","","","0"
"746","Virginia","10/02/10","22","PAYNE","KEITH","6","22","0","22","0","","","","","","","6","22","3","39","0","","","","","","","","","","","","1","22","0","","","","","","","","","","","","","0"
"746","Virginia","10/09/10","22","PAYNE","KEITH","14","56","0","56","2","","","","","","","14","56","","","","","","","","","","","","","","","","","","2","","","","","","","","","","","","12"
"746","Virginia","10/16/10","22","PAYNE","KEITH","23","114","7","107","1","","","","","","","23","107","1","13","0","","","","","","","","","","","","","","","1","","","","","","","","","","","","6"
"746","Virginia","10/23/10","22","PAYNE","KEITH","13","70","1","69","2","","","","","","","13","69","","","","","","","","","","","","","","","","","","2","","","","","","","","","","","","12"
"746","Virginia","10/30/10","22","PAYNE","KEITH","17","84","3","81","2","","","","","","","17","81","","","","","","","","","","","","","","","","","","2","","","","","","","","","","","","12"
"746","Virginia","11/06/10","22","PAYNE","KEITH","22","124","3","121","2","","","","","","","22","121","1","9","1","","","","","","","","","","","","","","","3","","","","","","","","","","","","18"
"746","Virginia","11/13/10","22","PAYNE","KEITH","18","68","0","68","0","","","","","","","18","68","2","15","0","","","","","","","","","","","","","","","","","","","","","","","","","","","0"
"746","Virginia","11/27/10","22","PAYNE","KEITH","7","8","0","8","0","","","","","","","7","8","3","48","1","","","","","","","","","","","","","","","1","","","","","","","","","","","","6"
"746","Virginia","09/04/10","89","PHILLIPS","COLTER","","","","","","","","","","","","0","0","1","12","0","","","","","","","","","","","","","","","","","","","","","","","","","","","0"
"746","Virginia","09/25/10","89","PHILLIPS","COLTER","","","","","","","","","","","","0","0","2","24","1","","","","","","","","","","","","","","","1","","","","","","","","","","","","6"
"746","Virginia","10/02/10","89","PHILLIPS","COLTER","","","","","","","","","","","","0","0","1","11","1","","","","","","","","","","","","","","","1","","","","","","","","","","","","6"
"746","Virginia","10/09/10","89","PHILLIPS","COLTER","","","","","","","","","","","","0","0","2","5","0","","","","","","","","","","","","","","","","","","","","","","","","","","","0"
"746","Virginia","10/16/10","89","PHILLIPS","COLTER","","","","","","","","","","","","0","0","2","17","0","","","","","","","","","","","","","","","","","","","","","","","","","","","0"
"746","Virginia","10/30/10","89","PHILLIPS","COLTER","","","","","","","","","","","","0","0","3","28","1","","","","","","","","","","","","","","","1","","","","","","","","","","","","6"
"746","Virginia","11/06/10","89","PHILLIPS","COLTER","","","","","","","","","","","","0","0","1","13","0","","","","","","","","","","","","","","","","","","","","","","","","","","","0"
"746","Virginia","11/13/10","89","PHILLIPS","COLTER","","","","","","","","","","","","0","0","1","13","0","","","","","","","","","","","","","","","","","","","","","","","","","","","0"
"746","Virginia","11/20/10","89","PHILLIPS","COLTER","","","","","","","","","","","","0","0","4","31","0","","","","","","","","","","","","","","","","","","","","","","","","","","","0"
"746","Virginia","11/27/10","89","PHILLIPS","COLTER","","","","","","","","","","","","0","0","1","1","0","","","","","","","","","","","","","","","","","","","","","","","","","","","0"
"746","Virginia","09/04/10","3","RANDOLPH","ROBERT","","","","","","","","","","","","0","0","","","","","","","","","","","","","","","","","","","4","4","0","0","","","","","1","0","","4"
"746","Virginia","09/11/10","3","RANDOLPH","ROBERT","","","","","","","","","","","","0","0","","","","","","","","","","","","","","","","","","","2","2","0","0","","","","","2","0","","2"
"746","Virginia","09/25/10","3","RANDOLPH","ROBERT","","","","","","","","","","","","0","0","","","","","","","","","","","","","","","","","","","6","6","0","0","","","","","2","2","","12"
"746","Virginia","10/02/10","3","RANDOLPH","ROBERT","","","","","","","","","","","","0","0","","","","","","","","","","","","","","","","","","","2","2","0","0","","","","","","","","2"
"746","Virginia","10/09/10","3","RANDOLPH","ROBERT","","","","","","","","","","","","0","0","","","","","","","","","","","","","","","","","","","3","3","0","0","","","","","","","","3"
"746","Virginia","10/16/10","3","RANDOLPH","ROBERT","","","","","","","","","","","","0","0","","","","","","","","","","","","","","","","","","","1","1","0","0","","","","","1","1","","4"
"746","Virginia","10/23/10","3","RANDOLPH","ROBERT","","","","","","","","","","","","0","0","","","","","","","","","","","","","","","","","","","6","6","0","0","","","","","2","2","","12"
"746","Virginia","10/30/10","3","RANDOLPH","ROBERT","","","","","","","","","","","","0","0","","","","","","","","","","1","32","","","","","","","","3","3","0","0","","","","","1","1","","6"
"746","Virginia","11/06/10","3","RANDOLPH","ROBERT","1","20","0","20","1","","","","","","","1","20","","","","","","","","","","","","","","","","","","1","6","6","0","0","","","","","","","","12"
"746","Virginia","11/13/10","3","RANDOLPH","ROBERT","","","","","","","","","","","","0","0","","","","","","","","","","","","","","","","","","","2","2","0","0","","","","","2","2","","8"
"746","Virginia","11/20/10","3","RANDOLPH","ROBERT","","","","","","","","","","","","0","0","","","","","","","","","","","","","","","","","","","1","1","0","0","","","","","3","2","","7"
"746","Virginia","11/27/10","3","RANDOLPH","ROBERT","","","","","","","","","","","","0","0","","","","","","","","","","","","","","","","","","","1","1","0","0","","","","","","","","1"
"746","Virginia","09/25/10","16","ROCCO","MICHAEL","","","","","","6","4","1","64","1","","6","64","","","","","","","","","","","","","","","","","","","","","","","","","","","","","","0"
"746","Virginia","10/16/10","16","ROCCO","MICHAEL","","","","","","8","3","1","45","0","","8","45","","","","","","","","","","","","","","","","","","","","","","","","","","","","","","0"
"746","Virginia","10/23/10","16","ROCCO","MICHAEL","","","","","","2","1","0","11","0","","2","11","","","","","","","","","","","","","","","","","","","","","","","","","","","","","","0"
"746","Virginia","11/13/10","16","ROCCO","MICHAEL","","","","","","3","1","0","9","0","","3","9","","","","","","","","","","","","","","","","","","","","","","","","","","","","","","0"
"746","Virginia","11/20/10","16","ROCCO","MICHAEL","","","","","","3","3","0","12","0","","3","12","","","","","","","","","","","","","","","","","","","","","","","","","","","","","","0"
"746","Virginia","11/27/10","16","ROCCO","MICHAEL","","","","","","3","1","0","2","0","","3","2","","","","","","","","","","","","","","","","","","","","","","","","","","","","","","0"
"746","Virginia","11/27/10","3S","SKROBACZ","BILLY","","","","","","","","","","","","0","0","1","2","0","","","","","","","","","","","","","","","","","","","","","","","","","","","0"
"746","Virginia","09/04/10","20","SMITH","TIM","","","","","","","","","","","","0","0","1","8","0","","","","","","","","","","","","","","","","","","","","","","","","","","","0"
"746","Virginia","09/11/10","20","SMITH","TIM","1","16","0","16","0","","","","","","","1","16","2","20","0","","","","","","","","","","","","","","","","","","","","","","","","","","","0"
"746","Virginia","09/25/10","14","SNYDER","MATT","","","","","","","","","","","","0","0","3","45","0","","","","","","","","","","","","","","","","","","","","","","","","","","","0"
"746","Virginia","10/09/10","14","SNYDER","MATT","","","","","","","","","","","","0","0","4","96","0","","","","","","","","","","","","","","","","","","","","","","","","","","","0"
"746","Virginia","10/16/10","14","SNYDER","MATT","","","","","","","","","","","","0","0","4","44","0","","","","","","","","","","","","","","","","","","","","","","","","","","","0"
"746","Virginia","10/23/10","14","SNYDER","MATT","","","","","","","","","","","","0","0","6","68","0","","","","","","","","","","","","","","","","","","","","","","","","","","","0"
"746","Virginia","10/30/10","14","SNYDER","MATT","","","","","","","","","","","","0","0","2","18","0","","","","","","","","","","","","","","","","","","","","","","","","","","","0"
"746","Virginia","11/06/10","14","SNYDER","MATT","","","","","","","","","","","","0","0","3","31","0","","","","","","","","","","","","","","","","","","","","","","","","","","","0"
"746","Virginia","11/13/10","14","SNYDER","MATT","","","","","","","","","","","","0","0","3","36","0","","","","","","","","","","","","","","","","","","","","","","","","","","","0"
"746","Virginia","11/20/10","14","SNYDER","MATT","","","","","","","","","","","","0","0","3","18","0","","","","","","","","","","","","","","","","","","","","","","","","","","","0"
"746","Virginia","11/27/10","14","SNYDER","MATT","","","","","","","","","","","","0","0","2","37","0","","","","","","","","","","","","","","","","","","","","","","","","","","","0"
"746","Virginia","09/04/10","83","TORCHIA","JOE","","","","","","","","","","","","0","0","3","29","0","","","","","","","","","","","","","","","","","","","","","","","","","","","0"
"746","Virginia","09/11/10","83","TORCHIA","JOE","","","","","","","","","","","","0","0","5","73","0","","","","","","","","","","","","1","10","0","","","","","","","","","","","","","0"
"746","Virginia","10/02/10","83","TORCHIA","JOE","","","","","","","","","","","","0","0","1","11","0","","","","","","","","","","","","","","","","","","","","","","","","","","","0"
"746","Virginia","09/04/10","6","VERICA","MARC","2","3","11","-8","0","35","24","0","283","1","","37","275","","","","","","","","","","","","","","","","","","","","","","","","","","","","","","0"
"746","Virginia","09/11/10","6","VERICA","MARC","5","14","22","-8","0","36","17","1","190","1","","41","182","","","","","","","","","","","","","","","","","","","","","","","","","","","","","","0"
"746","Virginia","09/25/10","6","VERICA","MARC","2","0","24","-24","0","23","16","0","224","3","","25","200","","","","","","","","","","","","","","","","","","","","","","","","","","","","","","0"
"746","Virginia","10/02/10","6","VERICA","MARC","4","0","18","-18","0","30","14","2","211","1","","34","193","","","","","","","","","","","","","","","","","","","","","","","","","","","","","","0"
"746","Virginia","10/09/10","6","VERICA","MARC","6","15","25","-10","0","31","18","0","239","0","","37","229","","","","","","","","","","","","","","","","","","","","","","","","","","","","","","0"
"746","Virginia","10/16/10","6","VERICA","MARC","2","0","10","-10","0","25","15","3","139","0","","27","129","","","","","","","","","","","","","","","","","","","","","","","","","","","","","","0"
"746","Virginia","10/23/10","6","VERICA","MARC","1","9","0","9","0","31","18","0","203","2","","32","212","","","","","","","","","","","","","","","","","","","","","","","","","","","","","","0"
"746","Virginia","10/30/10","6","VERICA","MARC","3","7","0","7","0","27","19","1","176","1","","30","183","","","","","","","","","","","","","","","","","","","","","","","","","","","","","","0"
"746","Virginia","11/06/10","6","VERICA","MARC","1","0","4","-4","0","46","24","3","417","4","","47","413","","","","","","","","","","","","","","","","","","","","","1","0","","","","","","","","0"
"746","Virginia","11/13/10","6","VERICA","MARC","2","7","11","-4","0","43","25","2","265","1","","45","261","","","","","","","","","","","","","","","","","","","","","","","","","","","","","","0"
"746","Virginia","11/20/10","6","VERICA","MARC","6","22","9","13","0","49","31","1","284","0","","55","297","","","","","","","","","","","","","","","","","","","","","","","","","","","","","","0"
"746","Virginia","11/27/10","6","VERICA","MARC","8","23","13","10","0","20","12","1","168","0","","28","178","","","","","","","","","","","","","","","","","","","","","","","","","","","","","","0"
"746","Virginia","09/25/10","3C","WADDEY","CHRISTIAN","2","1","2","-1","0","","","","","","","2","-1","","","","","","","","","","","","","","","","","","","","","","","","","","","","","","0"
"746","Virginia","09/04/10","21","WALLACE","DOMINIQUE","2","5","0","5","0","","","","","","","2","5","","","","","","","","","","","","","","","","","","","","","","","","","","","","","","0"
"746","Virginia","10/23/10","1","WOMACK","TREY","","","","","","","","","","","","0","0","1","56","1","","","","","","","","","","","","","","","1","","","","","","","","","","","","6"
"742","Virginia Tech","10/16/10","29","BOYCE","XAVIER","","","","","","","","","","","","0","0","1","4","0","","","","","","","","","","","","","","","","","","","","","","","","","","","0"
"742","Virginia Tech","11/20/10","29","BOYCE","XAVIER","","","","","","","","","","","","0","0","1","6","0","","","","","","","","","","","","","","","","","","","","","","","","","","","0"
"742","Virginia Tech","09/06/10","81","BOYKIN","JARRETT","","","","","","","","","","","","0","0","6","102","1","","","","","","","","","","","","","","","1","","","","","","","","","","","","6"
"742","Virginia Tech","09/11/10","81","BOYKIN","JARRETT","","","","","","","","","","","","0","0","1","9","1","","","","","","","","","","","","","","","1","","","","","","","","","","","","6"
"742","Virginia Tech","09/18/10","81","BOYKIN","JARRETT","","","","","","","","","","","","0","0","3","118","1","","","","","","","","","","","","","","","1","","","","","","","","","","","","6"
"742","Virginia Tech","09/25/10","81","BOYKIN","JARRETT","","","","","","","","","","","","0","0","1","14","0","","","","","","","","","","","","","","","","","","","","","","","","","","","0"
"742","Virginia Tech","10/02/10","81","BOYKIN","JARRETT","","","","","","","","","","","","0","0","2","47","1","","","","","","","","","","","","","","","1","","","","","","","","","","","","6"
"742","Virginia Tech","10/09/10","81","BOYKIN","JARRETT","","","","","","","","","","","","0","0","8","117","0","","","","","","","","","","","","","","","","","","","","","","","","","","","0"
"742","Virginia Tech","10/16/10","81","BOYKIN","JARRETT","","","","","","","","","","","","0","0","8","62","1","","","","","","","","","","","","","","","1","","","","","","","","","","","","6"
"742","Virginia Tech","10/23/10","81","BOYKIN","JARRETT","","","","","","","","","","","","0","0","2","48","0","","","","","","","","","","","","","","","","","","","","","","","","","","","0"
"742","Virginia Tech","11/04/10","81","BOYKIN","JARRETT","","","","","","","","","","","","0","0","5","54","0","","","","","","","","","","","","","","","","","","","","","","","","","","","0"
"742","Virginia Tech","11/13/10","81","BOYKIN","JARRETT","","","","","","","","","","","","0","0","3","85","0","","","","","","","","","","","","","","","","","","","","","","","","","","","0"
"742","Virginia Tech","11/27/10","81","BOYKIN","JARRETT","","","","","","","","","","","","0","0","6","72","0","","","","","","","","","","","","","","","","","","","","","","","","","","","0"
"742","Virginia Tech","12/04/10","81","BOYKIN","JARRETT","","","","","","","","","","","","0","0","3","35","1","","","","","","","","","","","","","","","1","","","","","","","","","","","","6"
"742","Virginia Tech","01/03/11","81","BOYKIN","JARRETT","","","","","","","","","","","","0","0","5","84","0","","","","","","","","","","","","","","","","","","","","","","","","","","","0"
"742","Virginia Tech","09/18/10","21","CARMICHAEL","RASHAD","","","","","","","","","","","","0","0","","","","2","68","1","","","","","","","","","","","","1","","","","","","","","","","","","6"
"742","Virginia Tech","10/23/10","21","CARMICHAEL","RASHAD","","","","","","","","","","","","0","0","","","","1","19","0","","","","","","","","","","","","","","","","","","","","","","","","0"
"742","Virginia Tech","11/04/10","21","CARMICHAEL","RASHAD","","","","","","","","","","","","0","0","","","","1","0","0","","","","","","","","","","","","","","","","","","","","","","","","0"
"742","Virginia Tech","11/13/10","21","CARMICHAEL","RASHAD","","","","","","","","","","","","0","0","","","","","","","","","","","","","","","1","22","0","","","","","","","","","","","","","0"
"742","Virginia Tech","01/03/11","21","CARMICHAEL","RASHAD","","","","","","","","","","","","0","0","","","","","","","","","","","","","","","2","30","0","","","","","","","","","","","","","0"
"742","Virginia Tech","09/06/10","19","COALE","DANNY","1","0","3","-3","0","","","","","","","1","-3","1","7","0","","","","","","","","","","","","","","","","","","","","","","","","","","","0"
"742","Virginia Tech","09/11/10","19","COALE","DANNY","","","","","","","","","","","","0","0","3","52","0","","","","","","","","","","","","","","","","","","","","","","","","","","","0"
"742","Virginia Tech","09/18/10","19","COALE","DANNY","","","","","","","","","","","","0","0","","","","","","","","","","","","1","11","0","","","","","","","","","","","","","","","","0"
"742","Virginia Tech","09/25/10","19","COALE","DANNY","","","","","","","","","","","","0","0","3","91","0","","","","","","","","","","","","","","","","","","","","","","","","","","","0"
"742","Virginia Tech","10/02/10","19","COALE","DANNY","","","","","","","","","","","","0","0","1","15","0","","","","","","","","","","","","","","","","","","0","0","","","","","","","","0"
"742","Virginia Tech","10/16/10","19","COALE","DANNY","","","","","","","","","","","","0","0","5","103","1","","","","","","","","","","","","","","","1","","","","","","","","","","","","6"
"742","Virginia Tech","10/23/10","19","COALE","DANNY","","","","","","","","","","","","0","0","2","51","0","","","","","","","","","1","11","0","","","","","","","","","","","","","","","","0"
"742","Virginia Tech","11/04/10","19","COALE","DANNY","","","","","","","","","","","","0","0","2","26","0","","","","","","","","","","","","","","","","","","","","","","","","","","","0"
"742","Virginia Tech","11/13/10","19","COALE","DANNY","","","","","","","","","","","","0","0","2","52","0","","","","","","","","","","","","","","","","","","","","","","","","","","","0"
"742","Virginia Tech","11/20/10","19","COALE","DANNY","","","","","","","","","","","","0","0","4","83","1","","","","","","","","","","","","","","","1","","","","","","","","","","","","6"
"742","Virginia Tech","11/27/10","19","COALE","DANNY","","","","","","","","","","","","0","0","3","17","0","","","","","","","","","","","","","","","","","","","","","","","","","","","0"
"742","Virginia Tech","12/04/10","19","COALE","DANNY","","","","","","","","","","","","0","0","6","143","1","","","","","","","","","","","","","","","1","","","","","","","","","","","","6"
"742","Virginia Tech","01/03/11","19","COALE","DANNY","","","","","","","","","","","","0","0","7","92","0","","","","","","","","","","","","","","","","","","","","","","","","","","","0"
"742","Virginia Tech","10/02/10","18","COLES","D.J.","","","","","","","","","","","","0","0","2","16","0","","","","","","","","","","","","","","","","","","","","","","","","","","","0"
"742","Virginia Tech","10/09/10","18","COLES","D.J.","","","","","","","","","","","","0","0","1","11","0","","","","","","","","","","","","","","","","","","","","","","","","","","","0"
"742","Virginia Tech","09/06/10","7","DAVIS","MARCUS","","","","","","","","","","","","0","0","1","24","0","","","","","","","","","","","","","","","","","","","","","","","","","","","0"
"742","Virginia Tech","09/25/10","7","DAVIS","MARCUS","","","","","","","","","","","","0","0","1","4","0","","","","","","","","","","","","","","","","","","","","","","","","","","","0"
"742","Virginia Tech","10/02/10","7","DAVIS","MARCUS","","","","","","","","","","","","0","0","2","11","0","","","","","","","","","","","","","","","","","","","","","","","","","","","0"
"742","Virginia Tech","10/09/10","7","DAVIS","MARCUS","","","","","","","","","","","","0","0","1","12","0","","","","","","","","","","","","","","","","","","","","","","","","","","","0"
"742","Virginia Tech","10/16/10","7","DAVIS","MARCUS","1","12","0","12","0","","","","","","","1","12","","","","","","","","","","","","","","","","","","","","","","","","","","","","","","0"
"742","Virginia Tech","10/23/10","7","DAVIS","MARCUS","","","","","","","","","","","","0","0","6","64","0","","","","","","","","","","","","","","","","","","","","","","","","","","","0"
"742","Virginia Tech","11/13/10","7","DAVIS","MARCUS","","","","","","","","","","","","0","0","4","81","2","","","","","","","","","","","","","","","2","","","","","","","","","","","","12"
"742","Virginia Tech","11/20/10","7","DAVIS","MARCUS","","","","","","","","","","","","0","0","1","17","0","","","","","","","","","","","","","","","","","","","","","","","","","","","0"
"742","Virginia Tech","12/04/10","7","DAVIS","MARCUS","","","","","","","","","","","","0","0","2","15","0","","","","","","","","","","","","","","","","","","","","","","","","","","","0"
"742","Virginia Tech","01/03/11","7","DAVIS","MARCUS","","","","","","","","","","","","0","0","1","11","0","","","","","","","","","","","","","","","","","","","","","","","","","","","0"
"742","Virginia Tech","10/16/10","13","DUNN","RANDALL","","","","","","","","","","","","0","0","1","9","0","","","","","","","","","","","","","","","","","","","","","","","","","","","0"
"742","Virginia Tech","11/20/10","24","EDWARDS","TARIQ","","","","","","","","","","","","0","0","","","","1","5","0","","","","","","","","","","","","","","","","","","","","","","","","0"
"742","Virginia Tech","09/06/10","32","EVANS","DARREN","4","16","0","16","0","","","","","","","4","16","","","","","","","","","","","","","","","","","","","","","","","","","","","","","","0"
"742","Virginia Tech","09/11/10","32","EVANS","DARREN","7","34","7","27","0","","","","","","","7","27","1","8","0","","","","","","","","","","","","","","","","","","","","","","","","","","","0"
"742","Virginia Tech","09/18/10","32","EVANS","DARREN","10","91","0","91","1","","","","","","","10","91","","","","","","","","","","","","","","","","","","1","","","","","","","","","","","","6"
"742","Virginia Tech","09/25/10","32","EVANS","DARREN","14","39","9","30","1","","","","","","","14","30","1","30","0","","","","","","","","","","","","","","","1","","","","","","","","","","","","6"
"742","Virginia Tech","10/02/10","32","EVANS","DARREN","15","161","1","160","2","","","","","","","15","160","1","5","0","","","","","","","","","","","","","","","2","","","","","","","","","","","","12"
"742","Virginia Tech","10/09/10","32","EVANS","DARREN","7","36","1","35","1","","","","","","","7","35","1","14","0","","","","","","","","","","","","","","","1","","","","","","","","","","","","6"
"742","Virginia Tech","10/16/10","32","EVANS","DARREN","12","57","5","52","3","","","","","","","12","52","","","","","","","","","","","","","","","","","","3","","","","","","","","","","","","18"
"742","Virginia Tech","10/23/10","32","EVANS","DARREN","8","36","0","36","1","","","","","","","8","36","2","15","0","","","","","","","","","","","","","","","1","","","","","","","","","","","","6"
"742","Virginia Tech","11/04/10","32","EVANS","DARREN","15","70","2","68","0","","","","","","","15","68","1","7","0","","","","","","","","","","","","","","","","","","","","","","","","","","","0"
"742","Virginia Tech","11/13/10","32","EVANS","DARREN","14","90","0","90","0","","","","","","","14","90","1","4","0","","","","","","","","","","","","","","","","","","","","","","","","","","","0"
"742","Virginia Tech","11/20/10","32","EVANS","DARREN","14","76","3","73","0","","","","","","","14","73","","","","","","","","","","","","","","","","","","","","","","","","","","","","","","0"
"742","Virginia Tech","11/27/10","32","EVANS","DARREN","13","71","1","70","1","","","","","","","13","70","1","17","0","","","","","","","","","","","","","","","1","","","","","","","","","","","","6"
"742","Virginia Tech","12/04/10","32","EVANS","DARREN","6","69","0","69","1","","","","","","","6","69","","","","","","","","","","","","","","","","","","1","","","","","","","","","","","","6"
"742","Virginia Tech","01/03/11","32","EVANS","DARREN","12","40","3","37","0","","","","","","","12","37","","","","","","","","","","","","","","","","","","","","","","","","","","","","","","0"
"742","Virginia Tech","10/23/10","35","FULLER","AUSTIN","","","","","","","","","","","","0","0","1","11","0","","","","","","","","","","","","","","","","","","","","","","","","","","","0"
"742","Virginia Tech","09/25/10","43","GOUVEIA-WINSLOW","JERON","","","","","","","","","","","","0","0","","","","1","0","0","","","","","","","","","","","","","","","","","","","","","","","","0"
"742","Virginia Tech","12/04/10","43","GOUVEIA-WINSLOW","JERON","","","","","","","","","","","","0","0","","","","1","24","1","","","","","","","","","","","","1","","","","","","","","","","","","6"
"742","Virginia Tech","09/18/10","22","GREGORY","TONY","4","30","1","29","0","","","","","","","4","29","","","","","","","","","","","","","","","","","","","","","","","","","","","","","","0"
"742","Virginia Tech","10/09/10","22","GREGORY","TONY","3","3","0","3","0","","","","","","","3","3","","","","","","","","","","","","","","","","","","","","","","","","","","","","","","0"
"742","Virginia Tech","10/16/10","22","GREGORY","TONY","7","34","0","34","0","","","","","","","7","34","","","","","","","","","","","","","","","","","","","","","","","","","","","","","","0"
"742","Virginia Tech","10/23/10","22","GREGORY","TONY","9","40","4","36","0","","","","","","","9","36","","","","","","","","","","","","","","","","","","","","","","","","","","","","","","0"
"742","Virginia Tech","09/06/10","97","HAZLEY","CHRIS","","","","","","","","","","","","0","0","","","","","","","","","","","","","","","","","","","3","3","0","0","","","","","2","1","","6"
"742","Virginia Tech","09/11/10","97","HAZLEY","CHRIS","","","","","","","","","","","","0","0","","","","","","","","","","","","","","","","","","","1","1","0","0","","","","","3","3","","10"
"742","Virginia Tech","09/18/10","97","HAZLEY","CHRIS","","","","","","","","","","","","0","0","","","","","","","","","","","","","","","","","","","7","7","0","0","","","","","","","","7"
"742","Virginia Tech","09/25/10","97","HAZLEY","CHRIS","","","","","","","","","","","","0","0","","","","","","","","","","","","","","","","","","","1","1","0","0","","","","","4","4","","13"
"742","Virginia Tech","10/02/10","97","HAZLEY","CHRIS","","","","","","","","","","","","0","0","","","","","","","","","","","","","","","","","","","4","3","0","0","","","","","","","","3"
"742","Virginia Tech","10/09/10","97","HAZLEY","CHRIS","","","","","","","","","","","","0","0","","","","","","","","","","","","","","","","","","","6","6","0","0","","","","","1","1","","9"
"742","Virginia Tech","10/16/10","97","HAZLEY","CHRIS","","","","","","","","","","","","0","0","","","","","","","","","","","","","","","","","","","7","7","0","0","","","","","1","1","","10"
"742","Virginia Tech","10/23/10","97","HAZLEY","CHRIS","","","","","","","","","","","","0","0","","","","","","","","","","","","","","","","","","","5","5","0","0","","","","","3","3","","14"
"742","Virginia Tech","11/04/10","97","HAZLEY","CHRIS","","","","","","","","","","","","0","0","","","","","","","","","","","","","","","","","","","4","4","0","0","","","","","","","","4"
"742","Virginia Tech","11/13/10","97","HAZLEY","CHRIS","","","","","","","","","","","","0","0","","","","","","","","","","","","","","","","","","","2","2","0","0","","","","","4","4","","14"
"742","Virginia Tech","11/20/10","97","HAZLEY","CHRIS","","","","","","","","","","","","0","0","","","","","","","","","","","","","","","","","","","4","4","0","0","","","","","1","1","","7"
"742","Virginia Tech","11/27/10","97","HAZLEY","CHRIS","","","","","","","","","","","","0","0","","","","","","","","","","","","","","","","","","","5","4","0","0","","","","","1","1","","7"
"742","Virginia Tech","12/04/10","97","HAZLEY","CHRIS","","","","","","","","","","","","0","0","","","","","","","","","","","","","","","","","","","6","5","0","0","","","","","1","1","","8"
"742","Virginia Tech","01/03/11","97","HAZLEY","CHRIS","","","","","","","","","","","","0","0","","","","","","","","","","","","","","","","","","","1","1","0","0","","","","","1","1","","4"
"742","Virginia Tech","09/06/10","20","HOSLEY","JAYRON","","","","","","","","","","","","0","0","","","","","","","","","","","","1","0","0","","","","","","","","","","","","","","","","0"
"742","Virginia Tech","09/25/10","20","HOSLEY","JAYRON","","","","","","","","","","","","0","0","","","","1","0","0","","","","","","1","7","0","","","","","","","","","","","","","","","","0"
"742","Virginia Tech","10/02/10","20","HOSLEY","JAYRON","","","","","","","","","","","","0","0","","","","3","49","0","","","","","","1","1","0","","","","","","","","","","","","","","","","0"
"742","Virginia Tech","10/09/10","20","HOSLEY","JAYRON","","","","","","","","","","","","0","0","","","","","","","","","","","","3","98","1","","","","1","","","","","","","","","","","","6"
"742","Virginia Tech","10/16/10","20","HOSLEY","JAYRON","","","","","","","","","","","","0","0","","","","","","","","","","","","4","55","0","","","","","","","","","","","","","","","","0"
"742","Virginia Tech","10/23/10","20","HOSLEY","JAYRON","","","","","","","","","","","","0","0","","","","1","17","0","","","","","","1","61","0","","","","","","","","","","","","","","","","0"
"742","Virginia Tech","11/04/10","20","HOSLEY","JAYRON","","","","","","","","","","","","0","0","","","","","","","","","","","","2","6","0","","","","","","","","","","","","","","","","0"
"742","Virginia Tech","11/13/10","20","HOSLEY","JAYRON","","","","","","","","","","","","0","0","","","","2","12","0","","","","","","1","0","0","2","36","0","","","","","","","","","","","","","0"
"742","Virginia Tech","11/20/10","20","HOSLEY","JAYRON","","","","","","","","","","","","0","0","","","","1","32","0","","","","","","","","","","","","","","","","","","","","","","","","0"
"742","Virginia Tech","11/27/10","20","HOSLEY","JAYRON","","","","","","","","","","","","0","0","","","","","","","","","","","","1","5","0","1","50","0","","","","","","","","","","","","","0"
"742","Virginia Tech","12/04/10","20","HOSLEY","JAYRON","","","","","","","","","","","","0","0","","","","","","","","","","","","2","10","0","3","69","0","","","","","","","","","","","","","0"
"742","Virginia Tech","01/03/11","20","HOSLEY","JAYRON","","","","","","","","","","","","0","0","","","","1","0","0","","","","","","","","","3","35","0","","","","","","","","","","","","","0"
"742","Virginia Tech","10/09/10","2","MORGAN","DAVON","","","","","","","","","","","","0","0","","","","1","26","0","","","","","","","","","","","","","","","","","","","","","","","","0"
"742","Virginia Tech","11/04/10","2","MORGAN","DAVON","","","","","","","","","","","","0","0","","","","1","28","0","","","","","","","","","","","","","","","","","","","","","","","","0"
"742","Virginia Tech","11/13/10","2","MORGAN","DAVON","","","","","","","","","","","","0","0","","","","1","25","0","","","","","","","","","","","","","","","","","","","","","","","","0"
"742","Virginia Tech","11/20/10","2","MORGAN","DAVON","","","","","","","","","","","","0","0","","","","1","16","0","","","","","","","","","","","","","","","","","","","","","","","","0"
"742","Virginia Tech","12/04/10","2","MORGAN","DAVON","","","","","","","","","","","","0","0","","","","1","24","0","","","","","","","","","","","","","","","","","","","","","","","","0"
"742","Virginia Tech","01/03/11","48","MYER","JUSTIN","","","","","","","","","","","","0","0","","","","","","","1","0","0","","","","","","","","","","","","","","","","","","","","","0"
"742","Virginia Tech","09/06/10","25","OGLESBY","JOSH","1","0","0","0","0","","","","","","","1","0","","","","","","","","","","","","","","","","","","","","","","","","","","","","","","0"
"742","Virginia Tech","10/16/10","25","OGLESBY","JOSH","4","44","0","44","0","","","","","","","4","44","","","","","","","","","","","","","","","","","","","","","","","","","","","","","","0"
"742","Virginia Tech","11/04/10","25","OGLESBY","JOSH","1","5","0","5","0","","","","","","","1","5","1","7","0","","","","","","","","","","","","","","","","","","","","","","","","","","","0"
"742","Virginia Tech","10/23/10","87","PARKER","PRINCE","","","","","","","","","","","","0","0","1","4","0","","","","","","","","","","","","","","","","","","","","","","","","","","","0"
"742","Virginia Tech","09/06/10","11","ROBERTS","DYRELL","","","","","","","","","","","","0","0","4","27","0","","","","","","","","","","","","1","29","0","","","","","","","","","","","","","0"
"742","Virginia Tech","09/11/10","11","ROBERTS","DYRELL","1","11","0","11","0","","","","","","","1","11","","","","","","","","","","","","","","","3","53","0","","","","","","","","","","","","","0"
"742","Virginia Tech","09/18/10","11","ROBERTS","DYRELL","","","","","","","","","","","","0","0","2","22","1","","","","","","","","","","","","5","103","0","1","","","","","","","","","","","","6"
"742","Virginia Tech","09/25/10","11","ROBERTS","DYRELL","","","","","","","","","","","","0","0","5","49","0","","","","","","","","","","","","1","22","0","","","","","","","","","","","","","0"
"742","Virginia Tech","10/02/10","11","ROBERTS","DYRELL","","","","","","","","","","","","0","0","1","18","0","","","","","","","","","","","","2","38","0","","","","","","","","","","","","","0"
"742","Virginia Tech","10/09/10","11","ROBERTS","DYRELL","","","","","","","","","","","","0","0","1","4","0","","","","","","","","","","","","","","","","","","","","","","","","","","","0"
"742","Virginia Tech","10/16/10","11","ROBERTS","DYRELL","2","9","4","5","0","","","","","","","2","5","6","134","0","","","","","","","","","","","","1","22","0","","","","","","","","","","","","","0"
"742","Virginia Tech","10/23/10","11","ROBERTS","DYRELL","","","","","","","","","","","","0","0","2","49","1","","","","","","","","","","","","1","11","0","1","","","","","","","","","","","","6"
"742","Virginia Tech","11/04/10","11","ROBERTS","DYRELL","","","","","","","","","","","","0","0","","","","","","","","","","","","","","","2","32","0","","","","","","","","","","","","","0"
"742","Virginia Tech","09/06/10","30","SAUNDERS","BRIAN","","","","","","","","","","","","0","0","","","","","","","","","","3","135","","","","","","","","","","","","","","","","","","","0"
"742","Virginia Tech","09/18/10","30","SAUNDERS","BRIAN","","","","","","","","","","","","0","0","","","","","","","","","","3","117","","","","","","","","","","","","","","","","","","","0"
"742","Virginia Tech","09/25/10","30","SAUNDERS","BRIAN","","","","","","","","","","","","0","0","","","","","","","","","","4","169","","","","","","","","","","","","","","","","","","","0"
"742","Virginia Tech","10/02/10","30","SAUNDERS","BRIAN","","","","","","","","","","","","0","0","","","","","","","","","","7","297","","","","","","","","","","","","","","","","","","","0"
"742","Virginia Tech","10/09/10","30","SAUNDERS","BRIAN","","","","","","","","","","","","0","0","","","","","","","","","","7","345","","","","","","","","","","","","","","","","","","","0"
"742","Virginia Tech","10/16/10","30","SAUNDERS","BRIAN","","","","","","","","","","","","0","0","","","","","","","","","","2","95","","","","","","","","","","","","","","","","","","","0"
"742","Virginia Tech","10/23/10","30","SAUNDERS","BRIAN","","","","","","","","","","","","0","0","","","","","","","","","","3","149","","","","","","","","","","","","","","","","","","","0"
"742","Virginia Tech","11/04/10","30","SAUNDERS","BRIAN","","","","","","","","","","","","0","0","","","","","","","","","","4","159","","","","","","","","","","","","","","","","","","","0"
"742","Virginia Tech","11/13/10","30","SAUNDERS","BRIAN","","","","","","","","","","","","0","0","","","","","","","","","","5","223","","","","","","","","","","","","","","","","","","","0"
"742","Virginia Tech","11/20/10","30","SAUNDERS","BRIAN","","","","","","","","","","","","0","0","","","","","","","","","","6","283","","","","","","","","","","","","","","","","","","","0"
"742","Virginia Tech","11/27/10","30","SAUNDERS","BRIAN","","","","","","","","","","","","0","0","","","","","","","","","","6","246","","","","","","","","","","","","","","","","","","","0"
"742","Virginia Tech","12/04/10","30","SAUNDERS","BRIAN","","","","","","","","","","","","0","0","","","","","","","","","","2","73","","","","","","","","","","","","","","","","","","","0"
"742","Virginia Tech","01/03/11","30","SAUNDERS","BRIAN","","","","","","","","","","","","0","0","","","","","","","","","","8","348","","","","","","","","","","","","","","","","","","","0"
"742","Virginia Tech","09/11/10","88","SMITH","ANDRE","","","","","","","","","","","","0","0","1","8","0","","","","","","","","","","","","","","","","","","","","","","","","","","","0"
"742","Virginia Tech","09/25/10","88","SMITH","ANDRE","","","","","","","","","","","","0","0","4","44","0","","","","","","","","","","","","","","","","","","","","","","","","","","","0"
"742","Virginia Tech","10/02/10","88","SMITH","ANDRE","","","","","","","","","","","","0","0","2","14","2","","","","","","","","","","","","","","","2","","","","","","","","","","","","12"
"742","Virginia Tech","10/09/10","88","SMITH","ANDRE","","","","","","","","","","","","0","0","1","7","1","","","","","","","","","","","","","","","1","","","","","","","","","","","","6"
"742","Virginia Tech","10/23/10","88","SMITH","ANDRE","","","","","","","","","","","","0","0","2","25","1","","","","","","","","","","","","","","","1","","","","","","","","","","","","6"
"742","Virginia Tech","11/04/10","88","SMITH","ANDRE","","","","","","","","","","","","0","0","4","39","1","","","","","","","","","","","","","","","1","","","","","","","","","","","","6"
"742","Virginia Tech","11/13/10","88","SMITH","ANDRE","","","","","","","","","","","","0","0","2","16","0","","","","","","","","","","","","","","","","","","","","","","","","","","","0"
"742","Virginia Tech","11/27/10","88","SMITH","ANDRE","","","","","","","","","","","","0","0","1","11","0","","","","","","","","","","","","","","","","","","","","","","","","","","","0"
"742","Virginia Tech","12/04/10","88","SMITH","ANDRE","","","","","","","","","","","","0","0","2","23","0","","","","","","","","","","","","","","","","","","","","","","","","","","","0"
"742","Virginia Tech","01/03/11","88","SMITH","ANDRE","","","","","","","","","","","","0","0","1","8","0","","","","","","","","","","","","","","","","","","","","","","","","","","","0"
"742","Virginia Tech","09/06/10","5","TAYLOR","TYROD","16","93","20","73","0","22","15","0","186","2","0","38","259","","","","","","","","","","","","","","","","","","","","","1","0","","","","","","","","0"
"742","Virginia Tech","09/11/10","5","TAYLOR","TYROD","13","86","0","86","0","16","10","1","124","1","","29","210","","","","","","","","","","","","","","","","","","","","","","","","","","","","","","0"
"742","Virginia Tech","09/18/10","5","TAYLOR","TYROD","9","55","23","32","0","16","8","0","199","2","","25","231","","","","","","","","","","","","","","","","","","","","","","","","","","","","","","0"
"742","Virginia Tech","09/25/10","5","TAYLOR","TYROD","9","26","16","10","0","21","16","1","237","0","","30","247","","","","","","","","","","","","","","","","","","","","","","","","","","","","","","0"
"742","Virginia Tech","10/02/10","5","TAYLOR","TYROD","16","147","26","121","0","24","12","1","123","3","1","40","244","","","","","","","","","","","","","","","","","","","","","2","1","","","","","","","","2"
"742","Virginia Tech","10/09/10","5","TAYLOR","TYROD","9","130","3","127","2","23","13","0","161","1","","32","288","","","","","","","","","","","","","","","","","","2","","","","","","","","","","","","12"
"742","Virginia Tech","10/16/10","5","TAYLOR","TYROD","7","39","8","31","1","27","19","0","292","3","","34","323","","","","","","","","","","","","","","","","","","1","","","","","","","","","","","","6"
"742","Virginia Tech","10/23/10","5","TAYLOR","TYROD","6","54","7","47","0","17","13","0","280","3","","23","327","","","","","","","","","","","","","","","","","","","","","","","","","","","","","","0"
"742","Virginia Tech","11/04/10","5","TAYLOR","TYROD","9","57","0","57","0","25","15","1","137","1","","34","194","","","","","","","","","","","","","","","","","","","","","","","","","","","","","","0"
"742","Virginia Tech","11/13/10","5","TAYLOR","TYROD","8","21","24","-3","0","28","13","0","249","2","","36","246","","","","","","","","","","","","","","","","","","","","","","","","","","","","","","0"
"742","Virginia Tech","11/20/10","5","TAYLOR","TYROD","10","55","47","8","1","14","7","0","94","1","","24","102","","","","","","","","","","","","","","","","","","1","","","","","","","","","","","","6"
"742","Virginia Tech","11/27/10","5","TAYLOR","TYROD","7","30","6","24","0","23","13","0","176","1","","30","200","","","","","","","","","","","","","","","","","","","","","","","","","","","","","","0"
"742","Virginia Tech","12/04/10","5","TAYLOR","TYROD","11","30","6","24","1","28","18","0","263","3","","39","287","","","","","","","","","","","","","","","","","","1","","","","","","","","","","","","6"
"742","Virginia Tech","01/03/11","5","TAYLOR","TYROD","16","92","70","22","0","31","16","1","222","1","","47","244","","","","","","","","","","","","","","","","","","","","","","","","","","","","","","0"
"742","Virginia Tech","10/09/10","3","THOMAS","LOGAN","1","0","7","-7","0","2","1","0","3","0","","3","-4","","","","","","","","","","","","","","","","","","","","","","","","","","","","","","0"
"742","Virginia Tech","10/16/10","3","THOMAS","LOGAN","3","15","0","15","0","8","3","0","22","0","","11","37","1","2","1","","","","","","","","","","","","","","","1","","","","","","","","","","","","6"
"742","Virginia Tech","10/23/10","3","THOMAS","LOGAN","2","14","0","14","0","14","6","0","52","0","","16","66","","","","","","","","","","","","","","","","","","","","","","","","","","","","","","0"
"742","Virginia Tech","11/20/10","3","THOMAS","LOGAN","","","","","","1","1","0","24","0","","1","24","","","","","","","","","","","","","","","","","","","","","","","","","","","","","","0"
"742","Virginia Tech","11/27/10","3","THOMAS","LOGAN","","","","","","1","1","0","6","0","","1","6","","","","","","","","","","","","","","","","","","","","","","","","","","","","","","0"
"742","Virginia Tech","11/13/10","15","WHITLEY","EDDIE","","","","","","","","","","","","0","0","","","","1","0","0","","","","","","","","","","","","","","","","","","","","","","","","0"
"742","Virginia Tech","11/27/10","15","WHITLEY","EDDIE","","","","","","","","","","","","0","0","","","","1","19","0","","","","","","","","","","","","","","","","","","","","","","","","0"
"742","Virginia Tech","09/06/10","34","WILLIAMS","RYAN","20","54","14","40","2","","","","","","","20","40","2","18","1","","","","","","","","","","","","","","","3","","","","","","","","","","","","18"
"742","Virginia Tech","09/11/10","34","WILLIAMS","RYAN","20","91","0","91","0","","","","","","","20","91","2","35","0","","","","","","","","","","","","","","","","","","","","","","","","","","","0"
"742","Virginia Tech","09/18/10","34","WILLIAMS","RYAN","6","10","2","8","1","","","","","","","6","8","1","29","0","","","","","","","","","","","","","","","1","","","","","","","","","","","","6"
"742","Virginia Tech","10/23/10","34","WILLIAMS","RYAN","6","10","0","10","1","","","","","","","6","10","","","","","","","","","","","","","","","","","","1","","","","","","","","","","","","6"
"742","Virginia Tech","11/04/10","34","WILLIAMS","RYAN","7","30","0","30","1","","","","","","","7","30","2","4","0","","","","","","","","","","","","","","","1","","","","","","","","","","","","6"
"742","Virginia Tech","11/13/10","34","WILLIAMS","RYAN","15","94","11","83","0","","","","","","","15","83","1","11","0","","","","","","","","","","","","","","","","","","","","","","","","","","","0"
"742","Virginia Tech","11/20/10","34","WILLIAMS","RYAN","14","155","13","142","2","","","","","","","14","142","1","7","0","","","","","","","","","","","","","","","2","","","","","","","","","","","","12"
"742","Virginia Tech","11/27/10","34","WILLIAMS","RYAN","7","32","8","24","2","","","","","","","7","24","","","","","","","","","","","","","","","","","","2","","","","","","","","","","","","12"
"742","Virginia Tech","12/04/10","34","WILLIAMS","RYAN","11","49","4","45","0","","","","","","","11","45","1","5","0","","","","","","","","","","","","","","","","","","","","","","","","","","","0"
"742","Virginia Tech","01/03/11","34","WILLIAMS","RYAN","4","4","0","4","0","","","","","","","4","4","","","","","","","","","","","","","","","","","","","","","","","","","","","","","","0"
"742","Virginia Tech","09/06/10","4","WILSON","DAVID","1","2","0","2","0","","","","","","","1","2","1","8","0","","","","","","","","","","","","6","122","0","","","","","","","","","","","","","0"
"742","Virginia Tech","09/11/10","4","WILSON","DAVID","3","23","0","23","0","","","","","","","3","23","","","","","","","","","","","","","","","","","","","","","","","","","","","","","","0"
"742","Virginia Tech","09/18/10","4","WILSON","DAVID","12","92","3","89","2","","","","","","","12","89","1","26","0","","","","","","","","","","","","1","19","0","2","","","","","","","","","","","","12"
"742","Virginia Tech","09/25/10","4","WILSON","DAVID","16","74","7","67","0","","","","","","","16","67","1","5","0","","","","","","","","","","","","","","","","","","","","","","","","","","","0"
"742","Virginia Tech","10/02/10","4","WILSON","DAVID","6","38","2","36","0","","","","","","","6","36","1","-3","0","","","","","","","","","","","","5","173","1","1","","","","","","","","","","","","6"
"742","Virginia Tech","10/09/10","4","WILSON","DAVID","7","86","2","84","1","","","","","","","7","84","1","-1","0","","","","","","","","","","","","2","37","0","1","","","","","","","","","","","","6"
"742","Virginia Tech","10/16/10","4","WILSON","DAVID","15","107","2","105","0","","","","","","","15","105","","","","","","","","","","","","","","","1","16","0","","","","","","","","","","","","","0"
"742","Virginia Tech","10/23/10","4","WILSON","DAVID","7","18","1","17","0","","","","","","","7","17","1","65","1","","","","","","","","","","","","","","","1","","","","","","","","","","","","6"
"742","Virginia Tech","11/04/10","4","WILSON","DAVID","7","40","1","39","1","","","","","","","7","39","","","","","","","","","","","","","","","1","90","1","2","","","","","","","","","","","","12"
"742","Virginia Tech","11/20/10","4","WILSON","DAVID","10","31","3","28","0","","","","","","","10","28","","","","","","","","","","","","","","","3","52","0","","","","","","","","","","","","","0"
"742","Virginia Tech","11/27/10","4","WILSON","DAVID","13","84","1","83","1","","","","","","","13","83","3","65","1","","","","","","","","","","","","","","","2","","","","","","","","","","","","12"
"742","Virginia Tech","12/04/10","4","WILSON","DAVID","14","44","1","43","0","","","","","","","14","43","4","42","1","","","","","","","","","","","","1","21","0","1","","","","","","","","","","","","6"
"742","Virginia Tech","01/03/11","4","WILSON","DAVID","2","3","0","3","0","","","","","","","2","3","2","27","1","","","","","","","","","","","","2","54","0","1","","","","","","","","","","","","6"
"742","Virginia Tech","09/11/10","31","YOUNGER","KENNY","","","","","","","","","","","","0","0","2","12","0","","","","","","","","","","","","","","","","","","","","","","","","","","","0"
"742","Virginia Tech","09/18/10","31","YOUNGER","KENNY","","","","","","","","","","","","0","0","1","4","0","","","","","","","","","","","","","","","","","","","","","","","","","","","0"
"742","Virginia Tech","11/20/10","31","YOUNGER","KENNY","","","","","","","","","","","","0","0","1","5","0","","","","","","","","","","","","","","","","","","","","","","","","","","","0"
"749","Wake Forest","09/02/10","27","ADAMS","JOSH","8","44","1","43","1","","","","","","","8","43","1","2","0","","","","","","","","","","","","","","","1","","","","","","","","","","","","6"
"749","Wake Forest","09/11/10","27","ADAMS","JOSH","6","9","2","7","0","","","","","","","6","7","","","","","","","","","","","","","","","","","","","","","","","","","","","","","","0"
"749","Wake Forest","09/18/10","27","ADAMS","JOSH","4","16","0","16","0","","","","","","","4","16","","","","","","","","","","","","","","","","","","","","","","","","","","","","","","0"
"749","Wake Forest","09/25/10","27","ADAMS","JOSH","10","38","3","35","0","","","","","","","10","35","1","11","0","","","","","","","","","","","","","","","","","","","","","","","","","","","0"
"749","Wake Forest","10/02/10","27","ADAMS","JOSH","20","104","3","101","1","","","","","","","20","101","1","8","0","","","","","","","","","","","","","","","1","","","","","","","","","","","","6"
"749","Wake Forest","10/09/10","27","ADAMS","JOSH","4","7","8","-1","0","","","","","","","4","-1","","","","","","","","","","","","","","","","","","","","","","","","","","","","","","0"
"749","Wake Forest","10/16/10","27","ADAMS","JOSH","2","2","0","2","0","","","","","","","2","2","","","","","","","","","","","","","","","","","","","","","","","","","","","","","","0"
"749","Wake Forest","10/30/10","27","ADAMS","JOSH","4","5","0","5","0","","","","","","","4","5","","","","","","","","","","","","","","","","","","","","","","","","","","","","","","0"
"749","Wake Forest","11/06/10","27","ADAMS","JOSH","5","19","0","19","0","","","","","","","5","19","2","10","0","","","","","","","","","","","","","","","","","","","","","","","","","","","0"
"749","Wake Forest","11/13/10","27","ADAMS","JOSH","10","49","10","39","0","","","","","","","10","39","1","17","0","","","","","","","","","","","","","","","","","","","","","","","","","","","0"
"749","Wake Forest","11/20/10","27","ADAMS","JOSH","7","15","7","8","0","","","","","","","7","8","1","13","0","","","","","","","","","","","","","","","","","","","","","","","","","","","0"
"749","Wake Forest","11/27/10","27","ADAMS","JOSH","11","42","0","42","1","","","","","","","11","42","","","","","","","","","","","","","","","","","","1","","","","","","","","","","","","6"
"749","Wake Forest","11/27/10","32","BETROS","SCOTT","","","","","","","","","","","","0","0","","","","1","0","0","","","","","","","","","","","","","","","","","","","","","","","","0"
"749","Wake Forest","10/30/10","4A","BISHOP","SPENCER","","","","","","","","","","","","0","0","","","","","","","","","","","","","","","2","12","0","","","","","","","","","","","","","0"
"749","Wake Forest","09/02/10","42","BOHANON","TOMMY","6","48","1","47","0","","","","","","","6","47","","","","","","","","","","","","","","","","","","","","","","","","","","","","","","0"
"749","Wake Forest","09/11/10","42","BOHANON","TOMMY","2","4","0","4","0","","","","","","","2","4","","","","","","","","","","","","","","","","","","","","","","","","","","","","","","0"
"749","Wake Forest","09/18/10","42","BOHANON","TOMMY","3","9","0","9","0","","","","","","","3","9","","","","","","","","","","","","","","","","","","","","","","","","","","","","","","0"
"749","Wake Forest","09/25/10","42","BOHANON","TOMMY","1","5","0","5","0","","","","","","","1","5","1","9","0","","","","","","","","","","","","","","","","","","","","","","","","","","","0"
"749","Wake Forest","10/09/10","42","BOHANON","TOMMY","1","4","0","4","0","","","","","","","1","4","3","27","0","","","","","","","","","","","","","","","","","","","","","","","","","","","0"
"749","Wake Forest","10/16/10","42","BOHANON","TOMMY","","","","","","","","","","","","0","0","1","8","0","","","","","","","","","","","","","","","","","","","","","","","","","","","0"
"749","Wake Forest","11/06/10","42","BOHANON","TOMMY","1","1","0","1","0","","","","","","","1","1","3","22","0","","","","","","","","","","","","","","","","","","","","","","","","","","","0"
"749","Wake Forest","11/13/10","42","BOHANON","TOMMY","2","6","0","6","0","","","","","","","2","6","1","9","0","","","","","","","","","","","","","","","","","","","","","","","","","","","0"
"749","Wake Forest","11/20/10","42","BOHANON","TOMMY","1","1","0","1","0","","","","","","","1","1","","","","","","","","","","","","","","","","","","","","","","","","","","","","","","0"
"749","Wake Forest","11/27/10","42","BOHANON","TOMMY","","","","","","","","","","","","0","0","1","1","0","","","","","","","","","","","","","","","","","","","","","","","","","","","0"
"749","Wake Forest","09/02/10","3","BROWN","DEVON","2","91","0","91","1","","","","","","","2","91","1","9","0","","","","","","","","","","","","1","59","0","1","","","","","","","","","","","","6"
"749","Wake Forest","09/11/10","3","BROWN","DEVON","6","35","6","29","1","","","","","","","6","29","4","30","0","","","","","","","","","2","53","0","2","9","0","1","","","","","","","","","","","","6"
"749","Wake Forest","09/18/10","3","BROWN","DEVON","3","3","2","1","0","","","","","","","3","1","1","10","0","","","","","","","","","1","0","0","4","100","0","","","","","","","","","","","","","0"
"749","Wake Forest","09/25/10","3","BROWN","DEVON","2","4","4","0","0","","","","","","","2","0","3","11","0","","","","","","","","","","","","2","27","0","","","","","","","","","","","","","0"
"749","Wake Forest","10/02/10","3","BROWN","DEVON","2","5","0","5","0","","","","","","","2","5","4","54","0","","","","","","","","","1","13","0","1","22","0","","","","","","","","","","","","","0"
"749","Wake Forest","10/09/10","3","BROWN","DEVON","","","","","","","","","","","","0","0","10","59","1","","","","","","","","","2","16","0","","","","1","","","","","","","","","","","","6"
"749","Wake Forest","10/16/10","3","BROWN","DEVON","","","","","","","","","","","","0","0","1","0","0","","","","","","","","","","","","","","","","","","","","","","","","","","","0"
"749","Wake Forest","11/06/10","3","BROWN","DEVON","1","0","0","0","0","","","","","","","1","0","6","76","0","","","","","","","","","1","0","0","","","","","","","","","","","","","","","","0"
"749","Wake Forest","11/13/10","3","BROWN","DEVON","","","","","","","","","","","","0","0","2","9","0","","","","","","","","","","","","1","15","0","","","","","","","","","","","","","0"
"749","Wake Forest","11/20/10","3","BROWN","DEVON","","","","","","","","","","","","0","0","3","7","0","","","","","","","","","","","","","","","","","","","","","","","","","","","0"
"749","Wake Forest","11/27/10","3","BROWN","DEVON","2","9","1","8","0","","","","","","","2","8","4","37","0","","","","","","","","","","","","","","","","","","","","","","","","","","","0"
"749","Wake Forest","09/02/10","28","CAMPANARO","MICHAEL","2","4","2","2","0","","","","","","","2","2","1","5","0","","","","","","","","","","","","2","39","0","","","","","","","","","","","","","0"
"749","Wake Forest","09/11/10","28","CAMPANARO","MICHAEL","","","","","","","","","","","","0","0","1","2","0","","","","","","","","","","","","1","43","0","","","","","","","","","","","","","0"
"749","Wake Forest","09/18/10","28","CAMPANARO","MICHAEL","4","41","0","41","1","","","","","","","4","41","","","","","","","","","","","","","","","3","79","0","1","","","","","","","","","","","","6"
"749","Wake Forest","09/25/10","28","CAMPANARO","MICHAEL","1","0","4","-4","0","0","0","0","0","0","","1","-4","","","","","","","","","","","","","","","2","40","0","","","","","","","","","","","","","0"
"749","Wake Forest","10/02/10","28","CAMPANARO","MICHAEL","","","","","","","","","","","","0","0","","","","","","","","","","","","","","","3","45","0","","","","","","","","","","","","","0"
"749","Wake Forest","10/09/10","28","CAMPANARO","MICHAEL","","","","","","","","","","","","0","0","4","44","0","","","","","","","","","","","","5","165","0","","","","","","","","","","","","","0"
"749","Wake Forest","10/16/10","28","CAMPANARO","MICHAEL","1","12","0","12","0","","","","","","","1","12","","","","","","","","","","","","1","0","0","1","17","0","","","","","","","","","","","","","0"
"749","Wake Forest","10/30/10","28","CAMPANARO","MICHAEL","","","","","","","","","","","","0","0","3","38","0","","","","","","","","","","","","3","54","0","","","","","","","","","","","","","0"
"749","Wake Forest","11/06/10","28","CAMPANARO","MICHAEL","","","","","","","","","","","","0","0","","","","","","","","","","","","","","","1","19","0","","","","","","","","","","","","","0"
"749","Wake Forest","11/13/10","28","CAMPANARO","MICHAEL","19","73","6","67","0","","","","","","","19","67","1","18","0","","","","","","","","","","","","3","81","0","","","","","","","","","","","","","0"
"749","Wake Forest","11/20/10","28","CAMPANARO","MICHAEL","2","5","0","5","0","","","","","","","2","5","","","","","","","","","","","","","","","3","72","0","","","","","","","","","","","","","0"
"749","Wake Forest","11/27/10","28","CAMPANARO","MICHAEL","","","","","","","","","","","","0","0","","","","","","","","","","","","","","","1","25","0","","","","","","","","","","","","","0"
"749","Wake Forest","09/02/10","15","CROSS","BRENDAN","3","20","5","15","0","3","1","0","3","0","","6","18","","","","","","","","","","","","","","","","","","","","","","","","","","","","","","0"
"749","Wake Forest","09/18/10","15","CROSS","BRENDAN","5","20","11","9","0","2","0","0","0","0","","7","9","","","","","","","","","","","","","","","","","","","","","","","","","","","","","","0"
"749","Wake Forest","10/02/10","15","CROSS","BRENDAN","1","7","0","7","0","2","1","0","2","0","","3","9","","","","","","","","","","","","","","","","","","","","","","","","","","","","","","0"
"749","Wake Forest","09/02/10","81","DAVIS","TERENCE","","","","","","","","","","","","0","0","3","12","0","","","","","","","","","","","","","","","","","","","","","","","","","","","0"
"749","Wake Forest","10/30/10","81","DAVIS","TERENCE","","","","","","","","","","","","0","0","1","8","1","","","","","","","","","","","","","","","1","","","","","","","","","","","","6"
"749","Wake Forest","09/11/10","18","DEMBRY","DANNY","","","","","","","","","","","","0","0","2","29","1","","","","","","","","","","","","","","","1","","","","","","","","","","","","6"
"749","Wake Forest","09/25/10","18","DEMBRY","DANNY","","","","","","","","","","","","0","0","1","17","0","","","","","","","","","","","","","","","","","","","","","","","","","","","0"
"749","Wake Forest","10/09/10","18","DEMBRY","DANNY","","","","","","","","","","","","0","0","4","51","0","","","","","","","","","","","","","","","","","","","","","","","","","","","0"
"749","Wake Forest","10/30/10","18","DEMBRY","DANNY","","","","","","","","","","","","0","0","1","9","0","","","","","","","","","","","","","","","","","","","","","","","","","","","0"
"749","Wake Forest","11/27/10","34","DIXON","WILLIE","1","1","0","1","0","","","","","","","1","1","","","","","","","","","","","","","","","1","-5","0","","","","","","","","","","","","","0"
"749","Wake Forest","11/06/10","40","EHRMANN","JOEY","","","","","","","","","","","","0","0","","","","1","7","0","","","","","","","","","","","","","","","","","","","","","","","","0"
"749","Wake Forest","09/11/10","1A","FAULK","TURNER","","","","","","","","","","","","0","0","","","","","","","","","","","","","","","","","","","","","1","0","","","","","","","","0"
"749","Wake Forest","09/02/10","83","FORD","CAMERON","","","","","","","","","","","","0","0","1","4","0","","","","","","","","","","","","","","","","","","","","","","","","","","","0"
"749","Wake Forest","09/18/10","83","FORD","CAMERON","","","","","","","","","","","","0","0","1","8","0","","","","","","","","","","","","","","","","","","","","","","","","","","","0"
"749","Wake Forest","09/25/10","83","FORD","CAMERON","","","","","","","","","","","","0","0","1","7","0","","","","","","","","","","","","","","","","","","","","","","","","","","","0"
"749","Wake Forest","10/02/10","83","FORD","CAMERON","","","","","","","","","","","","0","0","1","21","0","","","","","","","","","","","","","","","","","","","","","","","","","","","0"
"749","Wake Forest","10/09/10","83","FORD","CAMERON","","","","","","","","","","","","0","0","2","24","0","","","","","","","","","","","","","","","","","","","","","","","","","","","0"
"749","Wake Forest","10/30/10","83","FORD","CAMERON","","","","","","","","","","","","0","0","2","15","0","","","","","","","","","","","","","","","","","","","","","","","","","","","0"
"749","Wake Forest","11/20/10","83","FORD","CAMERON","","","","","","","","","","","","0","0","2","36","0","","","","","","","","","","","","","","","","","","","","","","","","","","","0"
"749","Wake Forest","11/27/10","83","FORD","CAMERON","","","","","","","","","","","","0","0","1","5","0","","","","","","","","","","","","","","","","","","","","","","","","","","","0"
"749","Wake Forest","09/02/10","21","FRYE","ALEX","","","","","","","","","","","","0","0","","","","1","44","1","","","","","","","","","","","","1","","","","","","","","","","","","6"
"749","Wake Forest","09/11/10","21","FRYE","ALEX","","","","","","","","","","","","0","0","","","","2","28","0","","","","","","","","","","","","","","","","","","","","","","","","0"
"749","Wake Forest","11/06/10","21","FRYE","ALEX","","","","","","","","","","","","0","0","","","","","","","","","","","","","","","","","","","","","0","0","1","0","","","","","","0"
"749","Wake Forest","09/11/10","2","GIVENS","CHRIS","2","6","2","4","0","","","","","","","2","4","4","159","1","","","","1","18","1","","","","","","5","86","0","2","","","","","","","","","","","","12"
"749","Wake Forest","09/18/10","2","GIVENS","CHRIS","4","27","2","25","1","","","","","","","4","25","4","47","0","","","","","","","","","","","","","","","1","","","","","","","","","","","","6"
"749","Wake Forest","09/25/10","2","GIVENS","CHRIS","3","25","0","25","0","","","","","","","3","25","1","6","0","","","","","","","","","","","","","","","","","","","","","","","","","","","0"
"749","Wake Forest","10/02/10","2","GIVENS","CHRIS","4","7","8","-1","0","","","","","","","4","-1","2","9","0","","","","","","","","","","","","1","9","0","","","","","","","","","","","","","0"
"749","Wake Forest","10/09/10","2","GIVENS","CHRIS","","","","","","","","","","","","0","0","7","60","1","","","","","","","","","","","","","","","1","","","","","","","","","","","","6"
"749","Wake Forest","10/16/10","2","GIVENS","CHRIS","","","","","","","","","","","","0","0","2","84","1","","","","","","","","","","","","4","90","0","1","","","","","","","","","","","","6"
"749","Wake Forest","10/30/10","2","GIVENS","CHRIS","","","","","","","","","","","","0","0","3","6","0","","","","","","","","","","","","6","95","0","","","","","","","","","","","","","0"
"749","Wake Forest","11/06/10","2","GIVENS","CHRIS","1","0","1","-1","0","","","","","","","1","-1","5","96","1","","","","","","","","","","","","3","66","0","1","","","","","","","","","","","","6"
"749","Wake Forest","11/13/10","2","GIVENS","CHRIS","","","","","","","","","","","","0","0","3","17","0","","","","","","","","","","","","2","37","0","","","","","","","","","","","","","0"
"749","Wake Forest","11/20/10","2","GIVENS","CHRIS","1","2","0","2","0","1","0","0","0","0","","2","2","3","21","0","","","","","","","","","","","","2","39","0","","","","","","","","","","","","","0"
"749","Wake Forest","11/27/10","2","GIVENS","CHRIS","1","9","0","9","1","","","","","","","1","9","1","9","0","","","","","","","","","1","10","0","1","13","0","1","","","","","","","","","","","","6"
"749","Wake Forest","09/02/10","25","HARRIS","JOSH","6","74","0","74","2","","","","","","","6","74","","","","","","","","","","","","","","","","","","2","","","","","","","","","","","","12"
"749","Wake Forest","09/11/10","25","HARRIS","JOSH","12","50","0","50","0","","","","","","","12","50","","","","","","","","","","","","","","","","","","","","","","","","","","","","","","0"
"749","Wake Forest","09/18/10","25","HARRIS","JOSH","6","25","10","15","0","","","","","","","6","15","","","","","","","","","","","","","","","","","","","","","","","","","","","","","","0"
"749","Wake Forest","09/25/10","25","HARRIS","JOSH","5","7","3","4","0","","","","","","","5","4","","","","","","","","","","","","","","","","","","","","","","","","","","","","","","0"
"749","Wake Forest","10/09/10","25","HARRIS","JOSH","14","55","9","46","0","","","","","","","14","46","3","32","0","","","","","","","","","","","","","","","","","","","","","","","","","","","0"
"749","Wake Forest","10/16/10","25","HARRIS","JOSH","20","247","6","241","2","","","","","","","20","241","","","","","","","","","","","","","","","","","","2","","","","","","","","","","","","12"
"749","Wake Forest","10/30/10","25","HARRIS","JOSH","10","34","7","27","1","","","","","","","10","27","2","20","0","","","","","","","","","","","","","","","1","","","","","","","","","","","","6"
"749","Wake Forest","11/06/10","25","HARRIS","JOSH","19","73","6","67","0","","","","","","","19","67","","","","","","","","","","","","","","","","","","","","","","","","","","","","","","0"
"749","Wake Forest","11/13/10","25","HARRIS","JOSH","7","20","0","20","0","","","","","","","7","20","1","-1","0","","","","","","","","","","","","","","","","","","","","","","","","","","","0"
"749","Wake Forest","11/20/10","25","HARRIS","JOSH","9","38","0","38","1","","","","","","","9","38","1","9","0","","","","","","","","","","","","","","","1","","","","","","","","","","","","6"
"749","Wake Forest","11/27/10","25","HARRIS","JOSH","18","141","3","138","1","","","","","","","18","138","1","9","0","","","","","","","","","","","","","","","1","","","","","","","","","","","","6"
"749","Wake Forest","09/18/10","20","JACKSON","LOVELL","","","","","","","","","","","","0","0","","","","","","","","","","","","","","","1","25","0","","","","","","","","","","","","","0"
"749","Wake Forest","10/30/10","20","JACKSON","LOVELL","","","","","","","","","","","","0","0","","","","","","","","","","","","1","9","0","","","","","","","","","","","","","","","","0"
"749","Wake Forest","11/06/10","20","JACKSON","LOVELL","","","","","","","","","","","","0","0","","","","","","","","","","","","1","2","0","","","","","","","","","","","","","","","","0"
"749","Wake Forest","11/13/10","20","JACKSON","LOVELL","","","","","","","","","","","","0","0","","","","","","","","","","","","2","8","0","","","","","","","","","","","","","","","","0"
"749","Wake Forest","11/20/10","20","JACKSON","LOVELL","","","","","","","","","","","","0","0","","","","","","","","","","","","","","","1","21","0","","","","","","","","","","","","","0"
"749","Wake Forest","11/27/10","20","JACKSON","LOVELL","","","","","","","","","","","","0","0","","","","1","0","0","","","","","","","","","1","21","0","","","","","","","","","","","","","0"
"749","Wake Forest","09/02/10","12","JONES","SKYLAR","3","15","3","12","0","1","1","0","3","0","","4","15","","","","","","","","","","","","","","","","","","","","","","","","","","","","","","0"
"749","Wake Forest","10/02/10","12","JONES","SKYLAR","8","33","2","31","0","20","9","0","105","0","","28","136","","","","","","","","","","","","","","","","","","","","","","","","","","","","","","0"
"749","Wake Forest","10/16/10","12","JONES","SKYLAR","","","","","","1","1","0","0","0","","1","0","","","","","","","","","","","","","","","","","","","","","","","","","","","","","","0"
"749","Wake Forest","10/30/10","12","JONES","SKYLAR","","","","","","3","1","1","2","0","","3","2","","","","","","","","","","","","","","","","","","","","","","","","","","","","","","0"
"749","Wake Forest","11/13/10","12","JONES","SKYLAR","1","0","2","-2","0","2","1","0","9","0","","3","7","","","","","","","","","","","","","","","","","","","","","","","","","","","","","","0"
"749","Wake Forest","11/06/10","23","MACK","DANIEL","","","","","","","","","","","","0","0","","","","1","16","0","","","","","","","","","","","","","","","","","","","","","","","","0"
"749","Wake Forest","11/20/10","23","MACK","DANIEL","","","","","","","","","","","","0","0","","","","1","17","0","","","","","","","","","","","","","","","","","","","","","","","","0"
"749","Wake Forest","09/02/10","82","NEWMAN","JIMMY","","","","","","","","","","","","0","0","","","","","","","","","","","","","","","","","","","6","6","0","0","","","","","2","1","","9"
"749","Wake Forest","09/11/10","82","NEWMAN","JIMMY","","","","","","","","","","","","0","0","","","","","","","","","","","","","","","","","","","6","6","0","0","","","","","","","","6"
"749","Wake Forest","09/18/10","82","NEWMAN","JIMMY","","","","","","","","","","","","0","0","","","","","","","","","","","","","","","","","","","3","3","0","0","","","","","1","1","","6"
"749","Wake Forest","10/02/10","82","NEWMAN","JIMMY","","","","","","","","","","","","0","0","","","","","","","","","","","","","","","","","","","2","2","0","0","","","","","2","2","","8"
"749","Wake Forest","10/09/10","82","NEWMAN","JIMMY","","","","","","","","","","","","0","0","","","","","","","","","","","","","","","","","","","3","3","0","0","","","","","2","2","","9"
"749","Wake Forest","10/16/10","82","NEWMAN","JIMMY","","","","","","","","","","","","0","0","","","","","","","","","","","","","","","","","","","3","3","0","0","","","","","","","","3"
"749","Wake Forest","10/30/10","82","NEWMAN","JIMMY","","","","","","","","","","","","0","0","","","","","","","","","","","","","","","","","","","2","2","0","0","","","","","","","","2"
"749","Wake Forest","11/06/10","82","NEWMAN","JIMMY","","","","","","","","","","","","0","0","","","","","","","","","","","","","","","","","","","1","1","0","0","","","","","2","2","","7"
"749","Wake Forest","11/13/10","82","NEWMAN","JIMMY","","","","","","","","","","","","0","0","","","","","","","","","","","","","","","","","","","","","","","","","","","1","1","","3"
"749","Wake Forest","11/20/10","82","NEWMAN","JIMMY","","","","","","","","","","","","0","0","","","","","","","","","","","","","","","","","","","1","1","0","0","","","","","1","1","","4"
"749","Wake Forest","11/27/10","82","NEWMAN","JIMMY","","","","","","","","","","","","0","0","","","","","","","","","","","","","","","","","","","4","4","0","0","","","","","2","2","","10"
"749","Wake Forest","09/02/10","6","OKORO","KENNY","","","","","","","","","","","","0","0","","","","","","","","","","","","","","","","","","","","","0","0","1","1","","","","","","2"
"749","Wake Forest","09/11/10","6","OKORO","KENNY","","","","","","","","","","","","0","0","","","","1","1","0","","","","","","","","","","","","","","","","","","","","","","","","0"
"749","Wake Forest","11/13/10","6","OKORO","KENNY","","","","","","","","","","","","0","0","","","","1","0","0","","","","","","","","","","","","","","","","","","","","","","","","0"
"749","Wake Forest","09/25/10","80","PARKER","ANDREW","","","","","","","","","","","","0","0","1","7","0","","","","","","","","","","","","","","","","","","","","","","","","","","","0"
"749","Wake Forest","11/06/10","80","PARKER","ANDREW","","","","","","","","","","","","0","0","1","4","0","","","","","","","","","","","","","","","","","","","","","","","","","","","0"
"749","Wake Forest","11/13/10","80","PARKER","ANDREW","","","","","","","","","","","","0","0","1","9","0","","","","","","","","","","","","","","","","","","","","","","","","","","","0"
"749","Wake Forest","11/20/10","80","PARKER","ANDREW","","","","","","","","","","","","0","0","3","17","0","","","","","","","","","","","","","","","","","","","","","","","","","","","0"
"749","Wake Forest","09/02/10","22","PENDERGRASS","BRANDON","7","41","3","38","1","","","","","","","7","38","","","","","","","","","","","","","","","","","","1","","","","","","","","","","","","6"
"749","Wake Forest","09/11/10","22","PENDERGRASS","BRANDON","2","8","0","8","0","","","","","","","2","8","","","","","","","","","","","","","","","","","","","","","","","","","","","","","","0"
"749","Wake Forest","09/18/10","22","PENDERGRASS","BRANDON","5","34","0","34","0","","","","","","","5","34","1","3","0","","","","","","","","","","","","","","","","","","","","","","","","","","","0"
"749","Wake Forest","09/25/10","22","PENDERGRASS","BRANDON","2","4","1","3","0","","","","","","","2","3","","","","","","","","","","","","","","","","","","","","","","","","","","","","","","0"
"749","Wake Forest","10/02/10","22","PENDERGRASS","BRANDON","5","16","3","13","1","","","","","","","5","13","","","","","","","","","","","","","","","","","","1","","","","","","","","","","","","6"
"749","Wake Forest","10/09/10","22","PENDERGRASS","BRANDON","3","19","0","19","0","","","","","","","3","19","1","17","0","","","","","","","","","","","","","","","","","","","","","","","","","","","0"
"749","Wake Forest","09/02/10","37","POPHAM","SHANE","","","","","","","","","","","","0","0","","","","","","","","","","5","202","","","","","","","","","","","","","","","","","","","0"
"749","Wake Forest","09/11/10","37","POPHAM","SHANE","","","","","","","","","","","","0","0","","","","","","","","","","5","211","","","","","","","","","","","","","","","","","","","0"
"749","Wake Forest","09/18/10","37","POPHAM","SHANE","","","","","","","","","","","","0","0","","","","","","","","","","5","200","","","","","","","","","","","","","","","","","","","0"
"749","Wake Forest","09/25/10","37","POPHAM","SHANE","","","","","","","","","","","","0","0","","","","","","","","","","6","257","","","","","","","","","","","","","","","","","","","0"
"749","Wake Forest","10/02/10","37","POPHAM","SHANE","","","","","","","","","","","","0","0","","","","","","","","","","8","280","","","","","","","","","","","","","","","","","","","0"
"749","Wake Forest","10/09/10","37","POPHAM","SHANE","","","","","","","","","","","","0","0","","","","","","","","","","4","183","","","","","","","","","","","","","","","","","","","0"
"749","Wake Forest","10/16/10","37","POPHAM","SHANE","","","","","","","","","","","","0","0","","","","","","","","","","8","282","","","","","","","","","","","","","","","","","","","0"
"749","Wake Forest","10/30/10","37","POPHAM","SHANE","","","","","","","","","","","","0","0","","","","","","","","","","6","196","","","","","","","","","","","","","","","","","","","0"
"749","Wake Forest","11/06/10","37","POPHAM","SHANE","","","","","","","","","","","","0","0","","","","","","","","","","3","99","","","","","","","","","","","","","","","","","","","0"
"749","Wake Forest","11/13/10","37","POPHAM","SHANE","","","","","","","","","","","","0","0","","","","","","","","","","7","245","","","","","","","","","","","","","","","","","","","0"
"749","Wake Forest","11/20/10","37","POPHAM","SHANE","","","","","","","","","","","","0","0","","","","","","","","","","7","210","","","","","","","","","","","","","","","","","","","0"
"749","Wake Forest","11/27/10","37","POPHAM","SHANE","","","","","","","","","","","","0","0","","","","","","","","","","7","268","","","","","","","","","","","","","","","","","","","0"
"749","Wake Forest","09/02/10","11","PRICE","TANNER","3","17","0","17","0","7","1","0","4","0","","10","21","","","","","","","","","","","","","","","","","","","","","","","","","","","","","","0"
"749","Wake Forest","09/11/10","11","PRICE","TANNER","10","56","0","56","1","19","12","1","190","3","","29","246","","","","","","","","","","","","","","","","","","1","","","","","","","","","","","","6"
"749","Wake Forest","09/18/10","11","PRICE","TANNER","16","85","20","65","1","18","8","1","76","0","","34","141","","","","","","","","","","","","","","","","","","1","","","","","","","","","","","","6"
"749","Wake Forest","09/25/10","11","PRICE","TANNER","8","22","6","16","0","12","6","1","35","0","","20","51","","","","","","","","","","","","","","","","","","","","","","","","","","","","","","0"
"749","Wake Forest","10/09/10","11","PRICE","TANNER","2","9","0","9","1","53","37","0","326","2","","55","335","","","","","","","","","","","","","","","","","","1","","","","","","","","","","","","6"
"749","Wake Forest","10/16/10","11","PRICE","TANNER","2","5","6","-1","0","16","3","0","92","1","","18","91","","","","","","","","","","","","","","","","","","","","","","","","","","","","","","0"
"749","Wake Forest","10/30/10","11","PRICE","TANNER","7","3","38","-35","0","31","16","1","156","1","","38","121","","","","","","","","","","","","","","","","","","","","","","","","","","","","","","0"
"749","Wake Forest","11/06/10","11","PRICE","TANNER","4","7","24","-17","0","30","18","4","177","0","","34","160","","","","","","","","","","","","","","","","","","","","","","","","","","","","","","0"
"749","Wake Forest","11/13/10","11","PRICE","TANNER","6","1","21","-20","0","11","9","0","69","0","","17","49","","","","","","","","","","","","","","","","","","","","","","","","","","","","","","0"
"749","Wake Forest","11/20/10","11","PRICE","TANNER","9","32","32","0","0","30","17","0","151","0","","39","151","","","","","","","","","","","","","","","","","","","","","","","","","","","","","","0"
"749","Wake Forest","11/27/10","11","PRICE","TANNER","8","43","13","30","1","14","10","0","73","0","","22","103","","","","","","","","","","","","","","","","","","1","","","","","","","","","","","","6"
"749","Wake Forest","10/09/10","5","QUARLES","CYHL","","","","","","","","","","","","0","0","","","","1","0","0","","","","","","","","","","","","","","","","","","","","","","","","0"
"749","Wake Forest","09/02/10","13","STACHITAS","TED","10","79","3","76","1","13","7","0","84","0","","23","160","","","","","","","","","","","","","","","","","","1","","","","","","","","","","","","6"
"749","Wake Forest","09/11/10","13","STACHITAS","TED","9","81","4","77","1","4","0","1","0","0","","13","77","","","","","","","","","","","","","","","","","","1","","","","","","","","","","","","6"
"749","Wake Forest","09/18/10","13","STACHITAS","TED","3","5","13","-8","0","0","0","0","0","0","","3","-8","","","","","","","","","","","","","","","","","","","","","","","","","","","","","","0"
"749","Wake Forest","09/25/10","13","STACHITAS","TED","11","43","24","19","0","5","5","0","47","0","","16","66","","","","","","","","","","","","","","","","","","","","","","","","","","","","","","0"
"749","Wake Forest","10/02/10","13","STACHITAS","TED","2","8","1","7","0","1","0","0","0","0","","3","7","","","","","","","","","","","","","","","","","","","","","","","","","","","","","","0"
"749","Wake Forest","11/27/10","14","WASHINGTON","C.J.","","","","","","","","","","","","0","0","","","","","","","","","","","","1","22","0","","","","","","","","","","","","","","","","0"
"749","Wake Forest","09/02/10","9","WILLIAMS","JORDAN","","","","","","","","","","","","0","0","1","23","0","","","","","","","","","","","","","","","","","","","","","","","","","","","0"
"749","Wake Forest","09/02/10","8","WILLIAMS","MARSHALL","","","","","","","","","","","","0","0","2","39","0","","","","","","","","","","","","","","","","","","","","","","","","","","","0"
"749","Wake Forest","09/11/10","8","WILLIAMS","MARSHALL","","","","","","1","1","0","81","1","","1","81","2","51","2","","","","","","","","","","","","","","","2","","","","","","","","","","","","12"
"749","Wake Forest","09/18/10","8","WILLIAMS","MARSHALL","","","","","","","","","","","","0","0","1","8","0","","","","","","","","","","","","","","","","","","","","","","","","","","","0"
"749","Wake Forest","09/25/10","8","WILLIAMS","MARSHALL","","","","","","","","","","","","0","0","2","14","0","","","","","","","","","","","","","","","","","","","","","","","","","","","0"
"749","Wake Forest","10/02/10","8","WILLIAMS","MARSHALL","","","","","","","","","","","","0","0","1","16","0","","","","","","","","","","","","","","","","","","","","","","","","","","","0"
"749","Wake Forest","10/09/10","8","WILLIAMS","MARSHALL","","","","","","","","","","","","0","0","3","12","0","","","","","","","","","","","","","","","","","","","","","","","","","","","0"
"749","Wake Forest","10/30/10","8","WILLIAMS","MARSHALL","","","","","","","","","","","","0","0","5","62","0","","","","","","","","","","","","","","","","","","","","","","","","","","","0"
"749","Wake Forest","11/06/10","8","WILLIAMS","MARSHALL","","","","","","1","1","0","41","1","","1","41","2","10","0","","","","","","","","","","","","","","","","","","","","","","","","","","","0"
"749","Wake Forest","11/20/10","8","WILLIAMS","MARSHALL","","","","","","1","0","0","0","0","","1","0","4","48","0","","","","","","","","","","","","","","","","","","","","","","","","","","","0"
"749","Wake Forest","11/27/10","8","WILLIAMS","MARSHALL","","","","","","","","","","","","0","0","2","12","0","","","","","","","","","","","","","","","","","","","","","","","","","","","0"
"749","Wake Forest","09/02/10","24","WULFECK","ALEX","","","","","","","","","","","","0","0","","","","","","","","","","","","","","","","","","","","","1","0","","","","","","","","0"
"749","Wake Forest","10/30/10","24","WULFECK","ALEX","","","","","","","","","","","","0","0","","","","","","","","","","2","68","","","","","","","","","","","","","","","","","","","0"
"756","Washington","09/04/10","9","AGUILAR","DEVIN","","","","","","1","0","0","0","0","","1","0","5","57","0","","","","","","","","","","","","","","","","","","","","","","","","","","","0"
"756","Washington","09/11/10","9","AGUILAR","DEVIN","","","","","","","","","","","","0","0","7","81","1","","","","","","","","","1","0","0","","","","1","","","","","","","","","","","","6"
"756","Washington","09/18/10","9","AGUILAR","DEVIN","","","","","","","","","","","","0","0","1","10","0","","","","","","","","","1","13","0","","","","","","","","","","","","","","","","0"
"756","Washington","10/02/10","9","AGUILAR","DEVIN","","","","","","","","","","","","0","0","5","83","1","","","","","","","","","1","4","0","","","","1","","","","","","","","","","","","6"
"756","Washington","11/06/10","9","AGUILAR","DEVIN","","","","","","","","","","","","0","0","5","71","0","","","","","","","","","","","","","","","","","","","","","","","","","","","0"
"756","Washington","11/18/10","9","AGUILAR","DEVIN","","","","","","","","","","","","0","0","2","29","0","","","","","","","","","","","","","","","","","","","","","","","","","","","0"
"756","Washington","11/27/10","9","AGUILAR","DEVIN","","","","","","","","","","","","0","0","2","7","0","","","","","","","","","","","","","","","","","","","","","","","","","","","0"
"756","Washington","12/04/10","9","AGUILAR","DEVIN","","","","","","","","","","","","0","0","1","14","0","","","","","","","","","1","0","0","","","","","","","","","","","","","","","","0"
"756","Washington","12/30/10","9","AGUILAR","DEVIN","","","","","","","","","","","","0","0","","","","","","","","","","","","3","15","0","","","","","","","","","","","","","","","","0"
"756","Washington","09/11/10","18","BARNETT","MARLION","","","","","","","","","","","","0","0","2","15","0","","","","","","","","","","","","","","","","","","","","","","","","","","","0"
"756","Washington","09/18/10","18","BARNETT","MARLION","","","","","","","","","","","","0","0","1","10","0","","","","","","","","","","","","","","","","","","","","","","","","","","","0"
"756","Washington","10/16/10","18","BARNETT","MARLION","","","","","","","","","","","","0","0","1","6","0","","","","","","","","","","","","","","","","","","","","","","","","","","","0"
"756","Washington","09/04/10","7","BRUNS","CODY","","","","","","","","","","","","0","0","3","25","0","","","","","","","","","","","","","","","","","","","","","","","","","","","0"
"756","Washington","09/18/10","7","BRUNS","CODY","1","4","0","4","0","","","","","","","1","4","","","","","","","","","","","","","","","","","","","","","","","","","","","","","","0"
"756","Washington","10/02/10","7","BRUNS","CODY","","","","","","","","","","","","0","0","1","18","0","","","","","","","","","","","","","","","","","","","","","","","","","","","0"
"756","Washington","10/09/10","7","BRUNS","CODY","1","0","0","0","0","","","","","","","1","0","","","","","","","","","","","","","","","","","","","","","","","","","","","","","","0"
"756","Washington","10/16/10","7","BRUNS","CODY","","","","","","","","","","","","0","0","1","15","0","","","","","","","","","4","19","0","","","","","","","","","","","","","","","","0"
"756","Washington","10/23/10","7","BRUNS","CODY","","","","","","","","","","","","0","0","1","43","0","","","","","","","","","","","","","","","","","","","","","","","","","","","0"
"756","Washington","10/30/10","7","BRUNS","CODY","","","","","","","","","","","","0","0","1","1","0","","","","","","","","","1","2","0","","","","","","","","","","","","","","","","0"
"756","Washington","11/18/10","7","BRUNS","CODY","","","","","","","","","","","","0","0","","","","","","","","","","","","6","29","0","","","","","","","","","","","","","","","","0"
"756","Washington","11/27/10","7","BRUNS","CODY","","","","","","","","","","","","0","0","","","","","","","","","","","","4","13","0","","","","","","","","","","","","","","","","0"
"756","Washington","12/04/10","7","BRUNS","CODY","","","","","","","","","","","","0","0","","","","","","","","","","","","1","0","0","","","","","","","","","","","","","","","","0"
"756","Washington","09/04/10","24","CALLIER","JESSE","2","40","0","40","0","","","","","","","2","40","2","15","0","","","","","","","","","","","","1","16","0","","","","","","","","","","","","","0"
"756","Washington","09/11/10","24","CALLIER","JESSE","8","46","0","46","0","","","","","","","8","46","","","","","","","","","","","","","","","","","","","","","","","","","","","","","","0"
"756","Washington","09/18/10","24","CALLIER","JESSE","10","57","0","57","0","","","","","","","10","57","","","","","","","","","","","","","","","","","","","","","","","","","","","","","","0"
"756","Washington","10/02/10","24","CALLIER","JESSE","8","29","9","20","0","","","","","","","8","20","3","20","0","","","","","","","","","","","","","","","","","","","","","","","","","","","0"
"756","Washington","10/09/10","24","CALLIER","JESSE","3","20","0","20","0","1","0","0","0","0","","4","20","3","24","0","","","","","","","","","","","","2","81","0","","","","","","","","","","","","","0"
"756","Washington","10/16/10","24","CALLIER","JESSE","5","20","0","20","0","","","","","","","5","20","1","6","0","","","","","","","","","","","","3","58","0","","","","","","","","","","","","","0"
"756","Washington","10/23/10","24","CALLIER","JESSE","8","37","1","36","0","","","","","","","8","36","3","6","0","","","","","","","","","","","","6","151","0","","","","","","","","","","","","","0"
"756","Washington","10/30/10","24","CALLIER","JESSE","4","2","1","1","0","","","","","","","4","1","","","","","","","","","","","","","","","3","58","0","","","","","","","","","","","","","0"
"756","Washington","11/06/10","24","CALLIER","JESSE","7","55","0","55","0","","","","","","","7","55","2","4","0","","","","","","","","","","","","6","135","0","","","","","","","","","","","","","0"
"756","Washington","11/18/10","24","CALLIER","JESSE","10","107","0","107","0","","","","","","","10","107","1","6","0","","","","","","","","","","","","1","14","0","","","","","","","","","","","","","0"
"756","Washington","11/27/10","24","CALLIER","JESSE","6","22","7","15","0","","","","","","","6","15","","","","","","","","","","","","","","","3","96","0","","","","","","","","","","","","","0"
"756","Washington","12/04/10","24","CALLIER","JESSE","2","7","0","7","0","","","","","","","2","7","3","17","0","","","","","","","","","2","21","0","4","62","0","","","","","","","","","","","","","0"
"756","Washington","12/30/10","24","CALLIER","JESSE","4","11","2","9","0","2","1","0","16","0","","6","25","","","","","","","","","","","","","","","3","62","0","","","","","","","","","","","","","0"
"756","Washington","11/27/10","27","CHANDLER","WILLIAM","","","","","","","","","","","","0","0","","","","","","","","","","1","30","","","","","","","","","","","","","","","","","","","0"
"756","Washington","10/09/10","31","DENNISON","CORT","","","","","","","","","","","","0","0","","","","1","10","0","","","","","","","","","","","","","","","","","","","","","","","","0"
"756","Washington","11/18/10","31","DENNISON","CORT","","","","","","","","","","","","0","0","","","","1","0","0","","","","","","","","","","","","","","","","","","","","","","","","0"
"756","Washington","09/11/10","1H","DUCRE","GREGORY","","","","","","","","","","","","0","0","","","","1","0","0","","","","","","","","","","","","","","","","","","","","","","","","0"
"756","Washington","09/18/10","29","FELLNER","NATE","","","","","","","","","","","","0","0","","","","","","","1","11","0","","","","","","","","","","","","","","","","","","","","","0"
"756","Washington","10/16/10","29","FELLNER","NATE","","","","","","","","","","","","0","0","","","","1","0","0","","","","","","","","","","","","","","","","","","","","","","","","0"
"756","Washington","10/30/10","29","FELLNER","NATE","","","","","","","","","","","","0","0","","","","1","0","0","","","","","","","","","","","","","","","","","","","","","","","","0"
"756","Washington","11/18/10","29","FELLNER","NATE","","","","","","","","","","","","0","0","","","","1","0","0","","","","","","","","","","","","","","","","","","","","","","","","0"
"756","Washington","12/04/10","29","FELLNER","NATE","","","","","","","","","","","","0","0","","","","1","0","0","","","","","","","","","","","","","","","","","","","","","","","","0"
"756","Washington","12/30/10","29","FELLNER","NATE","","","","","","","","","","","","0","0","","","","1","0","0","","","","","","","","","","","","","","","","","","","","","","","","0"
"756","Washington","09/04/10","23","FOGERSON","JOHRI","1","6","0","6","0","","","","","","","1","6","","","","","","","","","","","","","","","","","","","","","","","","","","","","","","0"
"756","Washington","10/23/10","30","FOGERSON","ZACH","2","10","0","10","0","","","","","","","2","10","","","","","","","","","","","","","","","","","","","","","","","","","","","","","","0"
"756","Washington","10/30/10","30","FOGERSON","ZACH","","","","","","","","","","","","0","0","1","7","0","","","","","","","","","","","","","","","","","","","","","","","","","","","0"
"756","Washington","09/04/10","17","FOLK","ERIK","","","","","","","","","","","","0","0","","","","","","","","","","","","","","","","","","","2","2","0","0","","","","","1","1","","5"
"756","Washington","09/11/10","17","FOLK","ERIK","","","","","","","","","","","","0","0","","","","","","","","","","","","","","","","","","","5","5","0","0","","","","","2","2","","11"
"756","Washington","09/18/10","17","FOLK","ERIK","","","","","","","","","","","","0","0","","","","","","","","","","","","","","","","","","","3","3","0","0","","","","","","","","3"
"756","Washington","10/02/10","17","FOLK","ERIK","","","","","","","","","","","","0","0","","","","","","","","","","","","","","","","","","","2","2","0","0","","","","","4","4","","14"
"756","Washington","10/09/10","17","FOLK","ERIK","","","","","","","","","","","","0","0","","","","","","","","","","","","","","","","","","","2","2","0","0","","","","","1","0","","2"
"756","Washington","10/16/10","17","FOLK","ERIK","","","","","","","","","","","","0","0","","","","","","","","","","","","","","","","","","","5","5","0","0","","","","","1","0","","5"
"756","Washington","10/23/10","17","FOLK","ERIK","","","","","","","","","","","","0","0","","","","","","","","","","","","","","","","","","","2","2","0","0","","","","","","","","2"
"756","Washington","11/06/10","17","FOLK","ERIK","","","","","","","","","","","","0","0","","","","","","","","","","","","","","","","","","","1","1","0","0","","","","","4","3","","10"
"756","Washington","11/18/10","17","FOLK","ERIK","","","","","","","","","","","","0","0","","","","","","","","","","","","","","","","","","","3","3","0","0","","","","","3","1","","6"
"756","Washington","11/27/10","17","FOLK","ERIK","","","","","","","","","","","","0","0","","","","","","","","","","","","","","","","","","","1","1","0","0","","","","","1","1","","4"
"756","Washington","12/04/10","17","FOLK","ERIK","","","","","","","","","","","","0","0","","","","","","","","","","","","","","","","","","","5","5","0","0","","","","","","","","5"
"756","Washington","12/30/10","17","FOLK","ERIK","","","","","","","","","","","","0","0","","","","","","","","","","","","","","","","","","","2","2","0","0","","","","","3","1","","5"
"756","Washington","09/04/10","11","GOODWIN","D'ANDRE","","","","","","","","","","","","0","0","1","5","0","","","","","","","","","","","","","","","","","","","","","","","","","","","0"
"756","Washington","09/11/10","11","GOODWIN","D'ANDRE","","","","","","","","","","","","0","0","1","6","0","","","","","","","","","","","","","","","","","","","","","","","","","","","0"
"756","Washington","10/02/10","11","GOODWIN","D'ANDRE","","","","","","","","","","","","0","0","4","48","0","","","","","","","","","","","","","","","","","","","","","","","","","","","0"
"756","Washington","10/09/10","11","GOODWIN","D'ANDRE","","","","","","","","","","","","0","0","8","78","1","","","","","","","","","","","","","","","1","","","","","","","","","","","","6"
"756","Washington","10/16/10","11","GOODWIN","D'ANDRE","","","","","","","","","","","","0","0","6","75","1","","","","","","","","","","","","","","","1","","","","","","","","","","","","6"
"756","Washington","10/23/10","11","GOODWIN","D'ANDRE","","","","","","","","","","","","0","0","5","51","0","","","","","","","","","","","","","","","","","","","","","","","","","","","0"
"756","Washington","10/30/10","11","GOODWIN","D'ANDRE","","","","","","","","","","","","0","0","3","27","0","","","","","","","","","","","","","","","","","","","","","","","","","","","0"
"756","Washington","11/06/10","11","GOODWIN","D'ANDRE","","","","","","","","","","","","0","0","3","44","1","","","","","","","","","","","","","","","1","","","","","","","","","","","","6"
"756","Washington","11/18/10","11","GOODWIN","D'ANDRE","","","","","","","","","","","","0","0","3","11","0","","","","","","","","","","","","","","","","","","","","","","","","","","","0"
"756","Washington","11/27/10","11","GOODWIN","D'ANDRE","","","","","","","","","","","","0","0","5","126","1","","","","","","","","","","","","","","","1","","","","","","","","","","","","6"
"756","Washington","12/04/10","11","GOODWIN","D'ANDRE","","","","","","","","","","","","0","0","3","29","0","","","","","","","","","","","","","","","","","","","","","","","","","","","0"
"756","Washington","12/30/10","11","GOODWIN","D'ANDRE","","","","","","","","","","","","0","0","2","30","0","","","","","","","","","","","","","","","","","","","","","","","","","","","0"
"756","Washington","09/04/10","4","IZBICKI","CHRIS","","","","","","","","","","","","0","0","1","15","0","","","","","","","","","","","","","","","","","","","","","","","","","","","0"
"756","Washington","10/02/10","4","IZBICKI","CHRIS","","","","","","","","","","","","0","0","1","1","1","","","","","","","","","","","","","","","1","","","","","","","","","","","","6"
"756","Washington","09/11/10","3","JOHNSON","JAMES","","","","","","","","","","","","0","0","1","3","0","","","","","","","","","","","","","","","","","","","","","","","","","","","0"
"756","Washington","09/04/10","15","KEARSE","JERMAINE","","","","","","","","","","","","0","0","5","108","1","","","","","","","","","","","","","","","1","","","","","","","","","","","","6"
"756","Washington","09/11/10","15","KEARSE","JERMAINE","","","","","","","","","","","","0","0","9","179","3","","","","","","","","","","","","","","","3","","","","","","","","","","","","18"
"756","Washington","09/18/10","15","KEARSE","JERMAINE","","","","","","","","","","","","0","0","2","51","1","","","","","","","","","","","","","","","1","","","","","","","","","","","","6"
"756","Washington","10/02/10","15","KEARSE","JERMAINE","","","","","","","","","","","","0","0","6","92","0","","","","","","","","","","","","","","","","","","","","","","","","","","","0"
"756","Washington","10/09/10","15","KEARSE","JERMAINE","","","","","","","","","","","","0","0","6","47","0","","","","","","","","","","","","","","","","","","","","","","","","","","","0"
"756","Washington","10/16/10","15","KEARSE","JERMAINE","","","","","","","","","","","","0","0","9","146","4","","","","","","","","","","","","","","","4","","","","","","","","","","","","24"
"756","Washington","10/23/10","15","KEARSE","JERMAINE","","","","","","","","","","","","0","0","4","47","1","","","","","","","","","","","","","","","1","","","","","","","","","","","","6"
"756","Washington","10/30/10","15","KEARSE","JERMAINE","","","","","","","","","","","","0","0","4","53","0","","","","","","","","","","","","","","","","","","","","","","","","","","","0"
"756","Washington","11/06/10","15","KEARSE","JERMAINE","","","","","","","","","","","","0","0","2","6","0","","","","","","","","","","","","","","","","","","","","","","","","","","","0"
"756","Washington","11/18/10","15","KEARSE","JERMAINE","","","","","","","","","","","","0","0","3","17","0","","","","","","","","","","","","","","","","","","","","","","","","","","","0"
"756","Washington","11/27/10","15","KEARSE","JERMAINE","","","","","","","","","","","","0","0","6","77","0","","","","","","","","","","","","","","","","","","","","","","","","","","","0"
"756","Washington","12/04/10","15","KEARSE","JERMAINE","","","","","","","","","","","","0","0","6","178","2","","","","","","","","","","","","","","","2","","","","","","","","","","","","12"
"756","Washington","12/30/10","15","KEARSE","JERMAINE","","","","","","","","","","","","0","0","1","4","0","","","","","","","","","","","","","","","","","","","","","","","","","","","0"
"756","Washington","09/04/10","10","LOCKER","JAKE","11","39","10","29","1","37","20","0","266","1","","48","295","","","","","","","","","","","","","","","","","","1","","","","","","","","","","","","6"
"756","Washington","09/11/10","10","LOCKER","JAKE","5","17","5","12","0","33","22","0","289","4","","38","301","","","","","","","","","","","","","","","","","","","","","","","","","","","","","","0"
"756","Washington","09/18/10","10","LOCKER","JAKE","11","71","12","59","1","20","4","2","71","1","","31","130","","","","","","","","","","","","","","","","","","1","","","","","","","","","","","","6"
"756","Washington","10/02/10","10","LOCKER","JAKE","12","116","6","110","0","40","24","0","310","1","","52","420","","","","","","","","","","","","","","","","","","","","","","","","","","","","","","0"
"756","Washington","10/09/10","10","LOCKER","JAKE","11","25","19","6","1","38","23","1","209","1","","49","215","","","","","","","","","","","","","","","","","","1","","","","","","","","","","","","6"
"756","Washington","10/16/10","10","LOCKER","JAKE","12","69","9","60","0","35","21","1","286","5","","47","346","","","","","","","","","","","","","","","","","","","","","","","","","","","","","","0"
"756","Washington","10/23/10","10","LOCKER","JAKE","6","9","33","-24","0","29","17","0","183","1","","35","159","","","","","","","","","","","","","","","","","","","","","","","","","","","","","","0"
"756","Washington","10/30/10","10","LOCKER","JAKE","8","17","16","1","0","14","7","2","64","0","","22","65","","","","","","","","","","","","","","","","","","","","","","","","","","","","","","0"
"756","Washington","11/18/10","10","LOCKER","JAKE","4","15","6","9","1","21","10","1","68","0","","25","77","","","","","","","","","","","","","","","","","","1","","","","","","","","","","","","6"
"756","Washington","11/27/10","10","LOCKER","JAKE","12","34","23","11","0","27","17","1","237","1","","39","248","","","","","","","","","","","","","","","","","","","","","","","","","","","","","","0"
"756","Washington","12/04/10","10","LOCKER","JAKE","9","44","15","29","1","22","14","1","226","2","","31","255","","","","","","","","","","","","","","","","","","1","","","","","","","","","","","","6"
"756","Washington","12/30/10","10","LOCKER","JAKE","13","85","2","83","1","16","5","0","56","0","","29","139","1","16","0","","","","","","","","","","","","","","","1","","","","","","","","","","","","6"
"756","Washington","09/04/10","46","MAHAN","WILL","1","0","39","-39","0","","","","","","","1","-39","","","","","","","","","","6","271","","","","","","","","","","","","","","","","","","","0"
"756","Washington","09/11/10","0A","PARKER","SEAN","","","","","","","","","","","","0","0","","","","","","","","","","","","","","","1","15","0","","","","","","","","","","","","","0"
"756","Washington","09/18/10","0A","PARKER","SEAN","","","","","","","","","","","","0","0","","","","","","","","","","","","","","","1","24","0","","","","","","","","","","","","","0"
"756","Washington","10/09/10","0A","PARKER","SEAN","","","","","","","","","","","","0","0","","","","","","","","","","","","","","","2","39","0","","","","","","","","","","","","","0"
"756","Washington","10/16/10","0A","PARKER","SEAN","","","","","","","","","","","","0","0","","","","1","0","0","","","","","","","","","1","17","0","","","","","","","","","","","","","0"
"756","Washington","09/04/10","1","POLK","CHRIS","16","92","0","92","0","","","","","","","16","92","1","7","0","","","","","","","","","","","","2","4","0","","","","","","","","","","","","","0"
"756","Washington","09/11/10","1","POLK","CHRIS","20","125","8","117","1","","","","","","","20","117","1","2","0","","","","","","","","","","","","","","","1","","","","","","","","","","","","6"
"756","Washington","09/18/10","1","POLK","CHRIS","17","57","2","55","1","","","","","","","17","55","","","","","","","","","","","","","","","","","","1","","","","","","","","","","","","6"
"756","Washington","10/02/10","1","POLK","CHRIS","13","92","0","92","1","","","","","","","13","92","4","50","0","","","","","","","","","","","","","","","1","","","","","","","","","","","","6"
"756","Washington","10/09/10","1","POLK","CHRIS","18","110","0","110","0","","","","","","","18","110","3","20","0","","","","","","","","","","","","","","","","","","","","","","","","","","","0"
"756","Washington","10/16/10","1","POLK","CHRIS","25","116","11","105","0","","","","","","","25","105","2","29","0","","","","","","","","","","","","","","","","","","","","","","","","","","","0"
"756","Washington","10/23/10","1","POLK","CHRIS","14","67","2","65","1","","","","","","","14","65","2","18","0","","","","","","","","","","","","","","","1","","","","","","","","","","","","6"
"756","Washington","10/30/10","1","POLK","CHRIS","13","28","11","17","0","","","","","","","13","17","","","","","","","","","","","","","","","","","","","","","","","","","","","","","","0"
"756","Washington","11/06/10","1","POLK","CHRIS","17","81","4","77","0","","","","","","","17","77","2","2","0","","","","","","","","","","","","","","","","","","","","","","","","","","","0"
"756","Washington","11/18/10","1","POLK","CHRIS","26","145","7","138","1","","","","","","","26","138","1","5","0","","","","","","","","","","","","","","","1","","","","","","","","","","","","6"
"756","Washington","11/27/10","1","POLK","CHRIS","18","88","2","86","1","","","","","","","18","86","2","7","0","","","","","","","","","","","","","","","1","","","","","","","","","","","","6"
"756","Washington","12/04/10","1","POLK","CHRIS","29","286","2","284","2","","","","","","","29","284","2","18","0","","","","","","","","","","","","","","","2","","","","","","","","","","","","12"
"756","Washington","12/30/10","1","POLK","CHRIS","34","178","1","177","1","","","","","","","34","177","2","22","0","","","","","","","","","","","","","","","1","","","","","","","","","","","","6"
"756","Washington","09/04/10","82","POLK","JORDAN","","","","","","","","","","","","0","0","1","25","0","","","","","","","","","","","","","","","","","","","","","","","","","","","0"
"756","Washington","10/09/10","82","POLK","JORDAN","1","10","0","10","0","","","","","","","1","10","3","40","0","","","","","","","","","","","","","","","","","","","","","","","","","","","0"
"756","Washington","10/16/10","82","POLK","JORDAN","1","4","0","4","0","","","","","","","1","4","1","9","0","","","","","","","","","","","","","","","","","","","","","","","","","","","0"
"756","Washington","10/23/10","82","POLK","JORDAN","","","","","","","","","","","","0","0","2","20","0","","","","","","","","","","","","","","","","","","","","","","","","","","","0"
"756","Washington","09/11/10","1G","PRICE","KEITH","","","","","","1","1","0","3","0","","1","3","","","","","","","","","","","","","","","","","","","","","","","","","","","","","","0"
"756","Washington","10/02/10","1G","PRICE","KEITH","","","","","","1","1","0","1","1","0","1","1","","","","","","","","","","","","","","","","","","","","","1","0","","","","","","","","0"
"756","Washington","10/23/10","1G","PRICE","KEITH","3","13","2","11","0","4","1","0","9","0","","7","20","","","","","","","","","","","","","","","","","","","","","","","","","","","","","","0"
"756","Washington","10/30/10","1G","PRICE","KEITH","","","","","","3","2","0","24","0","","3","24","","","","","","","","","","","","","","","","","","","","","","","","","","","","","","0"
"756","Washington","11/06/10","1G","PRICE","KEITH","13","36","32","4","0","28","14","0","127","1","","41","131","","","","","","","","","","","","","","","","","","","","","","","","","","","","","","0"
"756","Washington","09/11/10","94","RASP","KIEL","","","","","","","","","","","","0","0","","","","","","","","","","6","242","","","","","","","","","","","","","","","","","","","0"
"756","Washington","09/18/10","94","RASP","KIEL","","","","","","","","","","","","0","0","","","","","","","","","","9","438","","","","","","","","","","","","","","","","","","","0"
"756","Washington","10/02/10","94","RASP","KIEL","","","","","","","","","","","","0","0","","","","","","","","","","1","45","","","","","","","","","","","","","","","","","","","0"
"756","Washington","10/09/10","94","RASP","KIEL","","","","","","","","","","","","0","0","","","","","","","","","","3","139","","","","","","","","","","","","","","","","","","","0"
"756","Washington","10/16/10","94","RASP","KIEL","","","","","","","","","","","","0","0","","","","","","","","","","4","192","","","","","","","","","","","","","","","","","","","0"
"756","Washington","10/23/10","94","RASP","KIEL","","","","","","","","","","","","0","0","","","","","","","","","","7","291","","","","","","","","","","","","","","","","","","","0"
"756","Washington","10/30/10","94","RASP","KIEL","","","","","","","","","","","","0","0","","","","","","","","","","7","284","","","","","","","","","","","","","","","","","","","0"
"756","Washington","11/06/10","94","RASP","KIEL","","","","","","","","","","","","0","0","","","","","","","","","","10","414","","","","","","","","","","","","","","","","","","","0"
"756","Washington","11/18/10","94","RASP","KIEL","","","","","","","","","","","","0","0","","","","","","","","","","7","289","","","","","","","","","","","","","","","","","","","0"
"756","Washington","11/27/10","94","RASP","KIEL","","","","","","","","","","","","0","0","","","","","","","","","","6","300","","","","","","","","","","","","","","","","","","","0"
"756","Washington","12/04/10","94","RASP","KIEL","","","","","","1","1","0","30","0","","1","30","","","","","","","","","","5","227","","","","","","","","","","","","","","","","","","","0"
"756","Washington","12/30/10","94","RASP","KIEL","","","","","","","","","","","","0","0","","","","","","","","","","4","159","","","","","","","","","","","","","","","","","","","0"
"756","Washington","10/23/10","28","RICHARDSON","QUINTON","","","","","","","","","","","","0","0","","","","","","","","","","","","","","","","","","","","","0","0","1","0","","","","","","0"
"756","Washington","11/18/10","28","RICHARDSON","QUINTON","","","","","","","","","","","","0","0","","","","1","28","1","","","","","","","","","","","","1","","","","","","","","","","","","6"
"756","Washington","11/27/10","28","RICHARDSON","QUINTON","","","","","","","","","","","","0","0","","","","1","8","0","","","","","","","","","","","","","","","","","","","","","","","","0"
"756","Washington","09/11/10","8","SMITH","KEVIN","","","","","","","","","","","","0","0","","","","","","","","","","","","","","","3","57","0","","","","","","","","","","","","","0"
"756","Washington","09/18/10","8","SMITH","KEVIN","","","","","","","","","","","","0","0","","","","","","","","","","","","1","12","0","2","41","0","","","","","","","","","","","","","0"
"756","Washington","10/02/10","8","SMITH","KEVIN","1","3","0","3","0","","","","","","","1","3","","","","","","","","","","","","","","","6","127","0","","","","","","","","","","","","","0"
"756","Washington","10/30/10","8","SMITH","KEVIN","","","","","","","","","","","","0","0","","","","","","","","","","","","","","","2","42","0","","","","","","","","","","","","","0"
"756","Washington","11/06/10","8","SMITH","KEVIN","","","","","","","","","","","","0","0","","","","","","","","","","","","","","","1","27","0","","","","","","","","","","","","","0"
"756","Washington","11/18/10","8","SMITH","KEVIN","","","","","","","","","","","","0","0","","","","","","","","","","","","","","","1","20","0","","","","","","","","","","","","","0"
"756","Washington","11/27/10","8","SMITH","KEVIN","","","","","","","","","","","","0","0","1","18","0","","","","","","","","","","","","","","","","","","","","","","","","","","","0"
"756","Washington","12/04/10","8","SMITH","KEVIN","1","0","3","-3","0","","","","","","","1","-3","","","","","","","","","","","","","","","0","10","0","","","","","","","","","","","","","0"
"756","Washington","09/04/10","47","SYLVESTER","AUSTIN","","","","","","","","","","","","0","0","1","9","0","","","","","","","","","","","","","","","","","","","","","","","","","","","0"
"756","Washington","09/11/10","47","SYLVESTER","AUSTIN","","","","","","","","","","","","0","0","1","6","0","","","","","","","","","","","","","","","","","","","","","","","","","","","0"
"756","Washington","10/23/10","47","SYLVESTER","AUSTIN","","","","","","","","","","","","0","0","1","7","0","","","","","","","","","","","","","","","","","","","","","","","","","","","0"
"756","Washington","11/27/10","47","SYLVESTER","AUSTIN","","","","","","","","","","","","0","0","1","2","0","","","","","","","","","","","","","","","","","","","","","","","","","","","0"
"756","Washington","12/30/10","74","TA'AMU","ALAMEDA","","","","","","","","","","","","0","0","","","","","","","1","14","0","","","","","","","","","","","","","","","","","","","","","0"
"756","Washington","09/11/10","65","TOLAR","RYAN","","","","","","","","","","","","0","0","1","0","0","","","","","","","","","","","","","","","","","","","","","","","","","","","0"
"756","Washington","10/16/10","6","TRUFANT","DESMOND","","","","","","","","","","","","0","0","","","","1","5","0","","","","","","","","","","","","","","","","","","","","","","","","0"
"754","Washington St.","09/04/10","81","BARTON","ISIAH","","","","","","","","","","","","0","0","4","69","0","","","","","","","","","","","","","","","","","","","","","","","","","","","0"
"754","Washington St.","09/11/10","81","BARTON","ISIAH","1","0","2","-2","0","","","","","","","1","-2","","","","","","","","","","","","","","","5","127","0","","","","","","","","","","","","","0"
"754","Washington St.","09/18/10","81","BARTON","ISIAH","","","","","","","","","","","","0","0","","","","","","","","","","","","","","","5","93","0","","","","","","","","","","","","","0"
"754","Washington St.","09/25/10","81","BARTON","ISIAH","","","","","","","","","","","","0","0","3","6","0","","","","","","","","","","","","3","60","0","","","","","","","","","","","","","0"
"754","Washington St.","10/02/10","81","BARTON","ISIAH","","","","","","","","","","","","0","0","","","","","","","","","","","","","","","4","100","0","","","","","","","","","","","","","0"
"754","Washington St.","10/09/10","81","BARTON","ISIAH","","","","","","","","","","","","0","0","2","13","0","","","","","","","","","","","","","","","","","","","","","","","","","","","0"
"754","Washington St.","10/16/10","81","BARTON","ISIAH","1","0","2","-2","0","","","","","","","1","-2","2","9","0","","","","","","","","","","","","","","","","","","","","","","","","","","","0"
"754","Washington St.","10/23/10","81","BARTON","ISIAH","","","","","","","","","","","","0","0","","","","","","","","","","","","","","","2","33","0","","","","","","","","","","","","","0"
"754","Washington St.","10/30/10","81","BARTON","ISIAH","","","","","","","","","","","","0","0","3","23","0","","","","","","","","","2","23","0","","","","","","","","","","","","","","","","0"
"754","Washington St.","11/06/10","81","BARTON","ISIAH","","","","","","","","","","","","0","0","1","13","0","","","","","","","","","","","","1","23","0","","","","","","","","","","","","","0"
"754","Washington St.","11/13/10","81","BARTON","ISIAH","","","","","","","","","","","","0","0","","","","","","","","","","","","","","","3","83","0","","","","","","","","","","","","","0"
"754","Washington St.","12/04/10","81","BARTON","ISIAH","","","","","","","","","","","","0","0","4","32","0","","","","","","","","","2","7","0","5","101","0","","","","","","","","","","","","","0"
"754","Washington St.","09/11/10","13","BECK","MYRON","","","","","","","","","","","","0","0","","","","1","3","0","","","","","","","","","","","","","","","","","","","","","","","","0"
"754","Washington St.","10/02/10","13","BECK","MYRON","","","","","","","","","","","","0","0","","","","","","","1","21","0","","","","","","","","","","","","","","","","","","","","","0"
"754","Washington St.","09/11/10","2","BLACKLEDGE","DANIEL","","","","","","","","","","","","0","0","3","40","0","","","","","","","","","","","","","","","","","","","","","","","","","","","0"
"754","Washington St.","09/18/10","2","BLACKLEDGE","DANIEL","","","","","","","","","","","","0","0","1","6","0","","","","","","","","","","","","","","","","","","","","","","","","","","","0"
"754","Washington St.","09/25/10","2","BLACKLEDGE","DANIEL","","","","","","","","","","","","0","0","2","23","0","","","","","","","","","","","","","","","","","","","","","","","","","","","0"
"754","Washington St.","10/02/10","2","BLACKLEDGE","DANIEL","","","","","","","","","","","","0","0","2","28","1","","","","","","","","","","","","","","","1","","","","","","","","","","","","6"
"754","Washington St.","10/09/10","2","BLACKLEDGE","DANIEL","","","","","","","","","","","","0","0","3","27","1","","","","","","","","","","","","","","","1","","","","","","","","","","","","6"
"754","Washington St.","10/16/10","2","BLACKLEDGE","DANIEL","","","","","","","","","","","","0","0","2","42","0","","","","","","","","","","","","","","","","","","","","","","","","","","","0"
"754","Washington St.","10/23/10","2","BLACKLEDGE","DANIEL","","","","","","","","","","","","0","0","1","6","0","","","","","","","","","","","","","","","","","","","","","","","","","","","0"
"754","Washington St.","10/30/10","2","BLACKLEDGE","DANIEL","","","","","","","","","","","","0","0","5","76","0","","","","","","","","","","","","","","","","","","","","","","","","","","","0"
"754","Washington St.","11/13/10","2","BLACKLEDGE","DANIEL","1","19","0","19","0","","","","","","","1","19","4","76","0","","","","","","","","","","","","","","","","","","","","","","","","","","","0"
"754","Washington St.","12/04/10","2","BLACKLEDGE","DANIEL","1","0","3","-3","0","","","","","","","1","-3","7","132","1","","","","","","","","","","","","","","","1","","","","","","","","","","","","6"
"754","Washington St.","09/04/10","23","BROOKS","LEON","","","","","","","","","","","","0","0","","","","","","","","","","","","1","14","0","","","","","","","","","","","","","","","","0"
"754","Washington St.","09/18/10","23","BROOKS","LEON","","","","","","","","","","","","0","0","","","","","","","","","","","","3","26","0","","","","","","","","","","","","","","","","0"
"754","Washington St.","09/25/10","1J","BUCANNON","DEONE","","","","","","","","","","","","0","0","","","","1","0","0","","","","","","","","","","","","","","","","","","","","","","","","0"
"754","Washington St.","10/09/10","1J","BUCANNON","DEONE","","","","","","","","","","","","0","0","","","","","","","1","5","0","","","","","","","","","","","","","","","","","","","","","0"
"754","Washington St.","12/04/10","1J","BUCANNON","DEONE","","","","","","","","","","","","0","0","","","","1","0","0","","","","","","","","","","","","","","","","","","","","","","","","0"
"754","Washington St.","10/30/10","26","BURNS","ARTHUR","2","2","1","1","0","","","","","","","2","1","","","","","","","","","","","","","","","","","","","","","","","","","","","","","","0"
"754","Washington St.","09/04/10","8","FORREST","REID","","","","","","","","","","","","0","0","","","","","","","","","","9","394","","","","","","","","","","","","","","","","","","","0"
"754","Washington St.","09/11/10","8","FORREST","REID","","","","","","","","","","","","0","0","","","","","","","","","","4","169","","","","","","","","","","","","","","","","","","","0"
"754","Washington St.","09/18/10","8","FORREST","REID","","","","","","","","","","","","0","0","","","","","","","","","","7","335","","","","","","","","","","","","","","","","","","","0"
"754","Washington St.","09/25/10","8","FORREST","REID","","","","","","","","","","","","0","0","","","","","","","","","","4","160","","","","","","","","","","","","","","","","","","","0"
"754","Washington St.","10/02/10","8","FORREST","REID","","","","","","","","","","","","0","0","","","","","","","","","","5","243","","","","","","","","","","","","","","","","","","","0"
"754","Washington St.","10/09/10","8","FORREST","REID","","","","","","","","","","","","0","0","","","","","","","","","","5","225","","","","","","","","","","1","0","","","","","","","","0"
"754","Washington St.","10/16/10","8","FORREST","REID","1","0","16","-16","0","","","","","","","1","-16","","","","","","","","","","4","155","","","","","","","","","","","","","","","","","","","0"
"754","Washington St.","10/23/10","8","FORREST","REID","","","","","","","","","","","","0","0","","","","","","","","","","3","172","","","","","","","","","","","","","","","","","","","0"
"754","Washington St.","10/30/10","8","FORREST","REID","","","","","","1","0","0","0","0","","1","0","","","","","","","","","","6","271","","","","","","","","","","","","","","","","","","","0"
"754","Washington St.","11/06/10","8","FORREST","REID","","","","","","","","","","","","0","0","","","","","","","","","","8","388","","","","","","","","","","","","","","","","","","","0"
"754","Washington St.","11/13/10","8","FORREST","REID","","","","","","","","","","","","0","0","","","","","","","","","","4","156","","","","","","","","","","","","","","","","","","","0"
"754","Washington St.","12/04/10","8","FORREST","REID","","","","","","","","","","","","0","0","","","","","","","","","","7","330","","","","","","","","","","","","","","","","","","","0"
"754","Washington St.","10/02/10","49","FURNEY","ANDREW","","","","","","","","","","","","0","0","","","","","","","","","","","","","","","","","","","2","2","0","0","","","","","1","0","","2"
"754","Washington St.","10/09/10","49","FURNEY","ANDREW","","","","","","","","","","","","0","0","","","","","","","","","","","","","","","","","","","2","2","0","0","","","","","","","","2"
"754","Washington St.","10/16/10","49","FURNEY","ANDREW","","","","","","","","","","","","0","0","","","","","","","","","","","","","","","","","","","1","1","0","0","","","","","","","","1"
"754","Washington St.","10/23/10","49","FURNEY","ANDREW","","","","","","","","","","","","0","0","","","","","","","","","","","","","","","","","","","4","4","0","0","","","","","","","","4"
"754","Washington St.","11/06/10","49","FURNEY","ANDREW","","","","","","","","","","","","0","0","","","","","","","","","","","","","","","","","","","1","1","0","0","","","","","3","2","","7"
"754","Washington St.","11/13/10","49","FURNEY","ANDREW","","","","","","","","","","","","0","0","","","","","","","","","","","","","","","","","","","4","4","0","0","","","","","1","1","","7"
"754","Washington St.","12/04/10","49","FURNEY","ANDREW","","","","","","","","","","","","0","0","","","","","","","","","","","","","","","","","","","4","4","0","0","","","","","","","","4"
"754","Washington St.","09/04/10","0E","GALVIN","RICKEY","1","2","0","2","0","","","","","","","1","2","","","","","","","","","","","","","","","","","","","","","","","","","","","","","","0"
"754","Washington St.","09/04/10","18","GRASU","NICO","1","4","0","4","0","","","","","","","1","4","","","","","","","","","","","","","","","","","","","2","2","0","0","","","","","1","1","","5"
"754","Washington St.","09/11/10","18","GRASU","NICO","","","","","","","","","","","","0","0","","","","","","","","","","","","","","","","","","","2","2","0","0","","","","","1","1","","5"
"754","Washington St.","09/18/10","18","GRASU","NICO","","","","","","","","","","","","0","0","","","","","","","","","","","","","","","","","","","3","3","0","0","","","","","1","0","","3"
"754","Washington St.","09/25/10","18","GRASU","NICO","","","","","","","","","","","","0","0","","","","","","","","","","","","","","","","","","","2","1","0","0","","","","","1","1","","4"
"754","Washington St.","10/02/10","18","GRASU","NICO","","","","","","","","","","","","0","0","","","","","","","","","","","","","","","","","","","2","2","0","0","","","","","","","","2"
"754","Washington St.","10/09/10","18","GRASU","NICO","","","","","","","","","","","","0","0","","","","","","","","","","","","","","","","","","","","","","","","","","","1","1","","3"
"754","Washington St.","10/16/10","18","GRASU","NICO","","","","","","","","","","","","0","0","","","","","","","","","","","","","","","","","","","","","","","","","","","1","0","","0"
"754","Washington St.","10/09/10","35","HIGGINS","HALLSTON","","","","","","","","","","","","0","0","","","","","","","1","5","0","","","","","","","","","","","","","","","","","","","","","0"
"754","Washington St.","09/11/10","17","HOFFMAN-ELLIS","ALEX","","","","","","","","","","","","0","0","","","","1","13","0","","","","","","","","","","","","","","","","","","","","","","","","0"
"754","Washington St.","10/02/10","9","JUSTIN","AIRE","","","","","","","","","","","","0","0","","","","","","","","","","","","","","","1","30","0","","","","","","","","","","","","","0"
"754","Washington St.","10/16/10","9","JUSTIN","AIRE","","","","","","","","","","","","0","0","","","","","","","","","","","","4","18","0","4","73","0","","","","","","","","","","","","","0"
"754","Washington St.","10/23/10","9","JUSTIN","AIRE","","","","","","","","","","","","0","0","","","","","","","","","","","","1","1","0","3","66","0","","","","","","","","","","","","","0"
"754","Washington St.","11/06/10","9","JUSTIN","AIRE","","","","","","","","","","","","0","0","","","","1","0","0","","","","","","2","33","0","1","17","0","","","","","","","","","","","","","0"
"754","Washington St.","11/13/10","9","JUSTIN","AIRE","","","","","","","","","","","","0","0","","","","1","0","0","","","","","","1","0","0","","","","","","","","","","","","","","","","0"
"754","Washington St.","09/04/10","84","KARSTETTER","JARED","","","","","","","","","","","","0","0","2","16","0","","","","","","","","","","","","","","","","","","","","","","","","","","","0"
"754","Washington St.","09/11/10","84","KARSTETTER","JARED","","","","","","","","","","","","0","0","3","37","1","","","","","","","","","","","","","","","1","","","","","","","","","","","","6"
"754","Washington St.","09/18/10","84","KARSTETTER","JARED","","","","","","","","","","","","0","0","5","43","1","","","","","","","","","","","","","","","1","","","","","","","","","","","","6"
"754","Washington St.","09/25/10","84","KARSTETTER","JARED","","","","","","","","","","","","0","0","8","87","2","","","","","","","","","","","","","","","2","","","","","","","","","","","","12"
"754","Washington St.","10/02/10","84","KARSTETTER","JARED","","","","","","","","","","","","0","0","5","72","0","","","","","","","","","","","","","","","","","","","","","","","","","","","0"
"754","Washington St.","10/09/10","84","KARSTETTER","JARED","","","","","","","","","","","","0","0","10","106","0","","","","","","","","","","","","","","","","","","","","","","","","","","","0"
"754","Washington St.","10/16/10","84","KARSTETTER","JARED","","","","","","","","","","","","0","0","2","17","0","","","","","","","","","","","","","","","","","","","","","","","","","","","0"
"754","Washington St.","10/23/10","84","KARSTETTER","JARED","","","","","","","","","","","","0","0","9","101","2","","","","","","","","","","","","","","","2","","","","","","","","","","","","12"
"754","Washington St.","10/30/10","84","KARSTETTER","JARED","","","","","","","","","","","","0","0","5","55","0","","","","","","","","","","","","","","","","","","","","","","","","","","","0"
"754","Washington St.","11/06/10","84","KARSTETTER","JARED","","","","","","","","","","","","0","0","1","7","0","","","","","","","","","","","","","","","","","","","","","","","","","","","0"
"754","Washington St.","11/13/10","84","KARSTETTER","JARED","","","","","","","","","","","","0","0","4","46","0","","","","","","","","","","","","","","","","","","","","","","","","","","","0"
"754","Washington St.","12/04/10","84","KARSTETTER","JARED","","","","","","","","","","","","0","0","8","71","1","","","","","","","","","","","","","","","1","","","","","","","","","","","","6"
"754","Washington St.","10/23/10","93","KOOYMAN","KEVIN","","","","","","","","","","","","0","0","","","","1","10","0","","","","","","","","","","","","","","","","","","","","","","","","0"
"754","Washington St.","12/04/10","93","KOOYMAN","KEVIN","","","","","","","","","","","","0","0","","","","","","","1","33","0","","","","","","","","","","","","","","","","","","","","","0"
"754","Washington St.","09/11/10","87","LINTZ","ANDREI","","","","","","","","","","","","0","0","1","4","1","","","","","","","","","","","","","","","1","","","","","","","","","","","","6"
"754","Washington St.","09/25/10","0I","LOBBESTAEL","MARSHALL","","","","","","3","1","0","5","0","","3","5","","","","","","","","","","","","","","","","","","","","","","","","","","","","","","0"
"754","Washington St.","10/30/10","0I","LOBBESTAEL","MARSHALL","4","2","32","-30","0","11","6","0","56","0","","15","26","","","","","","","","","","","","","","","","","","","","","","","","","","","","","","0"
"754","Washington St.","11/13/10","0I","LOBBESTAEL","MARSHALL","2","0","0","0","0","","","","","","","2","0","","","","","","","","","","","","","","","","","","","","","","","","","","","","","","0"
"754","Washington St.","10/16/10","47","LOCKER","CASEY","","","","","","","","","","","","0","0","","","","1","0","0","","","","","","","","","","","","","","","","","","","","","","","","0"
"754","Washington St.","09/18/10","39","MCCARTNEY","KYLE","","","","","","","","","","","","0","0","","","","","","","0","0","1","","","","","","","","","1","","","","","","","","","","","","6"
"754","Washington St.","09/04/10","34","MITZ","LOGWONE","10","21","4","17","1","","","","","","","10","17","","","","","","","","","","","","","","","","","","1","","","","","","","","","","","","6"
"754","Washington St.","09/18/10","34","MITZ","LOGWONE","4","25","0","25","0","","","","","","","4","25","","","","","","","","","","","","","","","","","","","","","","","","","","","","","","0"
"754","Washington St.","09/25/10","34","MITZ","LOGWONE","5","26","2","24","0","","","","","","","5","24","","","","","","","","","","","","","","","","","","","","","","","","","","","","","","0"
"754","Washington St.","10/02/10","34","MITZ","LOGWONE","1","24","0","24","0","","","","","","","1","24","","","","","","","","","","","","","","","","","","","","","","","","","","","","","","0"
"754","Washington St.","10/09/10","34","MITZ","LOGWONE","15","65","10","55","1","","","","","","","15","55","1","4","0","","","","","","","","","","","","","","","1","","","","","","","","","","","","6"
"754","Washington St.","10/16/10","34","MITZ","LOGWONE","3","3","2","1","0","","","","","","","3","1","2","4","0","","","","","","","","","","","","","","","","","","","","","","","","","","","0"
"754","Washington St.","10/23/10","34","MITZ","LOGWONE","2","3","0","3","0","","","","","","","2","3","","","","","","","","","","","","","","","","","","","","","","","","","","","","","","0"
"754","Washington St.","10/30/10","34","MITZ","LOGWONE","7","18","2","16","0","","","","","","","7","16","1","-4","0","","","","","","","","","","","","","","","","","","","","","","","","","","","0"
"754","Washington St.","11/06/10","34","MITZ","LOGWONE","11","54","0","54","1","","","","","","","11","54","","","","","","","","","","","","","","","","","","1","","","","","","","","","","","","6"
"754","Washington St.","11/13/10","34","MITZ","LOGWONE","12","34","1","33","1","","","","","","","12","33","","","","","","","","","","","","","","","","","","1","","","","","","","","","","","","6"
"754","Washington St.","12/04/10","34","MITZ","LOGWONE","4","11","0","11","0","","","","","","","4","11","","","","","","","","","","","","","","","","","","","","","","","","","","","","","","0"
"754","Washington St.","09/11/10","1B","MIZELL","C.J.","","","","","","","","","","","","0","0","","","","1","62","0","","","","","","","","","","","","","","","","","","","","","","","","0"
"754","Washington St.","09/04/10","2A","MONTGOMERY","JAMES","9","40","3","37","0","","","","","","","9","37","2","0","0","","","","","","","","","","","","","","","","","","","","","","","","","","","0"
"754","Washington St.","09/11/10","2A","MONTGOMERY","JAMES","20","121","5","116","1","","","","","","","20","116","3","27","0","","","","","","","","","","","","","","","1","","","","","","","","","","","","6"
"754","Washington St.","09/18/10","2A","MONTGOMERY","JAMES","8","25","1","24","0","","","","","","","8","24","","","","","","","","","","","","","","","","","","","","","","","","","","","","","","0"
"754","Washington St.","09/25/10","2A","MONTGOMERY","JAMES","8","13","10","3","0","","","","","","","8","3","","","","","","","","","","","","","","","","","","","","","","","","","","","","","","0"
"754","Washington St.","10/02/10","2A","MONTGOMERY","JAMES","12","45","0","45","2","","","","","","","12","45","1","3","0","","","","","","","","","","","","","","","2","","","","","","","","","","","","12"
"754","Washington St.","10/09/10","2A","MONTGOMERY","JAMES","11","56","6","50","1","","","","","","","11","50","","","","","","","","","","","","","","","","","","1","","","","","","","","","","","","6"
"754","Washington St.","10/16/10","2A","MONTGOMERY","JAMES","13","38","14","24","0","","","","","","","13","24","2","13","0","","","","","","","","","","","","","","","","","","","","","","","","","","","0"
"754","Washington St.","10/23/10","2A","MONTGOMERY","JAMES","5","31","2","29","0","","","","","","","5","29","","","","","","","","","","","","","","","","","","","","","","","","","","","","","","0"
"754","Washington St.","10/30/10","2A","MONTGOMERY","JAMES","8","18","8","10","0","","","","","","","8","10","","","","","","","","","","","","","","","","","","","","","","","","","","","","","","0"
"754","Washington St.","11/13/10","2A","MONTGOMERY","JAMES","15","70","3","67","1","","","","","","","15","67","1","2","0","","","","","","","","","","","","","","","1","","","","","","","","","","","","6"
"754","Washington St.","12/04/10","2A","MONTGOMERY","JAMES","12","79","1","78","0","","","","","","","12","78","2","25","0","","","","","","","","","","","","","","","","","","","","","","","","","","","0"
"754","Washington St.","09/04/10","20","RICHMOND","MARCUS","","","","","","","","","","","","0","0","1","12","0","","","","","","","","","","","","","","","","","","","","","","","","","","","0"
"754","Washington St.","10/16/10","20","RICHMOND","MARCUS","1","2","0","2","0","","","","","","","1","2","","","","","","","","","","","","","","","","","","","","","","","","","","","","","","0"
"754","Washington St.","10/23/10","20","RICHMOND","MARCUS","2","11","0","11","0","","","","","","","2","11","3","39","1","","","","","","","","","","","","","","","1","","","","","","","","","","","","6"
"754","Washington St.","10/30/10","20","RICHMOND","MARCUS","7","10","8","2","0","","","","","","","7","2","2","6","0","","","","","","","","","","","","2","46","0","","","","","","","","","","","","","0"
"754","Washington St.","11/06/10","20","RICHMOND","MARCUS","2","3","0","3","0","","","","","","","2","3","1","8","0","","","","","","","","","","","","","","","","","","","","","","","","","","","0"
"754","Washington St.","09/11/10","1","SIMONE","GINO","","","","","","","","","","","","0","0","1","9","0","","","","","","","","","","","","","","","","","","","","","","","","","","","0"
"754","Washington St.","09/18/10","1","SIMONE","GINO","","","","","","","","","","","","0","0","1","11","0","","","","","","","","","","","","","","","","","","","","","","","","","","","0"
"754","Washington St.","09/25/10","1","SIMONE","GINO","","","","","","","","","","","","0","0","2","39","0","","","","","","","","","","","","","","","","","","","","","","","","","","","0"
"754","Washington St.","10/09/10","1","SIMONE","GINO","","","","","","","","","","","","0","0","2","3","0","","","","","","","","","","","","","","","","","","","","","","","","","","","0"
"754","Washington St.","10/16/10","1","SIMONE","GINO","","","","","","","","","","","","0","0","2","41","0","","","","","","","","","","","","","","","","","","","","","","","","","","","0"
"754","Washington St.","10/23/10","1","SIMONE","GINO","","","","","","","","","","","","0","0","1","4","0","","","","","","","","","","","","","","","","","","","","","","","","","","","0"
"754","Washington St.","10/30/10","1","SIMONE","GINO","","","","","","","","","","","","0","0","2","11","0","","","","","","","","","","","","","","","","","","","","","","","","","","","0"
"754","Washington St.","11/06/10","1","SIMONE","GINO","","","","","","","","","","","","0","0","2","14","0","","","","","","","","","","","","","","","","","","","","","","","","","","","0"
"754","Washington St.","09/18/10","12","SOLOMON","JEFFREY","","","","","","","","","","","","0","0","4","76","0","","","","","","","","","","","","","","","","","","","","","","","","","","","0"
"754","Washington St.","09/25/10","12","SOLOMON","JEFFREY","","","","","","1","1","0","29","1","","1","29","4","42","0","","","","","","","","","","","","","","","","","","","","","","","","","","","0"
"754","Washington St.","10/02/10","12","SOLOMON","JEFFREY","","","","","","","","","","","","0","0","6","83","1","","","","","","","","","","","","","","","1","","","","","","","","","","","","6"
"754","Washington St.","10/09/10","12","SOLOMON","JEFFREY","","","","","","","","","","","","0","0","3","35","0","","","","","","","","","","","","","","","","","","","","","","","","","","","0"
"754","Washington St.","09/04/10","22","STADEN","CHANTZ","3","40","0","40","0","","","","","","","3","40","","","","","","","","","","","","","","","1","20","0","","","","","","","","","","","","","0"
"754","Washington St.","09/11/10","22","STADEN","CHANTZ","4","6","1","5","0","","","","","","","4","5","4","48","0","","","","","","","","","1","-3","0","1","15","0","","","","","","","","","","","","","0"
"754","Washington St.","10/02/10","22","STADEN","CHANTZ","1","6","0","6","0","","","","","","","1","6","","","","","","","","","","","","","","","","","","","","","","","","","","","","","","0"
"754","Washington St.","10/09/10","22","STADEN","CHANTZ","4","9","6","3","0","","","","","","","4","3","","","","","","","","","","","","1","3","0","","","","","","","","","","","","","","","","0"
"754","Washington St.","11/06/10","22","STADEN","CHANTZ","3","14","3","11","0","","","","","","","3","11","","","","","","","","","","","","","","","","","","","","","","","","","","","","","","0"
"754","Washington St.","11/13/10","22","STADEN","CHANTZ","7","26","0","26","1","","","","","","","7","26","","","","","","","","","","","","","","","","","","1","","","","","","","","","","","","6"
"754","Washington St.","12/04/10","22","STADEN","CHANTZ","1","0","1","-1","0","","","","","","","1","-1","","","","","","","","","","","","","","","","","","","","","","","","","","","","","","0"
"754","Washington St.","09/04/10","10","TUEL","JEFF","10","25","17","8","0","29","14","0","212","1","","39","220","","","","","","","","","","","","","","","","","","","","","","","","","","","","","","0"
"754","Washington St.","09/11/10","10","TUEL","JEFF","8","14","15","-1","0","29","18","1","204","2","0","37","203","","","","","","","","","","","","","","","","","","","","","1","0","","","","","","","","0"
"754","Washington St.","09/18/10","10","TUEL","JEFF","7","13","14","-1","0","33","18","0","284","2","","40","283","","","","","","","","","","","","","","","","","","","","","","","","","","","","","","0"
"754","Washington St.","09/25/10","10","TUEL","JEFF","12","47","21","26","0","37","24","3","222","1","","49","248","","","","","","","","","","","","","","","","","","","","","","","","","","","","","","0"
"754","Washington St.","10/02/10","10","TUEL","JEFF","14","18","31","-13","0","37","20","0","311","2","","51","298","","","","","","","","","","","","","","","","","","","","","","","","","","","","","","0"
"754","Washington St.","10/09/10","10","TUEL","JEFF","6","9","26","-17","0","40","25","1","245","1","","46","228","","","","","","","","","","","","","","","","","","","","","","","","","","","","","","0"
"754","Washington St.","10/16/10","10","TUEL","JEFF","14","68","35","33","0","32","18","2","257","1","","46","290","","","","","","","","","","","","","","","","","","","","","","","","","","","","","","0"
"754","Washington St.","10/23/10","10","TUEL","JEFF","8","23","7","16","0","28","21","2","298","4","","36","314","","","","","","","","","","","","","","","","","","","","","","","","","","","","","","0"
"754","Washington St.","10/30/10","10","TUEL","JEFF","4","22","12","10","0","26","17","2","200","0","","30","210","","","","","","","","","","","","","","","","","","","","","","","","","","","","","","0"
"754","Washington St.","11/06/10","10","TUEL","JEFF","18","73","39","34","0","25","9","0","92","0","","43","126","","","","","","","","","","","","","","","","","","","","","","","","","","","","","","0"
"754","Washington St.","11/13/10","10","TUEL","JEFF","18","103","24","79","0","15","10","0","157","1","","33","236","","","","","","","","","","","","","","","","","","","","","","","","","","","","","","0"
"754","Washington St.","12/04/10","10","TUEL","JEFF","16","44","19","25","1","35","25","1","298","3","","51","323","","","","","","","","","","","","","","","","","","1","","","","","","","","","","","","6"
"754","Washington St.","10/16/10","0F","WAGNER","DAN","","","","","","","","","","","","0","0","","","","","","","","","","1","51","","","","","","","","","","","","","","","","","","","0"
"754","Washington St.","11/06/10","29","WASHINGTON","NOLAN","","","","","","","","","","","","0","0","","","","1","5","0","","","","","","","","","","","","","","","","","","","","","","","","0"
"754","Washington St.","09/04/10","86","WILSON","MARQUESS","","","","","","","","","","","","0","0","4","108","1","","","","","","","","","","","","","","","1","","","","","","","","","","","","6"
"754","Washington St.","09/11/10","86","WILSON","MARQUESS","","","","","","","","","","","","0","0","3","39","0","","","","","","","","","","","","","","","","","","","","","","","","","","","0"
"754","Washington St.","09/18/10","86","WILSON","MARQUESS","","","","","","","","","","","","0","0","6","134","1","","","","","","","","","","","","","","","1","","","","","","","","","","","","6"
"754","Washington St.","09/25/10","86","WILSON","MARQUESS","","","","","","","","","","","","0","0","7","59","0","","","","","","","","","","","","","","","","","","","","","","","","","","","0"
"754","Washington St.","10/02/10","86","WILSON","MARQUESS","","","","","","","","","","","","0","0","5","118","0","","","","","","","","","","","","","","","","","","","","","","","","","","","0"
"754","Washington St.","10/09/10","86","WILSON","MARQUESS","","","","","","","","","","","","0","0","4","57","0","","","","","","","","","","","","","","","","","","","","","","","","","","","0"
"754","Washington St.","10/16/10","86","WILSON","MARQUESS","","","","","","","","","","","","0","0","6","131","1","","","","","","","","","","","","","","","1","","","","","","","","","","","","6"
"754","Washington St.","10/23/10","86","WILSON","MARQUESS","","","","","","","","","","","","0","0","6","150","1","","","","","","","","","","","","","","","1","","","","","","","","","","","","6"
"754","Washington St.","10/30/10","86","WILSON","MARQUESS","","","","","","","","","","","","0","0","5","89","0","","","","","","","","","","","","","","","","","","","","","","","","","","","0"
"754","Washington St.","11/06/10","86","WILSON","MARQUESS","","","","","","","","","","","","0","0","4","50","0","","","","","","","","","","","","","","","","","","","","","","","","","","","0"
"754","Washington St.","11/13/10","86","WILSON","MARQUESS","","","","","","","","","","","","0","0","1","33","1","","","","","","","","","","","","","","","1","","","","","","","","","","","","6"
"754","Washington St.","12/04/10","86","WILSON","MARQUESS","","","","","","","","","","","","0","0","4","38","1","","","","","","","","","","","","","","","1","","","","","","","","","","","","6"
"754","Washington St.","09/04/10","3","WINSTON","CARL","6","15","1","14","0","","","","","","","6","14","1","7","0","","","","","","","","","","","","","","","","","","","","","","","","","","","0"
"754","Washington St.","09/18/10","3","WINSTON","CARL","9","23","5","18","0","","","","","","","9","18","1","14","0","","","","","","","","","","","","","","","","","","","","","","","","","","","0"
"754","Washington St.","09/25/10","3","WINSTON","CARL","1","14","0","14","0","","","","","","","1","14","","","","","","","","","","","","","","","1","18","0","","","","","","","","","","","","","0"
"754","Washington St.","10/02/10","3","WINSTON","CARL","3","11","0","11","0","","","","","","","3","11","1","7","0","","","","","","","","","","","","1","28","0","","","","","","","","","","","","","0"
"754","Washington St.","10/09/10","3","WINSTON","CARL","","","","","","","","","","","","0","0","","","","","","","","","","","","","","","3","50","0","","","","","","","","","","","","","0"
"754","Washington St.","10/23/10","3","WINSTON","CARL","6","34","3","31","0","","","","","","","6","31","1","-2","0","","","","","","","","","","","","","","","","","","","","","","","","","","","0"
"754","Washington St.","11/13/10","3","WINSTON","CARL","3","3","1","2","0","","","","","","","3","2","","","","","","","","","","","","","","","","","","","","","","","","","","","","","","0"
"768","West Virginia","10/09/10","20","ALSTON","SHAWNE","6","32","0","32","0","","","","","","","6","32","","","","","","","","","","","","","","","","","","","","","","","","","","","","","","0"
"768","West Virginia","10/29/10","20","ALSTON","SHAWNE","","","","","","","","","","","","0","0","","","","","","","","","","","","","","","1","0","0","","","","","","","","","","","","","0"
"768","West Virginia","11/13/10","20","ALSTON","SHAWNE","17","79","4","75","0","","","","","","","17","75","1","-1","0","","","","","","","","","","","","","","","","","","","","","","","","","","","0"
"768","West Virginia","11/20/10","20","ALSTON","SHAWNE","7","36","0","36","0","","","","","","","7","36","","","","","","","","","","","","","","","","","","","","","","","","","","","","","","0"
"768","West Virginia","11/26/10","20","ALSTON","SHAWNE","16","73","2","71","0","","","","","","","16","71","","","","","","","","","","","","","","","","","","","","","","","","","","","","","","0"
"768","West Virginia","12/04/10","20","ALSTON","SHAWNE","8","30","2","28","0","","","","","","","8","28","","","","","","","","","","","","","","","","","","","","","","","","","","","","","","0"
"768","West Virginia","12/28/10","20","ALSTON","SHAWNE","2","6","0","6","0","","","","","","","2","6","2","12","0","","","","","","","","","","","","","","","","","","","","","","","","","","","0"
"768","West Virginia","09/04/10","1","AUSTIN","TAVON","2","11","0","11","0","","","","","","","2","11","5","90","0","","","","","","","","","","","","","","","","","","","","","","","","","","","0"
"768","West Virginia","09/10/10","1","AUSTIN","TAVON","","","","","","","","","","","","0","0","9","85","0","","","","","","","","","","","","3","85","0","","","","","","","","","","","","","0"
"768","West Virginia","09/18/10","1","AUSTIN","TAVON","3","10","1","9","0","","","","","","","3","9","7","106","2","","","","","","","","","","","","4","57","0","2","","","","","","","","","","","","12"
"768","West Virginia","09/25/10","1","AUSTIN","TAVON","","","","","","","","","","","","0","0","3","33","0","","","","","","","","","","","","","","","","","","","","","","","","","","","0"
"768","West Virginia","10/09/10","1","AUSTIN","TAVON","2","19","0","19","0","","","","","","","2","19","3","52","0","","","","","","","","","","","","","","","","","","","","","","","","","","","0"
"768","West Virginia","10/14/10","1","AUSTIN","TAVON","2","22","0","22","0","","","","","","","2","22","5","47","0","","","","","","","","","","","","2","38","0","","","","","","","","","","","","","0"
"768","West Virginia","10/23/10","1","AUSTIN","TAVON","","","","","","","","","","","","0","0","5","32","1","","","","","","","","","","","","","","","1","","","","","","","","","","","","6"
"768","West Virginia","10/29/10","1","AUSTIN","TAVON","1","13","0","13","0","","","","","","","1","13","5","41","0","","","","","","","","","","","","","","","","","","","","","","","","","","","0"
"768","West Virginia","11/13/10","1","AUSTIN","TAVON","2","19","0","19","0","","","","","","","2","19","2","42","2","","","","","","","","","","","","","","","2","","","","","","","","","","","","12"
"768","West Virginia","11/20/10","1","AUSTIN","TAVON","","","","","","","","","","","","0","0","1","25","0","","","","","","","","","","","","","","","","","","","","","","","","","","","0"
"768","West Virginia","11/26/10","1","AUSTIN","TAVON","1","12","0","12","0","","","","","","","1","12","2","83","2","","","","","","","","","","","","","","","2","","","","","","","","","","","","12"
"768","West Virginia","12/04/10","1","AUSTIN","TAVON","1","46","0","46","1","","","","","","","1","46","6","121","1","","","","","","","","","","","","","","","2","","","","","","","","","","","","12"
"768","West Virginia","12/28/10","1","AUSTIN","TAVON","1","8","0","8","0","","","","","","","1","8","5","30","0","","","","","","","","","","","","3","50","0","","","","","","","","","","","","","0"
"768","West Virginia","09/10/10","10","BAILEY","STEADMAN","","","","","","","","","","","","0","0","5","72","0","","","","","","","","","","","","","","","","","","","","","","","","","","","0"
"768","West Virginia","09/18/10","10","BAILEY","STEADMAN","","","","","","","","","","","","0","0","4","60","2","","","","","","","","","","","","","","","2","","","","","","","","","","","","12"
"768","West Virginia","09/25/10","10","BAILEY","STEADMAN","","","","","","","","","","","","0","0","1","5","1","","","","","","","","","","","","","","","1","","","","","","","","","","","","6"
"768","West Virginia","10/09/10","10","BAILEY","STEADMAN","","","","","","","","","","","","0","0","1","17","0","","","","","","","","","","","","","","","","","","","","","","","","","","","0"
"768","West Virginia","10/14/10","10","BAILEY","STEADMAN","","","","","","","","","","","","0","0","2","41","0","","","","","","","","","","","","","","","","","","","","","","","","","","","0"
"768","West Virginia","10/29/10","10","BAILEY","STEADMAN","","","","","","","","","","","","0","0","4","36","0","","","","","","","","","","","","","","","","","","","","","","","","","","","0"
"768","West Virginia","11/26/10","10","BAILEY","STEADMAN","","","","","","","","","","","","0","0","1","9","0","","","","","","","","","","","","","","","","","","","","","","","","","","","0"
"768","West Virginia","12/04/10","10","BAILEY","STEADMAN","","","","","","","","","","","","0","0","2","16","0","","","","","","","","","","","","","","","","","","","","","","","","","","","0"
"768","West Virginia","12/28/10","10","BAILEY","STEADMAN","","","","","","","","","","","","0","0","4","61","1","","","","","","","","","","","","","","","1","","","","","","","","","","","","6"
"768","West Virginia","10/29/10","26","BELL","","","","","","","","","","","","","0","0","","","","","","","","","","","","1","0","0","","","","","","","","","","","","","","","","0"
"768","West Virginia","09/04/10","40","BITANCURT","TYLER","","","","","","","","","","","","0","0","","","","","","","","","","","","","","","","","","","4","4","0","0","","","","","1","1","","7"
"768","West Virginia","09/10/10","40","BITANCURT","TYLER","","","","","","","","","","","","0","0","","","","","","","","","","","","","","","","","","","1","1","0","0","","","","","4","3","","10"
"768","West Virginia","09/18/10","40","BITANCURT","TYLER","","","","","","","","","","","","0","0","","","","","","","","","","","","","","","","","","","4","4","0","0","","","","","1","1","","7"
"768","West Virginia","09/25/10","40","BITANCURT","TYLER","","","","","","","","","","","","0","0","","","","","","","","","","","","","","","","","","","2","2","0","0","","","","","2","0","","2"
"768","West Virginia","10/09/10","40","BITANCURT","TYLER","","","","","","","","","","","","0","0","","","","","","","","","","","","","","","","","","","7","7","0","0","","","","","","","","7"
"768","West Virginia","10/14/10","40","BITANCURT","TYLER","","","","","","","","","","","","0","0","","","","","","","","","","","","","","","","","","","2","2","0","0","","","","","2","2","","8"
"768","West Virginia","10/23/10","40","BITANCURT","TYLER","","","","","","","","","","","","0","0","","","","","","","","","","","","","","","","","","","2","2","0","0","","","","","","","","2"
"768","West Virginia","10/29/10","40","BITANCURT","TYLER","","","","","","","","","","","","0","0","","","","","","","","","","","","","","","","","","","1","1","0","0","","","","","2","2","","7"
"768","West Virginia","11/13/10","40","BITANCURT","TYLER","","","","","","","","","","","","0","0","","","","","","","","","","","","","","","","","","","5","5","0","0","","","","","","","","5"
"768","West Virginia","11/20/10","40","BITANCURT","TYLER","","","","","","","","","","","","0","0","","","","","","","","","","","","","","","","","","","2","2","0","0","","","","","2","1","","5"
"768","West Virginia","11/26/10","40","BITANCURT","TYLER","","","","","","","","","","","","0","0","","","","","","","","","","","","","","","","","","","5","5","0","0","","","","","","","","5"
"768","West Virginia","12/04/10","40","BITANCURT","TYLER","","","","","","","","","","","","0","0","","","","","","","","","","","","","","","","","","","5","5","0","0","","","","","1","0","","5"
"768","West Virginia","12/28/10","40","BITANCURT","TYLER","","","","","","","","","","","","0","0","","","","","","","","","","","","","","","","","","","1","1","0","0","","","","","2","0","","1"
"768","West Virginia","10/14/10","18","BOWSER","BRANTWON","","","","","","","","","","","","0","0","","","","1","4","0","","","","","","","","","","","","","","","","","","","","","","","","0"
"768","West Virginia","09/04/10","4D","BRUNETTI","","","","","","","5","3","0","0","0","","5","0","","","","","","","","","","","","","","","","","","","","","","","","","","","","","","0"
"768","West Virginia","10/09/10","4D","BRUNETTI","","1","4","0","4","0","4","1","0","6","0","","5","10","","","","","","","","","","","","","","","","","","","","","","","","","","","","","","0"
"768","West Virginia","09/04/10","32","CLARKE","RYAN","5","15","0","15","1","","","","","","","5","15","","","","","","","","","","","","","","","","","","1","","","","","","","","","","","","6"
"768","West Virginia","09/10/10","32","CLARKE","RYAN","5","27","0","27","0","","","","","","","5","27","","","","","","","","","","","","","","","1","18","0","","","","","","","","","","","","","0"
"768","West Virginia","09/18/10","32","CLARKE","RYAN","15","65","0","65","0","","","","","","","15","65","1","7","0","","","","","","","","","","","","","","","","","","","","","","","","","","","0"
"768","West Virginia","09/25/10","32","CLARKE","RYAN","7","15","3","12","0","","","","","","","7","12","","","","","","","","","","","","","","","","","","","","","","","","","","","","","","0"
"768","West Virginia","10/09/10","32","CLARKE","RYAN","1","5","0","5","0","","","","","","","1","5","","","","","","","","","","","","","","","","","","","","","","","","","","","","","","0"
"768","West Virginia","10/14/10","32","CLARKE","RYAN","10","29","2","27","0","","","","","","","10","27","","","","","","","","","","","","","","","","","","","","","","","","","","","","","","0"
"768","West Virginia","10/23/10","32","CLARKE","RYAN","4","8","0","8","1","","","","","","","4","8","","","","","","","","","","","","","","","2","15","0","1","","","","","","","","","","","","6"
"768","West Virginia","10/29/10","32","CLARKE","RYAN","10","48","6","42","0","","","","","","","10","42","","","","","","","","","","","","","","","","","","","","","","","","","","","","","","0"
"768","West Virginia","11/13/10","32","CLARKE","RYAN","7","29","0","29","0","","","","","","","7","29","","","","","","","","","","","","","","","","","","","","","","","","","","","","","","0"
"768","West Virginia","11/20/10","32","CLARKE","RYAN","3","22","0","22","1","","","","","","","3","22","","","","","","","","","","","","","","","","","","1","","","","","","","","","","","","6"
"768","West Virginia","11/26/10","32","CLARKE","RYAN","6","28","0","28","2","","","","","","","6","28","","","","","","","","","","","","","","","","","","2","","","","","","","","","","","","12"
"768","West Virginia","12/04/10","32","CLARKE","RYAN","7","11","0","11","3","","","","","","","7","11","1","9","0","","","","","","","","","","","","","","","3","","","","","","","","","","","","18"
"768","West Virginia","09/25/10","3","DAVIS","EDDIE","","","","","","","","","","","","0","0","","","","","","","","","","","","","","","2","30","0","","","","","","","","","","","","","0"
"768","West Virginia","12/04/10","3","DAVIS","EDDIE","","","","","","","","","","","","0","0","","","","","","","","","","","","","","","1","17","0","","","","","","","","","","","","","0"
"768","West Virginia","09/04/10","7","DEVINE","NOEL","23","124","13","111","1","","","","","","","23","111","2","18","0","","","","","","","","","","","","1","15","0","1","","","","","","","","","","","","6"
"768","West Virginia","09/10/10","7","DEVINE","NOEL","23","118","6","112","1","","","","","","","23","112","10","62","0","","","","","","","","","","","","","","","1","","","","","","","","","","","","6"
"768","West Virginia","09/18/10","7","DEVINE","NOEL","27","141","10","131","0","","","","","","","27","131","1","9","0","","","","","","","","","","","","","","","","","","","","","","","","","","","0"
"768","West Virginia","09/25/10","7","DEVINE","NOEL","14","41","4","37","0","","","","","","","14","37","2","17","0","","","","","","","","","","","","","","","","","","","","","","","","","","","0"
"768","West Virginia","10/09/10","7","DEVINE","NOEL","3","84","0","84","2","","","","","","","3","84","1","8","0","","","","","","","","","","","","","","","2","","","","","","","","","","","","12"
"768","West Virginia","10/14/10","7","DEVINE","NOEL","13","37","8","29","0","","","","","","","13","29","1","12","1","","","","","","","","","","","","1","25","0","1","","","","","","","","","","","","6"
"768","West Virginia","10/23/10","7","DEVINE","NOEL","24","126","4","122","0","","","","","","","24","122","5","3","0","","","","","","","","","","","","1","12","0","","","","","","","","","","","","","0"
"768","West Virginia","10/29/10","7","DEVINE","NOEL","16","77","10","67","0","","","","","","","16","67","2","3","0","","","","","","","","","","","","","","","","","","","","","","","","","","","0"
"768","West Virginia","11/13/10","7","DEVINE","NOEL","18","77","0","77","1","","","","","","","18","77","1","-2","0","","","","","","","","","","","","","","","1","","","","","","","","","","","","6"
"768","West Virginia","11/20/10","7","DEVINE","NOEL","23","66","8","58","1","","","","","","","23","58","3","61","0","","","","","","","","","","","","","","","1","","","","","","","","","","","","6"
"768","West Virginia","11/26/10","7","DEVINE","NOEL","4","30","3","27","0","","","","","","","4","27","1","48","0","","","","","","","","","","","","","","","","","","","","","","","","","","","0"
"768","West Virginia","12/04/10","7","DEVINE","NOEL","13","40","9","31","0","","","","","","","13","31","1","-2","0","","","","","","","","","","","","1","10","0","","","","","","","","","","","","","0"
"768","West Virginia","12/28/10","7","DEVINE","NOEL","8","52","2","50","0","","","","","","","8","50","4","21","0","","","","","","","","","","","","","","","","","","","","","","","","","","","0"
"768","West Virginia","10/09/10","28","GARVIN","TERENCE","","","","","","","","","","","","0","0","","","","0","5","0","","","","","","","","","","","","","","","","","","","","","","","","0"
"768","West Virginia","11/26/10","28","GARVIN","TERENCE","","","","","","","","","","","","0","0","","","","","","","1","29","0","","","","","","","","","","","","","","","","","","","","","0"
"768","West Virginia","10/09/10","1D","HARGRETT","","2","14","0","14","0","","","","","","","2","14","","","","","","","","","","","","","","","","","","","","","","","","","","","","","","0"
"768","West Virginia","11/13/10","1D","HARGRETT","","1","0","0","0","0","","","","","","","1","0","","","","","","","","","","","","","","","","","","","","","","","","","","","","","","0"
"768","West Virginia","09/04/10","22","HOGAN","BRANDON","","","","","","","","","","","","0","0","","","","1","0","0","","","","","","2","10","0","","","","","","","","","","","","","","","","0"
"768","West Virginia","09/25/10","22","HOGAN","BRANDON","","","","","","","","","","","","0","0","","","","","","","","","","","","1","5","0","3","61","0","","","","","","","","","","","","","0"
"768","West Virginia","10/23/10","22","HOGAN","BRANDON","","","","","","","","","","","","0","0","","","","","","","","","","","","2","9","0","","","","","","","","","","","","","","","","0"
"768","West Virginia","10/29/10","22","HOGAN","BRANDON","","","","","","","","","","","","0","0","","","","","","","","","","","","1","11","0","2","44","0","","","","","","","","","","","","","0"
"768","West Virginia","11/13/10","22","HOGAN","BRANDON","","","","","","","","","","","","0","0","","","","1","25","0","","","","","","2","18","0","1","28","0","","","","","","","","","","","","","0"
"768","West Virginia","11/20/10","22","HOGAN","BRANDON","","","","","","","","","","","","0","0","","","","","","","","","","","","3","22","0","","","","","","","","","","","","","","","","0"
"768","West Virginia","11/26/10","22","HOGAN","BRANDON","","","","","","","","","","","","0","0","","","","1","53","0","","","","","","","","","","","","","","","","","","","","","","","","0"
"768","West Virginia","12/04/10","22","HOGAN","BRANDON","","","","","","","","","","","","0","0","","","","","","","","","","","","1","18","0","","","","","","","","","","","","","","","","0"
"768","West Virginia","09/04/10","6","JOHNSON","WILL","","","","","","","","","","","","0","0","1","22","0","","","","","","","","","","","","","","","","","","","","","","","","","","","0"
"768","West Virginia","09/10/10","6","JOHNSON","WILL","","","","","","","","","","","","0","0","2","21","1","","","","","","","","","","","","","","","1","","","","","","","","","","","","6"
"768","West Virginia","09/25/10","6","JOHNSON","WILL","","","","","","","","","","","","0","0","1","1","0","","","","","","","","","","","","","","","","","","","","","","","","","","","0"
"768","West Virginia","10/09/10","6","JOHNSON","WILL","","","","","","","","","","","","0","0","1","18","0","","","","","","","","","","","","","","","","","","","","","","","","","","","0"
"768","West Virginia","10/14/10","6","JOHNSON","WILL","","","","","","","","","","","","0","0","1","5","0","","","","","","","","","","","","","","","","","","","","","","","","","","","0"
"768","West Virginia","11/13/10","6","JOHNSON","WILL","","","","","","","","","","","","0","0","1","1","0","","","","","","","","","","","","","","","","","","","","","","","","","","","0"
"768","West Virginia","11/26/10","6","JOHNSON","WILL","","","","","","","","","","","","0","0","1","2","1","","","","","","","","","","","","","","","1","","","","","","","","","","","","6"
"768","West Virginia","12/04/10","6","JOHNSON","WILL","","","","","","","","","","","","0","0","1","37","0","","","","","","","","","","","","","","","","","","","","","","","","","","","0"
"768","West Virginia","12/28/10","6","JOHNSON","WILL","","","","","","","","","","","","0","0","","","","","","","","","","","","","","","1","1","0","","","","","","","","","","","","","0"
"768","West Virginia","09/04/10","27","JOHNSON","","3","7","3","4","0","","","","","","","3","4","","","","","","","","","","","","","","","","","","","","","","","","","","","","","","0"
"768","West Virginia","10/09/10","27","JOHNSON","","6","26","11","15","0","","","","","","","6","15","1","6","0","","","","","","","","","","","","","","","","","","","","","","","","","","","0"
"768","West Virginia","11/13/10","27","JOHNSON","","5","22","0","22","0","","","","","","","5","22","","","","","","","","","","","","","","","","","","","","","","","","","","","","","","0"
"768","West Virginia","12/04/10","27","JOHNSON","","1","1","0","1","0","","","","","","","1","1","","","","","","","","","","","","","","","","","","","","","","","","","","","","","","0"
"768","West Virginia","09/04/10","38","LINDAMOOD","","1","6","0","6","0","","","","","","","1","6","","","","","","","","","","","","","","","","","","","","","","","","","","","","","","0"
"768","West Virginia","09/25/10","38","LINDAMOOD","","","","","","","","","","","","","0","0","1","6","0","","","","","","","","","","","","","","","","","","","","","","","","","","","0"
"768","West Virginia","10/09/10","38","LINDAMOOD","","4","16","0","16","1","","","","","","","4","16","","","","","","","","","","","","","","","","","","1","","","","","","","","","","","","6"
"768","West Virginia","10/14/10","38","LINDAMOOD","","3","9","1","8","0","","","","","","","3","8","","","","","","","","","","","","","","","","","","","","","","","","","","","","","","0"
"768","West Virginia","11/13/10","38","LINDAMOOD","","3","10","0","10","0","","","","","","","3","10","","","","","","","","","","","","","","","","","","","","","","","","","","","","","","0"
"768","West Virginia","11/26/10","38","LINDAMOOD","","2","5","0","5","0","","","","","","","2","5","","","","","","","","","","","","","","","","","","","","","","","","","","","","","","0"
"768","West Virginia","12/04/10","38","LINDAMOOD","","2","4","0","4","0","","","","","","","2","4","","","","","","","","","","","","","","","","","","","","","","","","","","","","","","0"
"768","West Virginia","10/09/10","5","MCCARTNEY","","1","2","0","2","0","","","","","","","1","2","","","","","","","","","","","","","","","","","","","","","","","","","","","","","","0"
"768","West Virginia","12/04/10","5","MCCARTNEY","","","","","","","","","","","","","0","0","1","4","0","","","","","","","","","","","","","","","","","","","","","","","","","","","0"
"768","West Virginia","09/04/10","36","PUGNETTI","GREGG","","","","","","","","","","","","0","0","","","","","","","","","","6","295","","","","","","","","","","","","","","","","","","","0"
"768","West Virginia","09/10/10","36","PUGNETTI","GREGG","","","","","","","","","","","","0","0","","","","","","","","","","4","155","","","","","","","","","","","","","","","","","","","0"
"768","West Virginia","09/18/10","36","PUGNETTI","GREGG","","","","","","","","","","","","0","0","","","","","","","","","","4","158","","","","","","","","","","","","","","","","","","","0"
"768","West Virginia","09/25/10","36","PUGNETTI","GREGG","","","","","","","","","","","","0","0","","","","","","","","","","6","241","","","","","","","","","","","","","","","","","","","0"
"768","West Virginia","10/09/10","36","PUGNETTI","GREGG","","","","","","","","","","","","0","0","","","","","","","","","","5","222","","","","","","","","","","","","","","","","","","","0"
"768","West Virginia","10/14/10","36","PUGNETTI","GREGG","","","","","","","","","","","","0","0","","","","","","","","","","8","298","","","","","","","","","","","","","","","","","","","0"
"768","West Virginia","10/23/10","36","PUGNETTI","GREGG","","","","","","","","","","","","0","0","","","","","","","","","","6","265","","","","","","","","","","","","","","","","","","","0"
"768","West Virginia","10/29/10","36","PUGNETTI","GREGG","","","","","","","","","","","","0","0","","","","","","","","","","6","257","","","","","","","","","","","","","","","","","","","0"
"768","West Virginia","11/13/10","36","PUGNETTI","GREGG","","","","","","","","","","","","0","0","","","","","","","","","","6","237","","","","","","","","","","","","","","","","","","","0"
"768","West Virginia","11/20/10","36","PUGNETTI","GREGG","","","","","","","","","","","","0","0","","","","","","","","","","7","314","","","","","","","","","","","","","","","","","","","0"
"768","West Virginia","11/26/10","36","PUGNETTI","GREGG","","","","","","","","","","","","0","0","","","","","","","","","","4","143","","","","","","","","","","","","","","","","","","","0"
"768","West Virginia","12/04/10","36","PUGNETTI","GREGG","","","","","","","","","","","","0","0","","","","","","","","","","1","45","","","","","","","","","","","","","","","","","","","0"
"768","West Virginia","12/28/10","36","PUGNETTI","GREGG","","","","","","","","","","","","0","0","","","","","","","","","","4","172","","","","","","","","","","","","","","","","","","","0"
"768","West Virginia","09/04/10","9","SANDERS","JOCK","1","31","0","31","0","","","","","","","1","31","8","71","1","","","","","","","","","","","","","","","1","","","","","","","","","","","","6"
"768","West Virginia","09/10/10","9","SANDERS","JOCK","0","1","0","1","0","","","","","","","0","1","5","57","0","","","","","","","","","","","","","","","","","","0","0","","","","","","","","0"
"768","West Virginia","09/18/10","9","SANDERS","JOCK","2","10","0","10","0","1","0","1","0","0","","3","10","6","86","0","","","","","","","","","3","69","0","","","","","","","","","","","","","","","","0"
"768","West Virginia","09/25/10","9","SANDERS","JOCK","","","","","","","","","","","","0","0","5","47","1","","","","","","","","","1","7","0","","","","1","","","","","","","","","","","","6"
"768","West Virginia","10/09/10","9","SANDERS","JOCK","1","10","0","10","1","","","","","","","1","10","2","25","0","","","","","","","","","1","6","0","","","","1","","","","","","","","","","","","6"
"768","West Virginia","10/14/10","9","SANDERS","JOCK","","","","","","","","","","","","0","0","10","31","0","","","","","","","","","1","-1","0","","","","","","","","","","","","","","","","0"
"768","West Virginia","10/23/10","9","SANDERS","JOCK","","","","","","","","","","","","0","0","3","53","0","","","","","","","","","","","","2","35","0","","","","","","","","","","","","","0"
"768","West Virginia","10/29/10","9","SANDERS","JOCK","4","15","0","15","0","","","","","","","4","15","7","43","0","","","","","","","","","","","","","","","","","","","","","","","","","","","0"
"768","West Virginia","11/13/10","9","SANDERS","JOCK","1","15","0","15","0","","","","","","","1","15","6","95","2","","","","","","","","","","","","1","17","0","2","","","","","","","","","","","","12"
"768","West Virginia","11/20/10","9","SANDERS","JOCK","","","","","","","","","","","","0","0","2","11","0","","","","","","","","","","","","3","56","0","","","","","","","","","","","","","0"
"768","West Virginia","11/26/10","9","SANDERS","JOCK","2","0","13","-13","0","","","","","","","2","-13","4","70","0","","","","","","","","","","","","3","80","0","","","","","","","","","","","","","0"
"768","West Virginia","12/04/10","9","SANDERS","JOCK","2","6","0","6","0","","","","","","","2","6","6","81","0","","","","","","","","","1","7","0","1","24","0","","","","","","","","","","","","","0"
"768","West Virginia","12/28/10","9","SANDERS","JOCK","1","17","0","17","0","","","","","","","1","17","5","58","0","","","","","","","","","1","-2","0","2","87","0","","","","","","","","","","","","","0"
"768","West Virginia","10/14/10","2","SANDS","ROBERT","","","","","","","","","","","","0","0","","","","1","28","0","","","","","","","","","","","","","","","","","","","","","","","","0"
"768","West Virginia","09/25/10","24","SMITH","EAIN","","","","","","","","","","","","0","0","","","","1","38","0","","","","","","","","","","","","","","","","","","","","","","","","0"
"768","West Virginia","09/04/10","12","SMITH","GENO","4","12","6","6","0","27","20","1","216","2","","31","222","","","","","","","","","","","","","","","","","","","","","","","","","","","","","","0"
"768","West Virginia","09/10/10","12","SMITH","GENO","14","60","47","13","0","45","32","0","316","1","1","59","329","","","","","","","","","","","","","","","","","","","","","1","1","","","","","","","","2"
"768","West Virginia","09/18/10","12","SMITH","GENO","5","19","25","-6","0","29","19","0","268","4","","34","262","","","","","","","","","","","","","","","","","","","","","","","","","","","","","","0"
"768","West Virginia","09/25/10","12","SMITH","GENO","5","13","3","10","0","29","14","1","119","2","","34","129","","","","","","","","","","","","","","","","","","","","","","","","","","","","","","0"
"768","West Virginia","10/09/10","12","SMITH","GENO","5","24","5","19","0","16","12","0","220","3","","21","239","","","","","","","","","","","","","","","","","","","","","","","","","","","","","","0"
"768","West Virginia","10/14/10","12","SMITH","GENO","5","15","22","-7","0","31","24","0","219","2","","36","212","","","","","","","","","","","","","","","","","","","","","","","","","","","","","","0"
"768","West Virginia","10/23/10","12","SMITH","GENO","6","11","32","-21","0","37","20","3","178","1","","43","157","","","","","","","","","","","","","","","","","","","","","","","","","","","","","","0"
"768","West Virginia","10/29/10","12","SMITH","GENO","15","73","9","64","0","34","22","0","160","0","","49","224","","","","","","","","","","","","","","","","","","","","","","","","","","","","","","0"
"768","West Virginia","11/13/10","12","SMITH","GENO","5","12","14","-2","0","25","15","1","174","4","","30","172","","","","","","","","","","","","","","","","","","","","","","","","","","","","","","0"
"768","West Virginia","11/20/10","12","SMITH","GENO","11","57","37","20","0","20","9","0","133","0","","31","153","","","","","","","","","","","","","","","","","","","","","","","","","","","","","","0"
"768","West Virginia","11/26/10","12","SMITH","GENO","8","27","9","18","0","12","9","0","212","3","","20","230","","","","","","","","","","","","","","","","","","","","","","","","","","","","","","0"
"768","West Virginia","12/04/10","12","SMITH","GENO","11","57","13","44","0","28","23","0","352","1","","39","396","","","","","","","","","","","","","","","","","","","","","","","","","","","","","","0"
"768","West Virginia","12/28/10","12","SMITH","GENO","12","86","27","59","0","39","22","1","196","1","","51","255","","","","","","","","","","","","","","","","","","","","","","","","","","","","","","0"
"768","West Virginia","10/09/10","2D","STARKS","BRADLEY","","","","","","","","","","","","0","0","4","100","3","","","","","","","","","","","","","","","3","","","","","","","","","","","","18"
"768","West Virginia","10/14/10","2D","STARKS","BRADLEY","","","","","","","","","","","","0","0","2","45","1","","","","","","","","","","","","","","","1","","","","","","","","","","","","6"
"768","West Virginia","10/23/10","2D","STARKS","BRADLEY","","","","","","","","","","","","0","0","3","38","0","","","","","","","","","","","","","","","","","","","","","","","","","","","0"
"768","West Virginia","10/29/10","2D","STARKS","BRADLEY","1","53","0","53","1","","","","","","","1","53","3","35","0","","","","","","","","","","","","","","","1","","","","","","","","","","","","6"
"768","West Virginia","11/13/10","2D","STARKS","BRADLEY","","","","","","","","","","","","0","0","4","39","0","","","","","","","","","","","","","","","","","","","","","","","","","","","0"
"768","West Virginia","11/20/10","2D","STARKS","BRADLEY","","","","","","","","","","","","0","0","1","4","0","","","","","","","","","","","","","","","","","","","","","","","","","","","0"
"768","West Virginia","12/04/10","2D","STARKS","BRADLEY","","","","","","","","","","","","0","0","2","56","0","","","","","","","","","","","","","","","","","","","","","","","","","","","0"
"768","West Virginia","09/25/10","8","TANDY","KEITH","","","","","","","","","","","","0","0","","","","1","7","0","","","","","","","","","","","","","","","","","","","","","","","","0"
"768","West Virginia","10/09/10","8","TANDY","KEITH","","","","","","","","","","","","0","0","","","","2","30","0","","","","","","","","","","","","","","","","","","","","","","","","0"
"768","West Virginia","10/14/10","8","TANDY","KEITH","","","","","","","","","","","","0","0","","","","1","3","0","","","","","","","","","","","","","","","","","","","","","","","","0"
"768","West Virginia","11/13/10","8","TANDY","KEITH","","","","","","","","","","","","0","0","","","","1","0","0","","","","","","","","","","","","","","","","","","","","","","","","0"
"768","West Virginia","11/20/10","8","TANDY","KEITH","","","","","","","","","","","","0","0","","","","1","11","0","","","","","","","","","","","","","","","","","","","","","","","","0"
"768","West Virginia","12/04/10","30","THOMAS","JT","","","","","","","","","","","","0","0","","","","","","","1","12","0","","","","","","","","","","","","","","","","","","","","","0"
"768","West Virginia","09/04/10","89","URBAN","TYLER","","","","","","","","","","","","0","0","2","5","0","","","","","","","","","","","","","","","","","","","","","","","","","","","0"
"768","West Virginia","10/29/10","89","URBAN","TYLER","","","","","","","","","","","","0","0","1","2","0","","","","","","","","","","","","","","","","","","","","","","","","","","","0"
"768","West Virginia","09/04/10","15","WHITE","COLEY","","","","","","","","","","","","0","0","2","3","0","","","","","","","","","","","","","","","","","","","","","","","","","","","0"
"768","West Virginia","09/04/10","81","WOODS","J.D.","","","","","","","","","","","","0","0","2","10","1","","","","","","","","","","","","","","","1","","","","","","","","","","","","6"
"768","West Virginia","09/10/10","81","WOODS","J.D.","","","","","","","","","","","","0","0","1","19","0","","","","","","","","","","","","","","","","","","","","","","","","","","","0"
"768","West Virginia","09/25/10","81","WOODS","J.D.","","","","","","","","","","","","0","0","1","10","0","","","","","","","","","","","","","","","","","","","","","","","","","","","0"
"768","West Virginia","10/14/10","81","WOODS","J.D.","","","","","","","","","","","","0","0","3","38","0","","","","","","","","","","","","","","","","","","","","","","","","","","","0"
"768","West Virginia","10/23/10","81","WOODS","J.D.","","","","","","","","","","","","0","0","4","52","0","","","","","","","","","","","","","","","","","","","","","","","","","","","0"
"768","West Virginia","11/20/10","81","WOODS","J.D.","","","","","","","","","","","","0","0","2","32","0","","","","","","","","","","","","","","","","","","","","","","","","","","","0"
"768","West Virginia","12/04/10","81","WOODS","J.D.","","","","","","","","","","","","0","0","3","30","0","","","","","","","","","1","6","0","","","","","","","","","","","","","","","","0"
"768","West Virginia","12/28/10","81","WOODS","J.D.","","","","","","","","","","","","0","0","2","14","0","","","","","","","","","","","","","","","","","","","","","","","","","","","0"
"772","Western Ky.","10/23/10","43","ALLEN","JAMARCUS","","","","","","","","","","","","0","0","","","","","","","1","69","1","","","","","","","","","1","","","","","","","","","","","","6"
"772","Western Ky.","11/13/10","43","ALLEN","JAMARCUS","","","","","","","","","","","","0","0","","","","","","","1","3","0","","","","","","","","","","","","","","","","","","","","","0"
"772","Western Ky.","10/09/10","5B","ANDREWS","ANTONIO","1","1","0","1","0","","","","","","","1","1","1","3","0","","","","","","","","","","","","","","","","","","","","","","","","","","","0"
"772","Western Ky.","10/16/10","5B","ANDREWS","ANTONIO","2","8","0","8","0","1","1","0","37","0","","3","45","","","","","","","","","","","","","","","","","","","","","","","","","","","","","","0"
"772","Western Ky.","10/23/10","5B","ANDREWS","ANTONIO","7","52","0","52","2","","","","","","","7","52","","","","","","","","","","","","","","","","","","2","","","","","","","","","","","","12"
"772","Western Ky.","10/30/10","5B","ANDREWS","ANTONIO","1","5","0","5","0","","","","","","","1","5","1","5","0","","","","","","","","","","","","","","","","","","","","","","","","","","","0"
"772","Western Ky.","11/06/10","5B","ANDREWS","ANTONIO","5","13","10","3","0","","","","","","","5","3","1","11","0","","","","","","","","","","","","","","","","","","","","","","","","","","","0"
"772","Western Ky.","11/13/10","5B","ANDREWS","ANTONIO","7","43","0","43","0","","","","","","","7","43","","","","","","","","","","","","2","2","0","","","","","","","","","","","","","","","","0"
"772","Western Ky.","11/20/10","5B","ANDREWS","ANTONIO","6","42","0","42","0","","","","","","","6","42","","","","","","","","","","","","2","13","0","6","137","0","","","","","","","","","","","","","0"
"772","Western Ky.","11/27/10","5B","ANDREWS","ANTONIO","3","20","0","20","0","","","","","","","3","20","2","18","0","","","","","","","","","1","9","0","3","57","0","","","","","","","","","","","","","0"
"772","Western Ky.","11/20/10","40","BOYD","BAR'EE","","","","","","","","","","","","0","0","","","","","","","","","","","","2","42","0","","","","","","","","","","","","","","","","0"
"772","Western Ky.","09/04/10","99","BRAKEFIELD","HENDRIX","","","","","","","","","","","","0","0","","","","","","","","","","8","297","","","","","","","","","","","","","","","","","","","0"
"772","Western Ky.","09/11/10","99","BRAKEFIELD","HENDRIX","","","","","","","","","","","","0","0","","","","","","","","","","6","194","","","","","","","","","","","","","","","","","","","0"
"772","Western Ky.","09/18/10","99","BRAKEFIELD","HENDRIX","","","","","","","","","","","","0","0","","","","","","","","","","6","247","","","","","","","","","","","","","","","","","","","0"
"772","Western Ky.","09/25/10","99","BRAKEFIELD","HENDRIX","","","","","","","","","","","","0","0","","","","","","","","","","4","174","","","","","","","","","","","","","","","","","","","0"
"772","Western Ky.","10/09/10","99","BRAKEFIELD","HENDRIX","","","","","","","","","","","","0","0","","","","","","","","","","5","215","","","","","","","","","","","","","","","","","","","0"
"772","Western Ky.","10/16/10","99","BRAKEFIELD","HENDRIX","","","","","","","","","","","","0","0","","","","","","","","","","7","281","","","","","","","","","","","","","","","","","","","0"
"772","Western Ky.","10/30/10","99","BRAKEFIELD","HENDRIX","","","","","","","","","","","","0","0","","","","","","","","","","4","187","","","","","","","","","","","","","","","","","","","0"
"772","Western Ky.","11/06/10","99","BRAKEFIELD","HENDRIX","","","","","","","","","","","","0","0","","","","","","","","","","10","392","","","","","","","","","","","","","","","","","","","0"
"772","Western Ky.","11/13/10","99","BRAKEFIELD","HENDRIX","","","","","","","","","","","","0","0","","","","","","","","","","8","341","","","","","","","","","","","","","","","","","","","0"
"772","Western Ky.","11/20/10","99","BRAKEFIELD","HENDRIX","","","","","","","","","","","","0","0","","","","","","","","","","5","235","","","","","","","","","","","","","","","","","","","0"
"772","Western Ky.","11/27/10","99","BRAKEFIELD","HENDRIX","","","","","","","","","","","","0","0","","","","","","","","","","8","309","","","","","","","","","","","","","","","","","","","0"
"772","Western Ky.","10/23/10","2","BROOKS","DERRIUS","","","","","","","","","","","","0","0","","","","1","62","1","","","","","","","","","","","","1","","","","","","","","","","","","6"
"772","Western Ky.","11/13/10","2","BROOKS","DERRIUS","","","","","","","","","","","","0","0","","","","2","0","0","","","","","","","","","","","","","","","1","1","","","","","","","","2"
"772","Western Ky.","11/20/10","2","BROOKS","DERRIUS","","","","","","","","","","","","0","0","","","","","","","","","","","","0","0","1","","","","1","","","","","","","","","","","","6"
"772","Western Ky.","11/13/10","81","BROWN","JAMARIELLE","","","","","","","","","","","","0","0","1","5","0","","","","","","","","","","","","","","","","","","","","","","","","","","","0"
"772","Western Ky.","09/18/10","23","CAMPBELL","DONALD","1","2","0","2","0","","","","","","","1","2","1","18","0","","","","","","","","","","","","2","72","0","","","","","","","","","","","","","0"
"772","Western Ky.","09/25/10","23","CAMPBELL","DONALD","","","","","","","","","","","","0","0","","","","","","","","","","","","","","","1","17","0","","","","","","","","","","","","","0"
"772","Western Ky.","10/16/10","23","CAMPBELL","DONALD","","","","","","","","","","","","0","0","","","","","","","","","","","","1","8","0","","","","","","","","","","","","","","","","0"
"772","Western Ky.","10/23/10","23","CAMPBELL","DONALD","1","0","2","-2","0","","","","","","","1","-2","","","","","","","","","","","","1","9","0","","","","","","","","","","","","","","","","0"
"772","Western Ky.","10/30/10","23","CAMPBELL","DONALD","","","","","","","","","","","","0","0","1","7","0","","","","","","","","","2","19","0","","","","","","","","","","","","","","","","0"
"772","Western Ky.","11/06/10","23","CAMPBELL","DONALD","","","","","","","","","","","","0","0","1","19","0","","","","","","","","","3","18","0","","","","","","","","","","","","","","","","0"
"772","Western Ky.","11/27/10","23","CAMPBELL","DONALD","","","","","","","","","","","","0","0","1","0","0","","","","","","","","","","","","","","","","","","","","","","","","","","","0"
"772","Western Ky.","09/11/10","4B","CISSELL","DALTON","1","2","0","2","0","","","","","","","1","2","","","","","","","","","","","","","","","","","","","","","","","","","","","","","","0"
"772","Western Ky.","10/23/10","35","COLEY","DEMETRIUS","","","","","","","","","","","","0","0","2","74","1","","","","","","","","","","","","","","","1","","","","","","","","","","","","6"
"772","Western Ky.","10/30/10","35","COLEY","DEMETRIUS","","","","","","","","","","","","0","0","2","23","0","","","","","","","","","","","","","","","","","","","","","","","","","","","0"
"772","Western Ky.","11/06/10","35","COLEY","DEMETRIUS","","","","","","","","","","","","0","0","2","18","0","","","","","","","","","","","","","","","","","","","","","","","","","","","0"
"772","Western Ky.","11/20/10","35","COLEY","DEMETRIUS","","","","","","","","","","","","0","0","2","22","0","","","","","","","","","","","","","","","","","","","","","","","","","","","0"
"772","Western Ky.","11/27/10","35","COLEY","DEMETRIUS","","","","","","","","","","","","0","0","2","7","0","","","","","","","","","","","","","","","","","","","","","","","","","","","0"
"772","Western Ky.","09/04/10","7","COOPER","QUINTERRANCE","","","","","","","","","","","","0","0","1","2","0","","","","","","","","","","","","","","","","","","","","","","","","","","","0"
"772","Western Ky.","09/18/10","7","COOPER","QUINTERRANCE","","","","","","","","","","","","0","0","1","20","0","","","","","","","","","","","","","","","","","","","","","","","","","","","0"
"772","Western Ky.","09/25/10","7","COOPER","QUINTERRANCE","","","","","","","","","","","","0","0","1","5","1","","","","","","","","","","","","","","","1","","","","","","","","","","","","6"
"772","Western Ky.","10/09/10","7","COOPER","QUINTERRANCE","","","","","","","","","","","","0","0","1","5","0","","","","","","","","","","","","","","","","","","","","","","","","","","","0"
"772","Western Ky.","11/06/10","7","COOPER","QUINTERRANCE","","","","","","","","","","","","0","0","1","5","0","","","","","","","","","","","","","","","","","","","","","","","","","","","0"
"772","Western Ky.","11/27/10","7","COOPER","QUINTERRANCE","","","","","","","","","","","","0","0","1","4","0","","","","","","","","","","","","","","","","","","","","","","","","","","","0"
"772","Western Ky.","09/04/10","82","DOYLE","JACK","","","","","","","","","","","","0","0","2","24","0","","","","","","","","","","","","","","","","","","","","","","","","","","","0"
"772","Western Ky.","09/11/10","82","DOYLE","JACK","","","","","","","","","","","","0","0","1","8","0","","","","","","","","","","","","","","","","","","","","","","","","","","","0"
"772","Western Ky.","09/18/10","82","DOYLE","JACK","","","","","","","","","","","","0","0","5","47","0","","","","","","","","","","","","","","","","","","","","","","","","","","","0"
"772","Western Ky.","09/25/10","82","DOYLE","JACK","","","","","","","","","","","","0","0","7","94","1","","","","","","","","","","","","","","","1","","","","","","","","","","","","6"
"772","Western Ky.","10/09/10","82","DOYLE","JACK","","","","","","","","","","","","0","0","3","37","1","","","","","","","","","","","","","","","1","","","","","","","","","","","","6"
"772","Western Ky.","10/16/10","82","DOYLE","JACK","","","","","","","","","","","","0","0","1","1","0","","","","","","","","","","","","","","","","","","","","","","","","","","","0"
"772","Western Ky.","10/23/10","82","DOYLE","JACK","","","","","","","","","","","","0","0","1","13","0","","","","","","","","","","","","","","","","","","","","","","","","","","","0"
"772","Western Ky.","10/30/10","58","FEDERSPIEL","MIKE","","","","","","","","","","","","0","0","","","","","","","","","","","","","","","1","10","0","","","","","","","","","","","","","0"
"772","Western Ky.","09/25/10","17","HAYNES","DEXTER","","","","","","","","","","","","0","0","1","12","0","","","","","","","","","","","","","","","","","","","","","","","","","","","0"
"772","Western Ky.","10/09/10","17","HAYNES","DEXTER","","","","","","","","","","","","0","0","1","53","1","","","","","","","","","","","","","","","1","","","","","","","","","","","","6"
"772","Western Ky.","10/16/10","17","HAYNES","DEXTER","","","","","","","","","","","","0","0","1","12","0","","","","","","","","","","","","","","","","","","","","","","","","","","","0"
"772","Western Ky.","11/13/10","17","HAYNES","DEXTER","","","","","","","","","","","","0","0","3","89","1","","","","","","","","","","","","","","","1","","","","","","","","","","","","6"
"772","Western Ky.","11/20/10","17","HAYNES","DEXTER","","","","","","","","","","","","0","0","2","34","0","","","","","","","","","","","","","","","","","","","","","","","","","","","0"
"772","Western Ky.","09/11/10","26","HIBBITT","AVERY","1","2","0","2","0","","","","","","","1","2","","","","","","","","","","","","","","","","","","","","","","","","","","","","","","0"
"772","Western Ky.","09/04/10","6A","JAKES","KAWAUN","4","8","8","0","0","22","12","1","120","0","","26","120","","","","","","","","","","","","","","","","","","","","","","","","","","","","","","0"
"772","Western Ky.","09/11/10","6A","JAKES","KAWAUN","6","20","18","2","0","15","8","1","97","1","","21","99","","","","","","","","","","","","","","","","","","","","","","","","","","","","","","0"
"772","Western Ky.","09/18/10","6A","JAKES","KAWAUN","8","41","11","30","0","20","13","0","144","1","","28","174","","","","","","","","","","","","","","","","","","","","","","","","","","","","","","0"
"772","Western Ky.","09/25/10","6A","JAKES","KAWAUN","8","34","12","22","0","37","19","1","221","1","","45","243","","","","","","","","","","","","","","","","","","","","","","","","","","","","","","0"
"772","Western Ky.","10/09/10","6A","JAKES","KAWAUN","8","33","26","7","1","31","14","0","193","2","","39","200","","","","","","","","","","","","","","","","","","1","","","","","","","","","","","","6"
"772","Western Ky.","10/16/10","6A","JAKES","KAWAUN","9","25","29","-4","0","21","12","1","127","2","","30","123","","","","","","","","","","","","","","","","","","","","","1","0","","","","","","","","0"
"772","Western Ky.","10/23/10","6A","JAKES","KAWAUN","4","28","0","28","2","22","18","0","262","1","","26","290","","","","","","","","","","","","","","","","","","2","","","","","","","","","","","","12"
"772","Western Ky.","10/30/10","6A","JAKES","KAWAUN","7","43","4","39","0","27","15","0","116","0","","34","155","","","","","","","","","","","","","","","","","","","","","","","","","","","","","","0"
"772","Western Ky.","11/06/10","6A","JAKES","KAWAUN","5","36","1","35","0","24","8","1","70","0","","29","105","","","","","","","","","","","","","","","","","","","","","","","","","","","","","","0"
"772","Western Ky.","11/13/10","6A","JAKES","KAWAUN","21","83","44","39","1","27","11","0","151","2","","48","190","","","","","","","","","","","","","","","","","","1","","","","","","","","","","","","6"
"772","Western Ky.","11/20/10","6A","JAKES","KAWAUN","7","22","14","8","0","22","9","0","98","0","","29","106","","","","","","","","","","","","","","","","","","","","","","","","","","","","","","0"
"772","Western Ky.","11/27/10","6A","JAKES","KAWAUN","9","19","15","4","0","23","10","1","81","0","","32","85","","","","","","","","","","","","","","","","","","","","","","","","","","","","","","0"
"772","Western Ky.","09/04/10","27","JOHNSON","ROD","1","7","0","7","0","","","","","","","1","7","1","12","0","","","","","","","","","","","","","","","","","","","","","","","","","","","0"
"772","Western Ky.","09/25/10","27","JOHNSON","ROD","1","2","0","2","0","","","","","","","1","2","","","","","","","","","","","","","","","","","","","","","","","","","","","","","","0"
"772","Western Ky.","10/09/10","27","JOHNSON","ROD","","","","","","","","","","","","0","0","2","25","0","","","","","","","","","","","","","","","","","","","","","","","","","","","0"
"772","Western Ky.","09/25/10","32","JONES","KADEEM","1","0","0","0","0","","","","","","","1","0","1","2","0","","","","","","","","","","","","","","","","","","","","","","","","","","","0"
"772","Western Ky.","10/09/10","32","JONES","KADEEM","1","1","0","1","0","","","","","","","1","1","","","","","","","","","","","","","","","","","","","","","","","","","","","","","","0"
"772","Western Ky.","09/04/10","33","JONES","TRISTAN","","","","","","","","","","","","0","0","1","17","0","","","","","","","","","","","","","","","","","","","","","","","","","","","0"
"772","Western Ky.","09/11/10","33","JONES","TRISTAN","","","","","","","","","","","","0","0","1","8","0","","","","","","","","","","","","","","","","","","","","","","","","","","","0"
"772","Western Ky.","09/04/10","86","MCNEAL","WILLIE","4","19","0","19","0","","","","","","","4","19","1","8","0","","","","","","","","","2","10","0","6","132","0","","","","","","","","","","","","","0"
"772","Western Ky.","09/11/10","86","MCNEAL","WILLIE","","","","","","","","","","","","0","0","2","36","0","","","","","","","","","","","","7","204","1","1","","","","","","","","","","","","6"
"772","Western Ky.","09/18/10","86","MCNEAL","WILLIE","1","7","0","7","0","","","","","","","1","7","","","","","","","","","","","","","","","4","92","0","","","","","","","","","","","","","0"
"772","Western Ky.","09/25/10","86","MCNEAL","WILLIE","","","","","","","","","","","","0","0","3","55","0","","","","","","","","","","","","4","80","0","","","","","","","","","","","","","0"
"772","Western Ky.","10/09/10","86","MCNEAL","WILLIE","3","7","4","3","0","","","","","","","3","3","2","48","0","","","","","","","","","","","","2","46","0","","","","","","","","","","","","","0"
"772","Western Ky.","10/16/10","86","MCNEAL","WILLIE","1","7","0","7","0","","","","","","","1","7","4","46","1","","","","","","","","","","","","6","114","0","1","","","","","","","","","","","","6"
"772","Western Ky.","10/23/10","86","MCNEAL","WILLIE","1","8","0","8","0","","","","","","","1","8","5","88","0","","","","","","","","","","","","3","54","0","","","","","","","","","","","","","0"
"772","Western Ky.","10/30/10","86","MCNEAL","WILLIE","3","13","1","12","0","","","","","","","3","12","3","24","0","","","","","","","","","","","","4","82","0","","","","","","","","","","","","","0"
"772","Western Ky.","11/06/10","86","MCNEAL","WILLIE","2","10","2","8","0","","","","","","","2","8","","","","","","","","","","","","","","","3","69","0","","","","","","","","","","","","","0"
"772","Western Ky.","11/13/10","86","MCNEAL","WILLIE","1","1","0","1","0","","","","","","","1","1","4","32","1","","","","","","","","","","","","4","71","0","1","","","","","","","","","","","","6"
"772","Western Ky.","11/20/10","86","MCNEAL","WILLIE","","","","","","","","","","","","0","0","1","8","0","","","","","","","","","","","","","","","","","","","","","","","","","","","0"
"772","Western Ky.","11/27/10","86","MCNEAL","WILLIE","1","5","0","5","0","","","","","","","1","5","1","15","0","","","","","","","","","","","","1","24","0","","","","","","","","","","","","","0"
"772","Western Ky.","10/30/10","11","MERRICK","MONTE","","","","","","","","","","","","0","0","","","","","","","","","","","","","","","","","","","","","","","","","","","2","2","","6"
"772","Western Ky.","11/06/10","11","MERRICK","MONTE","","","","","","","","","","","","0","0","","","","","","","","","","","","","","","","","","","2","2","0","0","","","","","","","","2"
"772","Western Ky.","11/27/10","31","MISAALEFUA","ORLANDO","","","","","","","","","","","","0","0","","","","","","","1","25","0","","","","","","","","","","","","","","","","","","","","","0"
"772","Western Ky.","09/11/10","84","MURPHREE","JIM","","","","","","","","","","","","0","0","1","9","0","","","","","","","","","","","","","","","","","","","","","","","","","","","0"
"772","Western Ky.","11/27/10","84","MURPHREE","JIM","","","","","","","","","","","","0","0","1","10","0","","","","","","","","","","","","","","","","","","","","","","","","","","","0"
"772","Western Ky.","09/11/10","2A","PELESASA","MATT","1","0","1","-1","0","","","","","","","1","-1","","","","","","","","","","","","","","","","","","","","","","","","","","","","","","0"
"772","Western Ky.","11/27/10","46","PETERSON","KAREEM","","","","","","","","","","","","0","0","","","","1","13","0","","","","","","","","","","","","","","","","","","","","","","","","0"
"772","Western Ky.","09/04/10","3","RAINEY","BOBBY","30","155","0","155","1","","","","","","","30","155","3","36","0","","","","","","","","","","","","","","","1","","","","","","","","","","","","6"
"772","Western Ky.","09/11/10","3","RAINEY","BOBBY","22","187","3","184","2","","","","","","","22","184","1","-4","0","","","","","","","","","","","","","","","2","","","","","","","","","","","","12"
"772","Western Ky.","09/18/10","3","RAINEY","BOBBY","21","110","5","105","2","","","","","","","21","105","3","18","0","","","","","","","","","","","","","","","2","","","","","","","","","","","","12"
"772","Western Ky.","09/25/10","3","RAINEY","BOBBY","21","73","9","64","0","1","1","0","5","1","0","22","69","2","11","0","","","","","","","","","","","","","","","","","","1","0","","","","","","","","0"
"772","Western Ky.","10/09/10","3","RAINEY","BOBBY","28","96","2","94","0","","","","","","","28","94","1","5","0","","","","","","","","","","","","","","","","","","","","","","","","","","","0"
"772","Western Ky.","10/16/10","3","RAINEY","BOBBY","32","174","5","169","2","1","0","0","0","0","","33","169","1","21","0","","","","","","","","","","","","","","","2","","","","","","","","","","","","12"
"772","Western Ky.","10/23/10","3","RAINEY","BOBBY","21","70","3","67","0","","","","","","","21","67","2","11","0","","","","","","","","","","","","","","","","","","","","","","","","","","","0"
"772","Western Ky.","10/30/10","3","RAINEY","BOBBY","23","101","1","100","0","","","","","","","23","100","5","57","0","","","","","","","","","","","","","","","","","","","","","","","","","","","0"
"772","Western Ky.","11/06/10","3","RAINEY","BOBBY","33","163","11","152","2","","","","","","","33","152","3","17","0","","","","","","","","","","","","","","","2","","","","","","","","","","","","12"
"772","Western Ky.","11/13/10","3","RAINEY","BOBBY","37","162","8","154","2","","","","","","","37","154","3","25","0","","","","","","","","","","","","","","","2","","","","","","","","","","","","12"
"772","Western Ky.","11/20/10","3","RAINEY","BOBBY","45","256","8","248","2","","","","","","","45","248","4","34","0","","","","","","","","","","","","","","","2","","","","","","","","","","","","12"
"772","Western Ky.","11/27/10","3","RAINEY","BOBBY","27","164","7","157","2","","","","","","","27","157","1","-1","0","","","","","","","","","","","","","","","2","","","","","","","","","","","","12"
"772","Western Ky.","10/09/10","22","ROBINSON","TYREE","","","","","","","","","","","","0","0","","","","1","0","0","","","","","","","","","","","","","","","","","","","","","","","","0"
"772","Western Ky.","10/23/10","22","ROBINSON","TYREE","","","","","","","","","","","","0","0","","","","","","","","","","","","","","","1","4","0","","","","","","","","","","","","","0"
"772","Western Ky.","10/30/10","22","ROBINSON","TYREE","","","","","","","","","","","","0","0","","","","","","","","","","","","","","","2","27","0","","","","","","","","","","","","","0"
"772","Western Ky.","11/06/10","22","ROBINSON","TYREE","","","","","","","","","","","","0","0","","","","1","1","0","","","","","","","","","","","","","","","","","","","","","","","","0"
"772","Western Ky.","09/11/10","34","SIMPSON","KESHAWN","2","0","2","-2","0","","","","","","","2","-2","","","","","","","","","","","","","","","","","","","","","","","","","","","","","","0"
"772","Western Ky.","11/27/10","8","TAMME","SETH","","","","","","","","","","","","0","0","1","28","0","","","","","","","","","","","","","","","","","","","","","","","","","","","0"
"772","Western Ky.","09/04/10","83","TINIUS","CASEY","","","","","","","","","","","","0","0","","","","","","","","","","","","","","","","","","","1","1","0","0","","","","","1","1","","4"
"772","Western Ky.","09/11/10","83","TINIUS","CASEY","","","","","","","","","","","","0","0","","","","","","","","","","","","","","","","","","","4","4","0","0","","","","","","","","4"
"772","Western Ky.","09/18/10","83","TINIUS","CASEY","","","","","","","","","","","","0","0","","","","","","","","","","","","","","","","","","","3","3","0","0","","","","","","","","3"
"772","Western Ky.","09/25/10","83","TINIUS","CASEY","","","","","","","","","","","","0","0","","","","","","","","","","","","","","","","","","","1","0","0","0","","","","","3","0","","0"
"772","Western Ky.","10/09/10","83","TINIUS","CASEY","","","","","","","","","","","","0","0","","","","","","","","","","","","","","","","","","","3","3","0","0","","","","","1","0","","3"
"772","Western Ky.","10/16/10","83","TINIUS","CASEY","","","","","","","","","","","","0","0","","","","","","","","","","","","","","","","","","","3","3","0","0","","","","","1","1","","6"
"772","Western Ky.","10/23/10","83","TINIUS","CASEY","","","","","","","","","","","","0","0","","","","","","","","","","","","","","","","","","","7","6","0","0","","","","","3","2","","12"
"772","Western Ky.","10/30/10","83","TINIUS","CASEY","","","","","","","","","","","","0","0","","","","","","","","","","","","","","","","","","","","","","","","","","","1","0","","0"
"772","Western Ky.","11/13/10","83","TINIUS","CASEY","","","","","","","","","","","","0","0","","","","","","","","","","","","","","","","","","","4","4","0","0","","","","","","","","4"
"772","Western Ky.","11/20/10","83","TINIUS","CASEY","","","","","","","","","","","","0","0","","","","","","","","","","","","","","","","","","","3","2","0","0","","","","","4","2","","8"
"772","Western Ky.","11/27/10","83","TINIUS","CASEY","","","","","","","","","","","","0","0","","","","","","","","","","","","","","","","","","","2","2","0","0","","","","","1","0","","2"
"772","Western Ky.","09/04/10","9","VASQUEZ","MARCUS","","","","","","","","","","","","0","0","2","23","0","","","","","","","","","","","","","","","","","","","","","","","","","","","0"
"772","Western Ky.","09/11/10","9","VASQUEZ","MARCUS","","","","","","","","","","","","0","0","2","40","1","","","","","","","","","","","","1","14","0","1","","","","","","","","","","","","6"
"772","Western Ky.","09/18/10","9","VASQUEZ","MARCUS","","","","","","","","","","","","0","0","3","41","1","","","","","","","","","","","","","","","1","","","","","","","","","","","","6"
"772","Western Ky.","09/25/10","9","VASQUEZ","MARCUS","","","","","","","","","","","","0","0","5","47","0","","","","","","","","","","","","","","","","","","","","","","","","","","","0"
"772","Western Ky.","10/09/10","9","VASQUEZ","MARCUS","","","","","","","","","","","","0","0","3","17","0","","","","","","","","","","","","","","","","","","","","","","","","","","","0"
"772","Western Ky.","10/16/10","9","VASQUEZ","MARCUS","","","","","","","","","","","","0","0","6","84","1","","","","","","","","","","","","","","","1","","","","","","","","","","","","6"
"772","Western Ky.","10/23/10","9","VASQUEZ","MARCUS","","","","","","","","","","","","0","0","8","76","0","","","","","","","","","","","","","","","","","","","","","","","","","","","0"
"772","Western Ky.","10/30/10","9","VASQUEZ","MARCUS","","","","","","","","","","","","0","0","1","4","0","","","","","","","","","","","","","","","","","","","","","","","","","","","0"
"772","Western Ky.","10/23/10","21","WRIGHT","ARIUS","","","","","","","","","","","","0","0","","","","1","1","0","","","","","","","","","","","","","","","","","","","","","","","","0"
"772","Western Ky.","09/25/10","29","YOUNG","KIANTE","","","","","","","","","","","","0","0","","","","1","32","0","","","","","","","","","","","","","","","","","","","","","","","","0"
"774","Western Mich.","09/04/10","37","ARMER","BEN","","","","","","","","","","","","0","0","","","","","","","","","","8","327","","","","","","","","","","","","","","","","","","","0"
"774","Western Mich.","09/11/10","37","ARMER","BEN","","","","","","","","","","","","0","0","","","","","","","","","","3","110","","","","","","","","","","","","","","","","","","","0"
"774","Western Mich.","09/18/10","37","ARMER","BEN","","","","","","","","","","","","0","0","","","","","","","","","","5","215","","","","","","","","","","","","","","","","","","","0"
"774","Western Mich.","10/02/10","37","ARMER","BEN","1","0","19","-19","0","","","","","","","1","-19","","","","","","","","","","7","344","","","","","","","","","","","","","","","","","","","0"
"774","Western Mich.","10/09/10","37","ARMER","BEN","","","","","","","","","","","","0","0","","","","","","","","","","4","159","","","","","","","","","","","","","","","","","","","0"
"774","Western Mich.","10/16/10","37","ARMER","BEN","","","","","","","","","","","","0","0","","","","","","","","","","6","212","","","","","","","","","","","","","","","","","","","0"
"774","Western Mich.","10/23/10","37","ARMER","BEN","","","","","","","","","","","","0","0","","","","","","","","","","4","167","","","","","","","","","","","","","","","","","","","0"
"774","Western Mich.","10/30/10","37","ARMER","BEN","","","","","","","","","","","","0","0","","","","","","","","","","3","153","","","","","","","","","","","","","","","","","","","0"
"774","Western Mich.","11/05/10","37","ARMER","BEN","","","","","","","","","","","","0","0","","","","","","","","","","6","192","","","","","","","","","","","","","","","","","","","0"
"774","Western Mich.","11/13/10","37","ARMER","BEN","","","","","","","","","","","","0","0","","","","","","","","","","2","90","","","","","","","","","","","","","","","","","","","0"
"774","Western Mich.","11/20/10","37","ARMER","BEN","","","","","","","","","","","","0","0","","","","","","","","","","5","221","","","","","","","","","","","","","","","","","","","0"
"774","Western Mich.","11/26/10","37","ARMER","BEN","","","","","","","","","","","","0","0","","","","","","","","","","4","159","","","","","","","","","","","","","","","","","","","0"
"774","Western Mich.","09/18/10","33","ARMSTRONG","MARIO","","","","","","","","","","","","0","0","","","","1","0","0","","","","","","","","","","","","","","","","","","","","","","","","0"
"774","Western Mich.","10/09/10","33","ARMSTRONG","MARIO","","","","","","","","","","","","0","0","","","","1","8","0","","","","","","","","","","","","","","","","","","","","","","","","0"
"774","Western Mich.","11/05/10","33","ARMSTRONG","MARIO","","","","","","","","","","","","0","0","","","","1","0","0","","","","","","","","","","","","","","","","","","","","","","","","0"
"774","Western Mich.","11/20/10","33","ARMSTRONG","MARIO","","","","","","","","","","","","0","0","","","","1","3","0","","","","","","","","","","","","","","","","","","","","","","","","0"
"774","Western Mich.","11/26/10","33","ARMSTRONG","MARIO","","","","","","","","","","","","0","0","","","","1","32","0","","","","","","","","","","","","","","","","","","","","","","","","0"
"774","Western Mich.","09/04/10","12","ARNHEIM","ROBERT","","","","","","","","","","","","0","0","2","6","0","","","","","","","","","","","","","","","","","","","","","","","","","","","0"
"774","Western Mich.","09/11/10","12","ARNHEIM","ROBERT","","","","","","","","","","","","0","0","1","4","0","","","","","","","","","","","","","","","","","","","","","","","","","","","0"
"774","Western Mich.","09/18/10","12","ARNHEIM","ROBERT","1","0","1","-1","0","","","","","","","1","-1","3","28","0","","","","","","","","","","","","","","","","","","","","","","","","","","","0"
"774","Western Mich.","10/09/10","12","ARNHEIM","ROBERT","","","","","","","","","","","","0","0","2","35","0","","","","","","","","","","","","","","","","","","","","","","","","","","","0"
"774","Western Mich.","10/16/10","12","ARNHEIM","ROBERT","","","","","","","","","","","","0","0","5","52","0","","","","","","","","","","","","","","","","","","","","","","","","","","","0"
"774","Western Mich.","10/30/10","12","ARNHEIM","ROBERT","","","","","","","","","","","","0","0","6","81","1","","","","","","","","","1","1","0","","","","1","","","","","","","","","","","","6"
"774","Western Mich.","11/05/10","12","ARNHEIM","ROBERT","","","","","","","","","","","","0","0","1","8","0","","","","","","","","","","","","","","","","","","","","","","","","","","","0"
"774","Western Mich.","11/13/10","12","ARNHEIM","ROBERT","","","","","","","","","","","","0","0","1","12","0","","","","","","","","","","","","","","","","","","","","","","","","","","","0"
"774","Western Mich.","11/20/10","12","ARNHEIM","ROBERT","","","","","","","","","","","","0","0","2","9","0","","","","","","","","","","","","","","","","","","","","","","","","","","","0"
"774","Western Mich.","10/16/10","34","BERRY","JAMAIL","","","","","","","","","","","","0","0","","","","1","3","0","","","","","","","","","","","","","","","","","","","","","","","","0"
"774","Western Mich.","11/13/10","34","BERRY","JAMAIL","","","","","","","","","","","","0","0","","","","1","0","0","","","","","","","","","","","","","","","","","","","","","","","","0"
"774","Western Mich.","10/23/10","55","BOLES","TRAVONTE","","","","","","","","","","","","0","0","","","","1","1","1","","","","","","","","","","","","1","","","","","","","","","","","","6"
"774","Western Mich.","09/04/10","18","BURDI","DREW","","","","","","","","","","","","0","0","1","3","0","","","","","","","","","","","","","","","","","","","","","","","","","","","0"
"774","Western Mich.","10/02/10","18","BURDI","DREW","","","","","","1","0","0","0","0","","1","0","","","","","","","","","","","","","","","","","","","","","","","","","","","","","","0"
"774","Western Mich.","11/26/10","18","BURDI","DREW","1","5","0","5","0","2","0","0","0","0","","3","5","","","","","","","","","","","","","","","","","","","","","","","","","","","","","","0"
"774","Western Mich.","10/02/10","7","BUXTON","RAHEAM","","","","","","","","","","","","0","0","","","","1","30","0","","","","","","","","","","","","","","","","","","","","","","","","0"
"774","Western Mich.","09/11/10","6A","CANNON","CURTIS","1","5","0","5","0","","","","","","","1","5","","","","","","","","","","","","","","","","","","","","","","","","","","","","","","0"
"774","Western Mich.","09/04/10","14","CARDER","ALEX","9","43","5","38","0","49","27","1","220","2","","58","258","","","","","","","","","","","","","","","","","","","","","","","","","","","","","","0"
"774","Western Mich.","09/11/10","14","CARDER","ALEX","5","21","16","5","0","33","24","1","298","5","","38","303","","","","","","","","","","","","","","","","","","","","","","","","","","","","","","0"
"774","Western Mich.","09/18/10","14","CARDER","ALEX","15","44","46","-2","1","64","43","4","403","1","","79","401","","","","","","","","","","","","","","","","","","1","","","","","","","","","","","","6"
"774","Western Mich.","10/02/10","14","CARDER","ALEX","11","45","11","34","0","33","14","1","104","1","","44","138","","","","","","","","","","","","","","","","","","","","","","","","","","","","","","0"
"774","Western Mich.","10/09/10","14","CARDER","ALEX","13","76","10","66","3","29","17","0","265","1","","42","331","","","","","","","","","","","","","","","","","","3","","","","","","","","","","","","18"
"774","Western Mich.","10/16/10","14","CARDER","ALEX","11","36","23","13","2","43","28","2","277","0","","54","290","","","","","","","","","","","","","","","","","","2","","","","","","","","","","","","12"
"774","Western Mich.","10/23/10","14","CARDER","ALEX","8","21","23","-2","0","24","17","0","372","5","","32","370","","","","","","","","","","","","","","","","","","","","","","","","","","","","","","0"
"774","Western Mich.","10/30/10","14","CARDER","ALEX","9","16","15","1","0","53","31","2","360","3","","62","361","","","","","","","","","","","","","","","","","","","","","","","","","","","","","","0"
"774","Western Mich.","11/05/10","14","CARDER","ALEX","9","41","12","29","0","44","27","0","272","3","0","53","301","","","","","","","","","","","","","","","","","","","","","1","0","","","","","","","","0"
"774","Western Mich.","11/13/10","14","CARDER","ALEX","7","37","3","34","0","21","17","0","349","4","","28","383","","","","","","","","","","","","","","","","","","","","","","","","","","","","","","0"
"774","Western Mich.","11/20/10","14","CARDER","ALEX","3","2","14","-12","0","32","21","1","163","1","","35","151","","","","","","","","","","","","","","","","","","","","","","","","","","","","","","0"
"774","Western Mich.","11/26/10","14","CARDER","ALEX","9","35","13","22","0","33","23","0","251","4","","42","273","","","","","","","","","","","","","","","","","","","","","","","","","","","","","","0"
"774","Western Mich.","09/04/10","22","CHANCE","DAREYON","1","5","0","5","0","","","","","","","1","5","","","","","","","","","","","","","","","","","","","","","","","","","","","","","","0"
"774","Western Mich.","09/11/10","22","CHANCE","DAREYON","13","48","2","46","1","","","","","","","13","46","1","11","0","","","","","","","","","1","-11","0","","","","1","","","","","","","","","","","","6"
"774","Western Mich.","10/09/10","22","CHANCE","DAREYON","9","61","8","53","0","","","","","","","9","53","","","","","","","","","","","","","","","1","17","0","","","","","","","","","","","","","0"
"774","Western Mich.","10/23/10","22","CHANCE","DAREYON","9","24","0","24","0","1","0","0","0","0","","10","24","2","8","0","","","","","","","","","","","","","","","","","","","","","","","","","","","0"
"774","Western Mich.","11/05/10","22","CHANCE","DAREYON","1","6","0","6","0","","","","","","","1","6","","","","","","","","","","","","","","","","","","","","","","","","","","","","","","0"
"774","Western Mich.","11/13/10","22","CHANCE","DAREYON","1","14","0","14","0","","","","","","","1","14","","","","","","","","","","","","","","","","","","","","","","","","","","","","","","0"
"774","Western Mich.","11/20/10","22","CHANCE","DAREYON","5","34","3","31","1","","","","","","","5","31","0","5","0","","","","","","","","","","","","","","","1","","","","","","","","","","","","6"
"774","Western Mich.","11/26/10","22","CHANCE","DAREYON","3","9","0","9","0","","","","","","","3","9","1","4","1","","","","","","","","","","","","1","25","0","1","","","","","","","","","","","","6"
"774","Western Mich.","11/13/10","28","DIXSON","KEITH","","","","","","","","","","","","0","0","","","","1","5","0","","","","","","","","","","","","","","","","","","","","","","","","0"
"774","Western Mich.","10/09/10","29","DRAKE","TEVIN","8","67","4","63","0","","","","","","","8","63","","","","","","","","","","","","","","","","","","","","","","","","","","","","","","0"
"774","Western Mich.","10/16/10","29","DRAKE","TEVIN","4","10","2","8","0","","","","","","","4","8","1","-1","0","","","","","","","","","","","","","","","","","","","","","","","","","","","0"
"774","Western Mich.","10/23/10","29","DRAKE","TEVIN","5","69","0","69","1","","","","","","","5","69","","","","","","","","","","","","","","","","","","1","","","","","","","","","","","","6"
"774","Western Mich.","11/13/10","29","DRAKE","TEVIN","5","37","1","36","0","","","","","","","5","36","1","49","0","","","","","","","","","","","","","","","","","","","","","","","","","","","0"
"774","Western Mich.","11/20/10","29","DRAKE","TEVIN","8","103","1","102","2","","","","","","","8","102","","","","","","","","","","","","","","","","","","2","","","","","","","","","","","","12"
"774","Western Mich.","11/26/10","29","DRAKE","TEVIN","10","127","0","127","1","","","","","","","10","127","","","","","","","","","","","","","","","","","","1","","","","","","","","","","","","6"
"774","Western Mich.","09/04/10","20","FIELDS","BRIAN","","","","","","","","","","","","0","0","1","6","0","","","","","","","","","","","","","","","","","","","","","","","","","","","0"
"774","Western Mich.","09/11/10","20","FIELDS","BRIAN","7","42","0","42","0","","","","","","","7","42","","","","","","","","","","","","","","","","","","","","","","","","","","","","","","0"
"774","Western Mich.","09/18/10","20","FIELDS","BRIAN","2","2","4","-2","0","","","","","","","2","-2","","","","","","","","","","","","1","26","0","","","","","","","","","","","","","","","","0"
"774","Western Mich.","10/02/10","20","FIELDS","BRIAN","1","2","0","2","0","","","","","","","1","2","","","","","","","","","","","","","","","2","52","0","","","","","","","","","","","","","0"
"774","Western Mich.","10/09/10","20","FIELDS","BRIAN","5","9","3","6","0","","","","","","","5","6","","","","","","","","","","","","","","","3","57","0","","","","","","","","","","","","","0"
"774","Western Mich.","10/16/10","20","FIELDS","BRIAN","2","1","0","1","0","","","","","","","2","1","","","","","","","","","","","","","","","5","105","0","","","","","","","","","","","","","0"
"774","Western Mich.","10/30/10","20","FIELDS","BRIAN","1","3","0","3","0","","","","","","","1","3","1","8","0","","","","","","","","","","","","1","42","0","","","","","","","","","","","","","0"
"774","Western Mich.","11/05/10","20","FIELDS","BRIAN","13","75","4","71","0","","","","","","","13","71","","","","","","","","","","","","","","","3","31","0","","","","","","","","","","","","","0"
"774","Western Mich.","11/13/10","20","FIELDS","BRIAN","11","107","0","107","2","","","","","","","11","107","2","20","1","","","","","","","","","","","","","","","3","","","","","","","","","","","","18"
"774","Western Mich.","11/20/10","20","FIELDS","BRIAN","13","132","0","132","1","","","","","","","13","132","3","17","0","","","","","","","","","","","","","","","1","","","","","","","","","","","","6"
"774","Western Mich.","11/26/10","20","FIELDS","BRIAN","1","0","0","0","0","","","","","","","1","0","","","","","","","","","","","","","","","","","","","","","","","","","","","","","","0"
"774","Western Mich.","09/04/10","85","HAMMOND","BLAKE","","","","","","","","","","","","0","0","4","61","1","","","","","","","","","","","","","","","1","","","","","","","","","","","","6"
"774","Western Mich.","09/11/10","85","HAMMOND","BLAKE","","","","","","","","","","","","0","0","2","19","1","","","","","","","","","","","","","","","1","","","","","","","","","","","","6"
"774","Western Mich.","10/16/10","85","HAMMOND","BLAKE","","","","","","","","","","","","0","0","1","20","0","","","","","","","","","","","","","","","","","","","","","","","","","","","0"
"774","Western Mich.","11/26/10","85","HAMMOND","BLAKE","","","","","","","","","","","","0","0","2","13","1","","","","","","","","","","","","","","","1","","","","","","","","","","","","6"
"774","Western Mich.","09/11/10","1A","MURRAY","JAMELLE","","","","","","","","","","","","0","0","1","5","0","","","","","","","","","","","","","","","","","","","","","","","","","","","0"
"774","Western Mich.","10/09/10","1A","MURRAY","JAMELLE","","","","","","","","","","","","0","0","1","6","0","","","","","","","","","","","","","","","","","","","","","","","","","","","0"
"774","Western Mich.","09/11/10","46","MUSSMAN","CLARK","","","","","","","","","","","","0","0","1","10","0","","","","","","","","","","","","","","","","","","","","","","","","","","","0"
"774","Western Mich.","09/18/10","46","MUSSMAN","CLARK","","","","","","","","","","","","0","0","1","19","0","","","","","","","","","","","","","","","","","","","","","","","","","","","0"
"774","Western Mich.","10/09/10","46","MUSSMAN","CLARK","","","","","","","","","","","","0","0","2","37","0","","","","","","","","","","","","","","","","","","","","","","","","","","","0"
"774","Western Mich.","11/13/10","46","MUSSMAN","CLARK","","","","","","","","","","","","0","0","1","23","0","","","","","","","","","","","","","","","","","","","","","","","","","","","0"
"774","Western Mich.","11/26/10","46","MUSSMAN","CLARK","","","","","","","","","","","","0","0","2","9","0","","","","","","","","","","","","","","","","","","","","","","","","","","","0"
"774","Western Mich.","09/04/10","81","NUNEZ","JUAN","","","","","","","","","","","","0","0","7","54","1","","","","","","","","","","","","","","","1","","","","","","","","","","","","6"
"774","Western Mich.","09/11/10","81","NUNEZ","JUAN","","","","","","","","","","","","0","0","5","50","0","","","","","","","","","","","","","","","","","","","","","","","","","","","0"
"774","Western Mich.","09/18/10","81","NUNEZ","JUAN","","","","","","","","","","","","0","0","13","100","0","","","","","","","","","","","","","","","","","","","","","","","","","","","0"
"774","Western Mich.","10/02/10","81","NUNEZ","JUAN","","","","","","","","","","","","0","0","4","21","0","","","","","","","","","","","","","","","","","","","","","","","","","","","0"
"774","Western Mich.","10/09/10","81","NUNEZ","JUAN","","","","","","","","","","","","0","0","5","71","1","","","","","","","","","","","","","","","1","","","","","","","","","","","","6"
"774","Western Mich.","10/16/10","81","NUNEZ","JUAN","","","","","","","","","","","","0","0","11","103","0","","","","","","","","","","","","","","","","","","","","","","","","","","","0"
"774","Western Mich.","10/23/10","81","NUNEZ","JUAN","","","","","","","","","","","","0","0","6","192","3","","","","","","","","","","","","","","","3","","","","","","","","","","","","18"
"774","Western Mich.","10/30/10","81","NUNEZ","JUAN","","","","","","","","","","","","0","0","5","44","1","","","","","","","","","","","","","","","1","","","","","","","","","","","","6"
"774","Western Mich.","11/05/10","81","NUNEZ","JUAN","","","","","","","","","","","","0","0","14","133","1","","","","","","","","","","","","","","","1","","","","","","","","","","","","6"
"774","Western Mich.","11/13/10","81","NUNEZ","JUAN","","","","","","","","","","","","0","0","4","110","2","","","","","","","","","","","","","","","2","","","","","","","","","","","","12"
"774","Western Mich.","11/20/10","81","NUNEZ","JUAN","","","","","","","","","","","","0","0","9","59","0","","","","","","","","","","","","","","","","","","","","","","","","","","","0"
"774","Western Mich.","11/26/10","81","NUNEZ","JUAN","","","","","","","","","","","","0","0","8","95","1","","","","","","","","","","","","","","","1","","","","","","","","","","","","6"
"774","Western Mich.","11/26/10","32","O'NEILL","JAMES","3","11","0","11","0","","","","","","","3","11","","","","","","","","","","","","","","","","","","","","","","","","","","","","","","0"
"774","Western Mich.","09/04/10","8","PONDER","ANSEL","1","4","0","4","0","","","","","","","1","4","","","","","","","","","","","","","","","4","69","0","","","","","","","","","","","","","0"
"774","Western Mich.","09/11/10","8","PONDER","ANSEL","","","","","","","","","","","","0","0","5","47","1","","","","","","","","","","","","3","53","0","1","","","","","","","","","","","","6"
"774","Western Mich.","09/18/10","8","PONDER","ANSEL","","","","","","","","","","","","0","0","11","66","0","","","","","","","","","","","","6","133","0","","","","","","","","","","","","","0"
"774","Western Mich.","10/02/10","8","PONDER","ANSEL","","","","","","","","","","","","0","0","1","7","1","","","","","","","","","","","","1","22","0","1","","","","","","","","","","","","6"
"774","Western Mich.","10/16/10","8","PONDER","ANSEL","","","","","","","","","","","","0","0","1","13","0","","","","","","","","","","","","","","","","","","","","","","","","","","","0"
"774","Western Mich.","10/23/10","8","PONDER","ANSEL","1","6","0","6","0","","","","","","","1","6","1","4","0","","","","","","","","","","","","","","","","","","","","","","","","","","","0"
"774","Western Mich.","10/30/10","8","PONDER","ANSEL","","","","","","","","","","","","0","0","5","47","0","","","","","","","","","","","","","","","","","","","","","","","","","","","0"
"774","Western Mich.","11/05/10","8","PONDER","ANSEL","","","","","","","","","","","","0","0","1","7","0","","","","","","","","","","","","","","","","","","","","","","","","","","","0"
"774","Western Mich.","11/26/10","8","PONDER","ANSEL","1","13","0","13","0","","","","","","","1","13","2","13","0","","","","","","","","","","","","","","","","","","","","","","","","","","","0"
"774","Western Mich.","09/04/10","17","POTTER","JOHN","","","","","","","","","","","","0","0","","","","","","","","","","","","","","","","","","","2","2","0","0","","","","","","","","2"
"774","Western Mich.","09/11/10","17","POTTER","JOHN","","","","","","","","","","","","0","0","","","","","","","","","","","","","","","","","","","7","7","0","0","","","","","","","","7"
"774","Western Mich.","09/18/10","17","POTTER","JOHN","","","","","","","","","","","","0","0","","","","","","","","","","","","","","","","","","","3","3","0","0","","","","","1","1","","6"
"774","Western Mich.","10/02/10","17","POTTER","JOHN","","","","","","","","","","","","0","0","","","","","","","","","","","","","","","","","","","1","1","0","0","","","","","2","2","","7"
"774","Western Mich.","10/09/10","17","POTTER","JOHN","1","8","0","8","1","","","","","","","1","8","","","","","","","","","","","","","","","","","","1","6","6","0","0","","","","","2","1","","15"
"774","Western Mich.","10/16/10","17","POTTER","JOHN","","","","","","","","","","","","0","0","","","","","","","","","","","","","","","","","","","2","2","0","0","","","","","2","2","","8"
"774","Western Mich.","10/23/10","17","POTTER","JOHN","","","","","","","","","","","","0","0","","","","","","","","","","","","","","","","","","","8","8","0","0","","","","","","","","8"
"774","Western Mich.","10/30/10","17","POTTER","JOHN","","","","","","","","","","","","0","0","","","","","","","","","","","","","","","","","","","3","3","0","0","","","","","","","","3"
"774","Western Mich.","11/05/10","17","POTTER","JOHN","","","","","","","","","","","","0","0","","","","","","","","","","","","","","","","","","","2","2","0","0","","","","","1","0","","2"
"774","Western Mich.","11/13/10","17","POTTER","JOHN","","","","","","","","","","","","0","0","","","","","","","","","","","","","","","","","","","6","6","0","0","","","","","1","1","","9"
"774","Western Mich.","11/20/10","17","POTTER","JOHN","","","","","","","","","","","","0","0","","","","","","","","","","","","","","","","","","","5","5","0","0","","","","","1","1","","8"
"774","Western Mich.","11/26/10","17","POTTER","JOHN","","","","","","","","","","","","0","0","","","","","","","","","","","","","","","","","","","5","5","0","0","","","","","2","2","","11"
"774","Western Mich.","09/04/10","21","SCRIVEN","ANTOIN","4","12","0","12","0","","","","","","","4","12","","","","","","","","","","","","","","","","","","","","","","","","","","","","","","0"
"774","Western Mich.","09/11/10","21","SCRIVEN","ANTOIN","2","9","0","9","1","","","","","","","2","9","1","18","0","","","","","","","","","","","","","","","1","","","","","","","","","","","","6"
"774","Western Mich.","09/18/10","21","SCRIVEN","ANTOIN","1","1","0","1","1","","","","","","","1","1","","","","","","","","","","","","","","","","","","1","","","","","","","","","","","","6"
"774","Western Mich.","10/02/10","21","SCRIVEN","ANTOIN","5","16","0","16","0","","","","","","","5","16","2","6","0","","","","","","","","","","","","","","","","","","","","","","","","","","","0"
"774","Western Mich.","10/09/10","21","SCRIVEN","ANTOIN","2","1","0","1","0","","","","","","","2","1","1","9","0","","","","","","","","","","","","","","","","","","","","","","","","","","","0"
"774","Western Mich.","09/04/10","10","SMITH","TREY","","","","","","","","","","","","0","0","1","9","0","","","","","","","","","","","","","","","","","","","","","","","","","","","0"
"774","Western Mich.","09/18/10","10","SMITH","TREY","","","","","","","","","","","","0","0","1","22","0","","","","","","","","","","","","","","","","","","","","","","","","","","","0"
"774","Western Mich.","10/09/10","10","SMITH","TREY","","","","","","","","","","","","0","0","1","7","0","","","","","","","","","","","","","","","","","","","","","","","","","","","0"
"774","Western Mich.","10/23/10","10","SMITH","TREY","","","","","","","","","","","","0","0","1","10","0","","","","","","","","","","","","","","","","","","","","","","","","","","","0"
"774","Western Mich.","09/11/10","24","TOLER","LEWIS","","","","","","","","","","","","0","0","","","","","","","1","2","0","","","","","","","","","","","","","","","","","","","","","0"
"774","Western Mich.","09/18/10","24","TOLER","LEWIS","","","","","","","","","","","","0","0","","","","1","0","0","","","","","","","","","","","","","","","","","","","","","","","","0"
"774","Western Mich.","10/02/10","24","TOLER","LEWIS","","","","","","","","","","","","0","0","","","","1","5","0","","","","","","","","","","","","","","","","","","","","","","","","0"
"774","Western Mich.","10/09/10","24","TOLER","LEWIS","","","","","","","","","","","","0","0","","","","1","24","1","","","","","","","","","","","","1","","","","","","","","","","","","6"
"774","Western Mich.","10/30/10","24","TOLER","LEWIS","","","","","","","","","","","","0","0","","","","1","0","0","","","","","","","","","","","","","","","","","","","","","","","","0"
"774","Western Mich.","11/05/10","24","TOLER","LEWIS","","","","","","","","","","","","0","0","","","","","","","1","3","0","","","","","","","","","","","","","","","","","","","","","0"
"774","Western Mich.","11/20/10","24","TOLER","LEWIS","","","","","","","","","","","","0","0","","","","1","0","0","","","","","","","","","","","","","","","","","","","","","","","","0"
"774","Western Mich.","09/04/10","2","VANTUBBERGEN","TYLER","","","","","","4","3","0","18","0","","4","18","","","","","","","","","","","","","","","","","","","","","","","","","","","","","","0"
"774","Western Mich.","09/11/10","2","VANTUBBERGEN","TYLER","","","","","","3","3","0","57","0","","3","57","","","","","","","","","","","","","","","","","","","","","","","","","","","","","","0"
"774","Western Mich.","10/02/10","2","VANTUBBERGEN","TYLER","","","","","","1","0","0","0","0","","1","0","","","","","","","","","","","","","","","","","","","","","","","","","","","","","","0"
"774","Western Mich.","10/09/10","2","VANTUBBERGEN","TYLER","","","","","","1","1","0","6","0","","1","6","","","","","","","","","","","","","","","","","","","","","","","","","","","","","","0"
"774","Western Mich.","10/23/10","2","VANTUBBERGEN","TYLER","2","13","6","7","0","2","1","0","10","0","","4","17","","","","","","","","","","","","","","","","","","","","","","","","","","","","","","0"
"774","Western Mich.","11/20/10","2","VANTUBBERGEN","TYLER","1","9","0","9","0","1","1","0","4","0","","2","13","","","","","","","","","","","","","","","","","","","","","","","","","","","","","","0"
"774","Western Mich.","11/26/10","2","VANTUBBERGEN","TYLER","1","0","1","-1","0","1","0","0","0","0","","2","-1","","","","","","","","","","","","","","","","","","","","","","","","","","","","","","0"
"774","Western Mich.","09/04/10","11","WALKER","DALLAS","","","","","","","","","","","","0","0","1","6","0","","","","","","","","","","","","","","","","","","","","","","","","","","","0"
"774","Western Mich.","09/11/10","11","WALKER","DALLAS","","","","","","","","","","","","0","0","3","20","1","","","","","","","","","","","","","","","1","","","","","","","","","","","","6"
"774","Western Mich.","10/16/10","11","WALKER","DALLAS","1","0","2","-2","0","","","","","","","1","-2","2","18","0","","","","","","","","","","","","","","","","","","","","","","","","","","","0"
"774","Western Mich.","11/05/10","11","WALKER","DALLAS","","","","","","","","","","","","0","0","2","7","0","","","","","","","","","","","","","","","","","","","","","","","","","","","0"
"774","Western Mich.","11/26/10","11","WALKER","DALLAS","","","","","","","","","","","","0","0","1","7","1","","","","","","","","","","","","","","","1","","","","","","","","","","","","6"
"774","Western Mich.","09/11/10","30","WALLACE","DERVON","","","","","","","","","","","","0","0","1","41","0","","","","","","","","","","","","","","","","","","","","","","","","","","","0"
"774","Western Mich.","10/23/10","30","WALLACE","DERVON","","","","","","","","","","","","0","0","","","","","","","","","","","","","","","1","91","1","1","","","","","","","","","","","","6"
"774","Western Mich.","10/30/10","30","WALLACE","DERVON","","","","","","","","","","","","0","0","","","","","","","","","","","","","","","2","40","0","","","","","","","","","","","","","0"
"774","Western Mich.","11/05/10","30","WALLACE","DERVON","","","","","","","","","","","","0","0","","","","","","","","","","","","","","","2","34","0","","","","","","","","","","","","","0"
"774","Western Mich.","11/13/10","30","WALLACE","DERVON","","","","","","","","","","","","0","0","","","","","","","","","","","","","","","5","110","0","","","","","","","","","","","","","0"
"774","Western Mich.","11/20/10","30","WALLACE","DERVON","","","","","","","","","","","","0","0","","","","","","","","","","","","","","","2","50","0","","","","","","","","","","","","","0"
"774","Western Mich.","11/26/10","30","WALLACE","DERVON","","","","","","","","","","","","0","0","","","","","","","","","","","","","","","1","28","0","","","","","","","","","","","","","0"
"774","Western Mich.","09/04/10","83","WHITE","JORDAN","","","","","","","","","","","","0","0","8","82","0","","","","","","","","","5","30","0","","","","","","","","","","","","","","","","0"
"774","Western Mich.","09/11/10","83","WHITE","JORDAN","","","","","","","","","","","","0","0","6","130","2","","","","","","","","","2","18","0","","","","2","","","","","","","","","","","","12"
"774","Western Mich.","09/18/10","83","WHITE","JORDAN","","","","","","","","","","","","0","0","13","170","1","","","","","","","","","2","10","0","","","","1","","","","","","","","","","","","6"
"774","Western Mich.","10/02/10","83","WHITE","JORDAN","","","","","","","","","","","","0","0","6","57","0","","","","","","","","","1","5","0","","","","","","","","","","","","","","","","0"
"774","Western Mich.","10/09/10","83","WHITE","JORDAN","","","","","","","","","","","","0","0","4","96","0","","","","","","","","","1","5","0","","","","","","","","","","","","","","","","0"
"774","Western Mich.","10/16/10","83","WHITE","JORDAN","","","","","","","","","","","","0","0","5","55","0","","","","","","","","","2","0","0","","","","","","","","","","","","","","","","0"
"774","Western Mich.","10/23/10","83","WHITE","JORDAN","","","","","","","","","","","","0","0","8","168","2","","","","","","","","","2","7","0","","","","2","","","","","","","","","","","","12"
"774","Western Mich.","10/30/10","83","WHITE","JORDAN","2","19","3","16","0","","","","","","","2","16","14","180","1","","","","","","","","","","","","","","","1","","","","","","","","","","","","6"
"774","Western Mich.","11/05/10","83","WHITE","JORDAN","1","13","0","13","0","","","","","","","1","13","8","119","2","","","","","","","","","3","34","0","1","19","0","2","","","","","","","","","","","","12"
"774","Western Mich.","11/13/10","83","WHITE","JORDAN","","","","","","","","","","","","0","0","7","134","1","","","","","","","","","","","","","","","1","","","","","","","","","","","","6"
"774","Western Mich.","11/20/10","83","WHITE","JORDAN","","","","","","","","","","","","0","0","8","77","1","","","","","","","","","2","9","0","","","","1","","","","","","","","","","","","6"
"774","Western Mich.","11/26/10","83","WHITE","JORDAN","","","","","","","","","","","","0","0","7","110","0","","","","","","","","","1","10","0","","","","","","","","","","","","","","","","0"
"774","Western Mich.","09/04/10","23","WINCHESTER","AARON","15","37","7","30","0","","","","","","","15","30","5","11","0","","","","","","","","","","","","","","","","","","","","","","","","","","","0"
"774","Western Mich.","09/11/10","23","WINCHESTER","AARON","12","45","5","40","0","","","","","","","12","40","","","","","","","","","","","","","","","","","","","","","","","","","","","","","","0"
"774","Western Mich.","09/18/10","23","WINCHESTER","AARON","7","19","2","17","0","","","","","","","7","17","1","-2","0","","","","","","","","","","","","","","","","","","","","","","","","","","","0"
"774","Western Mich.","10/02/10","23","WINCHESTER","AARON","12","49","2","47","0","","","","","","","12","47","1","13","0","","","","","","","","","","","","2","47","0","","","","","","","","","","","","","0"
"774","Western Mich.","10/09/10","23","WINCHESTER","AARON","7","14","2","12","0","","","","","","","7","12","2","10","0","","","","","","","","","","","","","","","","","","","","","","","","","","","0"
"774","Western Mich.","10/16/10","23","WINCHESTER","AARON","8","20","3","17","0","","","","","","","8","17","2","17","0","","","","","","","","","","","","","","","","","","","","","","","","","","","0"
"774","Western Mich.","10/23/10","23","WINCHESTER","AARON","8","38","0","38","0","","","","","","","8","38","","","","","","","","","","","","","","","","","","","","","","","","","","","","","","0"
"774","Western Mich.","10/30/10","23","WINCHESTER","AARON","9","27","3","24","0","","","","","","","9","24","","","","","","","","","","","","","","","","","","","","","","","","","","","","","","0"
"774","Western Mich.","11/05/10","23","WINCHESTER","AARON","13","44","5","39","0","","","","","","","13","39","1","-2","0","","","","","","","","","","","","","","","","","","","","","","","","","","","0"
"774","Western Mich.","11/26/10","23","WINCHESTER","AARON","1","7","0","7","0","","","","","","","1","7","","","","","","","","","","","","","","","","","","","","","","","","","","","","","","0"
"774","Western Mich.","11/13/10","47","ZAJAC","MITCH","","","","","","","","","","","","0","0","","","","","","","","","","","","","","","1","13","0","","","","","","","","","","","","","0"
"796","Wisconsin","09/11/10","4","ABBREDERIS","JARED","","","","","","","","","","","","0","0","5","58","0","","","","","","","","","","","","","","","","","","","","","","","","","","","0"
"796","Wisconsin","09/18/10","4","ABBREDERIS","JARED","2","19","0","19","0","","","","","","","2","19","3","35","0","","","","","","","","","2","22","0","","","","","","","","","","","","","","","","0"
"796","Wisconsin","09/25/10","4","ABBREDERIS","JARED","1","8","0","8","0","","","","","","","1","8","3","38","0","","","","","","","","","5","45","0","","","","","","","","","","","","","","","","0"
"796","Wisconsin","10/02/10","4","ABBREDERIS","JARED","","","","","","","","","","","","0","0","1","8","0","","","","","","","","","","","","","","","","","","","","","","","","","","","0"
"796","Wisconsin","10/09/10","4","ABBREDERIS","JARED","","","","","","","","","","","","0","0","3","33","1","","","","","","","","","","","","","","","1","","","","","","","","","","","","6"
"796","Wisconsin","10/23/10","4","ABBREDERIS","JARED","","","","","","","","","","","","0","0","1","15","0","","","","","","","","","","","","","","","","","","","","","","","","","","","0"
"796","Wisconsin","11/06/10","4","ABBREDERIS","JARED","","","","","","","","","","","","0","0","1","7","1","","","","","","","","","","","","","","","1","","","","","","","","","","","","6"
"796","Wisconsin","11/13/10","4","ABBREDERIS","JARED","","","","","","","","","","","","0","0","2","79","1","","","","","","","","","","","","1","52","0","1","","","","","","","","","","","","6"
"796","Wisconsin","11/20/10","4","ABBREDERIS","JARED","","","","","","","","","","","","0","0","","","","","","","","","","","","","","","1","7","0","","","","","","","","","","","","","0"
"796","Wisconsin","11/27/10","4","ABBREDERIS","JARED","","","","","","","","","","","","0","0","","","","","","","","","","","","","","","1","52","0","","","","","","","","","","","","","0"
"796","Wisconsin","01/01/11","4","ABBREDERIS","JARED","","","","","","","","","","","","0","0","1","16","0","","","","","","","","","","","","","","","","","","","","","","","","","","","0"
"796","Wisconsin","09/04/10","6","ANDERSON","ISAAC","2","5","7","-2","0","","","","","","","2","-2","","","","","","","","","","","","","","","","","","","","","","","","","","","","","","0"
"796","Wisconsin","09/11/10","6","ANDERSON","ISAAC","1","0","0","0","0","","","","","","","1","0","3","36","0","","","","","","","","","","","","","","","","","","","","","","","","","","","0"
"796","Wisconsin","09/18/10","6","ANDERSON","ISAAC","1","4","0","4","0","","","","","","","1","4","5","42","0","","","","","","","","","","","","","","","","","","","","","","","","","","","0"
"796","Wisconsin","09/25/10","6","ANDERSON","ISAAC","","","","","","","","","","","","0","0","2","23","0","","","","","","","","","","","","","","","","","","","","","","","","","","","0"
"796","Wisconsin","10/02/10","6","ANDERSON","ISAAC","","","","","","","","","","","","0","0","1","12","0","","","","","","","","","","","","","","","","","","","","","","","","","","","0"
"796","Wisconsin","10/09/10","6","ANDERSON","ISAAC","","","","","","","","","","","","0","0","1","4","0","","","","","","","","","","","","","","","","","","","","","","","","","","","0"
"796","Wisconsin","10/16/10","6","ANDERSON","ISAAC","","","","","","","","","","","","0","0","2","13","0","","","","","","","","","","","","","","","","","","","","","","","","","","","0"
"796","Wisconsin","10/23/10","6","ANDERSON","ISAAC","","","","","","","","","","","","0","0","3","42","0","","","","","","","","","","","","","","","","","","","","","","","","","","","0"
"796","Wisconsin","11/06/10","6","ANDERSON","ISAAC","","","","","","","","","","","","0","0","2","19","0","","","","","","","","","","","","","","","","","","","","","","","","","","","0"
"796","Wisconsin","11/13/10","6","ANDERSON","ISAAC","","","","","","","","","","","","0","0","1","14","0","","","","","","","","","","","","","","","","","","","","","","","","","","","0"
"796","Wisconsin","11/20/10","6","ANDERSON","ISAAC","","","","","","","","","","","","0","0","2","10","0","","","","","","","","","","","","","","","","","","","","","","","","","","","0"
"796","Wisconsin","11/27/10","6","ANDERSON","ISAAC","","","","","","","","","","","","0","0","1","8","0","","","","","","","","","","","","","","","","","","","","","","","","","","","0"
"796","Wisconsin","01/01/11","6","ANDERSON","ISAAC","","","","","","","","","","","","0","0","1","10","0","","","","","","","","","","","","","","","","","","","","","","","","","","","0"
"796","Wisconsin","09/04/10","28","BALL","MONTEE","16","82","3","79","2","","","","","","","16","79","1","6","0","","","","","","","","","","","","","","","2","","","","","","","","","","","","12"
"796","Wisconsin","09/11/10","28","BALL","MONTEE","9","33","2","31","0","","","","","","","9","31","1","-3","0","","","","","","","","","","","","","","","","","","","","","","","","","","","0"
"796","Wisconsin","09/18/10","28","BALL","MONTEE","5","11","0","11","0","","","","","","","5","11","4","38","0","","","","","","","","","","","","","","","","","","","","","","","","","","","0"
"796","Wisconsin","09/25/10","28","BALL","MONTEE","11","65","1","64","1","","","","","","","11","64","2","25","0","","","","","","","","","","","","","","","1","","","","","","","","","","","","6"
"796","Wisconsin","10/02/10","28","BALL","MONTEE","2","6","0","6","0","","","","","","","2","6","","","","","","","","","","","","","","","","","","","","","","","","","","","","","","0"
"796","Wisconsin","10/09/10","28","BALL","MONTEE","3","12","2","10","0","","","","","","","3","10","","","","","","","","","","","","","","","","","","","","","","","","","","","","","","0"
"796","Wisconsin","10/23/10","28","BALL","MONTEE","3","18","0","18","1","","","","","","","3","18","5","41","0","","","","","","","","","","","","","","","1","","","","","","","","","","","","6"
"796","Wisconsin","11/06/10","28","BALL","MONTEE","21","134","7","127","2","","","","","","","21","127","1","5","0","","","","","","","","","","","","","","","2","","","","","","","","","","","","12"
"796","Wisconsin","11/13/10","28","BALL","MONTEE","22","167","0","167","3","","","","","","","22","167","1","9","0","","","","","","","","","","","","","","","3","","","","","","","","","","","","18"
"796","Wisconsin","11/20/10","28","BALL","MONTEE","29","173","0","173","4","","","","","","","29","173","1","7","0","","","","","","","","","","","","","","","4","","","","","","","","","","","","24"
"796","Wisconsin","11/27/10","28","BALL","MONTEE","20","180","2","178","4","","","","","","","20","178","","","","","","","","","","","","","","","","","","4","","","","","","","","","","","","24"
"796","Wisconsin","01/01/11","28","BALL","MONTEE","22","138","6","132","1","","","","","","","22","132","","","","","","","","","","","","","","","","","","1","","","","","","","","","","","","6"
"796","Wisconsin","09/04/10","44","BORLAND","CHRIS","","","","","","","","","","","","0","0","","","","","","","","","","","","","","","1","9","0","","","","","","","","","","","","","0"
"796","Wisconsin","09/25/10","5A","BUDMAYR","JON","","","","","","7","6","0","55","0","","7","55","","","","","","","","","","","","","","","","","","","","","","","","","","","","","","0"
"796","Wisconsin","11/13/10","5A","BUDMAYR","JON","1","0","2","-2","0","3","2","0","79","1","","4","77","","","","","","","","","","","","","","","","","","","","","","","","","","","","","","0"
"796","Wisconsin","11/27/10","5A","BUDMAYR","JON","1","3","0","3","0","","","","","","","1","3","","","","","","","","","","","","","","","","","","","","","","","","","","","","","","0"
"796","Wisconsin","10/23/10","82","BYRNE","JAKE","","","","","","","","","","","","0","0","2","12","0","","","","","","","","","","","","","","","","","","","","","","","","","","","0"
"796","Wisconsin","11/13/10","82","BYRNE","JAKE","","","","","","","","","","","","0","0","2","18","1","","","","","","","","","","","","","","","1","","","","","","","","","","","","6"
"796","Wisconsin","11/20/10","82","BYRNE","JAKE","","","","","","","","","","","","0","0","1","13","0","","","","","","","","","","","","","","","","","","","","","","","","","","","0"
"796","Wisconsin","09/04/10","32","CLAY","JOHN","17","123","0","123","2","","","","","","","17","123","","","","","","","","","","","","","","","","","","2","","","","","","","","","","","","12"
"796","Wisconsin","09/11/10","32","CLAY","JOHN","23","137","0","137","2","","","","","","","23","137","","","","","","","","","","","","","","","","","","2","","","","","","","","","","","","12"
"796","Wisconsin","09/18/10","32","CLAY","JOHN","22","125","2","123","1","","","","","","","22","123","","","","","","","","","","","","","","","","","","1","","","","","","","","","","","","6"
"796","Wisconsin","09/25/10","32","CLAY","JOHN","15","118","0","118","1","","","","","","","15","118","","","","","","","","","","","","","","","","","","1","","","","","","","","","","","","6"
"796","Wisconsin","10/02/10","32","CLAY","JOHN","17","85","5","80","0","","","","","","","17","80","","","","","","","","","","","","","","","","","","","","","","","","","","","","","","0"
"796","Wisconsin","10/09/10","32","CLAY","JOHN","21","111","0","111","3","","","","","","","21","111","","","","","","","","","","","","","","","","","","3","","","","","","","","","","","","18"
"796","Wisconsin","10/16/10","32","CLAY","JOHN","21","106","2","104","2","","","","","","","21","104","","","","","","","","","","","","","","","","","","2","","","","","","","","","","","","12"
"796","Wisconsin","10/23/10","32","CLAY","JOHN","24","93","2","91","2","","","","","","","24","91","1","9","0","","","","","","","","","","","","","","","2","","","","","","","","","","","","12"
"796","Wisconsin","11/06/10","32","CLAY","JOHN","12","45","3","42","0","","","","","","","12","42","","","","","","","","","","","","","","","","","","","","","","","","","","","","","","0"
"796","Wisconsin","11/27/10","32","CLAY","JOHN","4","9","2","7","0","","","","","","","4","7","","","","","","","","","","","","","","","","","","","","","","","","","","","","","","0"
"796","Wisconsin","01/01/11","32","CLAY","JOHN","11","76","0","76","1","","","","","","","11","76","","","","","","","","","","","","","","","","","","1","","","","","","","","","","","","6"
"796","Wisconsin","11/27/10","51","DIPPEL","TYLER","","","","","","","","","","","","0","0","","","","","","","1","12","0","","","","","","","","","","","","","","","","","","","","","0"
"796","Wisconsin","09/25/10","1E","DUCKWORTH","JEFF","","","","","","","","","","","","0","0","3","32","0","","","","","","","","","","","","","","","","","","","","","","","","","","","0"
"796","Wisconsin","09/25/10","34","EWING","BRADIE","2","15","0","15","1","","","","","","","2","15","1","3","1","","","","","","","","","","","","","","","2","","","","","","","","","","","","12"
"796","Wisconsin","10/02/10","34","EWING","BRADIE","","","","","","","","","","","","0","0","1","4","0","","","","","","","","","","","","","","","","","","","","","","","","","","","0"
"796","Wisconsin","10/16/10","34","EWING","BRADIE","","","","","","","","","","","","0","0","1","7","0","","","","","","","","","","","","","","","","","","","","","","","","","","","0"
"796","Wisconsin","10/23/10","34","EWING","BRADIE","","","","","","","","","","","","0","0","1","7","1","","","","","","","","","","","","","","","1","","","","","","","","","","","","6"
"796","Wisconsin","11/06/10","34","EWING","BRADIE","","","","","","","","","","","","0","0","1","7","0","","","","","","","","","","","","3","57","0","","","","","","","","","","","","","0"
"796","Wisconsin","11/13/10","34","EWING","BRADIE","","","","","","","","","","","","0","0","2","26","0","","","","","","","","","","","","","","","","","","","","","","","","","","","0"
"796","Wisconsin","11/27/10","34","EWING","BRADIE","1","4","0","4","0","","","","","","","1","4","","","","","","","","","","","","","","","","","","","","","","","","","","","","","","0"
"796","Wisconsin","01/01/11","34","EWING","BRADIE","","","","","","","","","","","","0","0","1","28","0","","","","","","","","","","","","","","","","","","","","","","","","","","","0"
"796","Wisconsin","09/11/10","26","FENELUS","ANTONIO","","","","","","","","","","","","0","0","","","","1","0","0","","","","","","","","","","","","","","","","","","","","","","","","0"
"796","Wisconsin","10/02/10","26","FENELUS","ANTONIO","","","","","","","","","","","","0","0","","","","1","9","0","","","","","","","","","","","","","","","","","","","","","","","","0"
"796","Wisconsin","11/06/10","26","FENELUS","ANTONIO","","","","","","","","","","","","0","0","","","","1","36","1","1","48","0","","","","","","","","","1","","","","","","","","","","","","6"
"796","Wisconsin","11/27/10","26","FENELUS","ANTONIO","","","","","","","","","","","","0","0","","","","1","0","0","","","","","","","","","","","","","","","","","","","","","","","","0"
"796","Wisconsin","09/04/10","85","GILREATH","DAVID","1","8","0","8","0","","","","","","","1","8","4","68","0","","","","","","","","","1","2","0","2","43","0","","","","","","","","","","","","","0"
"796","Wisconsin","09/11/10","85","GILREATH","DAVID","1","16","0","16","0","","","","","","","1","16","1","7","0","","","","","","","","","2","5","0","1","19","0","","","","","","","","","","","","","0"
"796","Wisconsin","10/02/10","85","GILREATH","DAVID","","","","","","","","","","","","0","0","1","14","0","","","","","","","","","","","","","","","","","","","","","","","","","","","0"
"796","Wisconsin","10/09/10","85","GILREATH","DAVID","1","14","0","14","0","","","","","","","1","14","2","59","0","","","","","","","","","","","","5","86","0","","","","","","","","","","","","","0"
"796","Wisconsin","10/16/10","85","GILREATH","DAVID","","","","","","","","","","","","0","0","1","18","0","","","","","","","","","1","13","0","4","163","1","1","","","","","","","","","","","","6"
"796","Wisconsin","10/23/10","85","GILREATH","DAVID","2","14","0","14","0","","","","","","","2","14","2","23","0","","","","","","","","","","","","4","92","0","","","","","","","","","","","","","0"
"796","Wisconsin","11/06/10","85","GILREATH","DAVID","2","15","0","15","0","","","","","","","2","15","2","21","0","","","","","","","","","1","27","0","1","13","0","","","","","","","","","","","","","0"
"796","Wisconsin","11/13/10","85","GILREATH","DAVID","","","","","","","","","","","","0","0","3","41","0","","","","","","","","","1","22","0","2","84","0","","","","","","","","","","","","","0"
"796","Wisconsin","11/20/10","85","GILREATH","DAVID","","","","","","","","","","","","0","0","1","21","0","","","","","","","","","","","","","","","","","","","","","","","","","","","0"
"796","Wisconsin","11/27/10","85","GILREATH","DAVID","","","","","","","","","","","","0","0","4","75","1","","","","","","","","","","","","4","93","0","1","","","","","","","","","","","","6"
"796","Wisconsin","01/01/11","85","GILREATH","DAVID","","","","","","","","","","","","0","0","2","23","0","","","","","","","","","2","13","0","4","66","0","","","","","","","","","","","","","0"
"796","Wisconsin","09/04/10","7","HENRY","AARON","","","","","","","","","","","","0","0","","","","","","","1","20","1","","","","","","","","","1","","","","","","","","","","","","6"
"796","Wisconsin","09/25/10","7","HENRY","AARON","","","","","","","","","","","","0","0","","","","","","","","","","","","1","30","0","","","","","","","","","","","","","","","","0"
"796","Wisconsin","10/02/10","7","HENRY","AARON","","","","","","","","","","","","0","0","","","","","","","","","","","","1","13","0","","","","","","","","","","","","","","","","0"
"796","Wisconsin","10/09/10","7","HENRY","AARON","","","","","","","","","","","","0","0","","","","","","","","","","","","1","9","0","","","","","","","","","","","","","","","","0"
"796","Wisconsin","11/06/10","7","HENRY","AARON","","","","","","","","","","","","0","0","","","","","","","","","","","","1","1","0","","","","","","","","","","","","","","","","0"
"796","Wisconsin","11/13/10","7","HENRY","AARON","","","","","","","","","","","","0","0","","","","1","37","1","","","","","","","","","","","","1","","","","","","","","","","","","6"
"796","Wisconsin","11/27/10","7","HENRY","AARON","","","","","","","","","","","","0","0","","","","1","50","1","1","6","0","","","","","","","","","1","","","","","","","","","","","","6"
"796","Wisconsin","09/04/10","3","JEFFERSON","KYLE","","","","","","","","","","","","0","0","1","21","0","","","","","","","","","","","","","","","","","","","","","","","","","","","0"
"796","Wisconsin","09/11/10","3","JEFFERSON","KYLE","","","","","","","","","","","","0","0","1","18","0","","","","","","","","","","","","","","","","","","","","","","","","","","","0"
"796","Wisconsin","09/25/10","3","JEFFERSON","KYLE","","","","","","","","","","","","0","0","2","26","0","","","","","","","","","","","","","","","","","","","","","","","","","","","0"
"796","Wisconsin","09/04/10","84","KENDRICKS","LANCE","","","","","","","","","","","","0","0","1","5","0","","","","","","","","","","","","","","","","","","","","","","","","","","","0"
"796","Wisconsin","09/11/10","84","KENDRICKS","LANCE","","","","","","","","","","","","0","0","3","60","1","","","","","","","","","","","","","","","1","","","","","","","","","","","","6"
"796","Wisconsin","09/18/10","84","KENDRICKS","LANCE","1","0","4","-4","0","","","","","","","1","-4","7","131","1","","","","","","","","","","","","","","","1","","","","","","","","","","","","6"
"796","Wisconsin","09/25/10","84","KENDRICKS","LANCE","","","","","","","","","","","","0","0","6","103","1","","","","","","","","","","","","","","","1","","","","","","","","","","","","6"
"796","Wisconsin","10/02/10","84","KENDRICKS","LANCE","","","","","","","","","","","","0","0","3","17","0","","","","","","","","","","","","","","","","","","","","","","","","","","","0"
"796","Wisconsin","10/09/10","84","KENDRICKS","LANCE","","","","","","","","","","","","0","0","5","75","0","","","","","","","","","","","","","","","","","","","","","","","","","","","0"
"796","Wisconsin","10/23/10","84","KENDRICKS","LANCE","","","","","","","","","","","","0","0","2","26","0","","","","","","","","","","","","","","","","","","","","","","","","","","","0"
"796","Wisconsin","11/06/10","84","KENDRICKS","LANCE","","","","","","","","","","","","0","0","1","9","0","","","","","","","","","","","","","","","","","","","","","","","","","","","0"
"796","Wisconsin","11/13/10","84","KENDRICKS","LANCE","","","","","","","","","","","","0","0","3","47","1","","","","","","","","","","","","","","","1","","","","","","","","","","","","6"
"796","Wisconsin","11/20/10","84","KENDRICKS","LANCE","","","","","","","","","","","","0","0","4","74","0","","","","","","","","","","","","","","","","","","","","","","","","","","","0"
"796","Wisconsin","11/27/10","84","KENDRICKS","LANCE","1","0","6","-6","0","","","","","","","1","-6","4","80","1","","","","","","","","","","","","","","","1","","","","","","","","","","","","6"
"796","Wisconsin","01/01/11","84","KENDRICKS","LANCE","","","","","","","","","","","","0","0","4","36","0","","","","","","","","","","","","","","","","","","","","","","","","","","","0"
"796","Wisconsin","09/25/10","81","KORSLIN","ROB","2","4","0","4","0","","","","","","","2","4","","","","","","","","","","","","","","","","","","","","","","","","","","","","","","0"
"796","Wisconsin","09/25/10","9F","LERNER","ALEC","","","","","","","","","","","","0","0","","","","","","","","","","","","","","","","","","","1","1","0","0","","","","","","","","1"
"796","Wisconsin","09/04/10","98","NORTMAN","BRAD","","","","","","","","","","","","0","0","","","","","","","","","","4","156","","","","","","","","","","","","","","","","","","","0"
"796","Wisconsin","09/11/10","98","NORTMAN","BRAD","","","","","","","","","","","","0","0","","","","","","","","","","3","134","","","","","","","","","","","","","","","","","","","0"
"796","Wisconsin","09/18/10","98","NORTMAN","BRAD","","","","","","","","","","","","0","0","","","","","","","","","","4","172","","","","","","","","","","","","","","","","","","","0"
"796","Wisconsin","09/25/10","98","NORTMAN","BRAD","","","","","","","","","","","","0","0","","","","","","","","","","2","121","","","","","","","","","","","","","","","","","","","0"
"796","Wisconsin","10/02/10","98","NORTMAN","BRAD","","","","","","","","","","","","0","0","","","","","","","","","","6","225","","","","","","","","","","","","","","","","","","","0"
"796","Wisconsin","10/09/10","98","NORTMAN","BRAD","","","","","","","","","","","","0","0","","","","","","","","","","2","79","","","","","","","","","","","","","","","","","","","0"
"796","Wisconsin","10/16/10","98","NORTMAN","BRAD","","","","","","","","","","","","0","0","","","","","","","","","","2","101","","","","","","","","","","","","","","","","","","","0"
"796","Wisconsin","10/23/10","98","NORTMAN","BRAD","1","17","0","17","0","","","","","","","1","17","","","","","","","","","","2","96","","","","","","","","","","","","","","","","","","","0"
"796","Wisconsin","11/06/10","98","NORTMAN","BRAD","","","","","","","","","","","","0","0","","","","","","","","","","4","174","","","","","","","","","","","","","","","","","","","0"
"796","Wisconsin","11/20/10","98","NORTMAN","BRAD","","","","","","","","","","","","0","0","","","","","","","","","","1","41","","","","","","","","","","","","","","","","","","","0"
"796","Wisconsin","11/27/10","98","NORTMAN","BRAD","","","","","","","","","","","","0","0","","","","","","","","","","5","198","","","","","","","","","","","","","","","","","","","0"
"796","Wisconsin","01/01/11","98","NORTMAN","BRAD","1","11","0","11","0","","","","","","","1","11","","","","","","","","","","3","126","","","","","","","","","","","","","","","","","","","0"
"796","Wisconsin","09/04/10","48","PEDERSEN","JACOB","","","","","","","","","","","","0","0","1","6","0","","","","","","","","","","","","","","","","","","","","","","","","","","","0"
"796","Wisconsin","09/11/10","48","PEDERSEN","JACOB","","","","","","","","","","","","0","0","1","15","0","","","","","","","","","","","","","","","","","","","","","","","","","","","0"
"796","Wisconsin","09/25/10","48","PEDERSEN","JACOB","","","","","","","","","","","","0","0","1","10","1","","","","","","","","","","","","","","","1","","","","","","","","","","","","6"
"796","Wisconsin","10/02/10","48","PEDERSEN","JACOB","","","","","","","","","","","","0","0","2","38","1","","","","","","","","","","","","","","","1","","","","","","","","","","","","6"
"796","Wisconsin","10/16/10","48","PEDERSEN","JACOB","","","","","","","","","","","","0","0","1","33","0","","","","","","","","","","","","","","","","","","","","","","","","","","","0"
"796","Wisconsin","10/23/10","48","PEDERSEN","JACOB","","","","","","","","","","","","0","0","2","30","0","","","","","","","","","","","","","","","","","","","","","","","","","","","0"
"796","Wisconsin","10/02/10","10","SMITH","DEVIN","","","","","","","","","","","","0","0","","","","1","0","0","","","","","","","","","","","","","","","","","","","","","","","","0"
"796","Wisconsin","09/11/10","9","SORENSEN","BLAKE","","","","","","","","","","","","0","0","","","","1","16","0","","","","","","","","","","","","","","","","","","","","","","","","0"
"796","Wisconsin","10/16/10","9","SORENSEN","BLAKE","","","","","","","","","","","","0","0","","","","1","0","0","","","","","","","","","","","","","","","","","","","","","","","","0"
"796","Wisconsin","11/06/10","15","ST. JEAN","CULMER","","","","","","","","","","","","0","0","","","","1","14","0","","","","","","","","","","","","","","","","","","","","","","","","0"
"796","Wisconsin","11/06/10","53","TAYLOR","MIKE","","","","","","","","","","","","0","0","","","","1","26","0","","","","","","","","","","","","","","","","","","","","","","","","0"
"796","Wisconsin","11/27/10","53","TAYLOR","MIKE","","","","","","","","","","","","0","0","","","","1","47","0","","","","","","","","","","","","","","","","","","","","","","","","0"
"796","Wisconsin","11/13/10","1B","TICE","NATE","1","17","0","17","1","","","","","","","1","17","","","","","","","","","","","","","","","","","","1","","","","","","","","","","","","6"
"796","Wisconsin","09/04/10","16","TOLZIEN","SCOTT","1","1","0","1","0","20","15","1","197","0","","21","198","","","","","","","","","","","","","","","","","","","","","","","","","","","","","","0"
"796","Wisconsin","09/11/10","16","TOLZIEN","SCOTT","5","16","11","5","0","22","15","1","191","1","","27","196","","","","","","","","","","","","","","","","","","","","","","","","","","","","","","0"
"796","Wisconsin","09/18/10","16","TOLZIEN","SCOTT","2","7","1","6","0","25","19","0","246","1","","27","252","","","","","","","","","","","","","","","","","","","","","","","","","","","","","","0"
"796","Wisconsin","09/25/10","16","TOLZIEN","SCOTT","1","0","7","-7","0","17","15","0","217","3","","18","210","","","","","","","","","","","","","","","","","","","","","","","","","","","","","","0"
"796","Wisconsin","10/02/10","16","TOLZIEN","SCOTT","2","3","22","-19","0","25","11","0","127","1","","27","108","","","","","","","","","","","","","","","","","","","","","","","","","","","","","","0"
"796","Wisconsin","10/09/10","16","TOLZIEN","SCOTT","","","","","","23","17","0","223","1","0","23","223","","","","","","","","","","","","","","","","","","","","","1","0","","","","","","","","0"
"796","Wisconsin","10/16/10","16","TOLZIEN","SCOTT","3","7","0","7","0","16","13","1","152","0","","19","159","","","","","","","","","","","","","","","","","","","","","","","","","","","","","","0"
"796","Wisconsin","10/23/10","16","TOLZIEN","SCOTT","2","6","14","-8","0","26","20","1","205","1","","28","197","","","","","","","","","","","","","","","","","","","","","","","","","","","","","","0"
"796","Wisconsin","11/06/10","16","TOLZIEN","SCOTT","4","3","14","-11","0","19","13","1","130","1","","23","119","","","","","","","","","","","","","","","","","","","","","","","","","","","","","","0"
"796","Wisconsin","11/13/10","16","TOLZIEN","SCOTT","2","7","1","6","0","18","15","0","181","3","","20","187","","","","","","","","","","","","","","","","","","","","","","","","","","","","","","0"
"796","Wisconsin","11/20/10","16","TOLZIEN","SCOTT","4","14","8","6","0","15","14","1","201","0","","19","207","","","","","","","","","","","","","","","","","","","","","","","","","","","","","","0"
"796","Wisconsin","11/27/10","16","TOLZIEN","SCOTT","","","","","","19","15","0","230","4","","19","230","","","","","","","","","","","","","","","","","","","","","","","","","","","","","","0"
"796","Wisconsin","01/01/11","16","TOLZIEN","SCOTT","4","0","16","-16","0","21","12","0","159","0","0","25","143","","","","","","","","","","","","","","","","","","","","","1","0","","","","","","","","0"
"796","Wisconsin","09/04/10","1","TOON","NICK","2","12","2","10","0","","","","","","","2","10","4","54","0","","","","","","","","","","","","","","","","","","","","","","","","","","","0"
"796","Wisconsin","10/02/10","1","TOON","NICK","","","","","","","","","","","","0","0","1","28","0","","","","","","","","","","","","","","","","","","","","","","","","","","","0"
"796","Wisconsin","10/09/10","1","TOON","NICK","","","","","","","","","","","","0","0","6","52","0","","","","","","","","","","","","","","","","","","","","","","","","","","","0"
"796","Wisconsin","10/16/10","1","TOON","NICK","","","","","","","","","","","","0","0","6","72","0","","","","","","","","","","","","","","","","","","","","","","","","","","","0"
"796","Wisconsin","11/06/10","1","TOON","NICK","","","","","","","","","","","","0","0","5","62","0","","","","","","","","","","","","","","","","","","","","","","","","","","","0"
"796","Wisconsin","11/13/10","1","TOON","NICK","","","","","","","","","","","","0","0","3","26","1","","","","","","","","","","","","","","","1","","","","","","","","","","","","6"
"796","Wisconsin","11/20/10","1","TOON","NICK","","","","","","","","","","","","0","0","3","57","0","","","","","","","","","","","","","","","","","","","","","","","","","","","0"
"796","Wisconsin","11/27/10","1","TOON","NICK","","","","","","","","","","","","0","0","5","62","2","","","","","","","","","","","","","","","2","","","","","","","","","","","","12"
"796","Wisconsin","01/01/11","1","TOON","NICK","","","","","","","","","","","","0","0","3","46","0","","","","","","","","","","","","","","","","","","","","","","","","","","","0"
"796","Wisconsin","11/27/10","2","VALAI","JAY","","","","","","","","","","","","0","0","","","","1","0","0","","","","","","","","","","","","","","","","","","","","","","","","0"
"796","Wisconsin","11/20/10","99","WATT","J.J.","","","","","","","","","","","","0","0","","","","1","15","0","","","","","","","","","","","","","","","","","","","","","","","","0"
"796","Wisconsin","09/04/10","18","WELCH","PHILIP","","","","","","","","","","","","0","0","","","","","","","","","","","","","","","","","","","5","5","0","0","","","","","2","2","","11"
"796","Wisconsin","09/11/10","18","WELCH","PHILIP","","","","","","","","","","","","0","0","","","","","","","","","","","","","","","","","","","3","3","0","0","","","","","2","2","","9"
"796","Wisconsin","09/18/10","18","WELCH","PHILIP","","","","","","","","","","","","0","0","","","","","","","","","","","","","","","","","","","2","2","0","0","","","","","3","2","","8"
"796","Wisconsin","09/25/10","18","WELCH","PHILIP","","","","","","","","","","","","0","0","","","","","","","","","","","","","","","","","","","9","9","0","0","","","","","","","","9"
"796","Wisconsin","10/02/10","18","WELCH","PHILIP","","","","","","","","","","","","0","0","","","","","","","","","","","","","","","","","","","3","3","0","0","","","","","1","1","","6"
"796","Wisconsin","10/09/10","18","WELCH","PHILIP","","","","","","","","","","","","0","0","","","","","","","","","","","","","","","","","","","5","5","0","0","","","","","1","0","","5"
"796","Wisconsin","10/16/10","18","WELCH","PHILIP","","","","","","","","","","","","0","0","","","","","","","","","","","","","","","","","","","4","4","0","0","","","","","1","1","","7"
"796","Wisconsin","10/23/10","18","WELCH","PHILIP","","","","","","","","","","","","0","0","","","","","","","","","","","","","","","","","","","4","4","0","0","","","","","2","1","","7"
"796","Wisconsin","11/06/10","18","WELCH","PHILIP","","","","","","","","","","","","0","0","","","","","","","","","","","","","","","","","","","4","4","0","0","","","","","3","2","","10"
"796","Wisconsin","11/13/10","18","WELCH","PHILIP","","","","","","","","","","","","0","0","","","","","","","","","","","","","","","","","","","11","11","0","0","","","","","2","2","","17"
"796","Wisconsin","11/20/10","18","WELCH","PHILIP","","","","","","","","","","","","0","0","","","","","","","","","","","","","","","","","","","6","6","0","0","","","","","2","2","","12"
"796","Wisconsin","11/27/10","18","WELCH","PHILIP","","","","","","","","","","","","0","0","","","","","","","","","","","","","","","","","","","10","10","0","0","","","","","","","","10"
"796","Wisconsin","01/01/11","18","WELCH","PHILIP","","","","","","","","","","","","0","0","","","","","","","","","","","","","","","","","","","1","1","0","0","","","","","3","2","","7"
"796","Wisconsin","09/04/10","20","WHITE","JAMES","11","64","5","59","0","","","","","","","11","59","3","37","0","","","","","","","","","","","","","","","","","","","","","","","","","","","0"
"796","Wisconsin","09/11/10","20","WHITE","JAMES","6","25","0","25","0","","","","","","","6","25","","","","","","","","","","","","","","","2","16","0","","","","","","","","","","","","","0"
"796","Wisconsin","09/18/10","20","WHITE","JAMES","6","42","2","40","0","","","","","","","6","40","","","","","","","","","","","","","","","4","93","0","","","","","","","","","","","","","0"
"796","Wisconsin","09/25/10","20","WHITE","JAMES","11","145","0","145","4","","","","","","","11","145","1","12","0","","","","","","","","","","","","2","43","0","4","","","","","","","","","","","","24"
"796","Wisconsin","10/02/10","20","WHITE","JAMES","10","99","1","98","2","","","","","","","10","98","1","6","0","","","","","","","","","","","","7","131","0","2","","","","","","","","","","","","12"
"796","Wisconsin","10/09/10","20","WHITE","JAMES","19","119","1","118","2","","","","","","","19","118","","","","","","","","","","","","","","","","","","2","","","","","","","","","","","","12"
"796","Wisconsin","10/16/10","20","WHITE","JAMES","17","75","0","75","1","","","","","","","17","75","2","9","0","","","","","","","","","","","","","","","1","","","","","","","","","","","","6"
"796","Wisconsin","10/23/10","20","WHITE","JAMES","6","18","8","10","0","","","","","","","6","10","1","0","0","","","","","","","","","","","","","","","","","","","","","","","","","","","0"
"796","Wisconsin","11/13/10","20","WHITE","JAMES","19","148","4","144","2","","","","","","","19","144","","","","","","","","","","","","","","","","","","2","","","","","","","","","","","","12"
"796","Wisconsin","11/20/10","20","WHITE","JAMES","23","189","8","181","2","","","","","","","23","181","2","19","0","","","","","","","","","","","","2","46","0","2","","","","","","","","","","","","12"
"796","Wisconsin","11/27/10","20","WHITE","JAMES","20","137","3","134","1","","","","","","","20","134","1","5","0","","","","","","","","","","","","","","","1","","","","","","","","","","","","6"
"796","Wisconsin","01/01/11","20","WHITE","JAMES","8","25","2","23","0","","","","","","","8","23","","","","","","","","","","","","","","","","","","","","","","","","","","","","","","0"
"796","Wisconsin","10/23/10","49","WOZNIAK","BRIAN","","","","","","","","","","","","0","0","","","","","","","","","","","","","","","1","7","0","","","","","","","","","","","","","0"
"796","Wisconsin","09/18/10","27","ZULEGER","KYLE","","","","","","","","","","","","0","0","","","","","","","","","","","","","","","1","21","0","","","","","","","","","","","","","0"
"796","Wisconsin","09/25/10","27","ZULEGER","KYLE","1","0","1","-1","0","","","","","","","1","-1","","","","","","","","","","","","","","","","","","","","","","","","","","","","","","0"
"796","Wisconsin","11/13/10","27","ZULEGER","KYLE","2","7","1","6","0","","","","","","","2","6","","","","","","","","","","","","","","","1","15","0","","","","","","","","","","","","","0"
"796","Wisconsin","11/27/10","27","ZULEGER","KYLE","4","12","0","12","0","","","","","","","4","12","","","","","","","","","","","","","","","","","","","","","","","","","","","","","","0"
"811","Wyoming","09/11/10","7D","AIKEN","JONATHAN","","","","","","","","","","","","0","0","2","9","0","","","","","","","","","","","","","","","","","","","","","","","","","","","0"
"811","Wyoming","10/30/10","7D","AIKEN","JONATHAN","","","","","","","","","","","","0","0","1","7","0","","","","","","","","","","","","","","","","","","","","","","","","","","","0"
"811","Wyoming","09/04/10","32","ALEXANDER","ALVESTER","13","50","10","40","1","","","","","","","13","40","2","19","0","","","","","","","","","","","","","","","1","","","","","","","","","","","","6"
"811","Wyoming","09/11/10","32","ALEXANDER","ALVESTER","13","35","6","29","0","","","","","","","13","29","2","33","0","","","","","","","","","","","","","","","","","","","","","","","","","","","0"
"811","Wyoming","09/18/10","32","ALEXANDER","ALVESTER","7","23","14","9","0","","","","","","","7","9","3","37","0","","","","","","","","","","","","","","","","","","","","","","","","","","","0"
"811","Wyoming","09/25/10","32","ALEXANDER","ALVESTER","22","132","9","123","2","","","","","","","22","123","","","","","","","","","","","","","","","","","","2","","","","","","","","","","","","12"
"811","Wyoming","10/02/10","32","ALEXANDER","ALVESTER","21","45","10","35","1","","","","","","","21","35","","","","","","","","","","","","","","","","","","1","","","","","","","","","","","","6"
"811","Wyoming","10/09/10","32","ALEXANDER","ALVESTER","15","44","3","41","0","","","","","","","15","41","2","8","0","","","","","","","","","","","","","","","","","","","","","","","","","","","0"
"811","Wyoming","10/16/10","32","ALEXANDER","ALVESTER","19","62","18","44","0","","","","","","","19","44","1","2","0","","","","","","","","","","","","","","","","","","","","","","","","","","","0"
"811","Wyoming","10/23/10","32","ALEXANDER","ALVESTER","9","4","11","-7","0","","","","","","","9","-7","1","5","0","","","","","","","","","","","","","","","","","","","","","","","","","","","0"
"811","Wyoming","10/30/10","32","ALEXANDER","ALVESTER","11","92","4","88","1","","","","","","","11","88","1","15","0","","","","","","","","","","","","","","","1","","","","","","","","","","","","6"
"811","Wyoming","11/06/10","32","ALEXANDER","ALVESTER","19","157","6","151","3","","","","","","","19","151","","","","","","","","","","","","","","","","","","3","","","","","","","","","","","","18"
"811","Wyoming","11/13/10","32","ALEXANDER","ALVESTER","17","112","20","92","1","","","","","","","17","92","","","","","","","","","","","","","","","","","","1","","","","","","","","","","","","6"
"811","Wyoming","11/20/10","32","ALEXANDER","ALVESTER","23","152","5","147","5","","","","","","","23","147","3","15","0","","","","","","","","","","","","","","","5","","","","","","","","","","","","30"
"811","Wyoming","10/16/10","44","BIEZUNS","JOSH","","","","","","","","","","","","0","0","","","","","","","","","","","","","","","","","","","","","1","0","","","","","","","","0"
"811","Wyoming","09/04/10","89","BOLGER","ZACH","","","","","","","","","","","","0","0","5","134","2","","","","","","","","","","","","","","","2","","","","","","","","","","","","12"
"811","Wyoming","09/11/10","89","BOLGER","ZACH","","","","","","","","","","","","0","0","2","39","0","","","","","","","","","","","","1","26","0","","","","","","","","","","","","","0"
"811","Wyoming","09/18/10","89","BOLGER","ZACH","","","","","","","","","","","","0","0","5","30","0","","","","","","","","","","","","3","59","0","","","","","","","","","","","","","0"
"811","Wyoming","09/25/10","89","BOLGER","ZACH","","","","","","","","","","","","0","0","1","33","0","","","","","","","","","","","","2","29","0","","","","","","","","","","","","","0"
"811","Wyoming","10/16/10","89","BOLGER","ZACH","","","","","","","","","","","","0","0","2","26","0","","","","","","","","","","","","","","","","","","","","","","","","","","","0"
"811","Wyoming","10/23/10","89","BOLGER","ZACH","","","","","","","","","","","","0","0","3","34","0","","","","","","","","","","","","","","","","","","","","","","","","","","","0"
"811","Wyoming","10/30/10","89","BOLGER","ZACH","","","","","","","","","","","","0","0","4","40","1","","","","","","","","","","","","","","","1","","","","","","","","","","","","6"
"811","Wyoming","11/06/10","89","BOLGER","ZACH","","","","","","","","","","","","0","0","1","15","0","","","","","","","","","","","","2","48","0","","","","","","","","","","","","","0"
"811","Wyoming","11/13/10","89","BOLGER","ZACH","","","","","","","","","","","","0","0","2","48","0","","","","","","","","","","","","","","","","","","","","","","","","","","","0"
"811","Wyoming","11/20/10","89","BOLGER","ZACH","","","","","","","","","","","","0","0","3","47","0","","","","","","","","","","","","","","","","","","","","","","","","","","","0"
"811","Wyoming","11/20/10","92","BRUCE","SPENCER","","","","","","","","","","","","0","0","1","7","0","","","","","","","","","","","","","","","","","","","","","","","","","","","0"
"811","Wyoming","09/11/10","3","BURKHALTER","TRAVIS","","","","","","","","","","","","0","0","1","12","0","","","","","","","","","","","","","","","","","","","","","","","","","","","0"
"811","Wyoming","10/02/10","3","BURKHALTER","TRAVIS","","","","","","","","","","","","0","0","1","9","0","","","","","","","","","","","","","","","","","","","","","","","","","","","0"
"811","Wyoming","10/09/10","3","BURKHALTER","TRAVIS","","","","","","","","","","","","0","0","1","40","0","","","","","","","","","","","","","","","","","","","","","","","","","","","0"
"811","Wyoming","10/16/10","3","BURKHALTER","TRAVIS","1","0","15","-15","0","","","","","","","1","-15","1","18","0","","","","","","","","","","","","","","","","","","","","","","","","","","","0"
"811","Wyoming","10/23/10","3","BURKHALTER","TRAVIS","","","","","","","","","","","","0","0","1","13","0","","","","","","","","","","","","","","","","","","","","","","","","","","","0"
"811","Wyoming","11/06/10","3","BURKHALTER","TRAVIS","","","","","","","","","","","","0","0","1","11","0","","","","","","","","","","","","","","","","","","","","","","","","","","","0"
"811","Wyoming","09/04/10","1","CARAWAY","JAMES","","","","","","","","","","","","0","0","","","","","","","","","","","","","","","1","12","0","","","","","","","","","","","","","0"
"811","Wyoming","09/11/10","1","CARAWAY","JAMES","","","","","","","","","","","","0","0","","","","","","","","","","","","","","","1","12","0","","","","","","","","","","","","","0"
"811","Wyoming","10/09/10","1","CARAWAY","JAMES","","","","","","","","","","","","0","0","","","","","","","","","","","","","","","2","47","0","","","","","","","","","","","","","0"
"811","Wyoming","09/04/10","5","CARTA-SAMUELS","AUSTYN","9","19","35","-16","0","32","26","1","319","3","","41","303","","","","","","","","","","","","","","","","","","","","","","","","","","","","","","0"
"811","Wyoming","09/11/10","5","CARTA-SAMUELS","AUSTYN","12","48","23","25","1","24","16","0","160","0","","36","185","","","","","","","","","","","","","","","","","","1","","","","","","","","","","","","6"
"811","Wyoming","09/18/10","5","CARTA-SAMUELS","AUSTYN","10","15","32","-17","0","21","12","2","156","1","","31","139","","","","","","","","","","","","","","","","","","","","","","","","","","","","","","0"
"811","Wyoming","09/25/10","5","CARTA-SAMUELS","AUSTYN","6","60","0","60","0","11","6","1","66","0","","17","126","","","","","","","","","","","","","","","","","","","","","","","","","","","","","","0"
"811","Wyoming","10/02/10","5","CARTA-SAMUELS","AUSTYN","15","63","7","56","0","21","11","1","102","0","","36","158","","","","","","","","","","","","","","","","","","","","","","","","","","","","","","0"
"811","Wyoming","10/16/10","5","CARTA-SAMUELS","AUSTYN","9","51","24","27","0","12","8","0","84","0","","21","111","","","","","","","","","","","","","","","","","","","","","","","","","","","","","","0"
"811","Wyoming","10/23/10","5","CARTA-SAMUELS","AUSTYN","9","31","18","13","0","26","13","0","110","1","","35","123","","","","","","","","","","","","","","","","","","","","","","","","","","","","","","0"
"811","Wyoming","10/30/10","5","CARTA-SAMUELS","AUSTYN","14","104","53","51","1","40","20","1","186","3","","54","237","","","","","","","","","","","","","","","","","","1","","","","","","","","","","","","6"
"811","Wyoming","11/06/10","5","CARTA-SAMUELS","AUSTYN","17","143","24","119","0","11","6","1","144","1","","28","263","","","","","","","","","","","","","","","","","","","","","","","","","","","","","","0"
"811","Wyoming","11/13/10","5","CARTA-SAMUELS","AUSTYN","7","38","10","28","0","22","13","1","108","0","","29","136","","","","","","","","","","","","","","","","","","","","","","","","","","","","","","0"
"811","Wyoming","11/20/10","5","CARTA-SAMUELS","AUSTYN","9","70","24","46","1","32","23","0","267","0","","41","313","","","","","","","","","","","","","","","","","","1","","","","","","","","","","","","6"
"811","Wyoming","09/11/10","18","CRUM","DAX","2","3","2","1","0","7","4","0","39","0","","9","40","","","","","","","","","","","","","","","","","","","","","","","","","","","","","","0"
"811","Wyoming","09/18/10","18","CRUM","DAX","1","2","0","2","0","","","","","","","1","2","","","","","","","","","","","","","","","","","","","","","","","","","","","","","","0"
"811","Wyoming","10/09/10","18","CRUM","DAX","5","12","3","9","0","17","11","1","116","0","","22","125","","","","","","","","","","","","","","","","","","","","","","","","","","","","","","0"
"811","Wyoming","10/16/10","18","CRUM","DAX","2","0","12","-12","0","4","2","0","32","1","","6","20","","","","","","","","","","","","","","","","","","","","","","","","","","","","","","0"
"811","Wyoming","10/23/10","18","CRUM","DAX","2","11","1","10","0","3","0","0","0","0","","5","10","","","","","","","","","","","","","","","","","","","","","","","","","","","","","","0"
"811","Wyoming","09/04/10","25","DAVIS","JAMES","2","14","0","14","0","","","","","","","2","14","1","6","0","","","","","","","","","","","","","","","","","","","","","","","","","","","0"
"811","Wyoming","09/11/10","25","DAVIS","JAMES","1","2","0","2","0","","","","","","","1","2","","","","","","","","","","","","","","","","","","","","","","","","","","","","","","0"
"811","Wyoming","09/18/10","7","GARY","SHAMIEL","","","","","","","","","","","","0","0","","","","1","12","0","","","","","","","","","","","","","","","","","","","","","","","","0"
"811","Wyoming","10/02/10","2","GIPSON","MARCELL","","","","","","","","","","","","0","0","1","34","0","","","","","","","","","","","","","","","","","","","","","","","","","","","0"
"811","Wyoming","10/16/10","2","GIPSON","MARCELL","","","","","","","","","","","","0","0","","","","1","0","0","","","","","","","","","","","","","","","","","","","","","","","","0"
"811","Wyoming","10/30/10","2","GIPSON","MARCELL","","","","","","","","","","","","0","0","","","","","","","","","","","","","","","3","102","0","","","","","","","","","","","","","0"
"811","Wyoming","11/06/10","2","GIPSON","MARCELL","","","","","","","","","","","","0","0","","","","","","","","","","","","","","","2","50","0","","","","","","","","","","","","","0"
"811","Wyoming","11/13/10","2","GIPSON","MARCELL","","","","","","","","","","","","0","0","","","","","","","","","","","","","","","2","38","0","","","","","","","","","","","","","0"
"811","Wyoming","10/09/10","4","GIPSON","TASHAUN","1","1","0","1","0","","","","","","","1","1","","","","","","","","","","","","","","","","","","","","","","","","","","","","","","0"
"811","Wyoming","10/16/10","4","GIPSON","TASHAUN","","","","","","","","","","","","0","0","","","","1","32","0","","","","","","","","","","","","","","","","","","","","","","","","0"
"811","Wyoming","10/30/10","4","GIPSON","TASHAUN","","","","","","","","","","","","0","0","","","","1","19","0","","","","","","","","","","","","","","","","","","","","","","","","0"
"811","Wyoming","11/20/10","4","GIPSON","TASHAUN","","","","","","","","","","","","0","0","","","","1","26","0","","","","","","","","","","","","","","","","","","","","","","","","0"
"811","Wyoming","11/06/10","59","HALL","REECE","","","","","","","","","","","","0","0","","","","","","","","","","","","","","","1","13","0","","","","","","","","","","","","","0"
"811","Wyoming","09/18/10","43","HARRIS","DEVYN","","","","","","","","","","","","0","0","","","","","","","1","4","0","","","","","","","","","","","","","","","","","","","","","0"
"811","Wyoming","09/04/10","6","HERRON","ROBERT","","","","","","","","","","","","0","0","1","4","0","","","","","","","","","","","","","","","","","","","","","","","","","","","0"
"811","Wyoming","09/11/10","6","HERRON","ROBERT","","","","","","","","","","","","0","0","1","5","0","","","","","","","","","","","","","","","","","","","","","","","","","","","0"
"811","Wyoming","09/18/10","6","HERRON","ROBERT","3","5","2","3","0","","","","","","","3","3","","","","","","","","","","","","","","","1","11","0","","","","","","","","","","","","","0"
"811","Wyoming","10/02/10","6","HERRON","ROBERT","2","3","1","2","0","","","","","","","2","2","1","3","0","","","","","","","","","","","","","","","","","","","","","","","","","","","0"
"811","Wyoming","10/09/10","6","HERRON","ROBERT","6","20","1","19","0","","","","","","","6","19","2","43","0","","","","","","","","","","","","","","","","","","","","","","","","","","","0"
"811","Wyoming","10/23/10","6","HERRON","ROBERT","6","66","4","62","0","","","","","","","6","62","1","2","0","","","","","","","","","","","","","","","","","","","","","","","","","","","0"
"811","Wyoming","10/30/10","6","HERRON","ROBERT","8","22","8","14","0","","","","","","","8","14","","","","","","","","","","","","","","","","","","","","","","","","","","","","","","0"
"811","Wyoming","11/06/10","6","HERRON","ROBERT","9","123","1","122","0","","","","","","","9","122","","","","","","","","","","","","","","","","","","","","","","","","","","","","","","0"
"811","Wyoming","11/13/10","6","HERRON","ROBERT","6","16","3","13","0","","","","","","","6","13","","","","","","","","","","","","","","","","","","","","","","","","","","","","","","0"
"811","Wyoming","10/16/10","14","HUFF","MARQUESTON","","","","","","","","","","","","0","0","","","","1","0","0","","","","","","","","","","","","","","","","","","","","","","","","0"
"811","Wyoming","09/11/10","20","KANKOLONGO","NEHEMIE","1","3","0","3","0","","","","","","","1","3","1","5","0","","","","","","","","","","","","","","","","","","","","","","","","","","","0"
"811","Wyoming","09/18/10","20","KANKOLONGO","NEHEMIE","6","12","4","8","0","","","","","","","6","8","","","","","","","","","","","","","","","","","","","","","","","","","","","","","","0"
"811","Wyoming","09/25/10","20","KANKOLONGO","NEHEMIE","2","1","0","1","0","","","","","","","2","1","","","","","","","","","","","","","","","","","","","","","","","","","","","","","","0"
"811","Wyoming","10/02/10","20","KANKOLONGO","NEHEMIE","1","0","0","0","0","","","","","","","1","0","","","","","","","","","","","","","","","","","","","","","","","","","","","","","","0"
"811","Wyoming","10/16/10","20","KANKOLONGO","NEHEMIE","3","4","3","1","0","","","","","","","3","1","","","","","","","","","","","","","","","","","","","","","","","","","","","","","","0"
"811","Wyoming","09/04/10","33","LEONARD","DAVID","","","","","","","","","","","","0","0","6","58","0","","","","","","","","","","","","","","","","","","","","","","","","","","","0"
"811","Wyoming","09/11/10","33","LEONARD","DAVID","","","","","","","","","","","","0","0","3","24","0","","","","","","","","","","","","","","","","","","","","","","","","","","","0"
"811","Wyoming","09/18/10","33","LEONARD","DAVID","","","","","","","","","","","","0","0","2","43","0","","","","","","","","","1","9","0","","","","","","","","","","","","","","","","0"
"811","Wyoming","09/25/10","33","LEONARD","DAVID","","","","","","","","","","","","0","0","2","22","0","","","","","","","","","","","","","","","","","","","","","","","","","","","0"
"811","Wyoming","10/02/10","33","LEONARD","DAVID","","","","","","1","1","0","37","1","","1","37","7","62","0","","","","","","","","","1","8","0","","","","","","","","","","","","","","","","0"
"811","Wyoming","10/09/10","33","LEONARD","DAVID","","","","","","","","","","","","0","0","2","10","0","","","","","","","","","","","","","","","","","","","","","","","","","","","0"
"811","Wyoming","10/16/10","33","LEONARD","DAVID","","","","","","1","0","0","0","0","","1","0","3","58","1","","","","","","","","","","","","","","","1","","","","","","","","","","","","6"
"811","Wyoming","10/23/10","33","LEONARD","DAVID","","","","","","","","","","","","0","0","3","20","0","","","","","","","","","1","-4","0","","","","","","","","","","","","","","","","0"
"811","Wyoming","10/30/10","33","LEONARD","DAVID","","","","","","","","","","","","0","0","7","75","2","","","","","","","","","","","","","","","2","","","","","","","","","","","","12"
"811","Wyoming","11/06/10","33","LEONARD","DAVID","","","","","","","","","","","","0","0","1","10","0","","","","","","","","","","","","","","","","","","","","","","","","","","","0"
"811","Wyoming","11/13/10","33","LEONARD","DAVID","","","","","","1","1","0","32","1","","1","32","5","20","0","","","","","","","","","","","","","","","","","","","","","","","","","","","0"
"811","Wyoming","11/20/10","33","LEONARD","DAVID","","","","","","","","","","","","0","0","6","50","0","","","","","","","","","1","18","0","","","","","","","","","","","","","","","","0"
"811","Wyoming","09/11/10","1D","LESTER","DEJAY","","","","","","","","","","","","0","0","2","18","0","","","","","","","","","","","","","","","","","","","","","","","","","","","0"
"811","Wyoming","10/23/10","17","LEWIS","KEITH","","","","","","","","","","","","0","0","","","","1","55","1","","","","","","","","","","","","1","","","","","","","","","","","","6"
"811","Wyoming","09/04/10","28","MCCOY","AUSTIN","","","","","","","","","","","","0","0","","","","","","","","","","5","221","","","","","","","","4","4","0","0","","","","","","","","4"
"811","Wyoming","09/11/10","28","MCCOY","AUSTIN","1","0","2","-2","0","","","","","","","1","-2","","","","","","","","","","6","275","","","","","","","","","","","","","","","","","","","0"
"811","Wyoming","09/18/10","28","MCCOY","AUSTIN","","","","","","","","","","","","0","0","","","","","","","","","","7","374","","","","","","","","","","","","","","","","","","","0"
"811","Wyoming","09/25/10","28","MCCOY","AUSTIN","","","","","","","","","","","","0","0","","","","","","","","","","4","174","","","","","","","","","","","","","","","","","","","0"
"811","Wyoming","10/02/10","28","MCCOY","AUSTIN","","","","","","1","1","0","34","0","","1","34","","","","","","","","","","8","299","","","","","","","","","","","","","","","","","","","0"
"811","Wyoming","10/09/10","28","MCCOY","AUSTIN","","","","","","","","","","","","0","0","","","","","","","","","","8","371","","","","","","","","","","","","","","","","","","","0"
"811","Wyoming","10/16/10","28","MCCOY","AUSTIN","","","","","","","","","","","","0","0","","","","","","","","","","7","327","","","","","","","","","","","","","","","","","","","0"
"811","Wyoming","10/23/10","28","MCCOY","AUSTIN","","","","","","","","","","","","0","0","","","","","","","","","","6","186","","","","","","","","","","","","","","","","","","","0"
"811","Wyoming","10/30/10","28","MCCOY","AUSTIN","","","","","","","","","","","","0","0","","","","","","","","","","6","218","","","","","","","","","","","","","","","","","","","0"
"811","Wyoming","11/06/10","28","MCCOY","AUSTIN","","","","","","","","","","","","0","0","","","","","","","","","","3","149","","","","","","","","","","","","","","","","","","","0"
"811","Wyoming","11/13/10","28","MCCOY","AUSTIN","","","","","","","","","","","","0","0","","","","","","","","","","3","109","","","","","","","","","","","","","","","","","","","0"
"811","Wyoming","11/20/10","28","MCCOY","AUSTIN","","","","","","","","","","","","0","0","","","","","","","","","","5","208","","","","","","","","","","","","","","","","","","","0"
"811","Wyoming","09/04/10","80","MCNEILL","CHRIS","","","","","","","","","","","","0","0","5","44","0","","","","","","","","","","","","","","","","","","","","","","","","","","","0"
"811","Wyoming","09/11/10","80","MCNEILL","CHRIS","","","","","","","","","","","","0","0","4","25","0","","","","","","","","","","","","","","","","","","","","","","","","","","","0"
"811","Wyoming","09/18/10","80","MCNEILL","CHRIS","","","","","","","","","","","","0","0","1","11","0","","","","","","","","","","","","","","","","","","","","","","","","","","","0"
"811","Wyoming","10/02/10","80","MCNEILL","CHRIS","","","","","","","","","","","","0","0","1","37","1","","","","","","","","","","","","","","","1","","","","","","","","","","","","6"
"811","Wyoming","10/09/10","80","MCNEILL","CHRIS","","","","","","","","","","","","0","0","3","1","0","","","","","","","","","","","","","","","","","","","","","","","","","","","0"
"811","Wyoming","10/16/10","80","MCNEILL","CHRIS","","","","","","","","","","","","0","0","3","12","0","","","","","","","","","","","","","","","","","","","","","","","","","","","0"
"811","Wyoming","10/23/10","80","MCNEILL","CHRIS","","","","","","","","","","","","0","0","1","16","1","","","","","","","","","","","","","","","1","","","","","","","","","","","","6"
"811","Wyoming","10/30/10","80","MCNEILL","CHRIS","","","","","","","","","","","","0","0","4","21","0","","","","","","","","","","","","","","","","","","","","","","","","","","","0"
"811","Wyoming","11/06/10","80","MCNEILL","CHRIS","","","","","","","","","","","","0","0","1","50","1","","","","","","","","","","","","","","","1","","","","","","","","","","","","6"
"811","Wyoming","11/13/10","80","MCNEILL","CHRIS","","","","","","","","","","","","0","0","3","15","0","","","","","","","","","","","","","","","","","","","","","","","","","","","0"
"811","Wyoming","11/20/10","80","MCNEILL","CHRIS","","","","","","","","","","","","0","0","2","25","0","","","","","","","","","","","","","","","","","","","","","","","","","","","0"
"811","Wyoming","11/20/10","81","MILLER","BRANDON","5","22","0","22","0","","","","","","","5","22","","","","","","","","","","","","","","","","","","","","","","","","","","","","","","0"
"811","Wyoming","09/04/10","23","MUHAMMAD","GHAALI","","","","","","","","","","","","0","0","","","","","","","","","","","","","","","4","90","0","","","","","","","","","","","","","0"
"811","Wyoming","09/11/10","23","MUHAMMAD","GHAALI","","","","","","","","","","","","0","0","","","","","","","","","","","","","","","2","51","0","","","","","","","","","","","","","0"
"811","Wyoming","09/18/10","23","MUHAMMAD","GHAALI","","","","","","","","","","","","0","0","","","","","","","","","","","","","","","3","65","0","","","","","","","","","","","","","0"
"811","Wyoming","09/25/10","23","MUHAMMAD","GHAALI","","","","","","","","","","","","0","0","","","","","","","","","","","","","","","2","68","0","","","","","","","","","","","","","0"
"811","Wyoming","10/02/10","23","MUHAMMAD","GHAALI","","","","","","","","","","","","0","0","","","","","","","","","","","","","","","1","17","0","","","","","","","","","","","","","0"
"811","Wyoming","10/09/10","23","MUHAMMAD","GHAALI","","","","","","","","","","","","0","0","","","","","","","","","","","","","","","3","54","0","","","","","","","","","","","","","0"
"811","Wyoming","10/16/10","23","MUHAMMAD","GHAALI","","","","","","","","","","","","0","0","","","","","","","","","","","","","","","1","29","0","","","","","","","","","","","","","0"
"811","Wyoming","10/23/10","23","MUHAMMAD","GHAALI","","","","","","","","","","","","0","0","","","","","","","","","","","","","","","3","88","0","","","","","","","","","","","","","0"
"811","Wyoming","11/13/10","23","MUHAMMAD","GHAALI","","","","","","","","","","","","0","0","","","","","","","","","","","","","","","3","48","0","","","","","","","","","","","","","0"
"811","Wyoming","09/04/10","2D","OGBONNA","MAZI","1","0","2","-2","0","","","","","","","1","-2","6","54","1","","","","","","","","","","","","","","","1","","","","","","","","","","","","6"
"811","Wyoming","09/11/10","2D","OGBONNA","MAZI","","","","","","","","","","","","0","0","2","29","0","","","","","","","","","","","","","","","","","","","","","","","","","","","0"
"811","Wyoming","10/02/10","2D","OGBONNA","MAZI","","","","","","","","","","","","0","0","1","9","0","","","","","","","","","","","","","","","","","","","","","","","","","","","0"
"811","Wyoming","10/09/10","2D","OGBONNA","MAZI","1","5","0","5","0","","","","","","","1","5","","","","","","","","","","","","","","","1","19","0","","","","","","","","","","","","","0"
"811","Wyoming","10/16/10","2D","OGBONNA","MAZI","3","19","0","19","0","","","","","","","3","19","","","","","","","","","","","","","","","1","18","0","","","","","","","","","","","","","0"
"811","Wyoming","10/30/10","2D","OGBONNA","MAZI","","","","","","","","","","","","0","0","3","28","0","","","","","","","","","","","","","","","","","","","","","","","","","","","0"
"811","Wyoming","11/20/10","2D","OGBONNA","MAZI","","","","","","","","","","","","0","0","5","65","0","","","","","","","","","","","","","","","","","","","","","","","","","","","0"
"811","Wyoming","09/25/10","24","PROSINSKI","CHRIS","","","","","","","","","","","","0","0","","","","1","0","0","","","","","","","","","","","","","","","","","","","","","","","","0"
"811","Wyoming","10/30/10","24","PROSINSKI","CHRIS","","","","","","","","","","","","0","0","","","","1","0","0","","","","","","","","","","","","","","","","","","","","","","","","0"
"811","Wyoming","10/30/10","29","RUFF","LUKE","","","","","","","","","","","","0","0","","","","","","","","","","","","1","15","0","","","","","","","","","","","","","","","","0"
"811","Wyoming","11/13/10","29","RUFF","LUKE","","","","","","","","","","","","0","0","","","","","","","","","","","","1","0","0","","","","","","","","","","","","","","","","0"
"811","Wyoming","09/18/10","47","SAYDJARI","GREG","","","","","","","","","","","","0","0","1","35","1","","","","","","","","","","","","","","","1","","","","","","","","","","","","6"
"811","Wyoming","10/02/10","47","SAYDJARI","GREG","","","","","","","","","","","","0","0","","","","","","","","","","","","","","","1","3","0","","","","","","","","","","","","","0"
"811","Wyoming","11/06/10","83","SMITH","T.J.","","","","","","","","","","","","0","0","2","58","0","","","","","","","","","","","","","","","","","","","","","","","","","","","0"
"811","Wyoming","11/13/10","83","SMITH","T.J.","","","","","","","","","","","","0","0","3","59","1","","","","","","","","","","","","","","","1","","","","","","","","","","","","6"
"811","Wyoming","11/20/10","83","SMITH","T.J.","","","","","","","","","","","","0","0","3","58","0","","","","","","","","","","","","","","","","","","","","","","","","","","","0"
"811","Wyoming","09/25/10","45","STUDNICKA","BRYSON","","","","","","","","","","","","0","0","3","11","0","","","","","","","","","","","","","","","","","","","","","","","","","","","0"
"811","Wyoming","10/02/10","45","STUDNICKA","BRYSON","2","7","0","7","0","","","","","","","2","7","1","19","0","","","","","","","","","","","","1","19","0","","","","","","","","","","","","","0"
"811","Wyoming","10/09/10","45","STUDNICKA","BRYSON","","","","","","","","","","","","0","0","1","14","0","","","","","","","","","","","","","","","","","","","","","","","","","","","0"
"811","Wyoming","10/16/10","45","STUDNICKA","BRYSON","1","3","0","3","0","","","","","","","1","3","","","","","","","","","","","","","","","","","","","","","","","","","","","","","","0"
"811","Wyoming","10/23/10","45","STUDNICKA","BRYSON","","","","","","","","","","","","0","0","2","26","0","","","","","","","","","","","","","","","","","","","","","","","","","","","0"
"811","Wyoming","09/11/10","51","WATTS","IAN","","","","","","","","","","","","0","0","","","","","","","","","","","","","","","","","","","1","1","0","0","","","","","","","","1"
"811","Wyoming","09/18/10","51","WATTS","IAN","","","","","","","","","","","","0","0","","","","","","","","","","","","","","","","","","","1","0","0","0","","","","","","","","0"
"811","Wyoming","09/25/10","51","WATTS","IAN","","","","","","","","","","","","0","0","","","","","","","","","","","","","","","","","","","2","2","0","0","","","","","","","","2"
"811","Wyoming","10/02/10","51","WATTS","IAN","","","","","","","","","","","","0","0","","","","","","","","","","","","","","","","","","","2","2","0","0","","","","","2","2","","8"
"811","Wyoming","10/16/10","51","WATTS","IAN","","","","","","","","","","","","0","0","","","","","","","","","","","","","","","","","","","","","","","","","","","1","0","","0"
"811","Wyoming","10/23/10","51","WATTS","IAN","","","","","","","","","","","","0","0","","","","","","","","","","","","","","","","","","","2","2","0","0","","","","","2","2","","8"
"811","Wyoming","10/30/10","51","WATTS","IAN","","","","","","","","","","","","0","0","","","","","","","","","","","","","","","","","","","5","5","0","0","","","","","1","1","","8"
"811","Wyoming","11/06/10","51","WATTS","IAN","","","","","","","","","","","","0","0","","","","","","","","","","","","","","","","","","","4","4","0","0","","","","","1","1","","7"
"811","Wyoming","11/13/10","51","WATTS","IAN","","","","","","","","","","","","0","0","","","","","","","","","","","","","","","","","","","2","1","0","0","","","","","2","1","","4"
"811","Wyoming","11/20/10","51","WATTS","IAN","","","","","","","","","","","","0","0","","","","","","","","","","","","","","","","","","","5","5","0","0","","","","","1","1","","8"
